[-0.81  -0.83   0.86   0.73  -0.49   0.97   0.08   0.33  -0.96   0.78
 -0.04   0.55   0.25  -0.68   0.55   0.8   -0.53   0.296  0.35  -0.86
  0.7    0.58   0.16   0.31   0.87  -0.16  -0.09  -0.65  -0.85  -0.46
  0.73   0.94  -0.65   0.12   0.86   0.56   0.77  -0.73  -0.48  -0.29
 -0.16   0.23   0.59   0.31  -0.02   0.27  -0.27   0.46  -0.93   0.02
 -0.66  -0.32   0.24  -0.04  -0.92   0.62   0.42   0.7    1.442 -0.06
 -0.65   0.68   0.12   0.59  -0.08   0.3    0.04   0.2    0.62   0.77
  0.08  -0.18   0.46  -0.44  -0.32   0.51   0.86   0.9    0.52  -0.58
  0.14   0.71  -0.05   0.48   0.65   0.95  -0.36   0.87   0.26  -0.75 ][-8.1000000e-01  3.2000000e-01  8.6000000e-01  7.3000000e-01
 -4.9000000e-01  9.7000000e-01  8.0000000e-02  3.3000000e-01
 -9.6000000e-01  7.8000000e-01 -4.0000000e-02  5.5000000e-01
  2.5000000e-01 -6.8000000e-01  5.5000000e-01  8.0000000e-01
 -5.3000000e-01  2.9600000e-01  3.5000000e-01 -8.6000000e-01
  7.0000000e-01  8.8817842e-16  1.6000000e-01  3.1000000e-01
  8.7000000e-01 -1.6000000e-01 -9.0000000e-02 -6.5000000e-01
 -8.5000000e-01 -4.6000000e-01  7.3000000e-01  9.4000000e-01
 -6.5000000e-01  1.2000000e-01  8.6000000e-01  5.6000000e-01
  7.7000000e-01 -7.3000000e-01 -4.8000000e-01 -2.9000000e-01
 -1.6000000e-01  2.3000000e-01  5.9000000e-01  3.1000000e-01
 -9.6900000e-01  2.7000000e-01 -2.7000000e-01  4.6000000e-01
 -9.3000000e-01  2.0000000e-02 -6.6000000e-01 -3.2000000e-01
  2.4000000e-01 -4.0000000e-02 -9.2000000e-01  6.2000000e-01
  4.2000000e-01  7.0000000e-01 -1.7000000e-01 -6.0000000e-02
 -1.2900000e+00  6.8000000e-01  1.2000000e-01  5.9000000e-01
 -8.0000000e-02  3.0000000e-01  4.0000000e-02  2.0000000e-01
  6.2000000e-01  7.7000000e-01  8.0000000e-02 -1.8000000e-01
  4.6000000e-01 -4.4000000e-01 -3.2000000e-01  5.1000000e-01
  8.6000000e-01  9.0000000e-01  5.2000000e-01 -5.8000000e-01
  1.4000000e-01  7.1000000e-01 -5.0000000e-02  4.8000000e-01
  6.5000000e-01  9.5000000e-01 -3.6000000e-01  8.7000000e-01
  2.6000000e-01 -7.5000000e-01][-0.81  -0.83   0.86   0.73  -0.57   0.97   0.08   0.33  -0.96   0.78
 -0.04   0.55   0.25  -0.68   0.55   0.8   -0.53   0.296  0.87  -0.86
  0.7    0.58   0.16   0.31   0.87   0.775 -0.09  -0.65  -0.85  -0.46
  0.73   0.94  -0.65   0.12   0.86   0.56   0.77  -0.73  -0.48  -0.29
 -0.16   0.23   0.59   0.31  -0.02   0.27  -0.27   0.46  -0.93   0.02
 -0.66  -0.32   0.24  -0.04  -0.92   0.6    0.42   0.7   -0.17  -0.06
 -0.06   0.68   0.12   0.59  -0.08   0.3    0.04   0.2    0.62   0.77
  0.08  -0.18   0.46  -0.44  -0.32   0.51   0.86   0.9    0.52  -0.58
  0.23   0.71  -0.05   0.48   0.65   0.95  -0.36   0.87   0.26  -0.75 ][-8.1000000e-01 -8.3000000e-01  5.3000000e-01  7.3000000e-01
 -4.9000000e-01  9.7000000e-01  8.0000000e-02 -3.8000000e-01
 -9.6000000e-01  7.8000000e-01  7.0000000e-02  5.5000000e-01
  2.5000000e-01 -6.8000000e-01  5.5000000e-01  7.8000000e-01
 -5.3000000e-01 -3.4000000e-01  3.5000000e-01 -8.6000000e-01
  7.0000000e-01  8.8817842e-16  1.6000000e-01  3.1000000e-01
  8.7000000e-01 -1.6000000e-01  9.7000000e-01 -6.5000000e-01
 -8.5000000e-01 -4.6000000e-01  7.3000000e-01  4.0000000e-01
 -6.5000000e-01  1.2000000e-01  8.6000000e-01  5.6000000e-01
  7.7000000e-01 -7.3000000e-01 -4.8000000e-01 -2.9000000e-01
 -1.6000000e-01  2.3000000e-01  5.9000000e-01  3.1000000e-01
 -6.0000000e-01  2.7000000e-01 -1.7400000e-01 -8.7000000e-01
 -9.3000000e-01  4.3000000e-01 -6.6000000e-01 -3.2000000e-01
  2.4000000e-01 -4.0000000e-02 -9.2000000e-01  6.0000000e-01
  4.2000000e-01  7.0000000e-01 -1.7000000e-01 -6.0000000e-02
 -1.2900000e+00  6.8000000e-01  1.2000000e-01  5.9000000e-01
 -5.4000000e-01  3.0000000e-01  4.0000000e-02  2.0000000e-01
  6.2000000e-01  7.7000000e-01  8.0000000e-02 -1.8000000e-01
  4.6000000e-01 -4.4000000e-01 -3.2000000e-01  5.1000000e-01
  8.6000000e-01  1.8000000e-01  5.2000000e-01 -5.8000000e-01
  2.3000000e-01  7.1000000e-01 -5.0000000e-02  4.8000000e-01
  6.5000000e-01  9.5000000e-01 -3.6000000e-01  8.7000000e-01
  2.6000000e-01 -7.5000000e-01][-8.1000000e-01  3.2000000e-01  5.3000000e-01  7.3000000e-01
 -5.7000000e-01  9.7000000e-01  4.8000000e-01 -3.8000000e-01
  8.8817842e-16  7.8000000e-01 -4.0000000e-02  5.5000000e-01
  2.5000000e-01 -6.8000000e-01  5.5000000e-01  7.8000000e-01
 -5.3000000e-01 -3.4000000e-01  3.5000000e-01 -8.6000000e-01
  7.0000000e-01  8.8817842e-16  1.6000000e-01  3.1000000e-01
  8.7000000e-01 -1.6000000e-01  9.7000000e-01 -6.5000000e-01
  3.0000000e-02 -4.6000000e-01  7.3000000e-01  9.4000000e-01
 -6.5000000e-01  1.2000000e-01  8.6000000e-01  5.6000000e-01
  7.7000000e-01 -7.3000000e-01 -4.8000000e-01 -2.9000000e-01
 -1.6000000e-01  2.3000000e-01  5.9000000e-01  3.1000000e-01
 -6.0000000e-01  2.7000000e-01 -8.3000000e-01  4.6000000e-01
 -9.3000000e-01  4.3000000e-01 -6.6000000e-01 -7.4000000e-01
  2.4000000e-01 -4.0000000e-02 -7.4000000e-01  6.0000000e-01
  4.2000000e-01  7.0000000e-01 -1.7000000e-01 -6.0000000e-02
 -6.5000000e-01  6.8000000e-01  1.2000000e-01  5.9000000e-01
 -8.0000000e-02  3.0000000e-01  4.0000000e-02  2.0000000e-01
  6.2000000e-01  7.7000000e-01 -1.8000000e-01 -1.8000000e-01
  4.6000000e-01 -4.4000000e-01 -3.2000000e-01  5.1000000e-01
  8.6000000e-01  9.0000000e-01  5.2000000e-01 -5.8000000e-01
  2.3000000e-01  7.1000000e-01 -5.0000000e-02  4.8000000e-01
  6.5000000e-01  1.0060000e+00 -3.6000000e-01  8.7000000e-01
  2.6000000e-01 -7.5000000e-01][-8.1000000e-01 -8.3000000e-01  5.3000000e-01  7.3000000e-01
 -5.7000000e-01  9.7000000e-01  8.0000000e-02 -3.8000000e-01
  8.8817842e-16  7.8000000e-01  7.0000000e-02  5.5000000e-01
 -2.0000000e-01 -6.8000000e-01  5.5000000e-01  7.8000000e-01
 -5.3000000e-01 -3.4000000e-01  8.7000000e-01 -8.6000000e-01
  7.0000000e-01  5.8000000e-01  1.6000000e-01  3.1000000e-01
  8.7000000e-01 -1.6000000e-01  9.7000000e-01 -6.5000000e-01
 -8.5000000e-01 -4.6000000e-01  7.3000000e-01  9.4000000e-01
 -6.5000000e-01  1.2000000e-01  8.6000000e-01  5.6000000e-01
  7.7000000e-01 -7.3000000e-01 -4.8000000e-01 -2.9000000e-01
 -1.6000000e-01  2.3000000e-01  5.9000000e-01  3.1000000e-01
 -6.0000000e-01  2.7000000e-01 -2.7000000e-01 -8.7000000e-01
 -9.3000000e-01  4.3000000e-01 -6.6000000e-01 -3.2000000e-01
  2.4000000e-01 -4.0000000e-02 -9.2000000e-01  6.0000000e-01
  4.2000000e-01  7.0000000e-01 -1.7000000e-01 -6.0000000e-02
 -6.0000000e-02  6.8000000e-01  1.2000000e-01  5.9000000e-01
 -5.4000000e-01  3.0000000e-01  4.0000000e-02  2.0000000e-01
  6.2000000e-01  7.7000000e-01  8.0000000e-02 -1.8000000e-01
  4.6000000e-01 -4.4000000e-01 -3.2000000e-01  5.1000000e-01
  8.6000000e-01  9.0000000e-01  5.2000000e-01 -5.8000000e-01
  2.3000000e-01  7.1000000e-01 -5.0000000e-02  4.8000000e-01
  6.5000000e-01  9.5000000e-01 -3.6000000e-01  8.7000000e-01
  2.6000000e-01 -7.5000000e-01][-0.81  -0.83   0.53   0.73  -0.49   0.97   0.08   0.33  -0.96   0.78
 -0.04   0.55   0.25  -1.213  0.55   0.8   -0.53  -0.34   0.35  -0.86
  0.7    0.58   0.16   0.31   0.87  -0.16   0.97  -0.65  -0.85  -0.46
  0.73   0.4   -0.65   0.12   0.86   0.56   0.77  -0.73  -0.48  -0.29
 -0.16  -0.3    0.59   0.31  -0.02   0.27  -0.27  -0.87  -0.93   0.02
 -0.66  -0.32   0.24  -0.04  -0.92   0.62   0.42   0.7    1.442 -0.06
 -0.65   0.68   0.12   0.59  -0.08   0.3    0.04   0.2   -0.58   0.77
 -0.18  -0.18   0.46  -0.44  -0.32   0.51   0.86   0.9    0.52  -0.58
  0.14   0.71  -0.05   0.48   0.65   0.95  -0.36   0.87   0.26  -0.75 ][-0.81  -1.098  0.86   0.73  -0.57   0.97   0.08   0.33  -0.96   0.78
 -0.04   0.55   0.25  -0.68   0.55   0.78  -0.53  -0.34   0.35  -0.86
  0.7    0.58   0.16   0.31   0.87  -0.16  -0.09  -0.65  -0.85  -0.46
  0.73   0.94  -0.65   0.12   0.86   0.56   0.77  -0.73  -0.48  -0.29
 -0.16   0.23   0.59   0.31  -0.6    0.27  -0.27   0.46  -0.93   0.02
 -0.66  -0.32   0.24  -0.04  -0.92   0.6    0.42   0.7   -0.17  -0.06
 -0.65   0.68   0.12   0.59  -0.08   0.3    0.04   0.2    0.62   0.77
  0.08  -0.18   0.46  -0.44  -0.32   0.51   0.86   0.9    0.52  -0.58
  0.23   0.71  -0.05   0.48   0.65   0.95  -0.36   0.87   0.26  -0.75 ][-0.81  -0.83   0.53   0.73  -0.57   0.97  -0.081  0.33  -0.96   0.78
 -0.04   0.55   0.25  -0.68   0.55   0.8   -0.53   0.296  0.87  -0.86
  0.7    0.58   0.16   0.31   0.87  -0.16   0.97  -0.65  -0.85  -0.46
  0.73   0.94  -0.65   0.12   0.86   0.56   0.77  -0.73  -0.48  -0.29
 -0.16   0.23   0.59   0.31  -0.02   0.27  -0.27  -0.87  -0.93   0.43
 -0.66  -0.32   0.24  -0.04  -0.92   0.62   0.42   0.7    1.442 -0.06
 -0.65   0.68   0.12   0.59  -0.54   0.3    0.04   0.2    0.62   0.77
  0.08  -0.18   0.46  -0.44  -0.32   0.51   0.86   0.9    0.52  -0.58
  0.14   0.71  -0.05   0.48   0.65   0.95  -0.36   0.87   0.26  -0.75 ][-0.81  -0.83   0.53   0.73  -0.57   0.97   0.08   0.33  -0.96   0.78
  0.07   0.55  -0.2   -0.68   0.55   0.8   -0.53  -0.34   0.35  -0.86
  0.7    0.58   0.16   0.31   0.87  -0.16   0.97  -0.65  -0.85  -0.46
  0.73   0.94  -0.65   0.12   0.86   0.56   0.77  -0.73  -0.48  -0.29
 -0.16   0.23   0.59   0.31  -0.02   0.27  -0.27  -0.87  -0.93   0.02
 -0.66  -0.32   0.24  -0.04  -0.92   0.6    0.42   0.7   -0.17  -0.06
 -0.65   0.68   0.12   0.59  -0.54   0.3    0.04   0.2    0.62   0.77
  0.08  -0.18   0.46  -0.44  -0.32   0.51   0.86   0.9    0.52  -0.58
  0.14   0.71  -0.05   0.48   0.65   0.95   0.184  0.87   0.26  -0.75 ][-0.81   0.32   0.53   0.73  -0.49   0.97   0.08   0.33  -0.96   0.78
 -0.04   0.55   0.25  -0.68   0.55   0.78  -0.53  -0.34   0.35  -0.86
  0.7    0.58   0.16   0.31   0.87  -0.16  -0.09  -0.65  -0.85  -0.46
  0.73   0.94  -0.65   0.12   0.86   0.56   0.77  -0.73  -0.48  -0.29
 -0.16  -0.3    0.59   0.31  -0.02   0.27  -0.27   0.46  -0.93  -0.274
 -0.66  -0.32   0.24  -0.04  -0.92   0.62   0.42   0.7   -0.17  -0.06
 -1.29   0.68   0.12   0.59  -0.08   0.3    0.04   0.2   -0.58   0.77
  0.08  -0.18   0.46  -0.44  -0.32   0.51   0.86   0.9    0.52  -0.7
  0.14   0.71  -0.05   0.48   0.65   0.95  -0.36   0.87   0.26  -0.75 ][-0.81   0.32   0.53   0.73  -0.57   0.97   0.08  -0.38  -0.96   0.78
 -0.04   0.55  -0.2   -0.68   0.55   0.78   0.035 -0.34   0.87  -0.86
  0.7    0.58   0.16   0.31   0.87  -0.16   0.97  -0.65  -0.85  -0.46
  0.73   0.4   -0.65   0.12   0.86   0.56   0.77  -0.73  -0.48  -0.29
 -0.16   0.23   0.59   0.31  -0.6    0.27  -0.27  -0.87  -0.93   0.02
 -0.66  -0.32   0.24  -0.04  -0.92   0.62   0.42   0.7   -0.17  -0.06
 -0.06   0.68   0.12   0.59  -0.54   0.3    0.04   0.2   -0.58   0.77
  0.08  -0.18   0.46  -0.44  -0.32   0.51   0.86   0.18   0.52  -0.7
  0.23   0.71  -0.05   0.48   0.65   0.95  -0.36   0.87   0.26  -0.75 ][-0.81   0.32   0.86   0.73  -0.49   0.978  0.08   0.33  -0.96   0.78
 -0.04   0.55   0.25  -0.68   0.55   0.8   -0.53   0.69   0.35  -0.86
  0.7    0.58   0.57   0.31   0.87  -0.16  -0.09  -0.65   0.03  -0.46
  0.73   0.4    0.74   0.12   0.86   0.56   0.77   0.99  -0.48  -0.29
  0.53   0.23   0.59   0.31  -0.6    0.27  -0.83  -0.87  -0.93   0.02
 -0.66  -0.32   0.24   0.56  -0.74   0.62   0.42   0.7   -0.17  -0.06
 -0.65   0.68   0.12   0.59  -0.54  -0.17   0.04   0.2    0.62   0.77
 -0.18  -0.18   0.46  -0.44  -0.32   0.51   0.86   0.9    0.52  -0.58
  0.14   0.71  -0.05   0.48   0.65   0.95  -0.36   0.87   0.26  -0.21 ][-0.81  -0.83   0.86   0.73  -0.49   0.97   0.08   0.33  -0.96   0.78
 -0.04   0.55   0.25  -0.68   0.55   0.8   -0.53   0.296  0.35  -0.86
  0.7    0.58   0.16  -0.136  0.87  -0.16  -0.09  -0.65  -0.85  -0.46
  0.73   0.4   -0.65   0.12   0.86   0.56   0.77  -0.73  -0.48  -0.29
 -0.16   0.23   0.59   0.31  -0.02   0.27  -0.27  -0.87  -0.93   0.02
 -0.66  -0.74   0.24  -0.04  -0.92   0.62   0.42  -0.41  -0.17  -0.06
 -1.29   0.68   0.12   0.59  -0.08   0.3    0.04   0.2    0.62   0.77
  0.08  -0.18   0.46  -0.44  -0.32   0.51   0.86   0.18   0.52  -0.58
  0.14   0.71  -0.05   0.48   0.65   0.95  -0.36   0.87   0.26  -0.75 ][-0.81  -0.83   0.86   0.73  -0.49   0.97   0.08  -0.38  -0.96   0.78
  0.07   0.55  -0.2   -0.68   0.55   0.8   -0.53  -0.34   0.87  -0.86
  0.7    0.58   0.16   0.31   0.87  -0.16  -0.09  -0.65  -0.85  -0.46
  0.73   0.94  -0.65   0.12   0.86   0.419  0.77  -0.73  -0.48  -0.29
 -0.16   0.23   0.59   0.31  -0.6    0.27  -0.27  -0.87  -0.93   0.43
 -0.66  -0.32   0.24  -0.04  -0.92   0.62   0.42   0.7   -0.17  -0.06
 -0.65   0.68   0.12   0.59  -0.54   0.3    0.04   0.2    0.62   0.77
  0.08  -0.18   0.46  -0.44  -0.32   0.51   0.86   0.9    0.52  -0.58
  0.23   0.71  -0.05   0.48   0.65   0.95  -0.36   0.87   0.26  -0.75 ][-0.81  -0.83   0.53   0.73  -0.49   0.97   0.08   0.33  -0.96   0.78
 -0.04   0.55   0.25  -0.68   0.55   0.8   -0.53  -0.34   0.35  -0.86
  0.7    0.58   0.16   0.31   0.87  -0.16   0.97  -0.65  -0.85  -0.46
  0.73   0.4   -0.65   0.12   0.86   0.56   0.77  -0.73  -0.48  -0.29
 -0.16   0.23   0.59   0.31  -0.02   0.27  -0.27   0.46  -0.93   0.02
 -0.66  -0.32   0.24  -0.04  -0.92   0.62   0.42  -0.41   1.442 -0.06
 -1.29   0.68   0.12   0.59  -0.08   0.3    0.04   0.2    0.418  0.77
 -0.18  -0.18   0.46  -0.44  -0.32   0.51   0.86   0.9    0.52  -0.7
  0.14   0.71  -0.05   0.48   0.65   0.95  -0.36   0.87   0.26  -0.75 ][-0.81  -0.83   0.53   0.73  -0.49   0.97   0.08   0.33  -0.96   0.78
 -0.04   0.55   0.25  -0.68   0.55   0.78  -0.53   0.296  0.35  -0.86
  0.7    0.58   0.16   0.31   0.87  -0.16  -0.09  -0.65  -0.85  -0.46
  0.73   0.4   -0.65   0.12   0.86   0.56   0.77  -0.73  -0.48  -0.29
 -0.16   0.23   0.59   0.31  -0.02  -0.405 -0.27  -0.87  -0.93   0.02
 -0.66  -0.74   0.24  -0.04  -0.92   0.62   0.42  -0.41  -0.17  -0.06
 -1.29   0.68   0.12   0.59  -0.08   0.3    0.04   0.2   -0.58   0.77
  0.08  -0.18   0.46  -0.44  -0.32   0.51   0.86   0.18   0.52  -0.58
  0.14   0.71  -0.05   0.48   0.65   0.95  -0.36   0.87   0.26  -0.75 ][-8.1000000e-01  3.2000000e-01  8.6000000e-01  7.3000000e-01
 -4.9000000e-01  9.7000000e-01  8.0000000e-02  3.3000000e-01
 -9.6000000e-01  7.8000000e-01 -4.0000000e-02  5.5000000e-01
  2.5000000e-01 -6.8000000e-01  5.5000000e-01  8.0000000e-01
 -5.3000000e-01 -3.4000000e-01  3.5000000e-01 -8.6000000e-01
  7.0000000e-01  8.8817842e-16  1.6000000e-01  3.1000000e-01
  8.7000000e-01 -1.6000000e-01 -9.0000000e-02 -6.5000000e-01
 -8.5000000e-01 -4.6000000e-01  7.3000000e-01  9.4000000e-01
 -6.5000000e-01  1.2000000e-01  8.6000000e-01  5.6000000e-01
  7.7000000e-01 -7.3000000e-01 -4.8000000e-01 -2.9000000e-01
 -1.6000000e-01  2.3000000e-01  5.9000000e-01  3.1000000e-01
 -5.6000000e-02  2.7000000e-01 -2.7000000e-01 -8.7000000e-01
 -9.3000000e-01  2.0000000e-02 -6.6000000e-01 -3.2000000e-01
  2.4000000e-01 -4.0000000e-02 -9.2000000e-01  6.2000000e-01
  4.2000000e-01 -4.1000000e-01 -1.7000000e-01 -6.0000000e-02
 -6.5000000e-01  6.8000000e-01  1.2000000e-01  5.9000000e-01
 -5.4000000e-01  3.0000000e-01  4.0000000e-02  2.0000000e-01
  6.2000000e-01  7.7000000e-01 -1.8000000e-01 -1.8000000e-01
  4.6000000e-01 -4.4000000e-01 -3.2000000e-01  5.1000000e-01
  8.6000000e-01  9.0000000e-01  5.2000000e-01 -7.0000000e-01
  1.4000000e-01  7.1000000e-01 -5.0000000e-02  4.8000000e-01
  6.5000000e-01  9.5000000e-01 -3.6000000e-01  8.7000000e-01
  2.6000000e-01 -7.5000000e-01][-8.1000000e-01 -8.3000000e-01  5.3000000e-01  7.3000000e-01
 -5.7000000e-01  9.7000000e-01  8.0000000e-02  3.3000000e-01
 -9.6000000e-01  7.8000000e-01  7.0000000e-02  5.5000000e-01
 -2.0000000e-01 -6.8000000e-01  5.5000000e-01  7.8000000e-01
 -5.3000000e-01 -3.4000000e-01  8.7000000e-01 -8.6000000e-01
  7.0000000e-01  8.8817842e-16  1.6000000e-01  3.1000000e-01
  8.7000000e-01 -1.6000000e-01  9.7000000e-01 -6.5000000e-01
 -8.5000000e-01 -4.6000000e-01  7.3000000e-01  9.4000000e-01
 -6.5000000e-01  1.2000000e-01  7.2300000e-01  5.6000000e-01
  7.7000000e-01 -7.3000000e-01 -4.8000000e-01 -2.9000000e-01
 -1.6000000e-01 -3.0000000e-01  5.9000000e-01  3.1000000e-01
 -6.0000000e-01  2.7000000e-01 -2.7000000e-01 -8.7000000e-01
 -9.3000000e-01  2.0000000e-02 -6.6000000e-01 -7.4000000e-01
  2.4000000e-01 -4.0000000e-02 -9.2000000e-01  6.2000000e-01
  4.2000000e-01 -4.1000000e-01 -1.7000000e-01 -6.0000000e-02
 -1.2900000e+00  6.8000000e-01  1.2000000e-01  5.9000000e-01
 -5.4000000e-01  3.0000000e-01  4.0000000e-02  2.0000000e-01
  6.2000000e-01  7.7000000e-01  8.0000000e-02 -1.8000000e-01
  4.6000000e-01 -4.4000000e-01 -3.2000000e-01  5.1000000e-01
  8.6000000e-01  9.0000000e-01  5.2000000e-01 -5.8000000e-01
  2.3000000e-01  7.1000000e-01 -5.0000000e-02  4.8000000e-01
  6.5000000e-01  9.5000000e-01 -3.6000000e-01  8.7000000e-01
  2.6000000e-01 -7.5000000e-01][-0.81  -0.83   0.86   0.73  -0.49   0.97   0.08   0.33  -0.96   0.78
 -0.04   0.55   0.25  -0.68   0.55   0.8   -0.53   0.296  0.35  -0.86
  0.7    0.58   0.16   0.31   0.87  -0.16  -0.277 -0.65  -0.85  -0.46
  0.73   0.4   -0.65   0.12   0.86   0.56   0.77  -0.73  -0.48  -0.29
 -0.16   0.23   0.59   0.31  -0.6    0.27  -0.27   0.46  -0.93   0.02
 -0.66  -0.32   0.24  -0.04  -0.92   0.62   0.42  -0.41   1.442 -0.06
 -0.65   0.68   0.12   0.59  -0.08   0.3    0.04   0.2   -0.58   0.77
 -0.18  -0.18   0.46  -0.44  -0.32   0.51   0.86   0.18   0.52  -0.58
  0.14   0.71  -0.05   0.48   0.65   0.95  -0.36   0.87   0.26  -0.75 ][-8.1000000e-01 -1.0980000e+00  5.3000000e-01  7.3000000e-01
 -5.7000000e-01  9.7000000e-01  8.0000000e-02  3.3000000e-01
  8.8817842e-16  7.8000000e-01  7.0000000e-02  5.5000000e-01
 -2.0000000e-01 -6.8000000e-01  5.5000000e-01  7.8000000e-01
 -5.3000000e-01 -3.4000000e-01  8.7000000e-01 -8.6000000e-01
  7.0000000e-01  5.8000000e-01  1.6000000e-01  3.1000000e-01
  8.7000000e-01 -1.6000000e-01 -9.0000000e-02 -6.5000000e-01
 -8.5000000e-01 -4.6000000e-01  7.3000000e-01  9.4000000e-01
 -6.5000000e-01  1.2000000e-01  8.6000000e-01  5.6000000e-01
  7.7000000e-01 -7.3000000e-01 -4.8000000e-01 -2.9000000e-01
  3.1400000e-01  2.3000000e-01  5.9000000e-01  3.1000000e-01
 -6.0000000e-01  2.7000000e-01 -2.7000000e-01  4.6000000e-01
 -9.3000000e-01  4.3000000e-01 -6.6000000e-01 -3.2000000e-01
  2.4000000e-01 -4.0000000e-02 -9.2000000e-01  6.0000000e-01
  4.2000000e-01  7.0000000e-01 -1.7000000e-01 -6.0000000e-02
 -6.0000000e-02  6.8000000e-01  1.2000000e-01  5.9000000e-01
 -8.0000000e-02  3.0000000e-01  4.0000000e-02  2.0000000e-01
  6.2000000e-01  7.7000000e-01  8.0000000e-02 -1.8000000e-01
  4.6000000e-01 -4.4000000e-01 -3.2000000e-01  5.1000000e-01
  8.6000000e-01  9.0000000e-01  5.2000000e-01 -5.8000000e-01
  2.3000000e-01  7.1000000e-01 -5.0000000e-02  4.8000000e-01
  6.5000000e-01  9.5000000e-01 -3.6000000e-01  8.7000000e-01
  2.6000000e-01 -7.5000000e-01][-8.1000000e-01 -8.3000000e-01  8.6000000e-01  7.3000000e-01
 -4.9000000e-01  9.7000000e-01  8.0000000e-02 -3.8000000e-01
 -9.6000000e-01  7.8000000e-01  7.0000000e-02  5.5000000e-01
  2.5000000e-01 -6.8000000e-01  5.5000000e-01  7.8000000e-01
 -5.3000000e-01  2.9600000e-01  3.5000000e-01 -8.6000000e-01
  7.0000000e-01  8.8817842e-16  1.6000000e-01  3.1000000e-01
  8.7000000e-01 -1.6000000e-01  9.7000000e-01 -6.5000000e-01
 -8.5000000e-01 -4.6000000e-01  7.3000000e-01  4.0000000e-01
 -6.5000000e-01  1.2000000e-01  3.3000000e-02  5.6000000e-01
  7.7000000e-01 -7.3000000e-01 -4.8000000e-01 -2.9000000e-01
 -1.6000000e-01  2.3000000e-01  5.9000000e-01  3.1000000e-01
 -6.0000000e-01  2.7000000e-01 -1.7400000e-01 -8.7000000e-01
 -9.3000000e-01  4.3000000e-01 -6.6000000e-01 -3.2000000e-01
  2.4000000e-01 -4.0000000e-02 -9.2000000e-01  6.0000000e-01
  4.2000000e-01 -4.1000000e-01 -1.7000000e-01 -6.0000000e-02
 -1.2900000e+00  6.8000000e-01  1.2000000e-01  5.9000000e-01
 -5.4000000e-01  3.0000000e-01  4.0000000e-02  2.0000000e-01
  6.2000000e-01  7.7000000e-01 -1.8000000e-01 -1.8000000e-01
  4.6000000e-01 -4.4000000e-01 -3.2000000e-01  5.1000000e-01
  8.6000000e-01  1.8000000e-01  5.2000000e-01 -5.8000000e-01
  1.4000000e-01  7.1000000e-01 -5.0000000e-02  4.8000000e-01
  6.5000000e-01  9.5000000e-01 -3.6000000e-01  8.7000000e-01
  2.6000000e-01 -7.5000000e-01][-8.1000000e-01  3.2000000e-01  8.6000000e-01  7.3000000e-01
 -4.9000000e-01  9.7000000e-01  8.0000000e-02  3.3000000e-01
 -9.6000000e-01  7.8000000e-01 -4.0000000e-02  5.5000000e-01
  2.5000000e-01 -6.8000000e-01  5.5000000e-01  8.0000000e-01
 -5.3000000e-01  2.9600000e-01  3.5000000e-01 -8.6000000e-01
  7.0000000e-01  8.8817842e-16  1.6000000e-01  3.1000000e-01
  8.7000000e-01 -1.6000000e-01 -9.0000000e-02 -6.5000000e-01
 -8.5000000e-01 -4.6000000e-01  7.3000000e-01  9.4000000e-01
 -6.5000000e-01  1.2000000e-01  8.6000000e-01  5.6000000e-01
  7.7000000e-01 -7.3000000e-01 -4.8000000e-01 -2.9000000e-01
 -1.6000000e-01  2.3000000e-01  5.9000000e-01  3.1000000e-01
 -2.0000000e-02  2.7000000e-01 -2.7000000e-01  4.6000000e-01
 -9.3000000e-01  2.0000000e-02 -6.6000000e-01 -3.2000000e-01
  2.4000000e-01 -4.0000000e-02 -9.2000000e-01  6.2000000e-01
  4.2000000e-01  7.0000000e-01 -1.7000000e-01 -6.0000000e-02
 -1.2900000e+00  6.8000000e-01  1.2000000e-01  5.9000000e-01
 -8.0000000e-02  3.0000000e-01  4.0000000e-02  2.0000000e-01
  6.2000000e-01  7.7000000e-01  8.0000000e-02 -1.8000000e-01
  4.6000000e-01 -4.4000000e-01 -3.2000000e-01  5.1000000e-01
  8.6000000e-01  9.0000000e-01  5.2000000e-01 -5.8000000e-01
  1.4000000e-01  7.1000000e-01 -5.0000000e-02  4.8000000e-01
  6.5000000e-01  9.5000000e-01 -3.6000000e-01  8.7000000e-01
  6.8100000e-01 -7.5000000e-01][-8.1000000e-01  3.2000000e-01  8.6000000e-01  7.3000000e-01
 -5.7000000e-01  9.7000000e-01  8.0000000e-02  3.3000000e-01
 -9.6000000e-01  7.8000000e-01 -4.0000000e-02  5.5000000e-01
  2.5000000e-01 -6.8000000e-01  5.5000000e-01  8.0000000e-01
 -5.3000000e-01  2.9600000e-01  3.5000000e-01 -8.6000000e-01
  7.0000000e-01  8.8817842e-16  1.6000000e-01  3.1000000e-01
  8.7000000e-01 -1.6000000e-01 -9.0000000e-02 -6.5000000e-01
 -8.5000000e-01  5.2400000e-01  7.3000000e-01  9.4000000e-01
 -6.5000000e-01  1.2000000e-01  8.6000000e-01  5.6000000e-01
  7.7000000e-01 -7.3000000e-01 -4.8000000e-01 -2.9000000e-01
 -1.6000000e-01  2.3000000e-01  5.9000000e-01  3.1000000e-01
 -9.6900000e-01  2.7000000e-01 -8.3000000e-01  4.6000000e-01
 -9.3000000e-01  2.0000000e-02 -6.6000000e-01 -7.4000000e-01
  2.4000000e-01 -4.0000000e-02 -7.4000000e-01  6.0000000e-01
  4.2000000e-01  7.0000000e-01 -1.7000000e-01 -6.0000000e-02
 -1.2900000e+00  6.8000000e-01  1.2000000e-01  5.9000000e-01
 -8.0000000e-02  3.0000000e-01  4.0000000e-02  2.0000000e-01
  6.2000000e-01  7.7000000e-01 -1.8000000e-01 -1.8000000e-01
  4.6000000e-01 -4.4000000e-01 -3.2000000e-01  5.1000000e-01
  8.6000000e-01  9.0000000e-01  5.2000000e-01 -5.8000000e-01
  1.4000000e-01  7.1000000e-01 -5.0000000e-02  4.8000000e-01
  6.5000000e-01  9.5000000e-01 -3.6000000e-01  8.7000000e-01
  2.6000000e-01 -7.5000000e-01][-0.81  -0.83   0.86   0.73  -0.57   0.97   0.08   0.33  -0.96   1.618
 -0.04   0.55   0.25  -0.68   0.55   0.8   -0.53   0.296  0.35  -0.86
  0.7    0.58   0.16   0.31   0.87  -0.16  -0.09  -0.65  -0.85  -0.46
  0.73   0.94  -0.65   0.12   0.86   0.56   0.77  -0.73  -0.48  -0.29
 -0.16   0.23   0.59   0.31  -0.969  0.27  -0.27   0.46  -0.93   0.02
 -0.66  -0.32   0.24  -0.04  -0.92   0.62   0.42   0.7   -0.17  -0.06
 -0.06   0.68   0.12   0.59  -0.08   0.3    0.04   0.2    0.62   0.77
  0.08  -0.18   0.46  -0.44  -0.32   0.51   0.86   0.9    0.52  -0.58
  0.23   0.71  -0.05   0.48   0.65   0.95  -0.36   0.87   0.26  -0.75 ][-8.1000000e-01  3.2000000e-01  8.6000000e-01  7.3000000e-01
 -4.9000000e-01  9.7000000e-01  8.0000000e-02  3.3000000e-01
 -9.6000000e-01  7.8000000e-01 -4.0000000e-02  5.5000000e-01
  2.5000000e-01 -6.8000000e-01  5.5000000e-01  8.0000000e-01
 -5.3000000e-01  2.9600000e-01  3.5000000e-01 -8.6000000e-01
  7.0000000e-01  8.8817842e-16  1.6000000e-01  3.1000000e-01
  8.7000000e-01 -1.6000000e-01 -9.0000000e-02 -6.5000000e-01
 -8.5000000e-01 -4.6000000e-01  7.3000000e-01  9.4000000e-01
 -6.5000000e-01  1.2000000e-01  8.6000000e-01  5.6000000e-01
  7.7000000e-01 -7.3000000e-01 -4.8000000e-01 -2.9000000e-01
 -1.6000000e-01  2.3000000e-01  5.9000000e-01  3.1000000e-01
 -2.0000000e-02  2.7000000e-01 -2.7000000e-01  4.6000000e-01
 -9.3000000e-01  2.0000000e-02 -6.6000000e-01 -3.2000000e-01
  2.4000000e-01 -4.0000000e-02 -9.2000000e-01  6.2000000e-01
  4.2000000e-01  7.0000000e-01  1.4420000e+00 -6.0000000e-02
 -1.2900000e+00  6.8000000e-01  1.2000000e-01  5.9000000e-01
 -8.0000000e-02  3.0000000e-01  4.0000000e-02  2.0000000e-01
  6.2000000e-01  7.7000000e-01  8.0000000e-02 -1.8000000e-01
  4.6000000e-01 -4.4000000e-01 -3.2000000e-01  4.5900000e-01
  8.6000000e-01  9.0000000e-01  5.2000000e-01 -5.8000000e-01
  1.4000000e-01  7.1000000e-01 -5.0000000e-02  4.8000000e-01
  6.5000000e-01  9.5000000e-01 -3.6000000e-01  8.7000000e-01
  2.6000000e-01 -7.5000000e-01][-0.81  -0.83   0.86   0.73  -0.49   0.97   0.08   0.33  -0.96   0.78
 -0.04   0.55   0.25  -0.68   0.55   0.8   -0.53   0.296  0.35  -0.86
  0.7    0.58   0.16  -0.136  0.87  -0.16  -0.09  -0.65  -0.85  -0.46
  0.73   0.4   -0.65   0.12   0.86   0.56   0.77  -0.73  -0.48  -0.29
 -0.16   0.23   0.59   0.31  -0.02   0.27  -0.27   0.46  -0.93   0.02
 -0.66  -0.32   0.24  -0.04  -0.92   0.62   0.42  -0.41   1.442 -0.06
 -1.29   0.68   0.12   0.59  -0.08   0.3    0.04   0.2    0.62   0.77
  1.009 -0.18   0.46  -0.44  -0.32   0.51   0.86   0.9    0.52  -0.58
  0.14   0.71  -0.05   0.48   0.65   0.95  -0.36   0.87   0.26  -0.75 ][-8.1000000e-01 -8.3000000e-01  8.6000000e-01  7.3000000e-01
 -5.7000000e-01  9.7000000e-01  4.8000000e-01 -3.8000000e-01
 -9.6000000e-01  7.8000000e-01 -4.0000000e-02  5.5000000e-01
  2.5000000e-01 -6.8000000e-01  5.5000000e-01  7.8000000e-01
 -5.3000000e-01  2.9600000e-01  3.5000000e-01 -8.6000000e-01
  7.0000000e-01  8.8817842e-16  1.6000000e-01  3.1000000e-01
  8.7000000e-01 -1.6000000e-01  9.7000000e-01 -6.5000000e-01
  3.0000000e-02 -4.6000000e-01  7.3000000e-01  4.0000000e-01
 -6.5000000e-01  1.2000000e-01  8.6000000e-01  1.5390000e+00
  7.7000000e-01 -7.3000000e-01 -4.8000000e-01 -2.9000000e-01
 -1.6000000e-01  2.3000000e-01  5.9000000e-01  3.1000000e-01
 -6.0000000e-01  2.7000000e-01 -8.3000000e-01  4.6000000e-01
 -9.3000000e-01  2.0000000e-02 -6.6000000e-01 -7.4000000e-01
  2.4000000e-01 -4.0000000e-02 -7.4000000e-01  6.0000000e-01
  4.2000000e-01  7.0000000e-01 -1.7000000e-01 -6.0000000e-02
 -6.5000000e-01  6.8000000e-01  1.2000000e-01  5.9000000e-01
 -8.0000000e-02  3.0000000e-01  4.0000000e-02  2.0000000e-01
 -5.8000000e-01  7.7000000e-01 -1.8000000e-01 -1.8000000e-01
  4.6000000e-01 -4.4000000e-01 -3.2000000e-01  5.1000000e-01
  8.6000000e-01  9.0000000e-01  5.2000000e-01 -5.8000000e-01
  1.4000000e-01  7.1000000e-01 -5.0000000e-02  4.8000000e-01
  6.5000000e-01  1.0060000e+00 -3.6000000e-01  8.7000000e-01
  2.6000000e-01 -7.5000000e-01][-0.81   0.32   0.53   0.73  -0.57   0.97   0.08   0.33  -0.96   0.78
 -0.04   0.55   0.25  -0.68   0.55   0.78  -0.53  -0.34   0.87  -0.86
  0.7    0.58   0.16   0.31   0.87  -0.16   0.97  -0.65  -0.85  -0.46
  0.73   0.94  -0.65  -0.736  0.723  0.56   0.77  -0.73  -0.48  -0.29
 -0.16  -0.3    0.59   0.31  -0.6    0.27  -0.27  -0.87  -0.93  -0.274
 -0.66  -0.32   0.24  -0.04  -0.92   0.62   0.42   0.7   -0.17  -0.06
 -1.29   0.68   0.12   0.59  -0.08   0.3    0.04   0.2   -0.58   0.77
  0.08  -0.18   0.46  -0.44  -0.32   0.51   0.86   0.9    0.52  -0.7
  0.23   0.71  -0.05   0.48   0.65   0.95  -0.36   0.87   0.26  -0.75 ][-0.81  -0.83   0.86   0.73  -0.49   0.97   0.08   0.33  -0.96   0.78
 -0.04   0.55   0.25  -0.68   0.55   0.8   -0.53   0.296  0.35  -0.86
  0.7    0.58   0.16   0.31   0.87  -0.16  -0.09  -0.65  -0.85  -0.46
  0.867  0.94  -0.65   0.12   0.86   0.56   0.77  -0.73  -0.48  -0.29
 -0.16   0.23   0.59   0.31  -0.02   0.27  -0.27   0.46  -0.93   0.02
 -0.66  -0.74   0.24  -0.04  -0.92   0.62   0.42   0.7   -0.17  -0.06
 -0.65   0.68   0.12   0.59  -0.08   0.3    0.04   0.2    0.62   0.77
  0.08  -0.18   0.46  -0.44  -0.32   0.51   0.86   0.18   0.52  -0.58
  0.14   0.71  -0.05   0.48   0.65   0.95  -0.36   0.87   0.26  -0.75 ][-0.81  -0.83   0.86   0.73  -0.57   0.97   0.08   0.33  -0.96   0.78
 -0.04   0.55   0.25  -0.68   0.55   0.8   -0.53   0.296  0.87  -0.86
  0.7    0.58   0.16   0.31   0.87  -0.16  -0.277 -0.65  -0.85  -0.46
  0.73   0.4   -0.65   0.12   0.86   0.984  0.77  -0.73  -0.48  -0.29
 -0.16   0.23   0.59   0.31  -0.02   0.27  -0.27   0.46  -0.93   0.02
 -0.66  -0.32   0.24  -0.04  -0.92   0.6    0.42   0.7   -0.17  -0.06
 -0.65   0.68   0.12   0.59  -0.08   0.3    0.04   0.2   -0.58   0.77
 -0.18  -0.18   0.46  -0.44  -0.32   0.51   0.86   0.9    0.52  -0.58
  0.23   0.71  -0.05   0.48   0.65   0.95  -0.36   0.87   0.26  -0.75 ][-8.1000000e-01 -8.3000000e-01  8.6000000e-01  7.3000000e-01
 -4.9000000e-01  9.7000000e-01  8.0000000e-02  3.3000000e-01
  8.8817842e-16  7.8000000e-01 -4.0000000e-02  5.5000000e-01
 -2.0000000e-01 -6.8000000e-01  5.5000000e-01  7.3900000e-01
 -5.3000000e-01  2.9600000e-01  8.7000000e-01 -8.6000000e-01
  7.0000000e-01  5.8000000e-01  1.6000000e-01  3.1000000e-01
  8.7000000e-01 -1.6000000e-01  9.7000000e-01 -6.5000000e-01
 -8.5000000e-01 -4.6000000e-01  7.3000000e-01  4.0000000e-01
 -6.5000000e-01  1.2000000e-01  8.6000000e-01  5.6000000e-01
  7.7000000e-01 -7.3000000e-01 -4.8000000e-01 -2.9000000e-01
 -1.6000000e-01  2.3000000e-01  5.9000000e-01  3.1000000e-01
 -6.0000000e-01  2.7000000e-01 -2.7000000e-01  4.6000000e-01
 -9.3000000e-01  2.0000000e-02 -6.6000000e-01 -3.2000000e-01
  2.4000000e-01 -4.0000000e-02 -9.2000000e-01  6.2000000e-01
  4.2000000e-01 -4.1000000e-01  1.4420000e+00 -6.0000000e-02
 -6.5000000e-01  6.8000000e-01  1.2000000e-01  5.9000000e-01
 -8.0000000e-02  3.0000000e-01  4.0000000e-02  2.0000000e-01
  6.2000000e-01  7.7000000e-01  8.0000000e-02 -1.8000000e-01
  4.6000000e-01 -4.4000000e-01 -3.2000000e-01  5.1000000e-01
  8.6000000e-01  1.8000000e-01  5.2000000e-01 -5.8000000e-01
  1.4000000e-01  7.1000000e-01 -5.0000000e-02  4.8000000e-01
  6.5000000e-01  9.5000000e-01 -3.6000000e-01  8.7000000e-01
  2.6000000e-01 -7.5000000e-01][-0.81  -0.83   0.53   0.73  -0.57   0.97   0.08  -0.38  -0.96   0.78
 -0.04   0.55   0.25  -0.68   0.55   0.8   -0.53  -0.34   0.87  -0.86
  0.7    0.58   0.16   0.31   0.87   0.775  0.97  -0.65  -0.85  -0.46
  0.73   0.94  -0.65   0.12   0.86   0.56   0.77  -0.73  -0.48  -0.29
 -0.16   0.23   0.59   0.31  -0.02   0.27  -0.27   0.46  -1.628  0.43
 -0.66  -0.32   0.24  -0.04  -0.92   0.6    0.42   0.7   -0.17  -0.06
 -0.06   0.68   0.12   0.59  -0.54   0.3    0.04   0.2    0.62   0.77
  0.08  -0.18   0.46  -0.44  -0.32   0.51   0.86   0.9    0.52  -0.58
  0.23   0.71  -0.05   0.48   0.65   0.95  -0.36   0.87   0.26  -0.75 ][-0.81   0.32   0.86   0.73  -0.49   0.97   0.08   0.33  -0.96   0.78
 -0.04   0.55   0.25  -0.68   0.55   0.78  -0.53  -0.34   0.35  -0.86
  0.7    0.58   0.16   0.31   0.87  -0.16  -0.09  -0.65  -0.85  -0.46
  0.73   0.94  -0.65   0.12   0.86   0.56   0.77  -0.73  -0.48  -0.29
 -0.16  -0.3    0.59   0.31  -0.02   0.27  -0.27   0.46  -0.93  -0.274
 -0.66  -0.32   0.24  -0.04  -0.92   0.62   0.42   0.7   -0.17  -0.06
 -1.29   0.68   0.12   0.59  -0.08   0.3    0.04   0.2    0.62   0.77
  0.08  -0.18   0.46  -0.44  -0.32   0.51   0.86   0.9    0.52  -1.547
  0.14   0.71  -0.05   0.48   0.65   0.95  -0.36   0.87   0.26  -0.75 ][-0.81  -1.098  0.86   0.73  -0.57   0.97   0.08   0.33  -0.96   0.78
 -0.04   0.55   0.25  -0.68   0.55   0.78  -0.53   0.296  0.35  -0.86
  0.7    0.58   0.16   0.31   0.87  -0.16  -0.09  -1.514 -0.85  -0.46
  0.73   0.4   -0.65   0.12   0.86   0.56   0.77  -0.73  -0.48  -0.29
 -0.16   0.23   0.59   0.31  -0.6    0.27  -0.27   0.46  -0.93   0.02
 -0.66  -0.32   0.24  -0.04  -0.92   0.6    0.42   0.7   -0.17  -0.06
 -0.65   0.68   0.12   0.59  -0.08   0.3    0.04   0.2   -0.58   0.77
  0.08  -0.18   0.46  -0.44  -0.32   0.51   0.86   0.9    0.52  -0.58
  0.14   0.71  -0.05   0.48   0.65   0.95  -0.36   0.87   0.26  -0.75 ][-0.81  -0.83   0.86   0.73  -0.49   0.97   0.08   0.33  -0.96   0.78
 -0.04   0.55   0.25  -0.68   0.55   0.78  -0.53  -0.34   0.35  -0.86
  0.7    0.58   0.16   0.31   0.87  -0.16  -0.09  -0.65  -0.85  -0.46
  0.73   0.4   -0.65   0.12   0.86   0.56   0.77  -0.73  -0.48  -0.29
 -0.16   0.23   0.59   0.31  -0.6    0.27  -0.27   0.46  -0.93   0.02
 -0.66  -0.32   0.24  -0.04  -0.92   0.62   0.42  -0.41  -0.384 -0.06
 -0.65   0.68   0.12   0.59  -0.08   0.3    0.04   0.2   -0.58   0.77
  0.08  -0.18   0.46  -0.44  -0.32   0.51   0.86   0.9    0.52  -0.58
  0.14   0.71  -0.05   0.48   0.65   0.95  -0.36   0.87   0.26  -0.75 ][-0.81  -0.83   0.86   0.73  -0.49   0.97   0.08   0.33  -0.96   0.78
 -0.04   0.55   0.25  -0.68   0.55   0.8   -0.53   0.296  0.35  -0.86
  0.7    0.58   0.16  -0.136  0.87  -0.16  -0.09  -0.65  -0.85  -0.46
  0.73   0.4   -0.65   0.12   0.86   0.56   0.77  -0.73  -0.48  -0.29
 -0.16   0.23   0.59   0.31  -0.6    0.27  -0.27  -0.87  -0.93   0.02
 -0.66  -0.32   0.24  -0.04  -0.92   0.62   0.42  -0.41   1.442 -0.06
 -1.29   0.68   0.12   0.59  -0.08   0.3    0.04   0.2   -0.58   0.77
 -0.18  -0.18   0.46   0.454 -0.32   0.51   0.86   0.18   0.52  -0.58
  0.14   0.71  -0.05   0.48   0.65   0.95  -0.36   0.87   0.26  -0.75 ][-8.1000000e-01 -8.3000000e-01  5.3000000e-01  7.3000000e-01
 -4.9000000e-01  9.7000000e-01  8.0000000e-02 -3.8000000e-01
 -9.6000000e-01  7.8000000e-01 -4.0000000e-02  5.5000000e-01
  2.5000000e-01 -6.8000000e-01  5.5000000e-01  7.8000000e-01
 -5.3000000e-01  2.9600000e-01  3.5000000e-01 -8.6000000e-01
  7.0000000e-01  8.8817842e-16  1.6000000e-01  3.1000000e-01
  1.3200000e-01 -1.6000000e-01 -9.0000000e-02 -6.5000000e-01
 -8.5000000e-01 -4.6000000e-01  7.3000000e-01  9.4000000e-01
 -6.5000000e-01  1.2000000e-01  8.6000000e-01  5.6000000e-01
  7.7000000e-01 -7.3000000e-01 -4.8000000e-01 -2.9000000e-01
 -1.6000000e-01  2.3000000e-01  5.9000000e-01  3.1000000e-01
 -6.0000000e-01  2.7000000e-01 -1.7400000e-01  4.6000000e-01
 -9.3000000e-01  4.3000000e-01 -6.6000000e-01 -3.2000000e-01
  2.4000000e-01 -4.0000000e-02 -9.2000000e-01  6.0000000e-01
  4.2000000e-01  7.0000000e-01 -1.7000000e-01 -6.0000000e-02
 -1.2900000e+00  6.8000000e-01  1.2000000e-01  5.9000000e-01
 -5.4000000e-01  3.0000000e-01  4.0000000e-02  2.0000000e-01
  6.2000000e-01  7.7000000e-01  8.0000000e-02 -1.8000000e-01
  4.6000000e-01 -4.4000000e-01 -3.2000000e-01  5.1000000e-01
  8.6000000e-01  1.8000000e-01  5.2000000e-01 -5.8000000e-01
  1.4000000e-01  7.1000000e-01 -5.0000000e-02  4.8000000e-01
  6.5000000e-01  9.5000000e-01 -3.6000000e-01  8.7000000e-01
  2.6000000e-01 -7.5000000e-01][-0.81  -0.83   0.86   0.73  -0.57   0.97   0.08   0.33  -0.96   0.78
 -0.04   0.55   0.25  -0.68   0.55   0.8   -0.53   0.296  0.87  -0.009
  0.7    0.58   0.16   0.31   0.87   0.775 -0.09  -0.65  -0.85  -0.46
  0.73   0.94  -0.65   0.12   0.86   0.56   0.77  -0.73  -0.48  -0.29
 -0.16   0.23   0.59   0.31  -0.02   0.27  -0.27   0.46  -0.93   0.02
 -0.66  -0.32   0.24  -0.04  -0.92   0.62   0.42   0.7   -0.17  -0.06
 -0.06   0.68   0.12   0.59  -0.08   0.3    0.04   0.2    0.62   0.77
  0.08  -0.18   0.46  -0.44  -0.32   0.51   0.86   0.9    0.52  -0.58
  0.14   0.71  -0.05   0.48   0.65   0.95  -0.36   0.87   0.26  -0.75 ][-0.81  -1.098  0.86   0.73  -0.57   0.97   0.08   0.33  -0.96   0.78
 -0.04   0.55   0.25  -0.68   0.55   0.78  -0.53   0.296  0.35  -0.86
  0.7   -0.216  0.16   0.31   0.87  -0.16  -0.09  -0.65  -0.85  -0.46
  0.73   0.94  -0.65   0.12   0.86   0.56   0.77  -0.73  -0.48  -0.29
 -0.16   0.23   0.59   0.31  -0.6   -0.405 -0.27   0.46  -0.93   0.02
 -0.66  -0.32   0.24  -0.04  -0.92   0.62   0.42   0.7   -0.17  -0.06
 -0.65   0.68   0.12   0.59  -0.08   0.3    0.04   0.2    0.62   0.77
  0.08  -0.18   0.46  -0.44  -0.32   0.51   0.86   0.18   0.52  -0.58
  0.14   0.71  -0.05   0.48   0.65   0.95  -0.36   0.87   0.26  -0.75 ][-0.81  -0.83   0.86   0.73  -0.57   0.97   0.08   0.33  -0.96   0.78
 -0.04   0.55   0.25  -0.68   0.55   0.8   -0.53   0.296  0.87  -0.86
  0.7    0.58   0.16   0.31   0.87   1.424 -0.09  -0.65  -0.85  -0.46
  0.73   0.4   -0.65   0.12   0.86   0.56   0.77  -0.73  -0.48  -0.29
 -0.16   0.23   0.59   0.31  -0.6    0.27  -0.27   0.46  -0.93   0.02
 -0.66  -0.32   0.24  -0.04  -0.92   0.6    0.42  -0.41  -0.17  -0.06
 -0.06   0.68   0.12   0.59  -0.08   0.3    0.04   0.2    0.62   0.77
 -0.18  -0.18   0.46  -0.44  -0.32   0.51   0.86   0.18   0.52  -0.58
  0.14   0.71  -0.05   0.48   0.65   0.95  -0.36   0.87   0.26  -0.75 ][-0.81  -0.83   0.53   0.73  -0.49   0.97   0.08  -0.38  -0.96   0.78
  0.07   0.55  -0.2   -0.68   0.55   0.78  -0.53   0.296  0.35  -0.86
  0.7    0.58   0.16   0.31   0.87  -0.16  -0.277 -0.65  -0.85  -0.46
  0.73   0.94  -0.65   0.12   0.86   0.56   0.77  -0.73  -0.48  -0.29
 -0.16   0.23   0.59   0.31  -0.6    0.27  -0.27   0.46  -0.93   0.43
 -0.66  -0.32   0.24  -0.04  -0.92   0.6    0.42   0.7   -0.17  -0.06
 -0.65   0.68   0.12   0.59  -0.08   0.3    0.04   0.2    0.62   0.77
 -0.18  -0.18   0.46  -0.44  -0.32   0.51   0.86   0.9    0.52  -0.58
  0.14   0.71  -0.05   0.48   0.65   0.95  -0.36   0.87  -0.532 -0.75 ][-0.81  -0.83   0.86   0.73  -0.49   0.97   0.08   0.33  -0.96   0.78
 -0.04   0.55   0.25  -0.68   0.55   0.8   -0.53   0.296  0.35  -0.86
  0.7    0.58   0.16   0.31   0.87  -0.16  -0.09  -0.65  -0.85  -0.46
  0.73   0.4   -0.65  -0.554  0.86   0.56   0.77  -0.73  -0.48  -0.29
 -0.16   0.23   0.59   0.31  -0.02   0.27  -0.27   0.46  -0.93   0.02
 -0.66  -0.32   0.24  -0.04  -0.92   0.62   0.42   0.7    1.442 -0.06
 -0.65   0.68   0.12   0.59  -0.08   0.3    0.04   0.2   -0.58   0.77
  0.08  -0.18   0.46  -0.44  -0.32   0.51   0.86   0.18   0.52  -0.58
  0.14   0.71  -0.05   0.48   0.65   0.95  -0.36   0.87   0.26  -0.75 ][-8.1000000e-01  3.2000000e-01  5.3000000e-01  7.3000000e-01
 -4.9000000e-01  9.7000000e-01  8.0000000e-02 -3.8000000e-01
 -9.6000000e-01  7.8000000e-01  7.0000000e-02  5.5000000e-01
  2.5000000e-01 -6.8000000e-01  5.5000000e-01  7.8000000e-01
 -5.3000000e-01  2.9600000e-01  3.5000000e-01 -8.6000000e-01
  7.0000000e-01  8.8817842e-16  1.6000000e-01  3.1000000e-01
  8.7000000e-01 -1.6000000e-01 -9.0000000e-02 -6.5000000e-01
 -8.5000000e-01 -4.6000000e-01  7.3000000e-01  4.0000000e-01
 -6.5000000e-01  1.2000000e-01  8.6000000e-01  5.6000000e-01
  7.7000000e-01 -7.3000000e-01 -4.8000000e-01 -2.9000000e-01
 -1.6000000e-01  2.3000000e-01  5.9000000e-01  3.1000000e-01
 -9.6900000e-01  2.7000000e-01 -2.7000000e-01  4.6000000e-01
 -1.1300000e+00  4.3000000e-01 -6.6000000e-01 -3.2000000e-01
  2.4000000e-01 -4.0000000e-02 -9.2000000e-01  6.2000000e-01
  4.2000000e-01  7.0000000e-01 -1.7000000e-01 -6.0000000e-02
 -1.2900000e+00  6.8000000e-01  1.2000000e-01  5.9000000e-01
 -5.4000000e-01  3.0000000e-01  4.0000000e-02  2.0000000e-01
  6.2000000e-01  7.7000000e-01  8.0000000e-02 -1.8000000e-01
  4.6000000e-01 -4.4000000e-01 -3.2000000e-01  5.1000000e-01
  8.6000000e-01  9.0000000e-01  5.2000000e-01 -5.8000000e-01
  2.3000000e-01  7.1000000e-01 -5.0000000e-02  4.8000000e-01
  6.5000000e-01  9.5000000e-01 -3.6000000e-01  8.7000000e-01
  2.6000000e-01 -7.5000000e-01][-0.81   0.32   0.53   0.73  -0.57   0.97   0.08  -0.38  -0.96   0.78
 -0.04   0.55  -0.2   -0.68   0.55   0.8    0.035 -0.34   0.87  -0.86
  0.7    0.58   0.16   0.31   0.87  -0.16   0.97  -0.65  -0.85  -0.46
  0.73   0.4   -0.65   0.12   0.86   0.56   0.77  -0.73  -0.48  -0.29
 -0.16   0.23   0.59   0.31  -0.6    0.27  -0.27   0.46  -0.93   0.02
 -0.66  -0.32   0.24  -0.04  -0.92   0.62   0.42   0.7    1.442 -0.06
 -0.06   0.68   0.12   0.59  -0.08   0.3    0.04   0.2   -0.58   0.77
 -0.18  -0.18   0.46  -0.44  -0.32   0.51   0.86   0.18   0.52  -0.7
  0.14   0.71  -0.05   0.48   0.65   0.95  -0.36   0.245  0.26  -0.75 ][-0.81  -0.83   0.86   0.73  -0.49   0.97   0.08   0.33  -0.96   0.78
 -0.04   0.55   0.25  -0.68   0.55   0.8   -0.53   0.296  0.35  -0.86
  0.7    0.58   0.16   0.31   0.87  -0.16  -0.09  -0.65  -0.85  -0.46
  0.73   0.4   -0.65   0.12   0.86   0.56   0.77  -0.73  -0.48  -0.29
 -0.16   0.23   0.59   0.31  -0.6    0.27  -0.27   0.46  -0.93   0.02
 -0.66  -0.32   0.24  -0.04  -0.92   0.62   0.42   0.7    1.442 -0.06
 -0.65   0.68   0.12   0.59  -0.08   0.3    0.04   0.2   -0.58   0.77
  0.08  -0.18   0.46  -0.44  -0.32   0.51   0.86   0.9    0.52  -0.58
  0.14   0.71  -0.05   0.48   0.65   0.95  -0.36   0.898  0.26  -0.75 ][ 1.2200000e-01 -8.3000000e-01  8.6000000e-01  7.3000000e-01
 -4.9000000e-01  9.7000000e-01  8.0000000e-02  3.3000000e-01
 -9.6000000e-01  7.8000000e-01 -4.0000000e-02  5.5000000e-01
  2.5000000e-01 -6.8000000e-01  5.5000000e-01  8.0000000e-01
 -5.3000000e-01  2.9600000e-01  3.5000000e-01 -8.6000000e-01
  7.0000000e-01  8.8817842e-16  1.6000000e-01  3.1000000e-01
  8.7000000e-01 -1.6000000e-01 -9.0000000e-02 -6.5000000e-01
 -8.5000000e-01 -4.6000000e-01  7.3000000e-01  9.4000000e-01
 -6.5000000e-01  1.2000000e-01  8.6000000e-01  5.6000000e-01
  7.7000000e-01 -7.3000000e-01 -4.8000000e-01 -2.9000000e-01
 -1.6000000e-01  2.3000000e-01  5.9000000e-01  3.1000000e-01
 -9.6900000e-01  2.7000000e-01 -2.7000000e-01  4.6000000e-01
 -9.3000000e-01  2.0000000e-02 -6.6000000e-01 -3.2000000e-01
  2.4000000e-01 -4.0000000e-02 -9.2000000e-01  6.2000000e-01
  4.2000000e-01  7.0000000e-01 -1.7000000e-01 -6.0000000e-02
 -1.2900000e+00  6.8000000e-01  1.2000000e-01  5.9000000e-01
 -8.0000000e-02  3.0000000e-01  4.0000000e-02  2.0000000e-01
  6.2000000e-01  7.7000000e-01  8.0000000e-02 -1.8000000e-01
  4.6000000e-01 -4.4000000e-01 -3.2000000e-01  5.1000000e-01
  8.6000000e-01  9.0000000e-01  5.2000000e-01 -5.8000000e-01
  1.4000000e-01  7.1000000e-01 -5.0000000e-02  4.8000000e-01
  6.5000000e-01  9.5000000e-01 -3.6000000e-01  8.7000000e-01
  2.6000000e-01 -7.5000000e-01][-0.81  -0.83   0.86   0.73  -0.57   0.97   0.08   0.33  -0.96   0.78
 -0.04   0.55   0.25  -0.68   0.55   0.8   -0.53   0.296  0.87  -0.86
  0.7    0.58   0.16   0.31   0.87  -0.16  -0.277 -0.65  -0.85  -0.46
  0.73   0.94  -0.65   0.12   0.86   0.56   0.77  -0.73  -0.48  -0.29
 -0.16   0.23   0.59   0.31  -0.02   0.27  -0.27   0.46  -0.93   0.335
 -0.66  -0.32   0.24  -0.04  -0.92   0.62   0.42   0.7    1.442 -0.06
 -0.65   0.68   0.12   0.59  -0.08   0.3    0.04   0.2   -0.58   0.77
 -0.18  -0.18   0.46  -0.44  -0.32   0.51   0.86   0.9    0.52  -0.58
  0.14   0.71  -0.05   0.48   0.65   0.95  -0.36   0.87   0.26  -0.75 ][-8.1000000e-01 -8.3000000e-01  5.3000000e-01  7.3000000e-01
 -5.7000000e-01  9.7000000e-01  8.0000000e-02 -3.8000000e-01
  8.8817842e-16  7.8000000e-01  7.0000000e-02  5.5000000e-01
  2.5000000e-01 -6.8000000e-01  5.5000000e-01  8.0000000e-01
 -5.3000000e-01  2.9600000e-01  8.7000000e-01 -8.6000000e-01
  7.0000000e-01  5.8000000e-01  1.6000000e-01  3.1000000e-01
  8.7000000e-01  7.7500000e-01 -9.0000000e-02 -6.5000000e-01
 -8.5000000e-01 -4.6000000e-01  7.3000000e-01  9.4000000e-01
 -1.3910000e+00  1.2000000e-01  8.6000000e-01  5.6000000e-01
  7.7000000e-01 -7.3000000e-01 -4.8000000e-01 -2.9000000e-01
 -1.6000000e-01  2.3000000e-01  5.9000000e-01  3.1000000e-01
 -2.0000000e-02  2.7000000e-01 -2.7000000e-01 -8.7000000e-01
 -9.3000000e-01  4.3000000e-01 -6.6000000e-01 -3.2000000e-01
  2.4000000e-01 -4.0000000e-02 -9.2000000e-01  6.0000000e-01
  4.2000000e-01  7.0000000e-01 -1.7000000e-01 -6.0000000e-02
 -6.0000000e-02  6.8000000e-01  1.2000000e-01  5.9000000e-01
 -8.0000000e-02  3.0000000e-01  4.0000000e-02  2.0000000e-01
  6.2000000e-01  7.7000000e-01  8.0000000e-02 -1.8000000e-01
  4.6000000e-01 -4.4000000e-01 -3.2000000e-01  5.1000000e-01
  8.6000000e-01  9.0000000e-01  5.2000000e-01 -5.8000000e-01
  2.3000000e-01  7.1000000e-01 -5.0000000e-02  4.8000000e-01
  6.5000000e-01  9.5000000e-01 -3.6000000e-01  8.7000000e-01
  2.6000000e-01 -7.5000000e-01][-0.81  -0.83   0.86   0.73  -0.57   0.97   0.08  -0.38  -0.96   0.78
  0.07   0.55  -0.2   -0.68   0.55   0.8   -0.53   0.296  0.35  -0.86
  0.7    0.58   0.16   0.31   0.87  -0.16  -0.277 -0.65  -0.85  -0.46
  0.73   0.94  -0.65   0.12   0.86   0.56   0.77  -0.73  -0.48  -0.29
 -0.16   0.23   0.59   0.31  -0.6    0.27  -0.27   0.379 -0.93   0.43
 -0.66  -0.32   0.24  -0.04  -0.92   0.6    0.42   0.7   -0.17  -0.06
 -0.06   0.68   0.12   0.59  -0.54   0.3    0.04   0.2    0.62   0.77
  0.08  -0.18   0.46  -0.44  -0.32   0.51   0.86   0.9    0.52  -0.58
  0.14   0.71  -0.05   0.48   0.65   0.95  -0.36   0.87   0.26  -0.75 ][-0.81  -0.83   0.86   0.73  -0.57   0.97   0.08  -0.38  -0.96   0.78
 -0.04   0.55  -0.2   -0.68   0.55   0.341 -0.53  -0.34   0.87  -0.86
  0.7    0.58   0.16   0.31   0.87  -0.16  -0.277 -0.65  -0.85  -0.46
  0.73   0.94  -0.65   0.12   0.86   0.56   0.77  -0.73  -0.48  -0.29
 -0.16   0.23   0.59   0.31  -0.6    0.27  -0.27  -0.87  -0.93   0.43
 -0.66  -0.32   0.24  -0.04  -0.92   0.6    0.42  -0.41   1.442 -0.06
 -0.65   0.68   0.12   0.59  -0.54   0.3    0.04   0.2   -0.58   0.77
  0.08  -0.18   0.46  -0.44  -0.32   0.51   0.86   0.9    0.52  -0.58
  0.23   0.71  -0.05   0.48   0.65   0.95  -0.36   0.87   0.26  -0.75 ][-0.81  -0.83   0.86   0.73  -0.57   0.97   0.08   0.33  -0.96   0.78
 -0.04   0.55   0.25  -0.68   0.55   1.135 -0.53   0.296  0.87  -0.86
  0.7    0.58   0.16   0.31   0.87   0.775 -0.09  -0.65  -0.85  -0.46
  0.73   0.94  -0.65   0.12   0.86   0.56   0.77  -0.73  -0.48  -0.29
 -0.16   0.23   0.59   0.31  -0.02   0.27  -0.27   0.46  -0.93   0.02
 -0.66  -0.32   0.24  -0.04  -0.92   0.62   0.42   0.7    1.442 -0.06
 -0.65   0.68   0.12   0.59  -0.08   0.3    0.04   0.2    0.62   0.77
  0.08  -0.18   0.46  -0.44  -0.32   0.51   0.86   0.9    0.52  -0.58
  0.23   0.71  -0.05   0.48   0.65   0.95  -0.36   0.87   0.26  -0.75 ][-0.81   0.32   0.86   0.73  -0.57   0.97   1.059  0.33  -0.96   0.78
 -0.04   0.55   0.25  -0.68   0.55   0.8   -0.53  -0.34   0.35  -0.86
  0.7    0.58   0.16   0.31   0.87  -0.16  -0.09  -0.65  -0.85  -0.46
  0.73   0.94  -0.65   0.12   0.86   0.56   0.77  -0.73  -0.48  -0.29
 -0.16   0.23   0.59   0.31  -0.969  0.27  -0.27   0.46  -0.93   0.02
 -0.66  -0.32   0.24  -0.04  -0.92   0.62   0.42   0.7   -0.17  -0.06
 -1.29   0.68   0.12   0.59  -0.08   0.3    0.04   0.2    0.62   0.77
  0.08  -0.18   0.46  -0.44  -0.32   0.51   0.86   0.9    0.52  -0.58
  0.14   0.71  -0.05   0.48   0.65   0.95  -0.36   0.87   0.26  -0.75 ][-0.81   0.32   0.86   0.73  -0.49   0.97   0.08   0.33  -0.96   0.78
 -0.04   0.55   0.25  -0.68   0.55   0.8   -0.53   0.296  0.35  -0.86
  0.7    0.58   0.16   0.31   0.87  -0.16  -0.09  -0.65  -0.85  -0.46
  0.73   0.94  -0.65   0.12   0.86   0.56   0.77  -0.73  -0.48  -0.29
 -0.16   0.23   0.59   0.31  -0.02   0.27  -0.27   0.46  -0.93  -0.274
 -0.66  -0.32   0.24  -0.04  -0.92   0.62   0.42   0.7   -0.17  -0.06
 -0.65   0.68   0.12   0.59  -0.08   0.3    0.04   0.2   -0.58   0.77
 -0.327 -0.18   0.46  -0.44  -0.32   0.51   0.86   0.9    0.52  -0.7
  0.14   0.71  -0.05   0.48   0.65   0.95  -0.36   0.87   0.26  -0.75 ][-8.1000000e-01 -8.3000000e-01  5.3000000e-01  7.3000000e-01
 -4.9000000e-01  9.7000000e-01  8.0000000e-02  3.3000000e-01
  8.8817842e-16  7.8000000e-01 -4.0000000e-02  5.5000000e-01
 -2.0000000e-01 -6.8000000e-01  5.5000000e-01  8.0000000e-01
 -5.3000000e-01 -3.4000000e-01  8.7000000e-01 -8.6000000e-01
  7.0000000e-01  5.8000000e-01  1.6000000e-01  3.1000000e-01
  8.7000000e-01 -1.6000000e-01  9.7000000e-01 -6.5000000e-01
 -8.5000000e-01 -4.6000000e-01  7.3000000e-01  4.0000000e-01
 -6.5000000e-01  1.2000000e-01  8.6000000e-01  5.6000000e-01
  7.7000000e-01 -7.3000000e-01 -4.8000000e-01 -2.9000000e-01
 -1.6000000e-01 -3.0000000e-01  5.9000000e-01  3.1000000e-01
 -2.0000000e-02  2.7000000e-01 -2.7000000e-01 -8.7000000e-01
 -9.3000000e-01  9.0000000e-03 -6.6000000e-01 -3.2000000e-01
  2.4000000e-01 -4.0000000e-02 -9.2000000e-01  6.0000000e-01
  4.2000000e-01  7.0000000e-01  1.4420000e+00 -6.0000000e-02
 -6.5000000e-01  6.8000000e-01  1.2000000e-01  5.9000000e-01
 -8.0000000e-02  3.0000000e-01  4.0000000e-02  2.0000000e-01
  6.2000000e-01  7.7000000e-01  8.0000000e-02 -1.8000000e-01
  4.6000000e-01 -4.4000000e-01 -3.2000000e-01  5.1000000e-01
  8.6000000e-01  9.0000000e-01  5.2000000e-01 -5.8000000e-01
  1.4000000e-01  7.1000000e-01 -5.0000000e-02  4.8000000e-01
  6.5000000e-01  9.5000000e-01 -3.6000000e-01  8.7000000e-01
  2.6000000e-01 -7.5000000e-01][-8.1000000e-01 -8.3000000e-01  5.3000000e-01  7.3000000e-01
 -5.7000000e-01  9.7000000e-01  8.0000000e-02  3.3000000e-01
  8.8817842e-16  7.8000000e-01 -4.0000000e-02  5.5000000e-01
 -2.0000000e-01 -6.8000000e-01  5.5000000e-01  8.0000000e-01
 -5.3000000e-01 -3.4000000e-01  3.5000000e-01 -8.6000000e-01
  7.0000000e-01  5.8000000e-01  1.6000000e-01  1.0000000e-01
  8.7000000e-01 -1.6000000e-01 -2.7700000e-01 -6.5000000e-01
 -8.5000000e-01 -4.6000000e-01  7.3000000e-01  4.0000000e-01
 -6.5000000e-01  1.2000000e-01  8.6000000e-01  5.6000000e-01
  7.7000000e-01 -7.3000000e-01 -4.8000000e-01 -2.9000000e-01
 -1.6000000e-01  2.3000000e-01  5.9000000e-01  3.1000000e-01
 -6.0000000e-01  2.7000000e-01 -2.7000000e-01  4.6000000e-01
 -9.3000000e-01  2.0000000e-02 -6.6000000e-01 -3.2000000e-01
  2.4000000e-01 -4.0000000e-02 -9.2000000e-01  6.2000000e-01
  4.2000000e-01 -4.1000000e-01  1.4420000e+00 -6.0000000e-02
 -6.0000000e-02  6.8000000e-01  1.2000000e-01  5.9000000e-01
 -8.0000000e-02  3.0000000e-01  4.0000000e-02  2.0000000e-01
  6.2000000e-01  7.7000000e-01 -1.8000000e-01 -1.8000000e-01
  4.6000000e-01 -4.4000000e-01 -3.2000000e-01  5.1000000e-01
  8.6000000e-01  9.0000000e-01  5.2000000e-01 -5.8000000e-01
  2.3000000e-01  7.1000000e-01 -5.0000000e-02  4.8000000e-01
  6.5000000e-01  9.5000000e-01 -3.6000000e-01  8.7000000e-01
  2.6000000e-01 -7.5000000e-01][-8.1000000e-01 -8.3000000e-01  8.6000000e-01  7.3000000e-01
 -5.7000000e-01  9.7000000e-01  8.0000000e-02 -3.8000000e-01
  8.8817842e-16  7.8000000e-01  7.0000000e-02  5.5000000e-01
 -2.0000000e-01 -6.8000000e-01  5.5000000e-01  7.8000000e-01
 -5.3000000e-01 -3.4000000e-01  8.7000000e-01 -8.6000000e-01
  7.0000000e-01  5.8000000e-01  1.6000000e-01  3.1000000e-01
  8.7000000e-01 -1.6000000e-01 -2.7700000e-01 -6.5000000e-01
 -8.5000000e-01 -4.6000000e-01  7.3000000e-01  9.4000000e-01
 -6.5000000e-01  1.2000000e-01  8.6000000e-01  5.6000000e-01
  7.7000000e-01 -7.3000000e-01 -4.8000000e-01 -2.9000000e-01
 -1.6000000e-01  2.3000000e-01  5.9000000e-01  3.1000000e-01
 -6.0000000e-01  2.7000000e-01 -2.7000000e-01 -8.7000000e-01
 -9.3000000e-01  2.0000000e-02 -1.1480000e+00 -3.2000000e-01
  2.4000000e-01 -4.0000000e-02 -9.2000000e-01  6.0000000e-01
  4.2000000e-01 -4.1000000e-01 -1.7000000e-01 -6.0000000e-02
 -6.0000000e-02  6.8000000e-01  1.2000000e-01  5.9000000e-01
 -5.4000000e-01  3.0000000e-01  4.0000000e-02  2.0000000e-01
 -5.8000000e-01  7.7000000e-01 -1.8000000e-01 -1.8000000e-01
  4.6000000e-01 -4.4000000e-01 -3.2000000e-01  5.1000000e-01
  8.6000000e-01  9.0000000e-01  5.2000000e-01 -5.8000000e-01
  2.3000000e-01  7.1000000e-01 -5.0000000e-02  4.8000000e-01
  6.5000000e-01  9.5000000e-01 -3.6000000e-01  8.7000000e-01
  2.6000000e-01 -7.5000000e-01][-0.81  -0.83   0.53   0.73  -0.49   0.97   0.08   0.33  -0.96   0.78
 -0.04   0.55   0.25  -0.68   0.55   0.8   -0.53  -0.34   0.35  -0.86
  0.7    0.58   0.16   0.31   0.87  -0.16  -0.09  -0.65  -0.85  -0.46
  0.73   0.4   -0.65   0.12   0.86   0.56   0.77  -0.73  -0.48  -0.29
 -0.16  -0.3    1.13   0.31  -0.02   0.27  -0.27  -0.87  -0.93   0.02
 -0.66  -0.32   0.24  -0.04  -0.92   0.62   0.42   0.7    1.442 -0.06
 -0.65   0.68   0.12   0.59  -0.08   0.3    0.04   0.2   -0.58   0.77
  0.08  -0.18   0.46  -0.44  -0.32   0.51   0.86   0.9    0.52  -0.58
  0.14   0.71  -0.05   0.48   0.65   0.95  -0.36   0.87   0.26  -0.75 ][-0.81  -0.83   0.86   0.73  -0.49   0.97   0.08   0.33  -0.96   0.78
 -0.04   0.55   0.25  -0.68   0.55   0.8   -0.53   0.296  0.35  -0.86
  0.7    0.58   0.16   0.31   0.87  -0.16  -0.09  -0.65  -0.85  -0.46
  0.73   0.94  -0.65   0.12   0.86   0.56   0.77  -0.73  -0.48  -0.29
 -0.16   0.23   0.59   0.31  -0.02   0.27  -0.27   0.46  -0.93   0.02
 -0.66  -0.32   0.24  -0.04  -0.92   0.62   0.42  -0.41   1.442 -0.06
 -0.65   0.68   0.12   0.59  -0.08   0.3    0.04   0.2   -0.58   0.77
 -0.025 -0.18   0.46  -0.44  -0.32   0.51   0.86   0.18   0.52  -0.58
  0.14   0.71  -0.05   0.48   0.65   0.95  -0.36   0.87   0.26  -0.75 ][-0.81  -0.83   0.86   0.73  -0.49   0.97   0.08   0.33  -1.102  0.78
 -0.04   0.55   0.25  -0.68   0.55   0.8   -0.53   0.296  0.35  -0.86
  0.7    0.58   0.16   0.31   0.87  -0.16  -0.277 -0.65  -0.85  -0.46
  0.73   0.4   -0.65   0.12   0.86   0.56   0.77  -0.73  -0.48  -0.29
 -0.16   0.23   0.59   0.31  -0.6    0.27  -0.27   0.46  -0.93   0.02
 -0.66  -0.32   0.24  -0.04  -0.92   0.62   0.42  -0.41  -0.17  -0.06
 -1.29   0.68   0.12   0.59  -0.08   0.3    0.04   0.2    0.62   0.77
  0.08  -0.18   0.46  -0.44  -0.32   0.51   0.86   0.18   0.52  -0.58
  0.14   0.71  -0.05   0.48   0.65   0.95  -0.36   0.87   0.26  -0.75 ][-0.81  -0.83   0.86   0.73  -0.49   0.97   0.08   0.33  -0.96   0.78
 -0.04   0.55   0.25  -0.68   0.55   0.8   -0.53   0.296  0.35  -0.86
  0.7    0.58   0.16   0.31   0.87  -0.16  -0.09  -0.65  -0.85  -0.46
  0.73   0.94  -0.65   0.12   0.86   0.56   0.77  -0.73  -0.48  -0.29
 -0.16   0.23   0.59   0.31  -0.6    0.27  -0.27   0.46  -0.93   0.02
 -0.66  -0.32   0.24  -0.04  -0.92   0.62   0.42   0.7    1.442 -0.06
 -0.65   0.68   0.12   0.59  -0.08   0.3    0.04   0.2   -0.58   0.77
  0.08  -0.18   0.46  -0.44  -0.32   0.51   0.86   0.18   0.52  -0.58
  0.14   0.71  -0.05   0.48   0.351  0.95  -0.36   0.87   0.26  -0.75 ][-0.81  -0.83   0.86   0.73  -0.49   0.97   0.08   0.33  -0.96   0.921
 -0.04   0.55   0.25  -0.68   0.55   0.8   -0.53  -0.34   0.35  -0.86
  0.7    0.58   0.16   0.31   0.87  -0.16   0.97  -0.65  -0.85  -0.46
  0.73   0.4   -0.65   0.12   0.86   0.56   0.77  -0.73  -0.48  -0.29
 -0.16   0.23   0.59   0.31  -0.02   0.27  -0.27   0.46  -0.93   0.02
 -0.66  -0.32   0.24  -0.04  -0.92   0.62   0.42  -0.41   1.442 -0.06
 -1.29   0.68   0.12   0.59  -0.08   0.3    0.04   0.2    0.418  0.77
 -0.18  -0.18   0.46  -0.44  -0.32   0.51   0.86   0.9    0.52  -0.58
  0.14   0.71  -0.05   0.48   0.65   0.95  -0.36   0.87   0.26  -0.75 ][-0.81  -0.83   0.86   0.73  -0.49   0.97   0.08   0.33  -0.96   0.78
 -0.04   0.55   0.25  -0.68   0.55   0.8   -0.53   0.296  0.35  -0.86
  0.7    0.58   0.16   0.31   0.87  -0.16  -0.277 -0.65  -0.85  -0.46
  0.73   0.4   -0.65   0.12   0.86   0.56   0.77  -0.73  -0.48  -0.29
 -0.16   0.23   0.59   0.31  -0.6    0.27  -0.27   0.46  -0.93   0.02
 -0.66  -0.32   0.24  -0.04  -0.92   0.62   0.42   0.7    1.442 -0.06
 -0.65   0.68   0.12   0.59  -0.08   0.3    0.04   0.2    0.62   0.77
  0.08  -0.18   0.46   0.117 -0.32   0.51   0.86   0.18   0.52  -0.58
  0.14   0.71  -0.05   0.48   0.65   0.95  -0.36   0.87   0.26  -0.75 ][-0.81  -0.83   0.86   0.73  -0.49   0.97   0.08  -0.38  -0.96   0.78
  0.07   0.55   0.25  -0.68   0.55   0.8   -0.53  -0.34   0.87  -0.86
 -0.266  0.58   0.16   0.31   0.87  -0.16  -0.09  -0.65  -0.85  -0.46
  0.73   0.94  -0.65   0.12   0.86   0.419  0.77  -0.73  -0.48  -0.29
 -0.16   0.23   0.59   0.31  -0.6    0.27  -0.27   0.46  -0.93   0.02
 -0.66  -0.32   0.24  -0.04  -0.92   0.62   0.42   0.7    1.442 -0.06
 -0.65   0.68   0.12   0.59  -0.08   0.3    0.04   0.2    0.62   0.77
  0.08  -0.18   0.46  -0.44  -0.32   0.51   0.86   0.9    0.52  -0.58
  0.14   0.71  -0.05   0.48   0.65   0.95  -0.36   0.87   0.26  -0.75 ][-8.1000000e-01  3.2000000e-01  8.6000000e-01  7.3000000e-01
 -4.9000000e-01  9.7000000e-01  8.0000000e-02  3.3000000e-01
 -9.6000000e-01  7.8000000e-01 -4.0000000e-02  5.5000000e-01
  2.5000000e-01 -6.8000000e-01  5.5000000e-01  8.0000000e-01
 -5.3000000e-01  2.9600000e-01  3.5000000e-01 -8.6000000e-01
  7.0000000e-01  8.8817842e-16  1.6000000e-01  3.1000000e-01
  8.7000000e-01 -1.6000000e-01 -2.7700000e-01 -6.5000000e-01
 -8.5000000e-01 -4.6000000e-01  7.3000000e-01  4.0000000e-01
 -6.5000000e-01  1.2000000e-01  8.6000000e-01  5.6000000e-01
  7.7000000e-01 -7.3000000e-01 -4.8000000e-01 -2.9000000e-01
 -1.6000000e-01  2.3000000e-01  5.9000000e-01  3.1000000e-01
 -9.6900000e-01  2.7000000e-01 -2.7000000e-01  4.6000000e-01
 -9.3000000e-01  2.0000000e-02 -6.6000000e-01 -3.2000000e-01
  2.4000000e-01 -4.0000000e-02 -9.2000000e-01  6.2000000e-01
  4.2000000e-01 -4.1000000e-01  2.1980000e+00 -6.0000000e-02
 -1.2900000e+00  6.8000000e-01  1.2000000e-01  5.9000000e-01
 -8.0000000e-02  3.0000000e-01  4.0000000e-02  2.0000000e-01
  6.2000000e-01  7.7000000e-01  8.0000000e-02 -1.8000000e-01
  4.6000000e-01 -4.4000000e-01 -3.2000000e-01  5.1000000e-01
  8.6000000e-01  1.8000000e-01  5.2000000e-01 -5.8000000e-01
  1.4000000e-01  7.1000000e-01 -5.0000000e-02  4.8000000e-01
  6.5000000e-01  9.5000000e-01 -3.6000000e-01  8.7000000e-01
  2.6000000e-01 -7.5000000e-01][-8.1000000e-01 -8.3000000e-01  8.6000000e-01  7.3000000e-01
 -4.9000000e-01  9.7000000e-01  8.0000000e-02  3.3000000e-01
 -9.6000000e-01  7.8000000e-01 -4.0000000e-02  5.5000000e-01
  2.5000000e-01 -6.8000000e-01  5.5000000e-01  7.8000000e-01
 -5.3000000e-01 -3.4000000e-01  3.5000000e-01 -8.6000000e-01
  7.0000000e-01  8.8817842e-16  1.6000000e-01  3.1000000e-01
  8.7000000e-01 -1.6000000e-01 -9.0000000e-02 -6.5000000e-01
 -8.5000000e-01 -4.6000000e-01  7.3000000e-01  9.4000000e-01
 -6.5000000e-01  1.2000000e-01  8.6000000e-01  4.0700000e-01
  7.7000000e-01 -7.3000000e-01 -4.8000000e-01 -2.9000000e-01
 -1.6000000e-01  2.3000000e-01  5.9000000e-01  3.1000000e-01
 -2.0000000e-02  2.7000000e-01 -1.7400000e-01 -8.7000000e-01
 -9.3000000e-01  4.3000000e-01 -6.6000000e-01 -3.2000000e-01
  2.4000000e-01 -4.0000000e-02 -9.2000000e-01  6.0000000e-01
  4.2000000e-01  7.0000000e-01  1.4420000e+00 -6.0000000e-02
 -1.2900000e+00  6.8000000e-01  1.2000000e-01  5.9000000e-01
 -8.0000000e-02  3.0000000e-01  4.0000000e-02  2.0000000e-01
  6.2000000e-01  7.7000000e-01  8.0000000e-02 -1.8000000e-01
  4.6000000e-01 -4.4000000e-01 -3.2000000e-01  5.1000000e-01
  8.6000000e-01  9.0000000e-01  5.2000000e-01 -5.8000000e-01
  1.4000000e-01  7.1000000e-01 -5.0000000e-02  4.8000000e-01
  6.5000000e-01  9.5000000e-01 -3.6000000e-01  8.7000000e-01
  2.6000000e-01 -7.5000000e-01][-8.1000000e-01 -8.3000000e-01  8.6000000e-01  7.3000000e-01
 -4.9000000e-01  9.7000000e-01  8.0000000e-02  3.3000000e-01
 -9.6000000e-01  7.8000000e-01 -4.0000000e-02  5.5000000e-01
  2.5000000e-01 -6.8000000e-01  5.5000000e-01  7.8000000e-01
 -5.3000000e-01 -3.4000000e-01  3.5000000e-01 -8.6000000e-01
  7.0000000e-01  8.8817842e-16  1.6000000e-01  3.1000000e-01
  8.7000000e-01 -1.6000000e-01  9.7000000e-01 -6.5000000e-01
 -8.5000000e-01 -4.6000000e-01  7.3000000e-01  4.0000000e-01
 -6.5000000e-01  1.2000000e-01  8.6000000e-01  5.6000000e-01
  7.7000000e-01 -7.3000000e-01 -4.8000000e-01 -2.9000000e-01
 -1.6000000e-01  2.3000000e-01  5.9000000e-01  3.1000000e-01
 -2.0000000e-02  2.7000000e-01 -1.7400000e-01 -8.7000000e-01
 -9.3000000e-01  2.0000000e-02 -6.6000000e-01 -3.2000000e-01
  2.4000000e-01 -4.0000000e-02 -9.2000000e-01  6.0000000e-01
  4.2000000e-01  7.0000000e-01  1.4420000e+00 -6.0000000e-02
 -1.2900000e+00  6.8000000e-01  1.2000000e-01  5.9000000e-01
 -5.4000000e-01  3.0000000e-01  4.0000000e-02  2.0000000e-01
  6.2000000e-01  7.7000000e-01  8.0000000e-02 -1.8000000e-01
  4.6000000e-01 -4.4000000e-01 -3.2000000e-01  5.1000000e-01
  8.6000000e-01  9.0000000e-01  5.2000000e-01 -5.8000000e-01
  1.4000000e-01  7.1000000e-01 -5.0000000e-02  4.8000000e-01
  9.9100000e-01  9.5000000e-01 -3.6000000e-01  8.7000000e-01
  2.6000000e-01 -7.5000000e-01][-8.1000000e-01 -8.3000000e-01  5.3000000e-01  7.3000000e-01
 -4.9000000e-01  9.7000000e-01  8.0000000e-02  3.3000000e-01
  8.8817842e-16  7.8000000e-01 -4.0000000e-02  5.5000000e-01
 -2.0000000e-01 -6.8000000e-01  5.5000000e-01  7.8000000e-01
 -5.3000000e-01 -3.4000000e-01  3.5000000e-01 -1.8480000e+00
  7.0000000e-01  5.8000000e-01  1.6000000e-01  3.1000000e-01
  8.7000000e-01 -1.6000000e-01 -9.0000000e-02 -6.5000000e-01
  3.0000000e-02 -4.6000000e-01  7.3000000e-01  9.4000000e-01
  7.4000000e-01  1.2000000e-01  8.6000000e-01  5.6000000e-01
  7.7000000e-01  9.9000000e-01 -4.8000000e-01 -2.9000000e-01
 -1.6000000e-01  2.3000000e-01  5.9000000e-01  3.1000000e-01
 -6.0000000e-01  2.7000000e-01 -2.7000000e-01 -8.7000000e-01
 -9.3000000e-01  2.0000000e-02 -6.6000000e-01 -3.2000000e-01
  2.4000000e-01 -4.0000000e-02 -9.2000000e-01  6.2000000e-01
  4.2000000e-01  7.0000000e-01 -1.7000000e-01 -6.0000000e-02
 -6.5000000e-01  6.8000000e-01  1.2000000e-01  5.9000000e-01
 -5.4000000e-01  3.0000000e-01  4.0000000e-02  2.0000000e-01
  6.2000000e-01  7.7000000e-01  8.0000000e-02 -1.8000000e-01
  4.6000000e-01 -4.4000000e-01 -3.2000000e-01  5.1000000e-01
  8.6000000e-01  9.0000000e-01  5.2000000e-01 -5.8000000e-01
  1.4000000e-01  7.1000000e-01 -5.0000000e-02  4.8000000e-01
  6.5000000e-01  9.5000000e-01 -3.6000000e-01  8.7000000e-01
  2.6000000e-01 -2.1000000e-01][-0.81  -0.83   0.86   0.73  -0.49   0.97   0.08   0.33  -0.96   0.78
 -0.04   0.55   0.25  -0.68   0.55   0.8   -0.53   0.296  0.35  -0.86
  0.7    0.58   0.16   0.31   0.87  -0.16  -0.277 -0.65  -0.85  -0.46
  0.73   0.94  -0.65   0.12   0.86   0.56   0.77  -0.73  -0.48  -0.29
 -0.16   0.23   0.59   0.31  -0.6    0.27  -0.27   0.46  -0.93   0.02
 -0.66  -0.32   0.24  -0.04  -0.92   0.62   0.42   0.7    1.442 -0.06
 -0.65   0.68   0.12   0.59  -0.08   0.3    0.04   0.2    0.62   0.77
  0.08  -0.18   0.46  -0.44  -0.32   0.51   0.86   0.18   0.52  -0.58
  0.384  0.71  -0.05   0.48   0.65   0.95  -0.36   0.87   0.26  -0.75 ][-0.81  -0.83   0.86   0.73  -0.57   0.97   0.08  -0.38  -0.96   0.78
 -0.04   0.55  -0.2   -0.68   0.55   0.78  -0.53  -0.34   0.87  -0.86
  0.634  0.58   0.16   0.31   0.87   0.775  0.97  -0.65  -0.85  -0.46
  0.73   0.4   -0.65   0.12   0.86   0.56   0.77  -0.73  -0.48  -0.29
 -0.16   0.23   0.59   0.31  -0.02   0.27  -0.27   0.46  -0.93   0.02
 -0.66  -0.32   0.24  -0.04  -0.92   0.6    0.42   0.7   -0.17  -0.06
 -0.06   0.68   0.12   0.59  -0.54   0.3    0.04   0.2   -0.58   0.77
  0.08  -0.18   0.46  -0.44  -0.32   0.51   0.86   0.9    0.52  -0.7
  0.23   0.71  -0.05   0.48   0.65   0.95  -0.36   0.87   0.26  -0.75 ][-8.1000000e-01  3.2000000e-01  8.6000000e-01  7.3000000e-01
 -4.9000000e-01  9.7000000e-01  8.0000000e-02  3.3000000e-01
 -9.6000000e-01  7.8000000e-01 -4.0000000e-02  5.5000000e-01
  2.5000000e-01 -6.8000000e-01  5.5000000e-01  8.0000000e-01
 -5.3000000e-01  2.9600000e-01  3.5000000e-01 -8.6000000e-01
  7.0000000e-01  8.8817842e-16  1.6000000e-01  3.1000000e-01
  8.7000000e-01 -1.6000000e-01 -2.7700000e-01 -6.5000000e-01
 -8.5000000e-01 -4.6000000e-01  7.3000000e-01  4.0000000e-01
 -6.5000000e-01  1.2000000e-01  8.6000000e-01  5.6000000e-01
  7.7000000e-01 -7.3000000e-01 -4.8000000e-01 -2.9000000e-01
 -1.6000000e-01  2.3000000e-01  5.9000000e-01  3.1000000e-01
 -9.6900000e-01  2.7000000e-01 -2.7000000e-01  4.6000000e-01
 -1.2100000e-01  2.0000000e-02 -6.6000000e-01 -3.2000000e-01
  2.4000000e-01 -4.0000000e-02 -9.2000000e-01  6.2000000e-01
  4.2000000e-01 -4.1000000e-01 -1.7000000e-01 -6.0000000e-02
 -1.2900000e+00  6.8000000e-01  1.2000000e-01  5.9000000e-01
 -8.0000000e-02  3.0000000e-01  4.0000000e-02  2.0000000e-01
 -5.8000000e-01  7.7000000e-01  8.0000000e-02 -1.8000000e-01
  4.6000000e-01 -4.4000000e-01 -3.2000000e-01  5.1000000e-01
  8.6000000e-01  1.8000000e-01  5.2000000e-01 -5.8000000e-01
  1.4000000e-01  7.1000000e-01 -5.0000000e-02  4.8000000e-01
  6.5000000e-01  9.5000000e-01 -3.6000000e-01  8.7000000e-01
  2.6000000e-01 -7.5000000e-01][-0.81  -0.83   0.53   0.73  -0.49   0.97   0.08  -0.38  -0.96   0.78
  0.07   0.55   0.25  -0.68   0.55   0.78  -0.53  -0.245  0.35  -0.86
  0.7    0.58   0.16   0.31   0.87  -0.16   0.97  -0.65  -0.85  -0.46
  0.73   0.94  -0.65   0.12   0.86   0.56   0.77  -0.73  -0.48  -0.29
 -0.16   0.23   0.59   0.31  -0.6    0.27  -0.27  -0.87  -0.93   0.02
 -0.66  -0.32   0.24  -0.04  -0.92   0.6    0.42   0.7   -0.17  -0.06
 -0.65   0.68   0.12   0.59  -0.54   0.3    0.04   0.2    0.62   0.77
  0.08  -0.18   0.46  -0.44  -0.32   0.51   0.86   0.9    0.52  -0.58
  0.14   0.71  -0.05   0.48   0.65   0.95  -0.36   0.87   0.26  -0.75 ][-0.81  -0.83   0.86   0.73  -0.49   0.97   0.08   0.33  -0.96   0.78
 -0.04   0.55   0.25  -0.68   0.55   0.8   -0.53   0.296  0.35  -0.86
  0.7    0.58   0.16   0.31   0.87  -0.16  -0.277 -0.65  -0.85  -0.46
  0.73   0.94  -0.65   0.12   0.86   0.56   0.77  -0.73  -0.48  -0.29
 -0.16   0.23   0.59   0.31  -0.6    0.27  -0.27   0.46  -0.93   0.02
 -0.046 -0.32   0.24  -0.04  -0.92   0.62   0.42   0.7    1.442 -0.06
 -0.65   0.68   0.12   0.59  -0.08   0.3    0.04   0.2    0.62   0.77
 -0.18  -0.18   0.46  -0.44  -0.32   0.51   0.86   0.18   0.52  -0.58
  0.14   0.71  -0.05   0.48   0.65   0.95  -0.36   0.87   0.26  -0.75 ][-8.1000000e-01 -8.3000000e-01  5.3000000e-01  7.3000000e-01
 -5.7000000e-01  9.7000000e-01  8.0000000e-02 -3.8000000e-01
  8.8817842e-16  7.8000000e-01 -4.0000000e-02  5.5000000e-01
  2.5000000e-01 -6.8000000e-01  5.5000000e-01  7.8000000e-01
 -5.3000000e-01  2.9600000e-01  8.7000000e-01 -8.6000000e-01
  7.0000000e-01  5.8000000e-01  1.6000000e-01  3.1000000e-01
  8.7000000e-01 -1.6000000e-01  9.7000000e-01 -6.5000000e-01
 -8.5000000e-01 -4.6000000e-01  7.3000000e-01  4.0000000e-01
 -6.5000000e-01  1.2000000e-01  8.6000000e-01  5.6000000e-01
  7.7000000e-01 -7.3000000e-01 -4.8000000e-01 -2.9000000e-01
 -1.6000000e-01  2.3000000e-01  5.9000000e-01  3.1000000e-01
 -6.0000000e-01  2.7000000e-01 -2.7000000e-01 -8.7000000e-01
 -9.3000000e-01  2.0000000e-02 -6.6000000e-01 -3.2000000e-01
  2.4000000e-01 -4.0000000e-02 -9.2000000e-01  6.2000000e-01
  4.2000000e-01 -4.1000000e-01  1.4420000e+00 -6.0000000e-02
 -6.5000000e-01  6.8000000e-01  1.2000000e-01  5.9000000e-01
 -5.4000000e-01  3.0000000e-01  4.0000000e-02  2.0000000e-01
  6.2000000e-01  7.7000000e-01 -1.8000000e-01 -1.8000000e-01
  4.6000000e-01 -4.4000000e-01 -3.2000000e-01  5.1000000e-01
  8.6000000e-01  1.8000000e-01  5.2000000e-01 -5.8000000e-01
  2.3000000e-01  7.1000000e-01 -5.0000000e-02  4.8000000e-01
  8.2400000e-01  9.5000000e-01 -3.6000000e-01  8.7000000e-01
  2.6000000e-01 -7.5000000e-01][-0.81  -0.83   0.86   0.73  -0.49   0.97   0.08   0.33  -0.96   0.78
 -0.04   0.55   0.25  -0.68   0.55   0.8   -0.53   0.296  0.35  -0.86
  0.7    0.58   0.16   0.31   0.87  -0.16  -0.09  -0.65  -0.85  -0.46
  0.73   0.94  -0.65   0.12   0.86   0.56   0.77  -0.73  -0.48  -0.29
 -0.16  -0.3    0.59   0.31  -0.02   0.27  -0.27   0.46  -0.93   0.02
 -0.66  -0.32   0.24  -0.04  -0.92   0.62   0.42   0.7    1.442 -0.06
 -0.65   0.68   0.12   0.59  -0.08   0.3    0.04   0.2    0.62   0.77
 -0.18  -0.18   0.46  -0.44  -0.32   0.51   0.86   0.9    0.52  -0.58
  0.14   0.71  -0.05   0.48   0.65   0.95  -0.36   0.87  -0.727 -0.75 ]