[-0.81  -1.098  0.86   0.73  -0.57   0.97   0.08   0.312 -0.96   0.78
 -0.04   0.55   0.25  -0.68   0.55   0.225 -0.53  -0.34   0.35  -0.86
  0.7   -0.21   0.16   0.31   0.87  -0.16  -0.09  -0.65  -0.85  -0.46
  0.73   0.94  -0.65   0.12   0.86   0.126  0.77  -0.73  -0.48  -0.29
 -0.16   0.577  0.59   0.31  -0.6    0.27  -0.27   0.46  -0.93   0.02
 -0.66  -0.32  -0.253 -0.04  -0.92   0.6    0.42   0.7   -0.17  -0.06
 -0.06   0.68   0.12   0.59  -0.08   0.3    0.04   0.2   -0.58   0.77
  0.08  -0.18   0.46  -0.44  -0.32   0.51   0.86   0.9    0.52  -0.58
  0.23   0.71  -0.05   0.48   0.65   0.95  -0.36   0.87   0.26  -0.75 ][-0.81  -1.098  0.86   0.73  -0.57   0.97   0.08   0.33  -0.96   0.78
 -0.04   0.55   0.25  -0.68   0.55   0.78  -0.53  -0.422  0.87  -0.86
  0.476  0.58   0.16   0.31   0.87  -0.16  -0.09  -1.514 -0.85  -0.027
  0.73   0.94  -0.65   0.12   0.86   0.521  0.77  -0.73  -0.48  -0.29
 -0.16   0.577  0.59   0.31  -0.6    0.27  -0.27   0.46  -0.93   0.02
 -0.66  -0.32   0.24  -0.04  -0.92   0.6    0.42   0.7   -0.17  -0.06
 -0.747  0.68   0.12   0.59  -0.08   0.3    0.04   0.2    0.984  0.77
  0.08  -0.18   0.46  -0.44  -0.32   0.51   0.86   0.9    0.52  -0.7
  0.23   0.71  -0.05   0.48   0.65   0.95  -0.36   0.87   0.26  -0.75 ][-0.81  -1.098  0.86   0.73  -0.49   0.97   0.08   0.33  -0.96   0.78
 -0.04   0.55   0.25  -0.68   0.55   0.8   -0.53  -0.34   0.35  -0.86
  0.476  0.58   0.16   0.31   0.87  -0.16  -0.09  -0.65  -0.85  -0.027
  0.73   0.94  -0.65  -0.304  0.86   0.521  0.77  -0.73  -0.48  -0.29
 -0.16   0.23   0.59   0.31  -0.6    0.27  -0.27   0.46  -0.93   0.02
 -0.66  -0.32  -0.253 -0.04  -0.92   0.6    0.42   0.7   -0.17  -0.06
 -0.06   0.68   0.12   0.59  -0.08   0.3    0.04   0.2    0.984  0.77
  0.08  -0.18   0.46  -0.44  -0.32   0.51   0.86   0.9    0.52  -0.58
  0.23   0.71  -0.05   0.48   0.65   0.95  -0.36   0.87   0.26  -0.75 ][-0.81  -1.098  0.86   0.73  -0.57   0.97   0.08   0.33  -0.96   0.78
 -0.04   0.55   0.25  -0.68   0.55   0.225 -0.53  -0.34   0.35  -0.86
  0.7   -0.21   0.16   0.31   0.87  -0.16  -0.09  -1.541 -0.85  -0.46
  0.73   0.94  -0.65   0.12   0.86   0.56   0.77  -0.73  -0.48  -0.29
 -0.16   0.577  0.59   0.31  -0.6    0.27  -0.27   0.46  -0.93   0.02
 -0.66  -0.32   0.24  -0.04  -0.92   0.6    0.42   0.7   -0.17  -0.06
 -0.65   0.68   0.12   0.59  -0.08   0.3    0.04   0.2   -0.58   0.77
  0.08  -0.18   0.46  -0.44  -0.32   0.51   0.86   0.9    0.52  -0.58
  0.23   0.71  -0.05   0.48   0.65   0.95  -0.36   0.87   0.26  -0.75 ][-0.81  -1.098  1.787  0.73  -0.57   0.97   0.676  0.33  -0.96   0.78
 -0.04   0.55   0.25  -0.68   0.55   0.225 -0.53  -0.828  0.87  -0.86
  0.7   -0.21   0.16   0.31   0.87  -0.16  -0.09  -0.65  -0.85  -0.027
  0.73   0.94  -0.65   0.12   0.86   0.56   0.77  -0.599 -0.48  -0.29
 -0.16   0.577  0.59   0.31  -0.6    0.27  -0.27   0.46  -0.93   0.02
 -0.66  -0.32   0.24  -0.04  -0.92   0.6    0.42   0.7   -0.17  -0.06
 -0.65   0.68   0.12   0.59  -0.08   0.3    0.04   0.2   -0.58   0.77
  0.08  -0.18   0.46  -0.44  -0.32   0.51   0.86   0.9    0.52  -0.7
  0.23   0.71  -0.05   0.48   0.65   0.95  -0.36   0.87   0.26  -0.75 ][-0.81  -1.098  0.86   1.42  -0.57   0.97   0.08   0.33  -0.96   0.78
 -0.04   0.55   0.25  -0.68   0.55   0.78  -0.53  -0.828  0.35  -0.86
  0.7   -0.21   0.16   0.31   0.87  -0.16  -0.09  -0.65  -0.85  -0.46
  0.73   0.94  -0.65   0.12   0.86   0.56   0.77  -0.599 -0.48  -0.29
 -0.16   0.577  0.59   0.31  -0.6    0.27  -0.27   0.46  -0.93   0.02
 -0.66  -0.32   0.24  -0.04  -0.92   0.6    0.42   0.7   -0.17  -0.06
 -0.65   0.68   0.12   0.59  -0.08   0.3    0.04   0.2   -0.58   0.77
  0.08  -0.18   0.46  -0.44  -0.32   0.51   0.86   0.9    0.52  -0.58
  0.23   0.71  -0.05   0.48   0.65   0.95  -0.36   0.87   0.26  -0.75 ][-0.81  -1.098  0.86   0.73  -0.57   0.97   0.08   0.33  -0.96   0.78
 -0.04   0.55   0.25  -0.68   0.55   0.78  -0.53  -0.828  0.87  -0.86
  0.7    0.58   0.16   0.31   0.87  -0.16  -0.09  -0.65  -0.85  -0.46
  0.73   0.94  -0.65   0.12   0.86   0.126  0.77  -0.73  -0.48  -0.29
 -0.16   0.577  0.59   0.31  -0.6    0.27  -0.27   0.46  -0.93   0.02
 -0.66  -0.32   0.24  -0.04  -0.92   0.6    0.42   0.7   -0.17  -0.06
 -0.65   0.68   0.12   0.59  -0.08   0.3    0.04   0.2    0.62   0.77
  0.08  -0.18   0.46  -0.44  -0.32   0.51   0.86   0.9    0.52  -0.58
  0.23   0.71  -0.05   0.48   0.65   0.95  -0.36   0.87   0.26  -0.75 ][-0.81  -1.098  0.86   0.73  -0.57   1.602  0.08   0.33  -0.96   0.78
 -0.04   0.55   0.25  -0.68   0.55   0.225 -0.53  -0.828  0.87  -0.86
  0.476  0.58   0.16   0.31   0.102 -0.16  -0.09  -0.65  -0.85  -0.46
  0.73   0.94  -0.65   0.12   0.86   0.126  0.77  -0.73  -0.48  -0.29
 -0.16   0.23   0.59   0.31  -0.6    0.27  -0.27   0.46  -1.75   0.02
 -0.026 -0.32  -0.253 -0.04  -0.92   0.6    0.42   0.7   -0.17  -0.313
 -0.65   0.68   0.12   0.59  -0.08   0.3    0.04   0.2    0.62   0.77
  0.08  -0.18   0.46  -0.44  -0.32   0.51   0.86   0.9    0.52  -0.58
  0.14   0.71  -0.05   0.48   0.65   0.95  -0.36   0.87   0.26  -0.75 ][-0.81  -1.098  1.844  0.73  -0.57   0.97   0.08  -0.38  -1.709  0.78
 -0.04   0.55   0.25  -0.68   0.55   0.78  -0.53  -0.34   0.35  -0.86
  0.476  0.58   0.16   0.31   0.102 -0.16  -0.09  -1.514 -0.85  -0.46
  0.73   0.94  -0.65   0.12   0.86   0.521  0.77  -0.73  -0.48  -0.29
 -0.16   0.23   0.59   0.31  -0.6    0.27  -0.27   0.46  -1.75   0.02
 -0.66  -0.32   0.24  -0.04  -0.92   0.6    0.42   0.7   -0.17  -0.06
 -0.65   0.68   0.12   0.59  -0.08   0.3    0.04   0.2    0.62   0.77
  0.08  -0.18   0.46  -0.44  -0.32   0.51   0.86   0.9    0.52  -0.7
  0.23   0.71  -0.05   0.48   0.65   0.95  -0.36   0.87   0.26  -0.75 ][-0.81  -1.098  1.787  0.73  -0.57   0.97   0.08   0.33  -0.96   0.78
 -0.04   0.55   0.25  -0.68   0.55   0.78  -0.53  -0.828  0.87  -0.86
  0.7    0.58   0.16   0.31   0.87  -0.16  -0.09  -0.65  -0.85  -0.46
  0.73   0.94  -0.65   0.12   0.86   0.126  0.77  -0.73  -0.48  -0.29
 -0.16   0.577  0.59   0.31  -0.6    0.27  -0.27   0.46  -0.93   0.02
 -0.66  -0.32   0.24  -0.533 -1.022  0.6    0.42   0.7   -0.17  -0.06
 -0.65   0.68   0.12   0.59  -0.08   0.3    0.04   0.2   -0.58   0.77
  0.08  -0.18   0.46  -0.44  -0.32   0.51   0.86   0.9    0.52  -0.7
  0.23   0.71  -0.05   0.48   0.65   0.95  -0.36   0.87   0.26  -0.75 ][-0.81  -1.098  0.86   0.73  -0.57   0.97   0.08   0.33  -0.96   0.78
 -0.04   0.55   0.25  -0.68   0.55   0.8   -0.53  -0.422  0.87  -0.86
  0.476  0.58   0.16   0.31   0.87  -0.16  -0.09  -1.514 -0.98  -0.027
  0.73   0.94  -0.65   0.12   0.86   0.521  0.77  -0.73  -0.48  -0.29
 -0.16   0.577  0.59   0.31  -0.6    0.27  -0.27   0.46  -0.93   0.02
 -0.66  -0.32   0.24  -0.533 -0.92   0.6    0.42   0.7   -0.17  -0.06
 -0.65   0.68   0.12   0.59  -0.08   0.3    0.04   0.2    0.984  0.77
  0.08  -0.18   0.46  -0.44  -0.32   0.51   0.86   0.9    0.52  -0.7
  0.23   0.71  -0.05   0.48   0.65   0.95  -0.36   0.87   0.26  -0.75 ][-0.81  -1.098  0.86   0.73  -0.57   0.97   0.08   0.33  -0.96   0.78
 -0.04   0.55   0.25  -0.68   0.55   0.225 -0.53  -0.828  0.87  -0.86
  0.7    0.58   0.16   0.31   0.87  -0.16  -0.09  -0.65  -0.85  -0.46
  0.73   1.823 -0.65   0.12   0.86   0.126  0.77  -0.599 -0.48  -0.29
 -0.16   0.577  0.59   0.31  -0.6    0.27  -0.27   0.46  -0.93   0.02
 -0.66  -0.32   0.24  -0.04  -0.92   0.6    0.42   0.7   -0.17  -0.06
 -0.65   0.68   0.12   0.59  -0.08   0.3    0.04   0.2   -0.58   0.77
  0.08  -0.18   0.46  -0.44  -0.32   0.51   0.86   0.9    0.52  -0.7
  0.23   0.71  -0.05   0.48   0.65   0.95  -0.36   0.87   0.26  -0.75 ][-0.81  -1.098  0.86   0.73  -0.57   0.97   0.08  -0.38  -1.709  0.78
 -0.04   0.55   0.25  -0.68   0.55   0.78  -0.53  -0.34   0.87  -0.86
  0.476  0.58   0.16   0.31   0.102 -0.16  -0.09  -1.514 -0.85  -0.46
  0.73   0.94  -0.65   0.12   0.86   0.521  0.77  -0.73  -0.48  -0.29
 -0.16   0.23   0.59   0.31  -0.02   0.27  -0.27   0.46  -1.75   0.02
 -0.66  -0.32   0.24  -0.04  -0.92   0.6    0.42   0.7   -0.17  -0.06
 -0.65   0.68   0.12   0.59  -0.08   0.3    0.04   0.2    0.62   0.77
  0.08  -0.18   0.46  -0.44  -0.32   0.51   0.86   0.9    0.52  -0.7
  0.23   0.71  -0.05   0.48   0.65   0.95  -0.36   0.87   0.26  -0.75 ][-0.81  -1.098  0.86   0.73  -0.57   0.97   0.08  -0.38  -1.709  0.78
 -0.04   0.55   0.25  -0.68   0.55   0.86   0.392 -0.34   0.87  -0.86
  0.7    0.58   0.16   0.31   0.87  -0.16  -0.09  -0.65  -0.85  -0.46
  0.73   0.94  -0.65   0.12   0.86   0.126  0.77  -0.424 -0.48  -0.29
 -0.16   0.23   0.59   0.31  -0.6    0.27  -0.27   0.46  -0.93   0.02
 -0.66  -0.641 -0.253 -0.04  -0.92   0.6    0.42   0.7   -0.17  -0.06
 -0.06   0.68   0.12   0.59  -0.08   0.3    0.04   0.2    0.62   0.77
  0.08  -0.18   0.46  -0.44  -0.32   0.51   0.86   0.9    0.52  -0.7
  0.23   0.71  -0.05   0.48   0.65   0.95  -0.626  0.87   0.26  -0.75 ][-0.81  -1.098  1.787  0.73  -0.57   0.97   0.08   0.33  -1.709  0.78
 -0.04   0.55   0.25  -0.68   0.55   0.78  -0.53  -0.34   0.87  -0.86
  0.476 -0.21   0.16   0.31   0.102 -0.16  -0.09  -0.65  -0.85  -0.46
  0.73   0.94  -0.65   0.12   0.86   0.126  0.77  -0.73  -0.48  -0.29
 -0.16   0.23   0.59   0.31  -0.6    0.27  -0.27   0.46  -1.75   0.02
 -0.026 -0.801 -0.253 -0.04  -0.92   0.6    0.42   0.7   -0.17  -0.06
 -0.65   0.68   0.12   0.59  -0.08   0.3    0.04   0.2    0.62   0.77
  0.08  -0.18   0.46  -0.44  -0.32   0.51   0.86   0.9    0.52  -0.7
  0.23   0.71  -0.05   0.48   0.65   0.95  -0.36   0.87   0.26  -0.75 ][-0.81  -1.098  1.618  0.73  -0.57   0.97   0.08   0.33  -0.96   0.78
 -0.04   0.55   0.25  -0.68   0.55   0.225 -0.53  -0.34   0.35  -0.86
  0.7   -0.21   0.16   0.31   0.87  -0.16  -0.09  -0.65  -0.85  -0.46
  0.73   0.94  -0.65   0.12   0.86   0.56   0.77  -0.599 -0.48  -0.29
 -0.16   0.577  0.59   0.31  -0.6    0.27  -0.27   0.46  -0.93   0.02
 -0.66  -0.32   0.24  -0.04  -0.92   0.6    0.42   0.7   -0.17  -0.06
 -0.65   0.68   0.12   0.59  -0.08   0.3    0.04   0.2   -0.58   0.77
  0.08  -0.18   0.46  -0.44  -0.32   0.51   0.86   0.9    0.52  -0.7
  0.23   0.71  -0.05   0.48   0.65   0.95  -0.36   0.87   0.26  -0.75 ][-0.81  -1.098  0.86   0.73  -0.57   0.97   0.08  -0.234 -0.96   0.78
 -0.04   0.55   0.25  -0.68   0.55   0.78  -0.53  -0.422  0.87  -0.86
  0.476  0.58   0.16   0.31   0.87  -0.16  -0.09  -0.65  -0.85  -0.027
  0.73   0.94  -0.65   0.12   0.86   0.521  0.77  -0.982 -0.48  -0.29
 -0.16   0.577  0.59   0.31  -0.6    0.27  -0.27   0.46  -0.93   0.02
 -0.66  -0.32   0.24  -0.04  -0.92   0.6    0.42   0.7   -0.17  -0.06
 -0.747  0.68   0.12   0.59  -0.08   0.3    0.04   0.2    0.984  0.77
  0.08  -0.18   0.46  -0.44  -0.32   0.51   0.86   0.9    0.76  -0.7
  0.23   0.71  -0.05   0.48   0.65   0.95  -0.36   0.87   0.26  -0.75 ][-0.81  -1.098  0.86   0.73  -0.57   0.97   0.08   0.33  -0.96   0.78
 -0.04   0.55   0.25  -0.68   0.55   0.86  -0.53  -0.34   0.87  -0.86
  0.7   -0.21   0.16   0.31   0.87  -0.16  -0.09  -0.65  -0.85  -0.46
  0.73   0.94  -0.65   0.12   0.86   0.56   0.77  -0.73  -0.48  -0.29
 -0.16   0.23   0.59   0.31  -0.6    0.27  -0.27   0.46  -0.93   0.02
 -0.66  -0.32  -0.253 -0.04  -0.92   0.6    0.42   0.7   -0.17  -0.06
 -0.65   0.68   0.12   0.59   0.057  0.3    0.04   0.2    0.62   0.77
  0.08  -0.18   0.46  -0.44  -0.32   0.51   0.86   0.9    0.52  -0.58
  0.23   0.71  -0.05   0.48   0.65   0.95  -0.36   0.87   0.26  -0.75 ][-0.81  -1.098 -0.08   0.73  -0.57   0.97   0.08   0.33  -1.709  0.78
 -0.04   0.55   0.25  -0.68   0.55   0.225 -0.53  -0.34   0.87  -0.86
  0.476  0.58   0.16   0.31   0.102 -0.16  -0.09  -0.65  -0.85  -0.46
  0.73   0.94  -0.65   0.12   0.86   0.126  0.77  -0.73  -0.48  -0.29
 -0.16   0.23   0.59   0.31  -0.6    0.27  -0.27   0.46  -1.75   0.02
 -0.026 -0.32  -0.253 -0.04  -0.92   0.6    0.42   0.7   -0.17  -0.313
 -0.65   0.68   0.12   0.59  -0.08   0.3    0.04   0.2    0.62   0.77
  0.08  -0.18   0.46  -0.44  -0.32   0.51   0.86   0.9    0.52  -0.7
  0.23   0.71  -0.05   0.48   0.65   0.95  -0.36   0.87   0.26  -0.75 ][-0.81  -1.098  0.86   0.73  -0.57   0.97   0.08   0.33  -0.96   0.78
 -0.04   0.55   0.25  -0.68   0.55   0.225 -0.53  -0.34   0.87  -0.86
  0.7    0.58   0.16   0.31   0.87  -0.16  -0.09  -0.65  -0.85  -0.46
  0.73   0.94  -0.65   0.12   0.86   0.56   0.77  -0.73  -0.48  -0.29
 -0.16   0.577  0.59   0.31  -0.6    0.27  -0.27   0.46  -0.93   0.02
 -0.66  -0.32   0.24  -0.533 -0.92   0.6    0.42   0.7   -0.17  -0.06
 -0.65   0.68   0.12   0.59   0.312  0.3    0.73   0.2    0.62   0.77
  0.08  -0.18   0.46  -0.44  -0.32   0.51   0.86   0.9    0.52  -0.58
  0.23   0.71  -0.05   0.48   0.65   0.95  -0.36   0.87   0.26  -0.75 ][-0.81  -1.098  0.86   0.73  -0.57   0.97   0.08   0.33  -0.96   0.78
 -0.04   0.55   0.25  -1.577  0.55   0.78  -0.53  -0.422  0.87  -0.86
  0.7    0.58   0.16   0.31   0.87  -0.16  -0.09  -0.65  -0.85  -0.46
  0.73   0.94  -0.65   0.12   0.86   0.126  0.77  -0.982 -0.48  -0.29
 -0.16   0.577  0.59   0.31  -0.6    0.27  -0.27   0.46  -0.93   0.02
 -0.66  -0.32   0.24  -0.04  -0.92   0.6    0.42   0.7   -0.17  -0.06
 -0.65   0.68   0.12   0.59  -0.08   0.3    0.04   0.2    0.62   0.77
  0.08  -0.18   0.46  -0.44  -0.32   0.51   0.86   0.9    0.76  -0.58
  0.23   0.71  -0.05   0.48   0.65   0.95  -0.36   0.87   0.26  -0.75 ][-0.81  -1.098  1.787  0.73  -0.57   0.97   0.08   0.33  -0.96   0.78
 -0.04   0.55   0.25  -0.68   0.55   0.225 -0.53  -0.828  0.87  -0.86
  0.7    0.58   0.16   0.31   0.87  -0.16  -0.09  -0.65  -0.85  -0.327
  0.73   0.94  -0.65   0.12   0.86   0.126  0.77  -0.599 -0.48  -0.29
 -0.16   0.577  0.59   0.31  -0.6    0.27  -0.27   0.46  -0.93   0.02
 -0.66  -0.32   0.24  -0.04  -0.92   0.6    0.42   0.7   -0.17  -0.06
 -0.65   0.68   0.12   0.59  -0.08   0.3    0.04   0.2   -0.58   0.77
  0.08  -0.18   0.46  -0.44  -0.32   0.51   0.86   0.9    0.52  -0.7
  0.23   0.71  -0.05   0.48   0.65   0.95  -0.36   0.87   0.26  -0.75 ][-0.81  -1.098  0.86   0.73  -0.57   1.602  0.08   0.33  -0.96   0.78
 -0.04   0.55   0.25  -0.68   0.55   0.225 -0.53  -0.34   0.35  -0.86
  0.476  0.58   0.16   0.31   0.102 -0.16  -0.09  -0.65  -0.85  -0.027
  0.73   0.94  -0.65   0.12   0.86   0.126  0.77  -0.73  -0.48  -0.29
 -0.16   0.23   0.59   0.31  -0.6    0.27  -0.27   0.46  -1.75   0.02
 -0.026 -0.32  -0.253 -0.04  -0.92   0.6    0.42   0.7   -0.17  -0.313
 -0.06   0.68   0.12   0.59  -0.08   0.3    0.04   0.2    0.62   0.77
  0.08  -0.18   0.46  -0.44  -0.32   0.525  0.86   0.9    0.52  -0.58
  0.23   0.71  -0.05   0.48   0.65   0.95  -0.36   0.87   0.26  -0.75 ][-0.81  -1.098  1.787  0.73  -0.57   0.97   0.08   0.33  -0.96   0.78
 -0.04   0.55   0.25  -0.68   0.55   0.78  -0.53  -0.422  0.87  -0.86
  0.476  0.58   0.16   0.31   0.87  -0.16  -0.09  -0.65  -0.85  -0.027
  0.73   0.94  -0.65   0.12   0.86   0.126  0.77  -0.73  -0.48  -0.29
 -0.16   0.577  0.59   0.31  -0.6    0.27  -0.27   0.46  -0.93   0.02
 -0.66  -0.32   0.24  -0.533 -1.022  0.6    0.42   0.7   -0.17  -0.06
 -0.747  0.177  0.12   0.59  -0.08   0.3    0.04   0.2   -0.58   0.77
  0.08  -0.18   0.46  -0.44  -0.32   0.51   0.86   0.9    0.76  -0.7
  0.23   0.71  -0.05   0.48   0.65   0.95  -0.36   0.87   0.26  -0.75 ][-0.81  -1.098  0.86   0.73  -0.57   0.97   0.08   0.33  -0.96   0.78
 -0.04   0.55   0.25  -0.68   0.55   0.78  -0.53  -0.34   0.87  -0.86
  0.7    0.58   0.16   0.31   0.87  -0.16  -0.09  -0.65  -0.85  -0.46
  0.73   0.94  -0.65   0.12   0.86   0.56   0.77  -0.73  -0.072 -0.29
 -0.16   0.577  0.59   0.31  -0.6    0.27  -0.27   0.46  -0.93   0.02
 -0.66  -0.32   0.24  -0.04  -0.92   0.6    0.42   0.7   -0.17  -0.06
 -0.65   0.68   0.12   0.59  -0.08   0.3    0.04   0.2    0.62   0.77
  0.08  -0.18   0.46  -0.44  -0.32   0.51   0.86   0.9    0.52  -0.58
  0.23   0.71  -0.05   0.48   0.65   0.95  -0.36   0.87   0.26  -0.75 ][-0.81  -1.098  1.844  0.73  -0.57   0.97   0.08  -0.38  -1.709  0.78
 -0.04   0.55   0.25  -0.68   0.55   0.78  -0.53  -0.34   0.35  -0.86
  0.476  0.58   0.16   0.31   0.102 -0.16  -0.09  -1.514 -0.85  -0.46
  0.73   0.94  -0.65   0.12   0.86   0.126  0.77  -0.73  -1.051 -0.29
 -0.16   0.23   0.59   0.31  -0.6    0.27  -0.27   0.46  -1.75   0.02
 -0.66  -0.32  -0.253 -0.04  -0.92   0.6    0.42   0.7   -0.17  -0.313
 -0.65   0.68   0.12   0.59  -0.08   0.3    0.04   0.2    0.62   0.77
  0.08  -0.18   0.46  -0.44  -0.32   0.51   0.86   0.9    0.52  -0.7
  0.23   0.71  -0.05   0.48   0.65   0.95  -0.36   0.87   0.26  -0.75 ][-0.81  -1.098  1.787  0.73  -0.57   0.97   0.08  -0.38  -1.709  0.78
 -0.04   0.55   0.25  -0.68   0.55   0.78  -0.53  -0.34   0.35  -0.86
  0.476  0.58   0.16   0.31   0.102 -0.16  -0.09  -1.514 -0.85  -0.46
  0.73   0.94  -0.65   0.12   0.86   0.126  0.77  -0.73  -0.48  -0.29
 -0.16   0.23   0.59   0.31  -0.6    0.27  -0.27   0.46  -1.75   0.02
 -0.66  -0.32   0.24  -0.533 -1.022  0.6    0.42   0.7   -0.17  -0.06
 -0.65   0.68   0.12   0.59  -0.08   0.3    0.04   0.2    0.62   0.77
  0.08  -0.18   0.46  -0.44  -0.32   0.51   0.264  0.9    0.52  -0.7
  0.23   0.71  -0.05   0.48   0.65   0.95  -0.36   0.87   0.26  -0.75 ][-0.81  -1.098  0.86   0.73  -0.57   0.97   0.08   0.312 -0.96   0.78
 -0.04   0.55   0.25  -0.68   0.55   0.225 -0.53  -0.34   0.87  -0.86
  0.7    0.58   0.16   0.31   0.926 -0.16  -0.09  -0.65  -0.85  -0.46
  0.73   0.94  -0.65   0.12   0.86   0.56   0.77  -0.73  -0.48  -0.29
 -0.16   0.577  0.59   0.31  -0.6    0.27  -0.27   0.46  -0.93   0.02
 -0.66  -0.32   0.24  -0.533 -0.92   0.6    0.42   0.7   -0.17  -0.06
 -0.65   0.68   0.12   0.59   0.312  0.3    0.73   0.2    0.62   0.77
  0.08  -0.18   0.46  -0.44  -0.32   0.51   0.86   0.9    0.52  -0.58
  0.23   0.71  -0.05   0.48   0.65   0.95  -0.36   0.87   0.26  -0.75 ][-0.81  -1.098  0.86   0.73  -0.57   0.97   0.08   0.33  -0.96   0.78
 -0.04   0.55   0.25  -0.68   0.55   0.225 -0.53  -0.828  0.87  -0.7
  0.7    0.58   0.16   0.31   0.87  -0.16  -0.09  -0.65  -0.85  -0.46
  0.73   0.94  -0.65   0.12   0.86   0.56   0.77  -0.73  -0.48  -0.29
 -0.16   0.577  0.59   0.31  -0.6    0.27  -0.27   0.46  -0.93   0.02
 -0.66  -0.32   0.24  -0.04  -0.92   0.6    0.42   0.7   -0.17  -0.06
 -0.65   0.68   0.12   0.59   0.312  0.3    0.04   0.2   -0.58   0.77
  0.08  -0.18   0.46  -0.44  -0.32   0.51   0.86   0.9    0.52  -0.7
  0.23   0.71  -0.05   0.48   0.65   0.95  -0.36   0.87   0.26  -0.75 ][-0.81  -1.098  1.787  0.73  -0.57   0.97   0.08   0.33  -1.709  0.78
 -0.04   0.55   0.25  -0.68   0.55   0.78  -0.53  -0.34   0.35   0.104
  0.7    0.58   0.16   0.31   0.102 -0.16  -0.09  -1.514 -0.85  -0.46
  0.73   0.94  -0.65   0.12   0.86   0.126  0.77  -0.73  -0.48  -0.29
 -0.16   0.23   0.59   0.31  -0.6    0.27  -0.27   0.46  -1.75   0.02
 -0.66  -0.32   0.24  -0.04  -1.022  0.6    0.42   0.7   -0.17  -0.06
 -0.65   0.68   0.12   0.59  -0.08   0.3    0.04   0.2   -0.58   0.77
  0.08  -0.18   0.46  -0.44  -0.32   0.51   0.86   0.9    0.52  -0.7
  0.23   0.71  -0.05   0.48   0.65   0.95  -0.36   0.87   0.26  -0.75 ][-0.81  -1.098  0.86   0.73  -0.57   0.97   0.08   0.33  -0.96   0.78
 -0.04   0.55   0.25  -0.68   0.55   0.225 -0.53  -0.34   0.87  -0.86
  0.7    0.58   0.16   0.31   0.87  -0.16  -0.09  -0.65  -0.85  -0.46
  0.73   0.94  -0.65   0.12   0.86   0.126  0.77  -0.73  -0.48  -0.29
 -0.16   0.577  0.59   0.31  -0.6    0.331 -0.27   0.46  -0.93   0.02
 -0.66  -0.32   0.24  -0.533 -1.022  0.6    0.42   0.7   -0.17  -0.06
 -0.65   0.68   0.12   0.59   0.312  0.3    0.04   0.2    0.62   0.77
  0.08  -0.18   0.46  -0.44  -0.32   0.51   0.86   0.9    0.52  -0.7
  0.23   0.71  -0.05   0.48   0.65   0.95  -0.36   0.87   0.26  -0.75 ][-0.81  -1.098  0.86   0.73  -0.57   1.602  0.08   0.33  -0.96   0.78
 -0.04   0.55   0.333 -0.68   0.55   0.225 -0.53  -0.422  0.87  -0.86
  0.476  0.58   0.16   0.31   0.102 -0.16  -0.09  -1.514 -0.98  -0.46
  0.73   0.94  -0.65   0.12   0.86   0.521  0.77  -0.73  -0.48  -0.29
 -0.16   0.23   0.59   0.31  -0.6    0.27  -0.27   0.46  -0.93   0.02
 -0.026 -0.32  -0.253 -0.04  -0.92   0.6    0.42   0.7   -0.17  -0.06
 -0.65   0.68   0.12   0.59  -0.08   0.3    0.04   0.2    0.984  0.77
  0.08  -0.18   0.46  -0.44  -0.32   0.51   0.86   0.9    0.52  -0.58
  0.14   0.71  -0.05   0.48   0.65   0.95  -0.36   0.87   0.26  -0.75 ][-0.81  -1.098  0.86   0.73  -0.57   0.97   0.08   0.33  -1.709  0.78
 -0.04   0.55   0.25  -0.68   0.55   0.78  -0.53  -0.34   0.87  -0.86
  0.7    0.58   0.16   0.31   0.87  -0.16  -0.09  -0.65  -0.85  -0.46
  0.73   0.94  -0.65   0.12   0.86   0.126  0.77  -0.73  -0.48  -0.29
 -0.16   0.23   0.59   0.31  -0.6    0.27  -0.27   0.46  -0.807  0.02
 -0.026 -0.801 -0.253 -0.533 -0.92   0.6    0.42   0.7   -0.17  -0.06
 -0.65   0.68   0.12   0.59  -0.08   0.3    0.04   0.2    0.62   0.77
  0.08  -0.18   0.46  -0.44  -0.32   0.51   0.86   0.9    0.52  -0.58
  0.23   0.71  -0.05   0.48   0.65   0.95  -0.36   0.87   0.26  -0.75 ][-0.81  -1.098  0.86   0.73  -0.57   0.97   0.08   0.312 -0.96   0.78
 -0.04   0.55   0.25  -0.68   0.55   0.78  -0.53  -0.34   0.35  -0.86
  0.476 -0.21   0.16   0.31   0.87  -0.16  -0.09  -0.65  -0.85  -0.46
  0.73   0.94  -0.65   0.12   0.86   0.126  0.77  -0.73  -0.48  -0.29
 -0.16   0.577  0.59   0.31  -0.6    0.27  -0.27   0.46  -0.93   0.02
 -0.66  -0.32  -0.253 -0.04  -0.92   0.6    0.42   0.7   -0.17  -0.06
 -0.06   0.68   0.12   0.59  -0.08   0.3    0.04   0.2    0.984  0.77
  0.08  -0.18   0.46  -0.44  -0.32   0.51   0.86   0.9    0.52  -0.58
  0.23   0.71  -0.05   0.48   0.65   0.95  -0.766  0.87   0.26  -0.75 ][-0.81  -1.098  1.844  0.73  -0.57   0.97   0.08   0.33  -0.96   0.78
 -0.04   0.55   0.25  -0.68   0.55   0.78  -0.53  -0.34   0.35  -0.86
  0.7   -0.21   0.16   0.31   0.102 -0.16  -0.09  -1.514 -0.85  -0.46
  0.73   0.94  -0.65   0.12   0.86   0.521  0.77  -0.599 -0.48  -0.29
 -0.16   0.577  0.59   0.31  -0.6    0.27  -0.27   0.46  -1.75   0.02
 -0.66  -0.32   0.24  -0.04  -0.92   0.6    0.42   0.7   -0.508 -0.06
 -0.65   0.68   0.12   0.59  -0.08   0.3    0.04   0.2    0.62   0.77
  0.08  -0.18   0.46  -0.44  -0.32   0.51   0.86   0.9    0.52  -0.7
  0.23   0.71  -0.05   0.48   0.65   0.95  -0.36   0.87   0.26  -0.75 ][-0.81  -1.098  1.787  0.73  -0.57   0.97   0.08   0.33  -0.96   0.78
 -0.04   0.55   0.25  -0.68   0.55   0.225 -0.53  -0.828  0.87  -0.86
  0.7   -0.21   0.16   0.31   0.87  -0.16  -0.09  -0.65  -0.85  -0.027
  0.73   0.94  -0.65   0.12   0.86   0.126  0.77  -0.73  -0.48  -0.29
 -0.16  -0.103  0.59   0.31  -0.6    0.27  -0.27   0.46  -0.93   0.02
 -0.66  -0.32   0.24  -0.04  -1.022  0.6    0.42   0.7   -0.17  -0.06
 -0.65   0.68   0.12   0.59  -0.08   0.3    0.04   0.2   -0.58   0.77
  0.08  -0.18   0.46  -0.44  -0.32   0.51   0.86   0.9    0.52  -0.7
  0.23   0.71  -0.05   0.48   0.65   0.95  -0.36   0.87   0.26  -0.75 ][-0.81  -1.098  0.86   0.73  -0.57   0.97   0.08   0.33  -0.96   0.78
 -0.04   0.55   0.25  -0.68   0.55   0.225 -0.53  -0.828  0.87  -0.86
  0.7    0.58   0.16   0.31   0.87  -0.16  -0.09  -0.65  -0.85  -0.46
  0.73   0.94  -0.513  0.12   0.86   0.56   0.77  -0.73  -0.48  -0.29
 -0.16   0.577  0.59   0.31  -0.6    0.27  -0.27   0.46  -0.93   0.02
 -0.66  -0.32   0.24  -0.533 -0.92   0.6    0.42   0.7   -0.17  -0.06
 -0.65   0.68   0.12   0.59   0.312  0.3    0.73   0.2    0.62   0.77
  0.08  -0.18   0.46  -0.44  -0.32   0.51   0.86   0.9    0.52  -0.58
  0.23   0.71  -0.05   0.48   0.65   0.95  -0.36   0.87   0.26  -0.75 ][-0.81  -1.098  0.86   0.73  -0.57   0.97   0.08   0.33  -0.96   0.78
 -0.04   0.55   0.25  -0.68   0.55   0.225  0.707 -0.34   0.87  -0.86
  0.7    0.58   0.16   0.31   0.87  -0.16  -0.09  -0.65  -0.85  -0.46
  0.73   0.94  -0.65   0.12   0.86   0.56   0.77  -0.424 -0.48  -0.29
 -0.16   0.23   0.59   0.31  -0.6    0.27  -0.27   0.46  -0.93   0.02
 -0.66  -0.641 -0.253 -0.533 -0.92   0.6    0.42   0.7   -0.17  -0.06
 -0.06   0.68   0.12   0.59   0.312  0.3    0.73   0.2    0.62   0.77
  0.08  -0.18   0.46  -0.44  -0.32   0.51   0.86   0.9    0.52  -0.58
  0.23   0.71  -0.05   0.48   0.65   0.95  -0.626  0.87   0.26  -0.75 ][-0.81  -1.098  1.787  0.73  -0.57   0.97   0.676  0.33  -0.96   0.78
 -0.04   0.55   0.25  -0.68   0.55   0.225 -0.53  -0.34   0.87  -0.86
  0.7    0.58   0.16   0.31   0.87  -0.16  -0.09  -0.65  -0.85  -0.027
  0.73   0.94  -0.65   0.12   0.86   0.56   0.77  -0.599 -0.48  -0.29
 -0.16   0.577  0.59   0.31  -0.6    0.27  -0.27   0.46  -0.578  0.02
 -0.66  -0.32   0.24  -0.533 -0.92   0.6    0.42   0.7   -0.17  -0.06
 -0.65   0.68   0.12   0.59   0.312  0.3    0.73   0.2    0.62   0.77
  0.08  -0.18   0.46  -0.44  -0.32   0.51   0.86   0.9    0.52  -0.58
  0.23   0.71  -0.05   0.48   0.65   0.95  -0.36   0.87   0.26  -0.75 ][-0.81  -1.098  0.86   0.73  -0.57   0.97   0.08   0.33  -0.96   0.78
 -0.04   0.55   0.25  -0.68   0.55   0.8   -0.53  -0.34   0.87  -0.86
  0.476  0.58   0.16   0.31   0.87  -0.16  -0.09  -1.514 -0.344 -0.46
  0.73   0.94  -0.65   0.12   0.86   0.521  0.77  -0.73  -0.48  -0.29
 -0.16   0.577  0.59   0.31  -0.02   0.27  -0.27   0.46  -1.75   0.02
 -0.66  -0.32   0.24  -0.04  -0.92   0.6    0.42   0.7   -0.17  -0.06
 -0.65   0.68   0.12   0.59  -0.08   0.3    0.04   0.2    0.984  0.77
  0.08  -0.18   0.46  -0.44  -0.32   0.51   0.86   0.9    0.52  -0.7
  0.23   0.71  -0.05   0.48   0.65   0.95  -0.36   0.87   0.26  -0.75 ][-0.81  -1.098  1.844  0.73  -0.57   0.948  0.08  -0.38  -1.709  0.78
 -0.04   0.55   0.25  -0.68   0.55   0.78  -0.53  -0.34   0.35  -0.86
  0.476  0.58   0.16   0.31   0.102 -0.16  -0.09  -1.514 -0.85  -0.46
  0.73   0.94  -0.65   0.12   0.86   0.521  0.77  -0.73  -0.48  -0.29
 -0.16   0.23   0.59   0.31  -0.6    0.27  -0.27   0.46  -1.75   0.02
 -0.66  -0.32   0.24  -0.04  -0.92   0.6    0.42   0.7   -0.17  -0.06
 -0.65   0.68   0.12   0.59  -0.08   0.3    0.04   0.2    0.62   0.77
  0.08  -0.18   0.46  -0.44  -0.32   0.51   0.86   0.9    0.52  -0.7
  0.23   0.71  -0.05   0.48   0.65   0.95  -0.36   0.87   0.26  -0.75 ][-0.81  -1.098  0.86   1.42  -0.57   0.97   0.08   0.33  -0.96   0.78
 -0.04   0.55   0.25  -0.68   0.55   0.8   -0.53  -0.828  0.35  -0.86
  0.476  0.58   0.16   0.31   0.87  -0.16  -0.09  -0.65  -0.85  -0.46
  0.73   0.94  -0.65   0.12   0.86   0.521  0.77  -0.73  -0.48  -0.29
 -0.16   0.23   0.59   0.31  -0.6    0.27  -0.27   0.46  -0.93   0.02
 -0.66  -0.32  -0.253 -0.04  -0.92   0.6    0.42   0.7   -0.17  -0.06
 -0.06   0.68   0.12   0.59  -0.08   0.3    0.04   0.2   -0.58   0.77
  0.08  -0.18   0.46  -0.44  -0.32   0.51   0.86   0.9    0.52  -0.58
  0.23   1.491 -0.05   0.48   0.65   0.95  -0.36   0.87   0.26  -0.75 ][-0.81  -1.098  0.86   0.73  -0.57   0.97   0.08   0.33  -0.96   0.78
 -0.04   0.55   0.25  -0.68   0.55   0.78  -0.53  -0.34   0.87  -0.86
  0.7    0.58   0.16   0.31   1.023 -0.16  -0.09  -0.65  -0.85  -0.46
  0.73   0.94  -0.65   0.12   0.86   0.56   0.77  -0.73  -0.48  -0.29
 -0.16   0.577  0.59   0.31  -0.6    0.27  -0.27   0.46  -0.93   0.02
 -0.66  -0.32   0.24  -0.04  -0.92   0.6    0.42   0.7   -0.17  -0.06
 -0.65   0.68   0.12   0.59  -0.08   0.3    0.04   0.2    0.62   0.77
  0.08  -0.18   0.46  -0.44  -0.32   0.51   0.86   0.9    0.52  -0.58
  0.23   0.71  -0.05   0.48   0.65   0.95  -0.36   0.87   0.26  -0.75 ][-0.81  -1.098  1.787  0.73  -0.57   1.602  0.676  0.33  -0.96   0.78
 -0.04   0.55   0.25  -0.68   0.55   0.225 -0.53  -0.828  0.87  -0.86
  0.7   -0.21   0.16   0.31   0.87  -0.16  -0.09  -0.65  -1.18  -0.027
  0.73   0.94  -0.65   0.12   0.86   0.56   0.77  -0.599 -0.48  -0.29
 -0.16   0.577  0.59   0.31  -0.6    0.27  -0.27   0.46  -0.93   0.02
 -0.66  -0.32  -0.253 -0.04  -0.92   0.6    0.42   0.7   -0.17  -0.313
 -0.65   0.68   0.12   0.59  -0.08   0.3    0.04   0.2    0.62   0.77
  0.08  -0.18   0.46  -0.44  -0.32   0.51   0.86   0.9    0.52  -0.58
  0.14   0.71  -0.05   0.48   0.65   0.95  -0.36   0.87   0.26  -0.75 ][-0.81  -1.098  0.86   0.73  -0.57   0.97   0.562  0.33  -1.709  0.78
 -0.04   0.55   0.25  -0.68   0.55   0.225  0.392 -0.34   0.87  -0.86
  0.7    0.58   0.16   0.31   0.87  -0.16  -0.09  -0.65  -0.85  -0.46
  0.73   0.94  -0.65   0.12   0.86   0.56   0.77  -0.424 -0.48  -0.29
 -0.16   0.23   0.59   0.31  -0.6    0.27  -0.27   0.46  -0.93   0.02
 -0.66  -0.641 -0.253 -0.533 -0.92   0.6    0.42   0.7   -0.17  -0.06
 -0.06   0.68   0.12   0.59   0.312  0.3    0.04   0.2    0.62   0.77
  0.08  -0.18   0.46  -0.44  -0.32   0.51   0.86   0.9    0.52  -0.58
  0.23   0.71  -0.05   0.48   0.65   0.95  -0.36   0.87   0.26  -0.75 ][-0.81  -1.098  0.86   0.73  -0.57   0.97   0.08   0.33  -0.96   0.78
 -0.04   0.55   0.25  -0.68   0.55   0.225 -0.53  -0.34   0.87  -0.86
  0.476  0.58   0.16   0.31   0.87  -0.16  -0.09  -1.514 -0.85  -0.46
  0.73   0.94  -0.65   0.12   0.86   0.56   0.77  -0.73  -0.48  -0.29
 -0.16   0.577  0.59   0.31  -0.6    0.27  -0.27   0.46  -0.93   0.02
 -0.66  -0.32   0.24  -0.533 -0.92   0.6    0.42   0.7   -0.17  -0.06
 -0.65   0.68   0.12   0.59  -0.08   0.3    0.04   0.2    0.62   0.77
  0.08  -0.18   0.46  -0.44  -0.32   0.51   0.86   0.9    0.52  -0.7
  0.23   0.71  -0.05   0.48   0.65   0.95  -0.36   0.87   0.26  -0.397][-0.81  -1.098  0.86   2.121 -0.57   0.97   0.08   0.33  -0.96   0.78
 -0.04   0.55   0.25  -0.68   0.55   0.78  -0.53  -0.828  0.87  -0.86
  0.7    0.58   0.16   0.31   0.87  -0.16  -0.09  -0.65  -0.85  -0.46
  0.73   0.94  -0.65   0.12   0.86   0.126  0.77  -0.599 -0.48  -0.29
 -0.16   0.577  0.59   0.31  -0.6    0.27  -0.27   0.46  -0.93   0.02
 -0.66  -0.32   0.24  -0.04  -0.92   0.6    0.42   0.7   -0.17  -0.06
 -0.65   0.68   0.12   0.59  -0.08   0.3    0.04   0.2   -0.58   0.77
  0.08  -0.18   0.46  -0.44  -0.32   0.51   0.86   0.9    0.52  -0.58
  0.23   0.71  -0.05   0.48   0.65   0.95  -0.36   0.87   0.26  -0.75 ][-0.81  -1.098  0.86   0.73  -0.57   0.97   0.08   0.312 -0.96   0.78
 -0.04   0.55   0.25  -0.68   0.55   0.86  -0.53  -0.34   0.35  -0.86
  0.7    0.58   0.16   0.31   0.87   0.252 -0.09  -0.65  -0.85  -0.46
  0.73   0.94  -0.65   0.12   0.86   0.126  0.77  -0.73  -0.48  -0.29
 -0.16   0.577  0.59   0.31  -0.6    0.27  -0.27   0.46  -0.93   0.02
 -0.66  -0.641 -0.253 -0.04  -0.92   0.6    0.42   0.7   -0.17  -0.06
 -0.06   0.68   0.12   0.59  -0.08   0.3    0.04   0.2   -0.58   0.77
  0.08  -0.18   0.46  -0.44  -0.32   0.51   0.86   0.9    0.52  -0.7
  0.23   0.71  -0.05   0.48   0.65   0.95  -0.626  0.87   0.26  -0.75 ][-0.81  -1.098  0.86   0.73  -0.57   0.97   0.08   0.33  -0.96   0.78
 -0.04   0.55   0.25  -0.68   0.55   0.8   -0.53  -0.34   0.87  -0.86
  0.7    0.58   0.16   0.31   0.87  -0.16  -0.09  -0.65  -0.85  -0.027
  0.73   0.94  -0.65  -0.304  0.86   0.521  0.77  -0.73  -0.48  -0.29
 -0.16   0.23   0.01   0.31  -0.6    0.27  -0.27   0.46  -0.93   0.02
 -0.66  -0.32  -0.253 -0.04  -0.92   0.6    0.42   0.7   -0.17  -0.06
 -0.06   0.68   0.12   0.59  -0.08   0.3    0.73   0.2    0.62   0.77
  0.08  -0.18   0.46  -0.44  -0.32   0.51   0.86   0.9    0.52  -0.58
  0.23   0.71  -0.05   0.48   0.65   0.95  -0.36   0.87   0.26  -0.75 ][-0.81  -1.098  0.86   0.73  -0.57   0.97   0.08   0.33  -0.96   0.78
 -0.04   0.55   0.25  -0.68   0.55   1.183 -0.53  -0.34   0.87  -0.86
  0.7    0.58   0.16   0.31   0.87  -0.16  -0.09  -1.541 -0.85  -0.46
  0.73   0.94  -0.65   0.12   0.86   0.56   0.77  -0.73  -0.48  -0.29
 -0.16   0.577  0.59   0.31  -0.6    0.27  -0.27   0.46  -0.93   0.02
 -0.66  -0.32   0.24  -0.04  -0.92   0.6    0.42   0.7   -0.17  -0.06
 -0.65   0.68   0.12   0.59  -0.08   0.3    0.73   0.2   -0.58   0.77
  0.08  -0.18   0.46  -0.44  -0.32   0.51   0.86   0.9    0.52  -0.58
  0.23   0.71  -0.05   0.48   0.65   0.95  -0.36   0.87   0.26  -0.75 ][-0.81  -1.098  0.86   0.73  -0.57   0.97   0.08   0.33  -0.96   0.78
 -0.04   0.55   0.25  -0.68   0.55   0.78  -0.53  -0.422  0.87  -0.86
  0.7    0.58   0.16   0.31   0.87  -0.16  -0.09  -1.514 -0.85  -0.027
  0.73   0.94  -0.65   0.12   0.86   0.126  0.77  -0.73  -0.48   0.195
 -0.16   0.577  0.59   0.31  -0.6    0.27  -0.27   0.46  -0.93   0.02
 -0.66  -0.32   0.24  -0.04  -0.92   0.6    0.42   0.7   -0.17  -0.06
 -0.747  0.68   0.12   0.59  -0.08   0.3    0.04   0.2    0.984  0.77
  0.08  -0.18   0.46  -0.44  -0.32   0.51   0.86   0.9    0.52  -0.58
  0.23   0.71  -0.05   0.48   0.65   0.95  -0.36   0.87   0.26  -0.75 ][-0.81  -1.098  0.86   0.73  -0.57   0.97   0.08   0.33  -0.96   0.78
 -0.04   0.55   0.25  -0.68   0.55   0.225 -0.53  -0.422  0.87  -0.86
  0.476  0.58   0.16   0.31   0.87  -0.16  -0.09  -0.65  -0.85  -0.027
  0.73   0.94  -0.65   0.12   0.86   0.56   0.77  -0.73  -0.48  -0.29
 -0.16   0.577  0.59   0.31  -0.6    0.27  -0.27   0.46  -0.93   0.02
 -0.66  -0.32   0.24  -0.533 -0.92   0.6    0.42   0.7   -0.17  -0.06
 -0.747  0.68   0.12   0.59  -0.08   0.3    0.04   0.2    0.984  0.77
  0.08  -0.79   0.46  -0.44  -0.32   0.51   0.86   0.9    0.52  -0.58
  0.23   0.71  -0.05   0.48   0.65   0.95  -0.36   0.87   0.26  -0.75 ][-0.81  -1.098  0.86   1.42  -0.57   0.97   0.08   0.33  -0.96   0.78
 -0.04   0.55   0.25  -0.68   0.55   0.78  -0.53  -0.34   0.35  -0.86
  0.7   -0.21   0.16   0.31   0.87  -0.16  -0.09  -0.65  -0.85  -0.46
  0.73   0.94  -0.65  -0.304  0.86   0.521  0.77  -0.599 -0.48  -0.29
 -0.16   0.577  0.59   0.31  -0.6    0.27  -0.27   0.46  -0.93   0.02
 -0.66  -0.32  -0.689 -0.04  -0.92   0.6    0.42   0.7   -0.17  -0.06
 -0.06   0.68   0.12   0.59  -0.08   0.3    0.04   0.2   -0.58   0.77
  0.08  -0.18   0.46  -0.44  -0.32   0.51   0.86   0.9    0.52  -0.58
  0.23   0.71  -0.05   0.48   0.65   0.95  -0.36   0.87   0.26  -0.75 ][-0.81  -1.098  0.86   0.73  -0.57   0.97   0.08   0.312 -0.96   0.78
 -0.04   0.55   0.25  -0.68   0.55   0.78  -0.53  -0.828  0.87  -0.86
  0.7    0.58   0.16   0.31   0.87  -0.16  -0.09  -0.65  -0.85  -0.46
  0.73   0.94  -0.65   0.12   0.86   0.126  0.77  -0.73  -0.48  -0.29
 -0.16   0.577  0.59   0.31  -0.6    0.27  -0.27   0.46  -0.93   0.02
 -0.66  -0.32   0.24  -0.04  -0.92   0.6    0.42   0.7   -0.17  -0.06
 -0.06   0.68   0.12   0.59  -0.08   0.3    0.04   0.2    0.62   0.77
  0.08  -0.18   0.46  -0.44  -0.32   0.51   0.86   0.9    0.52  -0.58
  0.23   0.71  -0.05   0.48   0.078  0.95  -0.36   0.87   0.26  -0.75 ][-0.81  -1.098  0.86   0.73  -0.57   0.97   0.08   0.312 -0.96   0.78
 -0.04   0.55   0.25  -0.68   0.55   0.78  -0.53  -0.34   0.87  -0.86
  0.7   -0.21   0.16   0.31   0.102 -0.16  -0.09  -0.65  -0.85  -0.46
  0.73   0.94  -0.65   0.12   0.86   0.521  0.77  -0.73  -0.48  -0.29
 -0.16   0.23   0.59   0.31  -0.02   0.27  -0.27   0.46  -0.93   0.02
 -0.66  -0.32   0.24  -0.04  -0.92   0.6    0.42   0.7   -0.17  -0.673
 -0.65   0.68   0.12   0.59  -0.08   0.3    0.04   0.2   -0.58   0.77
  0.08  -0.18   0.46  -0.44  -0.32   0.51   0.86   0.9    0.52  -0.7
  0.23   0.71  -0.05   0.48   0.65   0.95  -0.36   0.87   0.26  -0.75 ][-0.81  -1.098  0.86   0.73  -0.937  0.97   0.08   0.312 -0.96   0.78
 -0.04   0.55   0.25  -0.68   0.55   0.225 -0.53  -0.422  0.35  -0.86
  0.476 -0.21   0.16   0.31   0.87  -0.16  -0.09  -0.65  -0.98  -0.46
  0.73   0.94  -0.65   0.12   0.86   0.521  0.77  -0.73  -0.48  -0.29
 -0.16   0.577  0.59   0.31  -0.6    0.27  -0.27   0.46  -0.93   0.02
 -0.66  -0.32  -0.253 -0.533 -0.92   0.6    0.42   0.7   -0.17  -0.06
 -0.65   0.68   0.12   0.59  -0.08   0.3    0.04   0.2   -0.58   0.77
  0.08  -0.18   0.46  -0.44  -0.32   0.51   0.86   0.9    0.52  -0.58
  0.23   0.71  -0.05   0.48   0.65   0.95  -0.36   0.87   0.26  -0.75 ][-0.81  -1.098  0.86   0.73  -0.57   0.97   0.08   0.33  -0.96   0.78
 -0.04   0.55   0.25  -0.68   0.55   0.225 -0.53  -0.34   0.87  -0.86
  0.7   -0.21   0.16   0.31   0.87  -0.16  -0.09  -1.541 -0.85  -0.46
  0.73   1.823 -0.65   0.12   0.86   0.126  0.77  -0.599 -0.48  -0.29
 -0.16   0.577  0.59   0.31  -0.6    0.27  -0.27   0.46  -0.93   0.02
 -0.139 -0.32   0.24  -0.04  -0.92   0.6    0.42   0.7   -0.17  -0.06
 -0.65   0.68   0.12   0.59  -0.08   0.3    0.04   0.2   -0.58   0.77
  0.08  -0.18   0.46  -0.44  -0.32   0.51   0.86   0.9    0.52  -0.7
  0.23   0.71  -0.05   0.48   0.65   0.95  -0.36   0.87   0.26  -0.75 ][-0.81  -1.098  0.86   0.73  -0.57   0.97   0.08   0.33  -0.96   0.78
 -0.04   0.55   0.25  -0.68   0.55   0.78  -0.53  -0.422  0.87  -0.86
  0.476  0.58   0.16   0.31   0.87  -0.16  -0.09  -0.65  -0.85  -0.46
  0.73   0.94  -0.65   0.12   0.86   0.521  0.77  -0.73  -0.48  -0.29
 -0.16   0.577  0.59   0.31  -0.6    0.27  -0.27   0.46  -0.93   0.02
 -0.66  -0.32   0.24  -0.04  -0.92   0.6    0.42   0.7   -0.17  -0.06
 -0.747  0.68   0.12   0.59  -0.08   0.3    0.04   0.2    0.62   0.77
  0.08  -0.18  -0.217 -0.44  -0.32   0.51   0.86   0.9    0.52  -0.7
  0.23   0.71  -0.05   0.48   0.65   0.95  -0.36   0.87   0.26  -0.75 ][-0.81  -1.098  0.86   0.73  -0.57   0.97   0.08  -0.38  -0.96   0.78
 -0.04   0.55   0.25  -0.68   0.55   0.225 -0.53  -0.34   0.87  -0.86
  0.476  0.58   0.16   0.31   0.102 -0.16  -0.09  -1.514 -0.85  -0.46
  0.73   0.94  -0.65   0.12   0.86   0.521  0.77  -0.73  -0.48  -0.29
 -0.16   0.23   0.59   0.31  -0.6    0.27  -0.27   0.46  -1.75   0.02
 -0.026 -0.32  -0.253 -0.04  -0.92   0.6    0.42   0.7   -0.17  -0.06
 -0.707  0.68   0.12   0.59  -0.08   0.3    0.04   0.2    0.62   0.77
  0.08  -0.18   0.46  -0.44  -0.32   0.51   0.86   0.9    0.52  -0.58
  0.14   0.71  -0.05   0.48   0.65   0.95  -0.36   0.87   0.26  -0.75 ][-0.81  -1.098  0.86   0.73  -0.57   0.97   0.08   0.33  -0.96   0.78
 -0.04   0.55   0.25  -0.68   0.55   0.225 -0.53  -0.34   0.87  -0.86
  0.7   -0.21   0.16   0.31   0.102 -0.861 -0.09  -0.65  -0.85  -0.46
  0.73   0.94  -0.65   0.12   0.86   0.126  0.77  -0.73  -0.48  -0.29
 -0.16   0.577  0.59   0.31  -0.6    0.27  -0.27   0.46  -0.93   0.02
 -0.026 -0.32  -0.253 -0.04  -0.92   0.6    0.42   0.7   -0.17  -0.06
 -0.06   0.68   0.12   0.59  -0.08   0.3    0.04   0.2    0.62   0.77
  0.08  -0.18   0.46  -0.44  -0.32   0.51   0.86   0.9    0.52  -0.7
  0.23   0.71  -0.05   0.48   0.65   0.95  -0.36   0.87   0.26  -0.75 ][-0.81  -1.098  0.86   0.73  -0.57   0.97   0.08   0.33  -0.96   0.78
 -0.04   0.55   0.25  -0.68   0.55   0.225 -0.53  -0.34   0.87  -0.86
  0.476  0.58   0.16   0.31   0.87  -0.16  -0.09  -0.65  -0.85  -0.027
  0.73   0.94  -0.65   0.12   0.86   0.521  0.77  -0.73  -0.48  -0.29
 -0.16   0.577  0.59   0.31  -0.6    0.27  -0.27   0.46  -0.93   0.02
 -0.66  -0.32   0.24  -0.04  -0.92   0.6    0.42   0.7   -0.17  -0.06
 -0.65   0.68   0.12   0.59  -0.08   0.3    0.04   0.2    0.62   0.77
  0.08  -0.18   0.46  -0.225 -0.32   0.51   0.86   0.9    0.52  -0.58
  0.23   0.71  -0.05   0.48   0.65   0.95  -0.36   0.87   0.26  -0.75 ][-0.81  -1.098  0.86   0.73  -0.57   0.97   0.08   0.33  -0.96   0.78
 -0.04   0.55   0.25  -0.68   0.55   0.225 -0.53  -0.422  0.35  -0.86
  0.7    0.58   0.16   0.31   0.87  -0.16  -0.09  -1.541 -0.85  -0.027
  0.73   0.94  -0.65   0.12   0.86   0.521  0.77  -0.73  -0.48  -0.29
 -0.16   0.577  0.59   0.31  -0.6    0.27  -0.27   0.46  -0.93   0.02
 -1.494 -0.32   0.24  -0.04  -0.92   0.6    0.42   0.7   -0.17  -0.06
 -0.747  0.68   0.12   0.59  -0.08   0.3    0.04   0.2   -0.58   0.77
  0.08  -0.18   0.46  -0.44  -0.32   0.51   0.86   0.9    0.52  -0.58
  0.23   0.71  -0.05   0.48   0.65   0.95  -0.36   0.87   0.26  -0.75 ][-0.81  -1.098  0.86   0.73  -0.57   0.97   0.08   0.33  -1.709  1.161
 -0.04   0.55   0.25  -0.68   0.55   0.78  -0.53  -0.828  0.87  -0.86
  0.476  0.58   0.16   0.31   0.102 -0.16  -0.09  -0.65  -0.85  -0.46
  0.73   0.94  -0.65   0.12   0.86   0.521  0.77  -0.73  -0.48  -0.29
 -0.16   0.23   0.59   0.31  -0.6    0.27  -0.27   0.46  -1.75   0.02
 -0.66  -0.32   0.24  -0.04  -0.92   0.6    0.42   0.7   -0.17  -0.06
 -0.65   0.68   0.12   0.59  -0.08   0.3    0.04   0.2    0.62   0.77
  0.08  -0.18   0.46  -0.44  -0.32   0.51   0.86   0.9    0.52  -0.58
  0.23   0.71  -0.05   0.48   0.65   0.95  -0.36   0.87   0.26  -0.75 ][-0.81  -1.098  0.86   0.73  -0.57   0.97   0.08   0.33  -0.96   0.78
 -0.04   0.55   0.25  -0.68   0.55   0.78  -0.53  -0.828  0.87  -0.86
  0.7    0.58   0.16   0.31   0.87  -0.16  -0.09  -0.65  -0.85  -0.46
  0.73   0.94  -0.65   0.12   0.86   0.56   0.77  -0.599 -0.48  -0.29
 -0.16   0.577  0.59   0.31  -0.6    0.27  -0.27   0.46  -0.93   0.02
 -0.66  -0.32   0.24  -0.533 -0.92   0.6    0.05   0.7   -0.17  -0.06
 -0.65   0.68   0.12   0.59  -0.08   0.3    0.04   0.2    0.62   0.77
  0.08  -0.18   0.46  -0.44  -0.32   0.51   0.86   0.9    0.52  -0.58
  0.23   0.71  -0.05   0.48   0.65   0.95  -0.36   0.87   0.26  -0.75 ][-0.81  -1.098  0.86   0.73  -0.57   0.97   0.08   0.33  -1.45   0.78
 -0.04   0.55   0.25  -0.68   0.55   0.225 -0.53  -0.34   0.35  -0.86
  0.7   -0.21   0.16   0.31   0.87  -0.16  -0.09  -0.65  -0.85  -0.46
  0.73   0.94  -0.65   0.12   0.86   0.56   0.77  -0.73  -0.48  -0.29
 -0.16   0.577  0.59   0.31  -0.6    0.27  -0.27   0.46  -0.93   0.02
 -0.66  -0.32   0.24  -0.04  -0.92   0.6    0.42   0.7   -0.17  -0.06
 -0.65   0.68   0.12   0.59   0.312  0.3    0.04   0.2    0.62   0.77
  0.08  -0.18   0.46  -0.44  -0.32   0.51   0.86   0.9    0.52  -0.58
  0.23   0.71  -0.05   0.48   0.65   0.95  -0.36   0.87   0.26  -0.75 ][-0.81  -1.098  0.86   0.73  -0.57   0.97   0.08   0.33  -0.96   0.78
 -0.04   0.55   0.25  -0.68   0.55   0.225 -0.53  -0.828  0.87  -0.86
  0.7   -0.21   0.16   0.31   0.87  -0.16  -0.09  -0.65  -0.85  -0.46
  0.73   0.94  -0.65   0.12   0.86   0.126  0.77  -0.73  -0.48  -0.29
 -0.16   0.577  0.59   0.31  -0.6    0.27  -0.27   0.46  -0.93   0.02
 -0.66  -0.32   0.24  -0.04  -0.92   0.6    0.42   0.7   -0.17  -0.06
 -0.65   0.68   0.12   1.559 -0.08   0.3    0.04   0.2   -0.58   0.77
  0.08  -0.18   0.46  -0.44  -0.32   0.51   0.86   0.9    0.52  -0.58
  0.23   0.71  -0.05   0.48   0.65   0.95  -0.36   0.87   0.26  -0.75 ][-0.81  -1.098  0.86   0.73  -0.57   0.97   0.08  -0.38  -1.709  0.78
 -0.04   0.55   0.25  -0.68   0.55   0.225 -0.53  -0.34   0.87  -0.86
  0.7    0.58   0.16   0.31   0.102 -0.16  -0.09  -1.514 -0.85  -0.46
  0.73   0.94  -0.65   0.12   0.86   0.521  0.77  -0.73  -0.48  -0.29
 -0.16   0.23   0.59   0.31  -0.6    0.27  -0.27   0.46  -0.971  0.02
 -0.66  -0.32   0.24  -0.04  -0.92   0.6    0.42   0.7   -0.17  -0.06
 -0.65   0.68   0.12   0.59   0.312  0.3    0.04   0.2    0.62   0.77
  0.08  -0.18   0.46  -0.44  -0.32   0.51   0.86   0.9    0.52  -0.7
  0.23   0.71  -0.05   0.48   0.65   0.95  -0.36   0.87   0.26  -0.75 ][-0.81  -1.098  1.844  0.73  -0.57   0.97   0.08  -0.38  -0.96   0.78
 -0.04   0.55   0.25  -0.68   0.55   0.225 -0.53  -0.34   0.35  -0.86
  0.7    0.58   0.16   0.31   0.87  -0.16  -0.09  -0.65  -0.85  -0.46
  0.73   0.94  -0.65   0.12   0.86   0.56   0.77  -0.73  -0.48  -0.29
 -0.16   0.23   0.59   0.31  -0.6    0.27  -0.27   0.46  -0.93   0.02
 -0.66   0.269  0.24  -0.04  -0.92   0.6    0.42   0.7   -0.17  -0.06
 -0.65   0.68   0.12   0.59  -0.08   0.3    0.73   0.2    0.62   0.77
  0.08  -0.18   0.46  -0.44  -0.32   0.51   0.86   0.9    0.52  -0.58
  0.23   0.71  -0.05   0.48   0.65   0.95  -0.36   0.87   0.26  -0.75 ][-0.81  -1.098  0.86   0.73  -0.57   0.97   0.08   1.273 -0.96   0.78
 -0.04   0.55   0.25  -0.68   0.55   0.225 -0.53  -0.34   0.35  -0.86
  0.7   -0.21   0.16   0.31   0.87  -0.16  -0.09  -0.65  -0.85  -0.46
  0.73   0.94  -0.65   0.12   0.86   0.56   0.77  -0.73  -0.48  -0.29
 -0.16   0.577  0.59   0.31  -0.6    0.27  -0.27   0.46  -0.93   0.02
 -0.66  -0.32   0.24  -0.04  -0.92   0.6    0.42   0.7   -0.17  -0.06
 -0.06   0.68   0.12   0.59  -0.08   0.3    0.04   0.2   -0.58   0.77
  0.08  -0.18   0.46  -0.44  -0.32   0.51   0.86   0.9    0.52  -0.58
  0.23   0.71  -0.05   0.48   0.65   0.95  -0.36   0.87   0.26  -0.75 ][-0.81  -1.098  0.86   0.73  -0.57   0.97   0.08   0.33  -0.96   0.78
 -0.04   0.55   0.25  -0.68   0.55   0.78  -0.53  -0.828  0.35  -0.86
  0.7    0.58   0.16   0.31   0.87  -0.16  -0.09  -0.65  -0.85  -0.46
  0.73   0.94  -0.65   0.12   0.86   0.56   0.77  -0.73  -0.48  -0.29
 -0.16   0.577  0.59   0.31  -0.6    0.27  -0.27   0.46  -0.93   0.02
 -0.66  -0.32   0.24  -0.04  -0.92   0.6    0.42   0.7   -0.17  -0.06
 -0.65   0.84   0.12   0.59   0.312  0.3    0.04   0.2   -0.58   0.77
  0.08  -0.18   0.46  -0.44  -0.32   0.51   0.86   0.9    0.52  -0.58
  0.23   0.71  -0.05   0.48   0.65   0.95  -0.36   0.87   0.26  -0.75 ][-0.81  -1.098  0.86   0.73  -0.57   0.97   0.08   0.33  -0.96   0.78
 -0.04   0.55   0.25  -0.68   0.55   0.225 -0.53  -0.34   0.87  -0.86
  0.476 -0.21   0.16   0.31   0.87  -0.16  -0.09  -0.65  -0.85  -0.46
  0.73   0.94  -0.65   0.12   0.86   0.56   0.77  -0.73  -0.48  -0.29
 -0.16   0.23   0.59   0.31  -0.6    0.27  -0.27   0.46  -0.93   0.02
 -0.026 -0.32   0.24  -0.04  -0.92   0.6    0.42   0.7   -0.17  -0.313
 -0.65   0.68   0.12   0.59  -0.08   0.3    0.04   0.2   -0.58   0.77
  0.08  -0.18   0.46  -0.44  -0.32   0.51   0.86   0.9    0.52  -0.7
  0.648  0.71  -0.05   0.48   0.65   0.95  -0.36   0.87   0.26  -0.75 ][-0.81  -1.098  1.787  0.73  -0.57   0.97   0.676  0.33  -0.96   0.78
 -0.04   0.55   0.25  -0.68   0.55   0.225 -0.53  -0.828  0.87  -0.86
  0.7    0.58   0.16   0.31   0.87  -0.16  -0.09  -0.65  -0.85  -0.027
  0.73   0.94  -0.65   0.12   0.86   0.126  0.77  -0.73  -0.48  -0.29
 -0.16   0.577  0.59   0.31  -0.6    0.27  -0.27   0.46  -0.93   0.02
 -0.66  -0.32   0.24  -0.04  -0.92   0.6    0.42   0.7   -0.17  -0.06
 -0.65   0.68   0.12   0.59  -0.08   0.3    0.04   0.2    0.62   0.77
  0.08  -0.18   0.46  -0.44  -0.32   0.51   0.86   0.9    0.52  -0.7
  0.23   0.71  -0.05   0.48   0.65   0.95  -0.36   0.87  -0.69  -0.75 ][-0.81  -1.098  0.86   0.73  -0.49   0.97   0.08   0.33  -0.96   0.78
 -0.04   0.55   0.25  -0.68   0.55   0.225 -0.53  -0.34   0.35  -0.86
  0.476  0.58   0.16   0.31   0.87  -0.16  -0.09  -0.65  -0.85  -0.46
  0.73   0.94  -0.65  -0.304  0.86   0.521  0.77  -0.73  -0.48  -0.29
 -0.16   0.577  0.59   0.31  -0.6    0.27  -0.27   0.46  -0.93   0.02
 -1.249 -0.32  -0.253 -0.04  -0.92   0.6    0.42   0.7   -0.17  -0.06
 -0.06   0.68   0.12   0.59  -0.08   0.3    0.04   0.2    0.984  0.77
  0.08  -0.18   0.46  -0.44  -0.32   0.51   0.86   0.9    0.52  -0.58
  0.23   0.71  -0.05   0.48   0.65   0.95  -0.36   0.87   0.26  -0.75 ][-0.81  -1.098  0.86   0.73  -0.57   0.97   0.08   0.33  -0.96   0.78
 -0.04   0.55   0.25  -0.68   0.55   0.8   -0.53  -0.34   0.35  -0.86
  0.476 -0.21   0.16   0.31   0.87  -0.16  -0.09  -0.65  -0.85  -0.46
  0.73   0.94  -0.65   0.12   0.86   0.126  0.77  -0.73  -0.48  -0.29
 -0.16   0.23   0.59   0.31  -0.6    0.27  -0.27   0.46  -0.93   0.02
 -0.66  -0.32  -0.253 -0.04  -0.92   0.6    0.42   0.7   -0.17  -0.06
 -0.06   0.68   0.12   0.59  -0.08   0.3    0.04   0.138  0.984  0.77
  0.08  -0.18   0.46  -0.44  -0.32   0.51   0.86   0.9    0.52  -0.58
  0.23   0.71  -0.05   0.48   0.65   0.95  -0.36   0.87   0.26  -0.75 ][-0.81  -1.098  0.86   0.73  -0.49   0.97   0.08   0.33  -0.96   0.78
 -0.04   0.55   0.25  -0.68   0.55   0.225 -0.53  -0.34   0.35  -0.86
  0.7    0.58   0.16   0.31   0.87  -0.16  -0.09  -0.65  -0.85  -0.46
  0.73   0.94  -0.65   0.12   0.86   0.56   0.77  -0.73  -0.48  -0.29
 -0.16   0.23   0.59   0.31  -0.6    0.27  -0.27   0.46  -0.93   0.76
 -0.66  -0.32   0.24  -0.04  -0.92   0.6    0.42   0.7   -0.17  -0.06
 -0.06   0.68   0.12   0.59   0.312  0.3    0.04   0.2    0.62   0.77
  0.08  -0.18   0.46  -0.44  -0.32   0.51   0.86   0.9    0.52  -0.58
  0.23   0.71  -0.05   0.48   0.65   0.95  -0.36   0.87   0.26  -0.75 ]