[-0.81  -1.098  1.787  0.73  -1.501  0.97   0.08   0.33  -0.96   1.073
 -0.04   0.55   0.25  -1.219  0.659  0.225 -0.53  -0.828  0.87  -0.86
  0.476  1.291  0.16   0.31   0.87  -0.276 -0.09  -0.65  -0.85  -0.46
  0.73   1.823 -0.65   0.12   0.869  0.126  0.77  -0.599 -0.48  -0.29
 -0.16   0.577  0.59  -0.024 -0.962  0.27  -0.27  -0.287 -1.75   0.02
 -0.66  -0.32   0.24  -0.533 -0.92   0.6    0.42   0.7   -0.17  -0.06
 -0.65   0.68   0.12   0.063 -0.08   0.3    0.04   0.2   -0.58   0.77
  0.08  -0.18   0.46  -0.44  -0.32   0.51   0.86   0.9    0.52  -0.58
  0.23   0.71  -0.05   0.48   0.65   0.95  -0.36   0.87   0.26  -0.664][-0.81  -1.098  1.787  0.73  -0.57   0.97   0.08   0.33  -0.96   0.78
 -0.04   0.55   0.25  -1.219  0.659  0.225 -0.53  -0.828  0.87  -0.86
  0.7    0.58   0.16   0.31   0.87  -0.276 -0.705 -0.65  -0.503 -0.46
  0.73   1.823 -0.65   0.12   0.86   0.126  0.77  -0.599 -0.48  -0.29
 -0.82   0.577  0.791  0.8   -0.6    0.27  -0.27  -0.287 -1.75   0.02
 -0.66  -0.32   0.24  -0.533 -0.92   0.6    0.42   0.7   -0.17  -0.06
 -0.65   0.68   0.12   0.59  -0.08   0.3    0.04   0.2   -0.58   0.77
  0.08  -0.18   0.46  -0.44  -0.32   0.51   0.86   0.9    0.52  -0.58
  0.23   0.71  -0.05   0.48   0.65   0.95  -0.36   0.87   0.26  -0.664][-0.81  -1.098  1.787  0.73  -0.57   0.97  -0.267  0.33  -0.96   0.78
 -0.04   0.55   0.25  -1.219  0.659  0.225 -0.53  -0.828  1.385 -0.86
  0.7    0.58   0.16   0.31   0.87  -0.276 -0.09  -0.65  -0.503 -0.46
  0.73   1.823 -0.65   0.12   0.86   0.126  0.77  -0.599 -0.48  -0.29
 -0.16   0.577  0.791  0.31  -0.6    0.27  -0.27  -0.287 -1.75   0.02
 -0.66  -0.32   0.24  -0.533 -0.92   0.6    0.42   0.7   -0.17  -0.06
 -0.65   0.68   0.12   0.59  -0.08   0.3    0.04   0.2   -0.58   0.77
  0.08  -0.18   0.46  -0.44  -0.32   0.51   0.86   0.9    0.52  -0.58
  0.23   0.71  -0.05   0.48   0.65   0.95  -0.36   0.87   0.26  -0.664][-0.81  -1.098  0.86   0.73  -0.57   0.97   0.08   0.07  -0.96   0.78
 -0.04   0.55   0.25  -0.68   0.659  0.225 -0.53  -0.828  0.87  -0.86
  0.476  0.58   0.16   0.31   0.87  -0.276 -0.489 -0.65  -0.85  -0.46
  0.73   0.94  -0.65   0.12   0.86   0.126  0.77  -0.599 -0.48  -0.29
 -0.16   0.577  0.59   0.31  -0.246  0.27  -0.27   0.46  -1.75   0.02
 -0.66  -0.32   0.139 -0.533 -0.92   0.6    0.42   0.7   -0.17  -0.06
 -0.65   0.68   0.12   0.59  -0.103  0.3    0.04   0.2   -0.58   0.77
  0.08  -0.18   0.46  -0.44  -0.32   0.51   0.86   0.9    0.52  -0.58
  0.23   0.71  -0.05   0.48   0.65   0.95  -0.36   0.87   0.26  -0.664][-0.81  -0.268  1.787  0.73  -0.57   0.97   0.08   0.33  -0.96   0.78
 -0.04   0.55   0.25  -1.219  0.659  0.225 -0.53  -0.828  1.385 -0.86
  0.7    0.58   0.16   0.31   0.87  -0.276 -0.489  0.096 -0.395 -0.46
  0.73   0.94  -0.65   0.12   0.86   0.126  0.77  -0.599 -0.48  -0.29
 -0.16   0.577  0.791 -0.024 -0.962  0.27  -0.27   0.46  -1.75   0.02
 -0.66  -0.32   0.24  -0.04  -0.92   0.6    0.42   0.7   -0.17  -0.06
 -0.65   0.68   0.12   0.59  -0.08   0.3    0.04   0.2   -0.58   0.77
  0.08  -0.18   0.46  -0.44  -0.32   0.51   0.86   0.9    0.52  -0.58
  0.23   0.71  -0.05   0.48   0.65   0.95  -0.36   0.87   0.26  -0.75 ][-0.81  -1.098  1.787  0.73  -0.57   0.97   0.08   0.07  -1.932  0.78
 -0.04   0.55   0.25  -1.219  0.659  0.225 -0.53  -0.828  1.385 -0.86
  0.7    0.58   0.16   0.31   0.87  -0.16  -0.09  -0.65  -0.85  -0.46
  0.73   1.823 -0.65   0.12   0.86   0.126  0.77  -0.599 -0.48  -0.29
 -0.16   0.577  0.59   0.31  -0.246  0.27  -0.27  -0.287 -1.75   0.02
 -0.66  -0.32   0.24  -0.533 -0.92   0.6    0.42   0.7   -0.17  -0.06
 -0.65   0.68   0.12   0.59  -0.08   0.3    0.04   0.2    0.518  0.77
  0.08  -0.18   0.46  -0.44  -0.32   0.51   0.86   1.069  0.52  -0.58
  0.23   0.71  -0.05   0.48   0.65   0.95  -0.36   0.87   0.26  -0.664][-0.81  -1.098  1.787  0.73  -1.501  0.97   0.08   0.33  -0.96   1.073
 -0.04   0.55   0.25  -1.219  0.659  0.225 -0.53  -0.828  0.87  -0.86
  0.476  0.58   0.16   0.31   0.87  -0.16  -0.09  -0.65  -0.85  -0.46
  0.73   0.94  -0.65   0.12   0.869  0.126  0.77  -0.599 -0.48  -0.29
 -0.16   0.577  0.59   0.31  -0.962  0.27  -0.27  -0.287 -1.75   0.701
 -0.66  -0.32   0.24  -0.533 -0.92   0.6    0.42   0.7   -0.17  -0.06
 -0.65   0.68   0.12   0.59  -0.08   0.3    0.04   0.2   -0.58   0.77
  0.08  -0.18   0.46  -0.44  -0.32   0.51   0.86   0.9    0.52  -0.58
  0.23   0.71  -0.033  0.48   0.65   0.95  -0.36   0.87   0.26  -0.75 ][-0.81  -1.098  1.787  0.73  -0.57   0.97   0.08   0.33  -0.96   0.78
 -0.04   0.55   0.25  -1.219  0.659  0.225 -0.53  -0.828  1.385 -0.86
  0.7    0.58   0.16   0.31   0.87  -0.16  -0.09  -0.65  -0.85  -0.46
  0.73   1.823 -0.65   0.12   0.86   0.126  0.77  -0.599 -0.48  -0.29
 -0.16   0.577  0.791  0.31  -0.962  0.27  -0.27  -0.287 -1.75   0.02
 -0.66  -0.32   0.24  -0.533 -0.92   0.6    0.42   0.7   -0.17  -0.06
 -0.728  0.68   0.12   0.59  -0.08   0.3    0.04   0.2   -0.58   0.77
  0.08  -0.18   0.46  -0.44  -0.32   0.51   0.86   1.069  0.52  -0.58
  0.463  0.71  -0.05   0.48   0.65   0.95  -0.36   0.87   0.26  -0.75 ][-0.81  -1.079  1.787  0.73  -0.57   0.97   0.08   0.33  -0.96   0.78
 -0.04   0.55   0.25  -0.68   0.659  0.225 -0.53  -0.828  1.385 -0.86
  0.7    0.58   0.16   0.31   0.033 -0.16  -0.489 -0.65  -0.121 -0.46
  0.73   1.823 -0.65   0.12   0.86   0.126  0.77  -0.599 -0.48  -0.29
 -0.16   0.577  0.791  0.31  -0.962  0.27  -0.27  -0.287 -1.75   0.02
 -0.66  -0.32   0.24  -0.533 -0.92   0.6    0.42   0.7   -0.17  -0.06
 -0.728  0.68   0.12   0.59  -0.08   0.3    0.04   0.2   -0.58   0.77
  0.08  -0.18   0.46  -0.44  -0.32   0.51   0.86   0.9    0.52  -0.58
  0.23   0.71  -0.05   0.48   0.65   0.95  -0.36   0.87   0.26  -0.75 ][-0.81  -1.098  0.86   0.73  -0.57   0.97   0.08   0.33  -0.96   0.173
 -0.04   0.55   0.25  -0.68   0.659  0.225 -0.53  -0.828  0.87  -0.86
  0.476  1.291  0.16   0.31   0.87  -0.276 -0.09  -0.65  -0.85  -0.46
  0.73   0.94  -0.65   0.12   0.86   0.126  0.77  -0.599 -0.48  -0.29
 -0.16   0.577  0.59  -0.024 -0.246  0.27  -0.27   0.46  -1.75   0.02
 -0.66  -0.32   0.24  -0.533 -0.92   0.6    0.42   0.7   -0.17  -0.06
 -0.65   0.68   0.12   0.59  -0.103  0.3    0.04   0.2   -0.58   0.77
  0.08  -0.18   0.46  -0.44  -0.32   0.51   0.86   0.9    0.52  -0.58
  0.23   0.71  -0.05   0.48   0.65   0.95  -0.36   0.87   0.26  -0.664][-0.81  -1.098  1.787  0.73  -0.57   0.97   0.08   0.07  -0.96   0.78
 -0.04   0.55   0.25  -0.68   0.659  0.225 -0.53  -0.828  0.87  -0.86
  0.476  0.58   0.16   0.31   0.87  -0.576 -0.489 -0.65  -0.85  -0.46
  0.73   1.823 -0.65   0.12   0.86   0.126  0.77  -0.599 -0.48  -0.29
 -0.16   0.577  0.59   0.31  -0.246  0.27  -0.27  -0.287 -1.75   0.02
 -0.66  -0.32   0.139 -0.533 -0.92   0.6    0.42   0.7   -0.17  -0.06
 -0.65   0.68   0.12   0.59  -0.08   0.3    0.04   0.2   -0.58   0.77
  0.08  -0.18   0.46  -0.44  -0.32   0.51   0.86   0.9    0.52  -0.58
  0.23   0.71  -0.05   0.48   0.65   0.95  -0.36   0.87   0.26  -0.664][-0.81  -1.098  1.787  0.73  -0.57   0.97  -0.449  0.33  -0.96   0.78
 -0.04   0.55   0.25  -1.219  0.659  0.225 -0.53  -0.828  1.385 -0.86
  0.7    1.291  0.16   0.31   0.258 -0.276 -0.09  -0.65  -0.85  -0.46
  0.73   0.94  -0.65   0.12   0.86   0.126  0.77  -0.599 -0.48  -0.29
 -0.16   0.577  0.59  -0.024 -0.835  0.27  -0.27   0.46  -1.75   0.02
 -0.66  -0.32   0.24  -0.04  -0.92   0.6    0.42   0.7   -0.17  -0.06
 -0.65   0.68   0.12   0.59  -0.103  0.3    0.04   0.2   -0.58   0.77
  0.08  -0.18   0.46  -0.44  -0.32   0.51   0.86   0.9    0.52  -0.58
  0.23   0.71   0.006  0.48   0.65   0.95  -0.36   0.87   0.26  -0.664][-0.81  -1.079  1.787  0.73  -0.57   0.97   0.08   0.07  -0.96   0.78
 -0.04   0.55   0.25  -0.68   0.659  0.225 -0.53  -0.828  0.87  -0.86
  0.7    0.58   0.16   0.31   0.87  -0.276 -0.489 -0.65  -0.121 -0.46
  0.73   0.94  -0.65   0.12   0.86   0.126  0.77  -0.599 -0.48  -0.29
 -0.16   0.577  0.791  0.31  -0.962  0.27  -0.27   0.46  -1.75   0.02
 -0.66  -0.32   0.24  -0.04  -0.92   0.6    0.42   1.023 -0.17  -0.06
 -0.65   0.68   0.12   0.59  -0.103  0.3    0.04   0.2   -0.58   0.77
  0.08  -0.18   0.46  -0.44  -0.32   0.51   0.86   0.9    0.52  -0.58
  0.23   0.71  -0.05   0.48   0.65   0.95  -0.36   0.87   0.26  -0.664][-0.81  -1.098  1.787  0.73  -1.501  0.97   0.08   0.33  -0.96   1.073
 -0.04   0.55   0.25  -1.219  0.659  0.333 -0.53  -0.828  0.87  -0.86
  0.476  1.291  0.16   0.31   0.87  -0.16  -0.09  -0.65  -0.85  -0.46
  0.73   1.823 -0.65   0.12   0.86   0.126  0.77  -0.599 -0.48  -0.29
 -0.16   0.577  0.59  -0.024 -0.962  0.27  -0.27  -0.287 -1.75   0.701
 -0.66  -0.32   0.24  -0.533 -0.92   0.6    0.42   0.7   -0.17  -0.06
 -0.65   0.68   0.12   0.59  -0.103  0.3    0.04   0.2   -0.58   0.77
  0.08  -0.18   0.46  -0.44  -0.32   0.51   0.86   0.9    0.52  -0.58
  0.23   0.71  -0.05   0.48   0.65   0.95  -0.36   0.87   0.26  -0.75 ][-0.81  -1.098  2.766  0.73  -0.57   0.97   0.08   0.33  -0.96   0.78
 -0.04   0.55   0.25  -1.219  0.659  0.225 -0.53  -0.828  1.385 -0.86
  0.7    1.077  0.16   0.31   0.87  -0.276 -0.09  -0.65  -0.85  -0.46
  0.73   1.823 -0.65   0.12   0.86   0.126  0.77  -0.599 -0.48  -0.29
 -0.82   0.577  0.59   0.31  -0.962  0.27  -0.27   0.018 -1.462  0.02
 -0.66  -0.32   0.24  -0.533 -0.92   0.6    0.42   0.7   -0.17  -0.06
 -0.65   0.68   0.12   0.59  -0.08   0.3    0.04   0.2   -0.58   0.77
  0.08  -0.18   0.46  -0.44  -0.32   0.51   0.86   0.9    0.52  -0.58
  0.463  0.71  -0.05   0.48   0.65   0.95  -0.36   0.87   0.26  -0.75 ][-0.81  -1.098  1.787  0.73  -0.57   0.97   0.08   0.33  -0.96   0.78
 -0.04   0.55   0.25  -0.68   0.659  0.315 -0.53  -0.828  1.385 -0.86
  0.7    0.58   0.16   0.31   0.87  -0.16  -0.09  -0.65  -0.503 -0.46
  0.73   1.823 -0.65   0.12   0.746  0.126  0.77  -0.599 -0.48  -0.29
 -0.16   0.577  0.791  0.31  -0.962  0.27  -0.27   0.46  -1.75  -0.168
 -0.66  -0.32   0.139 -0.533 -0.92   0.6    0.42   0.7   -0.17  -0.06
 -0.728  0.68   0.12   0.59  -0.103  0.3    0.04   0.2   -0.664  0.77
  0.08  -0.18   0.46  -0.44  -0.32   0.51   0.86   1.069  0.52  -0.58
  0.23   0.71  -0.05   0.48   0.65   0.95  -0.36   0.87   0.26  -0.664][-0.81  -1.098  1.787  0.73  -0.57   0.97   0.08   0.33  -0.96   0.78
 -0.04   0.55   0.25  -1.219  0.659  0.225 -0.53  -0.828  1.385 -0.86
  0.7    0.58   0.16   0.31   0.87  -0.16  -0.09  -0.65  -0.503 -0.46
  0.73   1.823 -0.65   0.12   0.266  0.126  0.77  -1.192 -0.48  -0.29
 -0.16   0.577  0.59   0.31  -0.962  0.27  -0.27  -0.287 -1.75   0.02
 -0.66  -0.32   0.24  -0.533 -0.92   0.6    0.42   0.7   -0.17  -0.06
 -0.728  0.68   0.12   0.59  -0.103  0.3    0.04   0.2   -0.58   0.77
  0.08  -0.18   0.46  -0.44  -0.32   0.51   0.86   0.9    0.52  -0.58
  0.463  0.71  -0.05   0.48   0.65   0.95  -0.36   0.87   0.26  -0.75 ][-0.81  -1.098  0.86   0.73  -0.57   0.97  -0.267  0.33  -0.96   1.073
 -0.04   0.55   0.25  -1.219  0.659  0.225 -0.53  -0.828  0.87  -0.86
  0.7    0.58   0.16   0.31   0.87  -0.16  -0.09  -0.65  -0.85  -0.46
  0.73   0.94  -0.65   0.12   0.869  0.126  0.77  -0.599 -0.48  -0.29
 -0.636  0.577  0.59   0.31  -0.6    0.27  -0.27  -0.287 -1.75   0.701
 -0.66  -0.32   0.24  -0.533 -0.92   0.6    0.42   0.7   -0.17  -0.06
 -0.65   0.68   0.12   0.59  -0.08   0.3    0.04   0.2   -0.58   0.77
  0.08  -0.18   0.46  -0.44  -0.32   0.51   0.86   0.9    0.52  -0.58
  0.23   0.71  -0.05   0.48   0.65   0.95  -0.36   0.87   0.26  -0.75 ][-0.81  -1.098  1.787  0.73  -0.57   0.97   0.08   0.33  -0.96   1.073
 -0.04   0.55   0.006 -1.219  0.659  0.225 -0.53  -0.828  0.87  -0.86
  0.476  0.58   0.16   0.31   0.87  -0.276 -0.09  -0.65  -0.85  -0.46
  0.73   0.94  -0.65   0.12   0.86   0.126  0.77  -0.599 -0.48  -0.29
 -0.16   0.577  0.791  0.31  -0.962  0.27  -0.27  -0.287 -1.75   0.701
 -0.66  -0.32   0.24  -0.533 -0.92   0.6    0.42   0.7   -0.17  -0.06
 -0.65   0.68   0.12   0.59  -0.103  0.3    0.04   0.2   -0.58   0.77
  0.08  -0.18   0.46  -0.44  -0.32   0.51   0.86   0.9    0.52  -0.58
  0.23   0.71   0.006  0.48   0.65   0.95  -0.36   0.87   0.26  -0.664][-0.81  -1.098  2.766  0.73  -0.57   0.97  -0.449  0.33  -0.96   0.78
 -0.04   0.55   0.25  -1.219  0.659  0.225 -0.53  -0.828  0.87  -0.86
  0.7    1.077  0.16   0.31   0.87  -0.276 -0.09  -0.65  -0.85  -0.46
  0.73   1.823 -0.65   0.12   0.86   0.126  0.77  -0.599 -0.48  -0.29
 -0.82   0.577  0.59  -0.024 -0.962  0.27  -0.27   0.46  -1.462  0.02
 -0.66  -0.32   0.24  -0.533 -0.92   0.6    0.42   0.7   -0.17  -0.06
 -0.65   1.373  0.12   0.59  -0.08   0.3    0.04   0.2   -0.58   0.77
  0.08  -0.18   0.46  -0.44  -0.32   0.51   0.86   0.9    0.52  -0.58
  0.23   0.71  -0.05   0.48   0.65   0.95  -0.36   0.87   0.26  -0.75 ][-0.81  -1.098  1.787  0.73  -1.501  0.97   0.08   0.33  -0.96   0.78
 -0.04   0.55   0.25  -1.219  0.659  0.225 -0.53  -0.828  0.87  -0.86
  0.476  0.58   0.16   0.31   0.87  -0.276 -0.09  -0.65  -0.503 -0.46
  0.73   1.823 -0.65   0.12   0.869  0.126  0.77  -0.599 -0.48  -0.29
 -0.16   0.577  0.59   0.31  -0.696  0.27  -0.27  -0.287 -1.75   0.02
 -0.66  -0.32   0.24  -0.533 -0.92   0.6    0.42   0.7   -0.17  -0.06
 -0.65   0.68   0.12   0.063 -0.08   0.3    0.04   0.2   -0.58   0.77
  0.08  -0.18   0.46  -0.44  -0.32   0.51   0.86   0.9    0.52  -0.58
  0.23   0.71  -0.05   0.48   0.65   0.95  -0.36   0.87   0.26  -0.664][-0.81  -1.098  2.766  0.73  -0.57   0.97   0.08   0.33  -0.96   0.78
 -0.04   0.55   0.25  -0.68   0.659  0.225 -0.53  -0.828  1.385 -0.86
  0.7    1.077  0.16   0.31   0.87  -0.276 -0.09  -0.65  -0.85  -0.46
  0.73   1.823 -0.65   0.12   0.86   0.126  0.77  -0.599 -0.48  -0.29
 -0.16   0.577  0.59  -0.024 -0.246  0.27  -0.27   0.018 -1.462  0.02
 -0.66  -0.32   0.24  -0.533 -0.92   0.6    0.42   1.417 -0.17  -0.06
 -0.65   0.68   0.12   0.59  -0.103  0.3    0.04   0.2   -0.58   0.77
  0.08  -0.18   0.46  -0.44  -0.32   0.51   0.86   0.9    0.52  -0.58
  0.463  0.71  -0.05   0.48   0.65   0.95  -0.36   0.87   0.26  -0.75 ][-0.81  -0.268  1.787  0.73  -1.501  0.97   0.08   0.33  -0.96   0.78
 -0.04   0.55   0.25  -1.219  0.659  0.225 -0.53  -0.828  0.87  -0.86
  0.7    0.58   0.16   0.31   0.87  -0.276 -0.09  -0.65  -0.395 -0.46
  0.73   0.94  -0.65   0.128  0.86   0.126  0.77  -0.599 -0.48  -0.29
 -0.16   0.577  0.59  -0.024 -0.962  0.27  -0.27  -0.287 -1.75   0.02
 -0.66  -0.32   0.24  -0.04  -0.92   0.6    0.42   0.7   -0.17  -0.06
 -0.65   0.68   0.12   0.59  -0.08   0.3    0.04   0.2   -0.58   0.77
  0.08  -0.18   0.46  -0.44  -0.32   0.51   0.86   0.9    0.52  -0.58
  0.23   0.71  -0.05   0.48   0.65   0.95  -0.36   0.87   0.26  -0.75 ][-0.81  -1.098  0.86   0.73  -0.57   0.97  -0.267  0.33  -0.96   0.173
 -0.04   0.55   0.25  -1.219  0.659  0.225 -0.53  -0.828  1.385 -0.86
  0.7    0.58   0.16   0.31   0.87  -0.276 -0.09  -0.65  -0.85  -0.46
  0.73   0.94  -0.65   0.12   0.86   0.126  0.77  -0.599 -0.48  -0.29
 -0.16   0.577  0.59   0.31  -0.6    0.27  -0.27  -0.287 -1.75   0.02
 -0.66  -0.32   0.24  -0.533 -0.92   0.6    0.42   0.7   -0.17  -0.06
 -0.65   0.68   0.12   0.59  -0.103  0.3    0.04   0.2   -0.58   0.77
  0.08  -0.18   0.46  -0.44  -0.32   0.51   1.404  0.9    0.52  -0.58
  0.23   0.71  -0.05   0.48   0.65   0.95  -0.36   0.87   0.26  -0.664][-0.81  -1.079  1.787  0.73  -0.57   0.97   0.08   0.33  -0.96   0.78
 -0.04   0.55   0.25  -0.68   0.659  0.225 -0.53  -0.828  1.385 -0.86
  0.7    0.58   0.16   0.31   0.033 -0.16  -0.09  -0.65  -0.503 -0.46
  0.73   1.823 -0.65   0.12   0.266  0.126  0.77  -1.192 -0.48  -0.29
 -0.16   0.577  0.59   0.31  -0.962  0.27  -0.27  -0.287 -1.75   0.02
 -0.66  -0.32   0.24  -0.533 -0.92   0.6    0.42   0.7   -0.17  -0.06
 -0.728  0.68   0.12   0.59  -0.103  0.948  0.04   0.2   -0.58   0.77
  0.08  -0.18   0.46  -0.44  -0.32   0.51   0.86   0.9    0.52  -0.58
  0.23   0.71  -0.05   0.48   0.65   0.95  -0.36   0.87   0.26  -0.75 ][-0.81  -1.098  0.86   0.73  -0.57   0.97   0.08   0.33  -0.96   0.173
 -0.04   0.55   0.25  -0.68   0.659  0.225 -0.53  -0.828  1.385 -0.86
  0.7    0.58   0.16   0.31   0.87  -0.276 -0.09  -0.65  -0.85  -0.46
  0.73   0.94  -0.65   0.704  0.86   0.126  0.77  -0.599 -0.48  -0.29
 -0.16   0.577  0.791 -0.024 -0.246  0.27  -0.27   0.46  -1.75   0.02
 -0.66  -0.32   0.24  -0.533 -0.92   0.6    0.42   0.7   -0.17  -0.06
 -0.728  0.68   0.12   0.59  -0.103  0.3    0.04   0.2   -0.58   0.77
  0.08  -0.18   0.46  -0.44  -0.32   0.51   0.86   0.9    0.52  -0.58
  0.463  0.71  -0.05   0.48   0.65   0.95  -0.36   0.87   0.26  -0.664][-0.81  -1.098  0.86   0.73  -1.501  0.97   0.08   0.07  -0.96   0.78
 -0.04   0.55   0.25  -1.219  0.659  0.225 -0.53  -0.828  0.87  -0.86
  0.476  0.58   0.16   0.31   0.87  -0.16  -0.489 -0.65  -0.85  -0.46
  0.73   0.94  -0.65   0.12   0.869  0.126  0.77  -0.599 -0.48  -0.29
 -0.16   0.577  0.59   0.31  -0.962  0.27  -0.27   0.46  -1.75   0.701
 -0.66  -0.32   0.139 -0.533 -0.92   0.6    0.42   0.7   -0.17  -0.06
 -0.65   0.68   0.12   0.59  -0.103  0.3    0.04   0.2   -0.58   0.77
  0.08  -0.18   0.46  -0.44  -0.32   0.51   0.86   0.9    0.52  -0.58
  0.23   0.71  -0.033  0.48   0.65   0.95  -0.36   1.159  0.26  -0.664][-0.81  -1.098  2.766  0.73  -0.57   0.97   0.08   0.33  -0.96   1.073
 -0.04   0.55   0.25  -1.219  0.659  0.225 -0.53  -0.828  0.87  -0.86
  0.476  0.58   0.16   0.31   0.87  -0.276 -0.09  -0.65  -0.85  -0.46
  0.73   1.823 -0.65   0.12   0.86   0.126  0.77  -0.599 -0.48  -0.29
 -0.16   0.577  0.791 -0.024 -0.962  0.27  -0.27  -0.287 -1.462 -0.381
 -0.66  -0.32   0.24  -0.533 -0.92   0.6    0.42   0.7   -0.17  -0.06
 -0.65   1.373  0.12   0.59  -0.08   0.3    0.04   0.2   -0.58   0.77
  0.08  -0.18   0.46  -0.44  -0.32   0.51   0.86   0.9    0.52  -0.58
  0.23   0.71  -0.05   0.48   0.65   0.95  -0.36   0.87   0.26  -0.75 ][-0.81  -1.098  1.787  0.73  -0.57   0.97   0.08   0.33  -0.96   0.78
 -0.04   0.55   0.25  -1.219  0.659  0.225 -0.53  -0.828  0.87  -0.86
  0.7    0.58   0.16   0.31   0.87  -0.276 -0.09  -0.65  -0.85  -0.46
  0.73   1.823 -0.65   0.12   0.86   0.126  0.77  -0.599 -0.48  -0.29
 -0.82   0.577  0.59   0.8   -0.6    0.27  -0.27   0.46  -1.462  0.02
 -0.66  -0.32   0.24  -0.533 -0.92   0.6    0.42   0.7   -0.17  -0.06
 -1.207  1.373  0.12   0.59  -0.08   0.3    0.04   0.2   -0.58   0.77
  0.08  -0.18   0.46  -0.44  -0.32   0.51   0.86   0.9    0.52  -0.58
  0.23   0.71  -0.05   0.48   0.65   0.95  -0.36   0.87   0.26  -0.664][-0.81  -1.098  1.787  0.73  -0.57   0.97   0.08   0.33  -0.96   0.173
 -0.04   0.55   0.25  -1.219  0.659  0.225 -0.53  -0.828  0.87  -0.86
  0.476  1.291  0.16   0.31   0.87  -0.276 -0.09  -0.65  -0.85  -0.46
  0.73   1.823 -0.65   0.12   0.86   0.126  0.77  -0.599 -0.48  -0.29
 -0.16   0.088  0.791 -0.024 -0.6    0.27  -0.27  -0.287 -1.75   0.02
 -0.66  -0.32   0.24  -0.533 -0.92   0.6    0.42   0.7   -0.17  -0.06
 -0.65   0.68   0.12   0.59  -0.103  0.3    0.04   0.2   -0.58   0.77
  0.08  -0.18   0.46  -0.44  -0.32   0.51   0.86   0.9    0.52  -0.58
  0.23   0.71  -0.05   0.48   0.65   0.95  -0.36   0.87   0.26  -0.664][-0.81  -1.079  1.787  0.73  -0.57   0.97   0.08   0.33  -0.96   0.78
 -0.04   0.55   0.25  -0.68   0.659  0.225 -0.53  -0.828  0.87  -0.86
  0.7    0.58   0.16   0.31   0.87  -0.16  -0.705 -0.65  -0.121 -0.46
  0.73   1.823 -0.65   0.12   0.86   0.126  0.77  -0.599 -0.48  -0.29
 -0.16   0.577  0.791  0.8   -0.962  0.27  -0.27  -0.287 -1.75   0.02
 -0.66  -0.32   0.24  -0.533 -0.92   0.6    0.42   0.7   -0.17  -0.06
 -0.65   0.403  0.12   0.59  -0.08   0.3    0.04   0.2   -0.58   0.77
  0.08  -0.18   0.46  -0.44  -0.32   0.51   0.86   0.9    0.52  -0.58
  0.23   0.71  -0.05   0.48   0.65   0.95  -0.36   0.87   0.26  -0.75 ][-0.81  -1.098  0.86   0.73  -0.57   0.97   0.08   0.33  -0.96   0.173
 -0.04   0.55   0.006 -0.68   0.659  0.225 -0.53  -0.828  0.87  -0.86
  0.476  0.58   0.16   0.31   0.87  -0.276 -0.09  -0.65  -0.85  -0.46
  0.47   0.94  -0.65   0.12   0.86   0.126  0.77  -0.599 -0.48  -0.29
 -0.16   0.577  0.791 -0.024 -0.246  0.27  -0.27  -0.287 -1.75   0.701
 -0.66  -0.32   0.24  -0.533 -0.92   0.6    0.42   0.7   -0.17  -0.06
 -0.65   0.68   0.12   0.59  -0.103  0.3    0.04   0.2   -0.58   0.77
  0.08  -0.18   0.46  -0.44  -0.32   0.51   0.86   0.9    0.52  -0.58
  0.23   0.71   0.006  0.48   0.65   0.95  -0.36   0.87   0.26  -0.664][-0.81  -1.098  1.787  0.73  -0.57   0.97   0.08   0.33  -0.96   0.78
 -0.04   0.55   0.25  -0.68   0.659  0.225 -0.53  -0.828  0.87  -0.86
  0.7    0.58   0.16   0.31   0.87  -0.276 -0.705 -0.65  -0.85  -0.46
  0.73   1.823 -0.65   0.12   0.86   0.126  0.77  -0.599 -0.48  -0.29
 -0.82   0.577  0.791  0.8   -0.246  0.27  -0.27  -0.287 -1.75   0.02
 -0.66  -0.32   0.24  -0.533 -0.92   0.6    0.42   0.7   -0.17  -0.06
 -0.65   0.68   0.12   0.59  -0.08   0.3    0.04   0.2   -0.58   0.77
  0.08  -0.18   0.46  -0.248 -0.32   0.51   0.86   0.9    0.52  -0.58
  0.23   0.71  -0.05   0.48   0.65   0.95  -0.36   0.87   0.26  -0.664][-0.81  -1.098  1.787  0.73  -0.57   0.97   0.08   0.33  -0.96   1.073
 -0.04   0.55   0.25  -1.219  0.659  0.225 -0.53  -0.828  0.87  -0.86
  0.7    1.291  0.16   0.31   0.87  -0.276 -0.09  -0.65  -0.85  -0.46
  0.73   1.823 -0.65   0.12   0.869  0.126  0.77  -0.599 -0.48  -0.29
 -0.82   0.577  0.59  -0.024 -0.962  0.27  -0.27  -0.287 -1.75   0.02
 -0.66  -0.32   0.24  -0.533 -0.92   0.6    0.42   0.7   -0.17  -0.06
 -0.65   0.68   0.12   0.063 -0.08   0.3    0.04   0.2   -0.58   0.77
  0.08  -0.18   0.46  -0.44  -0.32   0.51   1.549  0.9    0.52  -0.58
  0.23   0.71  -0.05   0.48   0.65   0.95  -0.36   0.87   0.26  -0.664][-0.81  -1.098  1.787  0.73  -0.57   0.97   0.08   0.33  -1.932  0.78
 -0.04   0.55   0.25  -0.68   0.659  0.315 -0.53  -0.828  1.385 -0.86
  0.7    0.58   0.16   0.31   0.87  -0.16  -0.09  -0.65  -0.503 -0.46
  0.73   1.823 -0.65   0.12   0.746  0.126  0.77  -0.599 -0.48  -0.29
 -0.16   0.577  0.791  0.31  -0.962  0.27  -0.27   0.46  -1.66  -0.168
 -0.66  -0.32   0.139 -0.533 -0.92   0.6    0.42   0.7   -0.17  -0.06
 -0.728  0.68   0.12   0.59  -0.103  0.3    0.04   0.2    0.518  0.77
  0.08  -0.18   0.46  -0.44  -0.32   0.51   0.86   1.069  0.52  -0.58
  0.23   0.71  -0.05   0.48   0.65   0.95  -0.36   0.87   0.26  -0.664][-0.81  -1.079  1.787  0.73  -0.57   0.97   0.08   0.33  -0.96   0.78
 -0.04   0.55   0.25  -0.68   0.659  0.225 -0.53  -0.828  1.385 -0.86
  0.7    0.58   0.16   0.31   0.033 -0.276 -0.09  -0.65  -0.503 -0.46
  0.73   1.823 -0.65   0.12   0.86   0.126  0.77  -0.599 -0.48  -0.29
 -0.89   0.577  0.791  0.31  -0.6    0.27  -0.27  -0.287 -1.75   0.02
 -0.66  -0.32   0.24  -0.533 -0.92   0.6    0.42   0.7   -0.17  -0.06
 -0.65   0.68   0.12   0.59  -0.08   0.3    0.04   0.2   -0.58   0.77
  0.08  -0.18   0.46  -0.44  -0.32   0.51   0.86   0.9    0.52  -0.58
  0.23   0.71  -0.05   0.48   0.65   0.95  -0.36   0.87   0.26  -0.664][-0.81  -1.098  1.787  0.73  -0.57   0.97   0.08   0.33  -0.96   0.78
 -0.04   0.55   0.25  -1.219  0.659  0.225 -0.53  -0.828  1.385 -0.86
  0.7    1.077  0.16   0.31   0.87  -0.276 -0.489  0.317 -0.85  -0.46
  0.73   1.823 -0.65   0.12   0.86   0.126  0.77  -0.599 -0.48  -0.29
 -0.16   0.577  0.59   0.31  -0.962  0.27  -0.27  -0.287 -1.462  0.02
 -0.66  -0.32   0.24  -0.533 -0.92   0.6    0.42   0.7   -0.17  -0.06
 -0.65   0.68   0.12   0.59  -0.08   0.3    0.04   0.2   -0.58   0.77
  0.08  -0.18   0.46  -0.44  -0.32   0.51   0.86   0.9    0.52  -0.58
  0.23   0.71  -0.05   0.48   0.65   0.95  -0.36   0.87   0.26  -0.75 ][-0.81  -1.098  1.787  0.73  -1.501  0.97   0.08   0.33  -0.96   1.073
 -0.04   0.55   0.25  -1.219  0.659  0.225 -0.53  -0.828  0.87  -0.86
  0.476  1.291  0.16   0.31   0.87  -0.276 -0.09  -0.65  -0.85  -0.46
  0.73   0.94  -0.65   0.12   0.86   0.126  0.77  -0.599 -0.48  -0.29
 -0.16   0.577  0.59  -0.024 -0.962  0.27  -0.27  -0.287 -1.75   0.02
 -0.66  -0.32   0.24  -0.533 -0.92   0.6    0.42   0.7   -0.17  -0.06
 -0.65   0.68   0.12   0.063 -0.08   0.3    0.04   0.2   -0.58   0.77
  0.08  -0.18   0.46  -0.44  -0.32   0.51   0.86   0.9    0.52  -0.58
  0.23   0.71  -0.05   0.48   1.497  0.95  -0.36   0.87   0.26  -0.664][-0.81  -1.098  1.787  0.73  -0.57   0.97  -0.449  0.33  -0.96   0.78
 -0.04   0.55   0.25  -1.219  0.659  0.225 -0.53  -0.828  0.87  -0.86
  0.476  1.291  0.16   0.31   0.87   0.688 -0.09  -0.65  -0.85  -0.46
  0.73   0.94  -0.65   0.12   0.86   0.126  0.77  -0.599 -0.48  -0.29
 -0.16   0.577  0.59  -0.024 -0.962  0.27  -0.27  -0.287 -1.75   0.02
 -0.66  -0.32   0.24  -0.533 -0.92   0.6    0.42   0.7   -0.17  -0.06
 -0.65   0.68   0.12   0.59  -0.103  0.3    0.04   0.2   -0.58   0.77
  0.08  -0.18   0.46  -0.44  -0.32   0.51   0.86   0.9    0.52  -0.58
  0.23   0.71   0.006  0.48   0.65   0.95  -0.36   0.87   0.26  -0.75 ][-0.81  -0.268  1.787  0.73  -0.57   0.97   0.08   0.33  -0.96   1.073
 -0.04   0.55   0.25  -1.219  0.659  0.333 -0.53  -0.828  1.385 -0.86
  0.476  1.291  0.16   0.31   0.87  -0.276 -0.09   0.096 -0.85  -0.46
  0.73   1.823 -0.65   0.12   0.86   0.126  0.77  -0.599 -0.48  -0.29
 -0.16   0.577  0.791 -0.024 -0.962  0.27  -0.27   0.46  -1.75   0.02
 -0.66  -0.32   0.24  -0.533 -0.92   0.6    0.42   0.7   -0.17  -0.06
 -0.65   0.68   0.12   0.59  -0.103  0.3    0.04   0.2   -0.58   0.77
  0.08  -0.18   0.46  -0.44  -0.32   0.51   0.86   0.9    0.52  -0.58
  0.23   0.71  -0.05   1.245  0.65   0.95  -0.36   0.87   0.26  -0.75 ][-0.81  -1.098  1.787  0.73  -0.57   0.97   0.08   0.33  -0.96   1.073
 -0.04   0.55   0.25  -1.219  0.659  0.225 -0.53  -0.828  0.87  -0.86
  0.476  0.58   0.16   0.31   0.87  -0.16  -0.09  -0.65  -0.85  -0.46
  0.73   1.823 -0.65   0.12   0.86   0.126  0.77   0.129 -0.48  -0.29
 -0.16   0.577  0.791  0.31  -0.962  0.27  -0.27  -0.287 -1.75   0.701
 -0.66  -0.32   0.24  -0.533 -0.92   0.6    0.42   0.7   -0.17  -0.06
 -0.65   0.68   0.12   0.59  -0.08   0.3    0.04   0.2   -0.58   0.77
  0.08  -0.18   0.46  -0.44  -0.32   0.51   0.86   1.069  0.52  -0.58
  0.23   0.71  -0.05   0.48   0.65   0.95  -0.36   0.87   0.26  -0.75 ][-0.81  -1.098  2.766  0.73  -0.57   0.97  -0.449  0.33  -0.96   0.173
 -0.04   0.55   0.25  -0.68   0.659  0.225 -0.53  -0.828  0.87  -0.86
  0.476  1.291  0.16   0.31   0.87  -0.276 -0.09  -0.65  -0.85  -0.46
  0.73   1.823 -0.65   0.12   0.86   0.126  0.77  -0.599 -0.48  -0.29
 -0.16   0.577  0.59  -0.024 -0.962  0.27  -0.27   0.46  -1.75   0.02
 -0.66  -0.32   0.24  -0.533 -0.92   0.6    0.42   0.7   -0.17  -0.06
 -0.65   0.68   0.12   0.59  -0.103  0.3    0.04   0.2   -0.58   0.77
  0.08  -0.18   0.46  -0.44  -0.32   0.51   0.86   0.9    0.52  -0.58
  0.23   0.71  -0.05  -0.286  0.65   0.95  -0.36   0.87   0.26  -0.75 ][-0.81  -1.098  2.949  0.73  -0.57   0.97   0.08   0.07  -0.96   0.78
 -0.04   0.55   0.25  -0.68   0.659  0.225 -0.53  -0.828  1.385 -0.86
  0.7    1.077  0.16   0.31   0.87  -0.276 -0.489 -0.65  -0.85  -0.46
  0.73   0.94  -0.65   0.12   0.86   0.126  0.77  -0.599 -0.48  -0.29
 -0.82   0.577  0.59   0.31  -0.246  0.27  -0.27   0.018 -1.75   0.02
 -0.66  -0.32   0.24  -0.533 -0.92   0.6    0.42   0.7   -0.17  -0.06
 -0.65   0.68   0.12   0.59  -0.08   0.3    0.04   0.2   -0.58   0.77
  0.08  -0.18   0.46  -0.44  -0.32   0.51   0.86   0.9    0.52  -0.58
  0.463  0.71  -0.05   0.48   0.65   0.95  -0.36   0.87   0.26  -0.664][-0.81  -1.098  0.86   0.73  -1.501  0.97   0.08   0.33  -0.96   1.073
 -0.04   0.55   0.25  -1.219  0.659  0.225 -0.53  -0.828  0.87  -0.86
  0.476  1.291  0.16   0.31   0.87  -0.276 -0.09  -0.65  -0.85  -0.46
  0.73   0.94  -0.65   0.12   0.869  0.126  0.77  -0.599 -0.48  -0.29
 -0.16   0.577  0.59   0.31  -0.962  0.27  -0.27  -0.287 -1.75   0.701
 -0.66  -0.32   0.24  -0.533 -0.92   0.6    0.42   0.7   -0.17  -0.06
 -0.65   0.68   0.12   0.59  -0.08   0.3    0.04   0.2   -0.58   0.77
  0.08  -0.18   0.46  -0.44  -0.32   0.51   0.86   0.9    0.52  -0.58
  0.23   0.71  -1.047  0.48   0.65   0.95  -0.36   0.87   0.26  -0.664][-0.81  -1.098  0.86   0.73  -0.57   0.97   0.08   0.07  -0.96   1.073
 -0.04   0.55   0.25  -1.219  0.659  0.225 -0.53  -0.828  0.87  -0.86
  0.476  1.291  0.16   0.31   0.87  -0.16  -0.489 -0.65  -0.85  -0.46
  0.73   0.94  -0.65   0.12   0.86   0.126  0.77  -0.599 -0.48  -0.29
 -0.16   0.577  0.59   0.31  -0.246  0.27  -0.27  -0.287 -1.75   0.02
 -0.66  -0.32   0.24  -0.533 -0.92   0.6    0.42   0.7   -0.17  -0.06
 -0.65   0.68   0.12   0.59  -0.103  0.3    0.04   0.2   -0.58   0.77
  0.08  -0.737  0.46  -0.44  -0.32   0.51   0.86   0.9    0.52  -0.58
  0.23   0.71  -0.05   0.48   0.65   0.95  -0.36   0.87   0.26  -0.664][-0.81  -1.079  0.86   0.73  -0.57   0.97   0.08   0.07  -0.96   0.173
 -0.04   0.55   0.25  -0.68   0.659  0.225 -0.53  -0.828  0.87  -0.86
  0.476  1.291  0.16   0.31   0.87  -0.276 -0.09  -0.65  -0.85  -0.46
  0.73   0.94  -0.65   0.12   0.86   0.126  0.77  -0.599 -0.48  -0.29
 -0.16   0.577  0.791  0.31  -0.246  0.27  -0.27   0.46  -1.75   0.02
 -0.66  -0.32   0.24  -0.04  -0.92   0.6    0.42   1.023 -0.17  -0.06
 -0.65   0.68   0.12   0.59  -0.103  0.3    0.04   0.2   -0.58   0.77
  0.08  -0.18   0.46  -0.44  -0.32   0.51   0.86   0.9    0.52  -0.58
  0.23   0.71  -0.05   0.48  -0.214  0.95  -0.36   0.87   0.26  -0.664][-0.81  -0.268  1.787  0.73  -0.57   0.97   0.08   0.33  -0.96   0.78
 -0.04   0.55   0.25  -1.219  0.659  0.225 -0.53  -0.828  1.385 -0.86
  0.7    0.58   0.16   0.31   0.87  -0.16  -0.489  0.096 -0.395 -0.46
  0.73   1.823 -0.65   0.12   0.86   0.126  0.77  -0.599 -0.48  -0.29
 -0.16   0.577  0.791 -0.024 -0.962  0.27  -0.27   0.46  -1.75   0.02
 -0.66  -0.32   0.24  -0.533 -0.92   0.6    0.42   0.7   -0.17  -0.06
 -0.65   0.68   0.12   0.59  -0.08   0.3    0.04   0.2   -0.58   0.77
  0.08   0.037  0.46  -0.44  -0.32   0.51   0.86   0.9    0.52  -0.58
  0.463  0.71  -0.05   0.48   0.65   0.95  -0.36   0.87   0.26  -0.75 ][-0.81  -1.098  1.787  0.73  -0.57   0.97  -0.267  0.33  -0.96   0.78
 -0.04   0.55   0.25  -1.219  0.659  0.225 -0.53  -0.828  1.385 -0.86
  0.7    0.58   0.16   0.31   0.87  -0.276 -0.705 -0.65  -0.503 -0.46
  0.73   1.823 -0.65   0.12   0.86   0.126  0.77  -0.599  0.081 -0.29
 -0.16   0.577  0.791  0.8   -0.6    0.27  -0.27  -0.287 -1.75   0.02
 -0.66  -0.32   0.24  -0.533 -0.92   0.6    0.42   0.7   -0.17  -0.06
 -0.65   0.68   0.12   0.59  -0.08   0.3    0.04   0.2   -0.58   0.77
  0.08  -0.18   0.46  -0.44  -0.32   0.51   0.86   0.9    0.52  -0.58
  0.23   0.71  -0.05   0.48   0.65   0.95  -0.36   0.87   0.26  -0.664][-0.81  -1.098  2.766  0.73  -0.57   0.97  -0.267  0.33  -0.96   0.78
 -0.04   0.55   0.25  -1.219  0.659  0.225 -0.53   0.071  0.87  -0.86
  0.7    0.58   0.16   0.31   0.87  -0.276 -0.09  -0.65  -0.503 -0.46
  0.73   1.823 -0.65   0.12   0.86   0.126  0.77  -0.599 -0.48  -0.29
 -0.82   0.577  0.59   0.31  -0.6    0.27  -0.27  -0.287 -1.462  0.02
 -0.66  -0.32   0.24  -0.533 -0.92   0.6    0.42   0.7   -0.17  -0.06
 -0.65   1.373  0.12   0.59  -0.08   0.3    0.04   0.2   -0.58   0.77
  0.08  -0.18   0.46  -0.44  -0.32   0.51   0.86   0.9    0.52  -0.58
  0.23   0.71  -0.05   0.48   0.65   0.95  -0.36   0.87   0.26  -0.75 ][-0.81  -1.098  1.787  0.73  -0.57   0.97   0.08   0.07  -0.96   1.073
 -0.04   0.55   0.25  -0.68   0.659  0.225 -0.53  -0.828  0.87  -0.86
  0.7    1.291  0.16   0.31   0.87  -0.276 -0.09  -0.65  -0.85  -0.46
  0.73   0.94  -0.65   0.12   0.86   0.126  0.77  -0.599 -0.48  -0.29
 -0.16   0.577  0.59   0.31  -0.962  0.27  -0.27  -0.287 -1.75   0.02
 -0.66  -0.32   0.24  -0.04  -0.92   0.6    0.42   1.023 -0.17  -0.06
 -0.65   0.68   0.209  0.59  -0.103  0.3    0.04   0.2   -0.58   0.77
  0.08  -0.18   0.46  -0.44  -0.32   0.51   0.86   0.9    0.52  -0.58
  0.23   0.71  -0.05   0.48   0.65   0.95  -0.36   0.87   0.26  -0.664][-0.81  -1.098  1.787  0.73  -0.57   0.97   0.08   0.33  -0.96   0.173
 -0.04   0.55   0.25  -0.68   0.659  0.225 -0.53  -0.828  0.87  -0.86
  0.476  0.58   0.16   0.31   0.87  -0.276 -0.09  -0.65  -0.85  -0.46
  0.73   0.94  -0.65   0.12   0.86   0.126  0.77  -0.599 -0.48  -0.29
 -0.16   0.577  0.791 -0.024 -0.246  0.27  -0.27   0.46  -1.75   0.701
 -0.198 -0.32   0.24  -0.533 -0.92   0.6    0.42   0.7   -0.17  -0.06
 -0.65   0.68   0.12   0.59  -0.103  0.3    0.04   0.2   -0.58   0.77
  0.08  -0.18   0.46  -0.44  -0.32   0.51   0.86   0.9    0.52  -0.58
  0.23   0.71   0.006  0.48   0.65   0.95  -0.36   0.87   0.26  -0.664][-0.81  -1.098  0.86   0.73  -0.57   0.97   0.08   0.07  -0.96   0.78
 -0.04   0.55   0.25  -1.219  0.659  0.225 -0.53  -0.828  0.87  -0.86
  0.7    0.58   0.16   0.31   0.87  -0.16  -0.09  -0.65  -0.85  -0.46
  0.73   1.823 -0.65   0.12   0.86   0.126  0.77  -0.599 -0.48  -0.29
 -0.636  0.577  0.59   0.31  -0.246  0.27  -0.27  -0.287 -1.75   0.701
 -0.66  -0.32   0.24  -0.533 -0.92   0.6    0.42   0.7   -0.17  -0.06
 -0.65   0.68   0.12   0.59   0.669  0.3    0.04   0.2   -0.58   0.77
  0.08  -0.18   0.46  -0.44  -0.32   0.51   0.86   0.9    0.52  -0.58
  0.23   0.71  -0.05   0.48   0.65   0.95  -0.36   0.87   0.26  -0.664][-0.81  -1.098  1.787  0.73  -1.501  0.97   0.08   0.33  -0.96   1.534
 -0.04   0.55   0.25  -1.219  0.659  0.333 -0.53  -0.828  1.385 -0.86
  0.476  1.291  0.16   0.31   0.87  -0.16  -0.09  -0.65  -0.85  -0.46
  0.73   1.823 -0.65   0.12   0.86   0.126  0.77  -0.599 -0.48  -0.29
 -0.16   0.577  0.59   0.31  -0.962  0.27  -0.27  -0.287 -1.75   0.701
 -0.66  -0.32   0.24  -0.533 -0.92   0.6    0.42   0.7   -0.17  -0.06
 -0.65   0.68   0.12   0.59  -0.08   0.3    0.04   0.2   -0.58   0.77
  0.08  -0.18   0.46  -0.44  -0.32   0.51   0.86   0.9    0.52  -0.58
  0.23   0.71  -0.05   0.48   0.65   0.95  -0.36   0.87   0.26  -0.75 ][-0.81  -1.098  2.766  0.73  -0.57   0.941 -0.267  0.33  -0.96   0.78
 -0.04   0.55   0.25  -1.219  0.659  0.225 -0.53  -0.828  0.87  -0.86
  0.7    1.077  0.16   0.31   0.87  -0.16  -0.09  -0.65  -0.85  -0.46
  0.73   1.823 -0.65   0.12   0.86   0.126  0.77  -0.599 -0.48  -0.29
 -0.82   0.577  0.59   0.31  -0.962  0.27  -0.27   0.46  -1.75   0.02
 -0.66  -0.32   0.24  -0.533 -0.92   0.6    0.42   0.7   -0.17  -0.06
 -0.65   0.68   0.12   0.59  -0.08   0.3    0.04   0.2   -0.58   0.77
  0.08  -0.18   0.46  -0.44  -0.32   0.51   0.86   0.9    0.52  -0.58
  0.23   0.71  -0.05   0.48   0.65   0.95  -0.36   0.87   0.26  -0.75 ][-0.81  -1.098  1.787  0.73  -0.57   0.97   0.08   0.07  -0.96   0.78
 -0.04   0.55   0.25  -0.68   0.659  0.225 -0.53  -0.828  0.87  -0.86
  0.7    0.58   0.16   0.31   0.87  -0.276 -0.489 -0.65  -0.121 -0.46
  0.73   1.823 -0.65   0.12   0.86   0.126  0.77  -0.599 -0.48  -0.29
 -0.16   0.577  0.791  0.8   -0.6    0.27  -0.27  -0.287 -1.75   0.02
 -0.66  -0.32   0.24  -0.533 -0.92   0.6    0.42   1.023 -0.17  -0.06
 -0.65   0.68   0.12   0.59  -0.08   0.3    0.04   0.2   -0.58   0.77
  0.359 -0.18   0.46  -0.44  -0.32   0.51   0.86   0.9    0.52  -0.58
  0.23   0.71  -0.05   0.48   0.65   0.95  -0.36   0.87   0.26  -0.664][-0.81  -1.098  1.787  0.73  -0.57   0.97   0.08   0.07  -0.96   0.78
 -0.04   0.55   0.25  -0.68   0.659  0.225 -0.53  -0.828  1.385 -0.86
  0.7    0.58   0.16   0.31   0.87  -0.16  -0.09  -0.65  -0.503 -0.46
  0.73   0.94  -0.65   0.12   0.746  0.126  0.77  -0.599 -0.48  -0.29
 -0.16   0.577  0.791  0.31  -0.962  0.27  -0.27   0.46  -1.75   0.02
 -0.66  -0.32   0.24  -0.04  -0.92   0.6    0.42   0.7   -0.17  -0.06
 -0.728  0.68   0.12  -0.253 -0.103  0.3    0.04   0.2   -0.58   0.77
  0.08  -0.18   0.46  -0.44  -0.32   0.51   0.86   1.069  0.52  -0.58
  0.23   0.71  -0.05   0.48   0.65   0.95  -0.36   0.87   0.26  -0.664][-0.81  -1.098  1.787  0.73  -0.57   0.97   0.08   0.33  -0.96   0.78
 -0.04   0.55   0.25  -0.68   0.659  0.225 -0.53  -0.828  0.87  -0.86
  0.7    0.58   0.16   0.31   0.87  -0.276 -0.489 -0.65  -0.121 -0.46
  0.73   1.823 -0.65   0.12   0.86   0.126  0.77  -0.599 -0.48  -0.29
 -0.16   0.577  0.791  0.31  -0.962  0.27  -0.27  -0.287 -1.75   0.02
 -0.66  -0.879  0.24  -0.533 -0.92   0.6    0.42   0.7   -0.17  -0.06
 -0.65   0.68   0.12   0.59  -0.08   0.3    0.04   0.2   -0.58   0.77
  0.08  -0.18   0.46  -0.44  -0.32   0.51   0.86   0.9    0.52  -0.58
  0.23   0.71  -0.05   0.48   0.65   0.95  -0.36   0.87   0.26  -0.664][-0.81  -1.098  1.787  0.73  -1.501  0.97   0.08   0.33  -0.96   1.073
 -0.04   0.55   0.25  -1.219  0.659  0.225 -0.53  -0.828  0.87  -0.86
  0.7    0.58   0.16   0.31   0.87  -0.16  -0.09  -0.65  -0.85  -0.46
  0.73   0.94  -0.65   0.12   0.869  0.126  0.77  -0.599 -0.48  -0.29
 -0.16   0.577  0.791  0.31  -0.962  0.27  -0.27  -0.287 -1.75   0.701
 -0.66  -0.32   0.24  -0.533 -0.92   0.6    0.42   0.7   -0.17  -0.06
 -0.65   0.68   0.12   0.59  -0.08   0.3    0.04   0.2   -0.58   0.77
  0.08  -0.18   0.46  -0.44  -0.32   0.51   0.86   1.069  0.52  -0.58
 -0.247  0.71  -0.033  0.48   0.65   0.95  -0.36   0.87   0.26  -0.75 ][-0.81  -1.098  1.787  0.73  -0.57   0.97   0.08   0.33  -0.96   0.78
 -0.04   0.55   0.25  -1.219  0.659  0.225 -0.53  -0.828  1.385 -0.86
  0.7    0.58   0.16   0.31   0.87  -0.16  -0.705 -0.65  -0.85  -0.46
  0.73   1.823 -0.65   0.12   0.86   0.126 -0.204 -0.599 -0.48  -0.29
 -0.16   0.577  0.791  0.31  -0.6    0.27  -0.27  -0.287 -1.75   0.02
 -0.66  -0.32   0.24  -0.533 -0.92   0.6    0.42   0.7   -0.17  -0.06
 -0.65   0.68   0.12   0.59  -0.08   0.3    0.04   0.2   -0.58   0.77
  0.08  -0.18   0.46  -0.44  -0.32   0.51   0.86   1.069  0.52  -0.58
  0.463  0.71  -0.05   0.48   0.65   0.95  -0.36   0.87   0.26  -0.75 ][-0.81  -1.098  1.787  0.73  -0.57   0.97   0.08   0.33  -0.96   0.78
 -0.04   0.55   0.25  -1.219  0.659  0.225 -0.53  -0.828  0.87  -0.86
  0.476  1.291  0.16   0.31   0.87  -0.276 -0.09  -0.65  -0.85  -0.46
  0.73   1.823 -0.65   0.12   0.869  0.126  0.77  -0.599 -0.48  -0.29
 -0.16   0.577  0.59  -0.024 -0.962  0.27  -0.27  -0.287 -1.75   0.02
 -0.66  -0.32   0.139 -0.533 -0.92   0.6    0.42   0.7   -0.17  -0.06
 -0.65   0.68   0.12   0.063 -0.08   0.3    0.04  -0.432 -0.58   0.77
  0.08  -0.18   0.46  -0.44  -0.32   0.51   0.86   0.9    0.52  -0.58
  0.23   0.71  -0.05   0.48   0.65   0.95  -0.36   0.87   0.26  -0.664][-0.81  -1.098  1.787  0.73  -1.501  0.97   0.08   0.07  -1.932  1.073
 -0.04   0.55   0.25  -1.219  0.659  0.333 -0.53  -0.828  0.87  -0.86
  0.476  1.291  0.16   0.31   0.87  -0.16  -0.09  -0.65  -0.85  -0.46
  0.73   1.823 -0.65   0.12   0.86   0.126  0.77  -0.599 -0.48  -0.29
 -0.16   0.577  0.59  -0.024 -0.962  0.27  -0.27   0.558 -1.75   0.701
 -0.66  -0.32   0.24  -0.533 -0.92   0.6    0.42   0.7   -0.17  -0.06
 -0.65   0.68   0.12   0.59  -0.103  0.3    0.04   0.2    0.518  0.77
  0.08  -0.18   0.46  -0.44  -0.32   0.51   0.86   0.9    0.52  -0.58
  0.23   0.71  -0.05   0.48   0.65   0.95  -0.36   0.87   0.26  -0.75 ][-0.81  -1.098  0.86   0.73  -0.57   0.97   0.08   0.33  -0.96   1.073
 -0.04   0.55   0.25  -0.68   0.659  0.225 -0.53  -0.828  0.87  -0.86
  0.476  0.58   0.16   0.31   0.87  -0.16  -0.09  -0.65  -0.85  -0.46
  0.73   0.94  -0.65   0.12   0.869  0.126  0.77  -0.599 -0.48  -0.29
 -0.16   0.577  0.59  -0.024 -0.962  0.27  -0.27   0.46  -1.75   0.02
 -0.66  -0.32   0.24  -0.533 -0.92   0.6    0.42   0.7   -0.17  -0.06
 -0.65   0.68   0.12   0.59  -0.103  0.3    0.04   0.2   -0.58   0.77
  0.08  -0.18   0.752 -0.44  -0.32   0.51   0.86   0.9    0.52  -0.58
  0.23   0.71  -0.033  0.48   0.65   0.95  -0.36   0.87   0.26  -0.664][-0.81  -0.268  1.787  0.73  -0.57   0.97   0.08   0.33  -0.96   0.78
 -0.04   0.55   0.25  -0.68   0.659  0.225 -0.53  -0.828  1.385 -0.86
  0.7    0.58   0.16   0.31   0.87  -0.276 -0.489 -0.65  -0.121 -0.46
  0.73   0.94  -0.65   0.12   0.86   0.126  0.77  -0.599 -0.48  -0.29
 -0.16   0.577  0.791 -0.024 -0.962  0.27  -0.27   0.46  -1.75   0.02
 -0.66  -0.32   0.24  -0.04  -0.92   0.6    0.42   0.7   -0.17  -0.06
 -0.65   0.68   0.12   0.59  -0.08   0.3    0.04   0.2   -0.58   0.77
  0.08  -0.18   0.46  -0.44  -0.32   0.51   0.86   0.9    0.52  -0.58
  0.23   0.71   0.362  0.48   0.65   0.95  -0.36   0.87   0.26  -0.75 ][-0.81  -1.098  1.787  0.73  -0.57   0.97  -0.267  0.33  -0.96   0.78
 -0.04   0.55   0.25  -1.219  0.659  0.333 -0.53  -0.828  0.87  -0.86
  0.7    0.58   0.16   0.31   0.87  -0.16  -0.09  -0.65  -0.503 -0.46
  0.73   1.823 -0.65   0.12   0.86   0.126  0.77  -0.599 -0.48  -0.29
 -0.16   0.577  0.791 -0.024 -0.927  0.27  -0.27  -0.287 -1.75   0.701
 -0.66  -0.32   0.24  -0.533 -0.92   0.6    0.42   0.7   -0.17  -0.06
 -0.65   0.68   0.12   0.59  -0.103  0.3    0.04   0.2   -0.58   0.77
  0.08  -0.18   0.46  -0.44  -0.32   0.51   0.86   0.9    0.52  -0.58
  0.23   0.71  -0.05   0.48   0.65   0.95  -0.36   0.87   0.26  -0.664][-0.81  -1.079  1.787  0.73  -0.57   0.97   0.08   0.07  -0.96   0.78
 -0.04   0.55   0.25  -1.219  0.659  0.225 -0.53  -0.828  0.87  -0.86
  0.7    0.58   0.16   0.31   0.87  -0.276 -0.489 -0.65  -0.395 -0.46
  0.73   0.94  -0.65   0.12   0.86   0.126  0.77  -0.599 -0.48  -1.213
 -0.16   0.577  0.791  0.31  -0.962  0.27  -0.27   0.46  -1.75   0.02
 -0.66  -0.32   0.24  -0.04  -0.92   0.6    0.42   1.023 -0.17  -0.06
 -0.65   0.68   0.12   0.59  -0.08   0.3    0.04   0.2   -0.58   0.77
  0.08  -0.18   0.46  -0.44  -0.32   0.51   0.86   0.9    0.52  -0.58
  0.23   0.71  -0.05   0.48   0.65   0.95  -0.36   0.87   0.26  -0.664][-0.81  -1.079  1.787  0.73  -0.57   0.97   0.08   0.33  -0.96   0.78
 -0.04   0.55   0.25  -1.219  0.659  0.225 -0.53  -0.828  1.385 -0.86
  0.7    0.58   0.16   0.31   0.87  -0.276 -0.489 -0.65  -0.121 -0.46
  0.73   0.94  -0.65  -0.769  0.86   0.126  0.77  -0.599 -0.48  -0.29
 -0.16   0.577  0.791 -0.024 -0.962  0.27  -0.27   0.46  -1.75   0.02
 -0.66  -0.32   0.24  -0.04  -0.92   0.6    0.42   0.7   -0.17  -0.06
 -0.65   0.68   0.12   0.59  -0.08   0.3    0.04   0.2   -0.58   0.77
  0.08  -0.18   0.46  -0.44  -0.32   0.51   0.86   0.9    0.52  -0.58
  0.23   0.71  -0.05   0.48   0.65   0.95  -0.36   0.87   0.26  -0.664][-0.81  -1.079  1.787  1.44  -0.57   0.97   0.08   0.07  -0.96   0.78
 -0.04   0.55   0.25  -0.68   0.659  0.225 -0.53  -0.828  1.385 -0.86
  0.7    0.58   0.16   0.31   0.87  -0.276 -0.09  -0.65  -0.121 -0.46
  0.73   1.823 -0.65   0.12   0.86   0.126  0.77  -0.599 -0.48  -0.29
 -0.16   0.577  0.791  0.31  -0.962  0.27  -0.27  -0.287 -1.75   0.02
 -0.66  -0.32   0.24  -0.04  -0.92   0.6    0.42   0.7   -0.17  -0.06
 -0.65   0.68   0.12   0.59  -0.103  0.3    0.04   0.2   -0.58   0.77
  0.08  -0.18   0.46  -0.44  -0.32   0.51   0.86   0.9    0.52  -0.58
  0.23   0.71  -0.05   0.48   0.65   0.95  -0.36   0.87   0.26  -0.664][-0.81  -1.098  1.787  0.73  -1.501  0.97   0.08   0.33  -0.96   0.173
 -0.04   0.55   0.25  -1.219  0.659  0.333 -0.53  -0.828  0.87  -0.86
  0.476  1.291  0.16   0.31   0.87  -0.276 -0.09  -0.65  -0.85  -0.46
  0.73   0.94  -0.65   0.12   0.86   0.126  0.77  -0.599 -0.48  -0.29
 -0.16   0.577  0.59  -0.024 -0.246  0.27  -0.27  -0.287 -1.75   0.701
 -0.66  -0.32   0.24  -0.533 -0.92   0.6    0.42   0.7   -0.17  -0.06
 -0.65   0.68   0.12   0.59  -0.103  0.3    0.04   0.2   -0.58   0.77
  0.08  -0.18   0.46  -0.44  -0.32   0.51   0.86   0.9    0.52  -0.58
  0.23   0.333 -0.05   0.48   0.65   0.95  -0.36   0.87   0.26  -0.75 ][-0.81  -1.098  0.86   0.73  -0.57   0.97   0.08   0.33  -0.96   0.78
 -0.04   0.55   0.25  -1.219  0.659  0.225 -0.53  -0.828  0.87  -0.86
  0.7    1.077  0.16   0.31   0.87  -0.276 -0.09  -0.65  -0.85  -0.46
  0.73   0.94  -0.65   0.12   0.86   0.126  0.77  -0.599 -1.404 -0.29
 -0.16   0.577  0.59   0.31  -0.246  0.27  -0.27   0.46  -1.462  0.02
 -0.66  -0.32   0.139 -0.533 -0.92   0.6    0.42   0.7   -0.17  -0.06
 -0.65   0.68   0.12   0.59  -0.103  0.3    0.04   0.2   -0.58   0.77
  0.08  -0.18   0.46  -0.44  -0.32   0.51   0.86   0.9    0.52  -0.58
  0.23   0.71  -0.05   0.48   0.65   0.95  -0.36   0.87   0.26  -0.75 ][-0.81  -1.098  1.787  0.73  -0.57   0.97   0.08   0.33  -0.96   0.78
 -0.04   0.55   0.25  -1.219  0.659  0.225 -0.53  -0.828  1.385 -0.86
  0.7    0.58   0.16   0.31   0.87  -0.16  -0.09  -0.65  -0.503 -0.46
  0.73   1.823 -0.65   0.12   0.86   0.126  0.77  -0.599 -0.48  -0.29
 -0.16   0.577  0.791  0.31  -0.962  0.27  -0.27   0.46  -1.75  -0.168
 -0.66  -0.32   0.24  -0.533 -0.92   0.6    0.42   0.7   -0.17  -0.06
 -0.728  0.68   0.12   0.59  -0.103  0.3    0.04   0.2   -0.664  0.77
  0.08  -0.18   0.46  -0.44  -0.32   0.51   0.86   1.069  0.52  -0.58
  0.23   0.71  -0.05   0.822  0.65   0.95  -0.36   0.87   0.26  -0.664][-0.81  -1.079  1.787  0.73  -1.501  0.97   0.08   0.33  -0.96   1.073
 -0.04   0.55   0.25  -1.219  0.659  0.225 -0.53  -0.828  0.87  -0.86
  0.476  1.291  0.16   0.31   0.87  -0.276 -0.489 -0.65  -0.121 -0.46
  0.73   1.823 -0.65   0.12   0.869  0.126  0.77  -0.599 -0.48  -0.29
 -0.16   0.577  0.791  0.31  -0.962  0.27  -0.27   0.46  -1.75   0.02
 -0.66  -0.32   0.24  -0.04  -0.92   0.6    0.42   0.7   -0.17  -0.06
 -0.65   0.68   0.12   0.59  -0.103  0.3    0.04   0.2   -0.58   0.77
  0.08  -0.18   0.46  -0.44  -0.32   0.51   0.86   0.9    0.52  -0.58
  0.23   0.71  -0.05   0.48   0.65   0.917 -0.36   0.87   0.26  -0.664][-0.81  -1.098  1.787  0.73   0.429  0.97   0.08   0.33  -0.96   1.073
 -0.04   0.55   0.25  -1.219  0.659  0.333 -0.53  -0.828  0.87  -0.86
  0.476  0.58   0.16   0.31   0.87  -0.16  -0.489 -0.65  -0.85  -0.46
  0.73   1.823 -0.65   0.12   0.86   0.126  0.77  -0.599 -0.48  -0.29
 -0.16   0.577  0.59  -0.024 -0.246  0.27  -0.27  -0.287 -1.75   0.701
 -0.66  -0.32   0.139 -0.533 -0.92   0.6    0.42   0.7   -0.17  -0.06
 -0.65   0.68   0.12   0.59  -0.103  0.3    0.04   0.2   -0.58   0.77
  0.08  -0.18   0.46  -0.44  -0.32   0.51   0.86   0.9    0.52  -0.58
  0.23   0.71  -0.05   0.48   0.65   0.95  -0.36   0.87   0.26  -0.75 ][-0.81  -1.079  1.787  0.73  -0.57   0.97   0.08   0.33  -0.96   0.78
 -0.04   0.55   0.25  -0.68   0.659  0.225 -0.53  -0.828  0.87  -0.86
  0.7    0.58   0.16   0.31   0.87  -0.276 -0.09  -0.65  -0.503 -0.46
  0.73   1.823 -0.65   0.12   0.86   0.126  0.77  -0.599 -0.48  -0.29
 -0.16   0.577  0.791  0.31  -0.962  0.27  -0.27   0.46  -1.75  -0.168
 -0.66  -0.32   0.139 -0.533 -0.92   0.563  0.42   0.7   -0.17  -0.06
 -0.728  0.68   0.12   0.59  -0.103  0.3    0.04   0.2   -0.664  0.77
  0.08  -0.18   0.46  -0.44  -0.32   0.51   0.86   1.069  0.52  -0.58
  0.23   0.71  -0.05   0.48   0.65   0.95  -0.36   0.87   0.26  -0.664][-0.81  -0.268  1.787  0.73  -0.57   0.97   0.08   0.33  -0.96   0.78
 -0.04   0.55   0.25  -1.219  0.659  0.225 -0.53  -0.828  1.385 -0.86
  0.7    0.58   0.16   0.31   0.87  -0.16  -0.489  0.096 -0.395 -0.46
  0.73   1.823 -0.65   0.12   0.86   0.126  0.77  -0.599 -0.48  -0.29
 -0.16   0.577  0.791 -0.024 -0.962  0.27  -0.27  -0.287 -1.75   0.02
 -0.66  -0.32   0.24  -0.04  -0.92   0.6    0.42   0.7   -0.17  -0.06
 -0.728  0.68   0.12   0.59  -0.08   0.3    0.04   0.2   -0.58   0.77
  0.08  -0.18   0.46  -0.44  -0.32   0.51   0.86   1.759  0.52  -0.58
  0.23   0.71  -0.05   0.48   0.65   0.95  -0.36   0.87   0.26  -0.75 ][-0.81  -1.098  0.86   0.73  -1.501  0.97   0.08   1.244 -0.96   1.073
 -0.04   0.55   0.25  -0.68   0.659  0.225 -0.53  -0.828  0.87  -0.86
  0.476  0.58   0.16   0.31   0.87  -0.16  -0.09  -0.65  -0.85  -0.46
  0.73   0.94  -0.65   0.12   0.86   0.126  0.77  -0.599 -0.48  -0.29
 -0.16   0.577  0.59   0.31  -0.246  0.27  -0.27   0.46  -1.75   0.701
 -0.66  -0.32   0.24  -0.533 -0.92   0.6    0.42   0.7   -0.17  -0.06
 -0.65   0.68   0.12   0.59  -0.103  0.3    0.04   0.2   -0.58   0.77
  0.08  -0.18   0.46  -0.44  -0.32   0.51   0.86   0.9    0.52  -0.58
  0.23   0.71  -0.05   0.48   0.65   0.95  -0.36   0.87   0.26  -0.664]