[ 0.003 -1.098  1.787  0.73  -0.529  0.97  -0.449  0.33  -0.96   1.05
 -0.04   0.55   0.25  -1.935  0.659  0.02  -0.53  -0.828  1.385 -0.86
  0.7    0.58   0.085 -0.2    0.87  -0.16  -0.09   0.317 -0.85  -0.46
  0.73   0.94  -0.65   0.12   0.86   0.126  0.77  -0.599 -0.48  -0.29
 -0.16   0.577  0.791  0.31  -0.835  0.27  -0.27  -0.137 -1.439  0.02
 -0.66  -0.32   0.139 -0.533 -0.92   0.6    0.42   0.7   -0.17  -0.06
 -0.65   0.289  0.12   0.59  -0.103  0.3    0.04   0.2   -0.58   0.77
  0.08  -0.18   0.46  -0.44  -0.32   0.51   0.86   0.9    0.52  -0.58
  0.23   0.71  -0.05   0.48   0.65   0.95  -0.36   0.87   0.26  -0.75 ][ 0.003 -1.098  1.787  1.497 -0.57   1.935 -0.449  0.588 -0.96   1.05
 -0.04   0.55   0.25  -1.935  0.659  0.225 -0.53  -0.828  1.385 -0.86
  0.476  1.291  0.085 -0.012  0.87  -0.276 -0.09   0.406 -0.451 -0.46
  0.73   0.94  -0.65   0.12   0.86   0.126  0.77  -0.599 -0.48  -0.29
 -0.16   0.577  0.791  0.31  -0.835  0.27  -0.27  -0.287 -1.439  0.02
 -0.66  -0.32   0.139 -0.533 -1.363  0.6    0.42   0.7   -0.17  -0.06
 -0.65   0.289  0.12   0.59  -0.103  1.003  0.04   0.2   -0.58   0.77
  0.382 -0.18   0.46  -0.44  -0.32   0.51   0.86   0.9    0.52  -0.58
  0.23   0.71  -0.05   0.48   0.65   0.95  -0.36   0.85   0.26  -0.75 ][ 0.003 -1.098  1.787  0.73  -0.529  0.97  -0.449  0.588 -0.96   1.05
 -0.04   0.55  -0.091 -1.935  0.659  0.225 -0.53  -0.828  1.385 -0.86
  0.7    0.58   0.085  0.31   0.87  -0.16  -0.09  -0.243 -0.85  -0.46
  0.73   0.94  -0.65   0.12   0.86   0.126  0.77  -0.599 -0.48  -0.29
 -0.16   0.577  0.791  0.31  -0.835  0.27  -0.27  -0.287 -1.439  0.02
 -0.66  -0.32   0.139 -0.533 -0.92   0.6    0.42   0.7   -0.17  -0.06
 -0.65   0.289 -0.012  0.59  -0.08   0.3    0.04   0.2   -0.58   0.77
  0.382 -0.18   0.46  -0.44  -0.32   0.51   0.86   0.9    0.52  -0.58
  0.23   0.71  -0.05   0.48   0.65   0.95  -0.36   0.87   0.26  -0.75 ][ 0.003 -1.098  1.787  1.077 -0.57   0.97  -0.449  0.33  -0.96   1.05
 -0.04   0.55   0.795 -1.935  0.659  0.225 -0.53  -0.828  1.385 -0.86
  0.7    1.291  0.085  0.31   0.87  -0.276 -0.09   0.317 -0.85  -0.46
  0.73   0.94  -0.65   0.12   0.86   0.126  0.77  -0.599 -0.48  -0.29
 -0.16   0.577  0.791  0.31  -0.835  0.27  -0.27  -0.287 -1.439 -0.168
 -0.66  -0.32   0.139 -0.533 -0.92   0.6    0.42   0.7   -0.17  -0.06
 -0.65   0.289  0.12   0.59  -0.08   0.3    0.04   0.2   -0.664  0.77
  0.08  -0.18   0.46  -0.44  -0.32   0.51   0.86   0.9    0.52  -0.58
  0.23   0.71  -0.05   0.48   0.65   0.95  -0.36   0.85   0.26  -0.75 ][ 0.003 -1.079  1.787  0.73  -0.529  0.97  -0.449  0.588 -0.96   1.05
 -0.04   0.55   0.25  -1.935  0.659  0.225 -0.53  -0.828  1.385 -0.86
  0.7    0.58  -0.78  -0.2    0.87  -0.16  -0.09   0.317 -0.85  -0.46
  0.73   0.94  -0.65  -0.225  0.86   0.126  0.77  -0.599 -0.48  -0.29
 -0.16   0.577  0.791  0.31  -0.835  0.27  -0.27  -0.137 -1.439  0.02
 -0.66  -0.32   0.139 -0.533 -0.92   0.6    0.42   0.7   -0.17  -0.06
 -0.65   0.885  0.12   0.59  -0.103  0.3    0.04   0.2   -0.58   0.77
  0.08  -0.18   0.46  -0.44  -0.32   0.51   0.86   0.831  0.52  -0.58
  0.23   0.71  -0.05   0.48   0.65   0.95  -0.36   0.87   0.26  -0.75 ][ 0.003 -1.079  1.787  0.73  -0.529  0.97   0.08   0.33  -0.96   1.05
 -0.04   0.55   0.25  -1.935  0.659  0.225 -0.53  -0.828  1.919 -0.86
  0.7    1.291  0.085  0.31   0.87  -0.276 -0.09   0.317 -0.85  -0.46
  0.73   0.94  -0.65   0.12   0.86   0.126  0.77  -0.599 -0.48  -0.29
 -0.16   0.577  0.791 -0.408 -0.835  0.27  -0.27  -0.287 -1.439  0.02
 -0.66  -0.32   0.139 -0.533 -0.92   0.6    0.42   0.7   -0.17  -0.06
 -0.65   0.289  0.12   0.59  -0.103  0.3    0.04   0.2   -0.58   0.77
  0.08  -0.18   0.46  -0.44  -0.32   0.51   0.86   0.9    0.52  -0.58
  0.23   0.71  -0.05   0.48   0.65   0.95  -0.36   0.87   0.26  -0.75 ][ 0.003 -1.098  1.787  0.657 -0.529  0.97   0.08   0.33  -0.96   1.05
 -0.04   0.55   0.25  -1.935  0.659  0.225 -0.788 -0.828  0.923 -0.86
  0.7    1.291  0.085 -0.012  0.87  -0.16  -0.992  0.317 -0.85  -0.46
  0.73   0.94  -0.65   0.12   0.86   0.126  0.77  -0.599 -0.48  -0.29
  0.068  0.577  0.791  0.31  -0.835  0.27  -0.27   0.15  -1.439  0.02
 -0.66  -0.32   0.139 -0.533 -0.92   0.6    0.42   0.7   -0.17  -0.06
 -0.65  -0.174  0.12   0.59  -0.08   0.3    0.04   0.2   -0.58   0.77
  0.08  -0.18   0.46  -0.44  -0.32   0.51   0.86   0.831  0.52  -0.58
  0.23   0.71  -0.05   0.48   0.65   0.95  -0.36   0.87   0.26  -0.75 ][ 0.003 -1.079  1.787  0.73  -0.57   1.935 -0.449  0.441 -0.96   1.05
 -0.04   0.55   0.25  -1.935  0.659  0.225 -0.53  -0.828  1.385 -0.86
  0.476  1.291  0.085  0.31   0.87  -0.276 -0.09   0.406 -0.85  -0.46
  0.73   0.94  -0.671 -0.225  0.86   0.126  0.77  -0.599 -0.48  -0.29
 -0.16   0.577  0.419  0.31  -0.835  0.27  -0.27  -0.287 -1.165  0.02
 -0.66  -0.32   0.139 -0.533 -0.92   0.6    0.42   0.7   -0.17  -0.06
 -0.65   0.289  0.12   0.59  -0.103  1.003  0.04   0.2   -0.6    0.77
  0.08  -0.18   0.46  -0.44  -0.32   0.51   0.86   0.831  0.52  -0.58
  0.23   0.71  -0.05   0.48   0.65   0.95  -0.36   0.87   0.26  -0.75 ][ 0.003 -1.098  1.787  0.73  -1.496  0.155  0.08   0.33  -0.96   1.05
 -0.04   0.55   0.25  -1.219  0.659  0.225 -0.53  -0.828  1.385 -0.86
  0.476  1.291  0.085 -0.012  0.87  -0.276 -0.09   0.317 -0.85  -0.46
  0.73   0.94  -0.65   0.12   0.86   0.126  0.77  -0.599 -0.48  -0.29
 -0.16   0.577  0.791  0.31  -0.835  0.27  -0.27  -0.287 -1.439  0.02
 -0.66  -0.32   0.139 -0.533 -1.363  0.6    0.42   0.7   -0.17  -0.06
 -0.65   0.289  0.12   0.59  -0.103  0.3    0.04   0.2   -0.58   0.77
  0.382 -0.18   0.46  -0.44  -0.32   0.51   0.86   0.9    0.52  -0.58
  0.23   0.71  -0.05   0.48   0.65   0.95  -0.36   0.87   0.26  -0.75 ][ 0.003 -1.079  1.787  0.73  -0.529  0.97   0.08   0.33  -1.308  1.05
 -0.04   0.55   0.25  -1.935  0.659  0.225 -0.53  -0.828  1.919 -0.86
  0.7    1.291  0.085 -0.012  0.87  -0.276 -0.992  0.317 -0.85  -0.46
  0.73   0.94  -0.65   0.12   0.86   0.126  0.77  -0.599 -0.48  -0.29
  0.068  0.577  0.791  0.31  -0.835  0.27  -0.27  -0.287 -1.439  0.02
 -0.66  -0.32   0.139 -0.533 -0.92   0.6    0.42   0.7   -0.17  -0.06
 -0.65  -0.174  0.12   0.59  -0.103  0.3    0.04   0.2   -0.58   0.77
  0.382 -0.18   0.46  -0.44  -0.32   0.51   0.86   0.9    0.52  -0.58
  0.23   0.71  -0.05   0.48   0.65   0.95  -0.36   0.87   0.26  -0.75 ][ 0.003 -1.079  2.406  0.73  -1.496  1.935 -0.449  0.33  -0.96   1.05
 -0.04   0.55   0.25  -1.219  0.659  0.225 -0.53  -0.828  1.385 -0.86
  0.7    0.58   0.085  0.31   0.87  -0.276 -0.09  -0.243 -0.85  -0.46
  0.73   0.94  -0.65   0.12   0.86   0.126  0.77  -0.599 -0.48  -0.29
  0.068  0.577  0.791  0.31  -0.835  0.27  -0.27  -0.287 -1.75   0.02
 -0.66  -0.32   0.139 -0.533 -0.92   0.6    0.42   0.7   -0.17  -0.06
 -0.65   0.289  0.12   0.59  -0.103  0.3    0.04   0.2   -0.58   0.77
  0.382 -0.18   0.46  -0.44  -0.32   0.51   0.86   0.9    0.52  -0.58
  0.23   0.71  -0.05   0.48   0.65   0.95  -0.36   0.85   0.26  -0.75 ][ 0.003 -1.098  1.787  0.73  -0.57   0.97  -0.449  0.588 -0.96   1.05
 -0.04   0.55   0.25  -1.219  0.659  0.224 -0.53  -0.828  1.385 -0.86
  0.7    0.58  -0.78   0.31   0.87  -0.16  -0.992  0.317 -0.85  -0.46
  0.73   0.94  -0.65  -0.225  0.86   0.126  0.77  -0.599 -0.48  -0.29
 -0.16   0.577  0.419  0.31  -0.835  0.27  -0.27   0.15  -1.439  0.02
 -0.66  -0.32   0.139 -0.533 -0.92   0.6    0.42   0.7   -0.17  -0.06
 -0.65   0.68   0.12   0.59  -0.08   0.3    0.04   0.2   -0.58   0.77
  0.08  -0.18   0.46  -0.44  -0.32   0.51   0.86   0.831  0.52  -0.58
  0.23   0.71  -0.05   0.48   0.65   0.95  -0.36   0.87   0.26  -0.75 ][ 0.003 -1.098  1.787  0.73  -0.529  0.97   0.08   0.33  -0.96   1.05
 -0.04   0.55   0.25  -1.935  0.659  0.225 -0.53  -0.828  1.919 -0.86
  0.7    1.291 -0.78   0.31   0.87  -0.16  -0.992  0.317 -0.85  -0.46
  0.73   0.94  -0.65   0.12   0.86   0.126  0.77  -0.599 -0.48  -0.29
 -0.16   0.577  0.791  0.31  -0.835  0.27  -0.27   0.15  -1.439  0.02
 -0.66  -0.32   0.139 -0.533 -0.92   0.6    0.42   0.7   -0.17  -0.06
 -0.65  -0.174  0.12   0.59  -0.08   0.3    0.04   0.2   -0.58   0.77
  0.08  -0.18   0.46  -0.44  -0.32   0.51   0.86   0.831  0.52  -0.58
  0.23   0.71  -0.05   0.48   0.65   0.95  -0.36   0.87   0.26  -0.75 ][ 0.003 -1.079  1.787  0.73  -0.529  0.968 -0.449  0.33  -0.96   1.05
 -0.04   0.55   0.25  -1.935  0.659  0.225 -0.788 -0.828  1.385 -0.86
  0.7    1.291  0.085 -0.2    0.87  -0.276 -0.09   0.317 -0.85  -0.46
  0.73   0.94  -0.65   0.12   0.86   0.126  0.77  -0.599 -0.48  -0.29
 -0.16   0.577  0.791  0.31  -0.835  0.27  -0.27  -0.287 -1.439  0.02
 -0.66  -0.32   0.139 -0.533 -0.92   0.6    0.42   0.7   -0.17  -0.06
 -1.197  0.68   0.12   0.59  -0.08  -0.245  0.04   0.2   -0.58   0.77
  0.08  -0.18   0.46  -0.44  -0.32   0.51   0.86   0.831  0.52  -0.58
  0.23   0.71  -0.05   0.48   0.65   0.95  -0.36   0.87   0.26  -0.75 ][ 0.003 -1.079  1.787  0.73  -0.529  0.968 -0.449  0.33  -0.96   1.05
 -0.04   0.55   0.25  -1.935  0.659  0.225 -0.53  -0.828  1.385 -0.86
  0.7    1.291  0.085  0.31   0.87  -0.276 -0.09   0.317 -0.85  -0.46
  0.73   0.94  -0.671  0.12   0.86   0.126  0.77  -0.599 -0.48  -0.29
 -0.16   0.577  0.791  0.31  -0.835  0.27  -0.27  -0.287 -1.165  0.02
 -0.66  -0.32   0.139 -0.533 -0.92   0.6    0.42   0.7   -0.17  -0.06
 -0.65   0.289  0.12   0.59  -0.08   0.3    0.04   0.2   -0.58   0.77
  0.08  -0.18   0.46  -0.44  -0.32   0.51   0.86   0.9    0.52  -0.58
  0.23   0.71  -0.05   0.48   0.65   0.95  -0.36   0.85   0.26  -0.75 ][ 0.003 -1.079  1.787  0.73  -0.57   1.935 -0.449  0.588 -0.96   1.05
 -0.04   0.55   0.25  -1.935  0.659  0.225 -0.53  -0.828  1.385 -0.86
  0.476  1.291  0.085  0.31   0.87  -0.276 -0.09   0.406 -0.451 -0.46
  0.73   0.94  -0.671  0.12   0.86   0.126  0.77  -0.599 -0.48  -0.29
 -0.16   0.577  0.791  0.31  -0.835  0.27  -0.27  -0.287 -1.165  0.02
 -0.66  -0.32   0.139 -0.533 -0.92   0.6    0.42   0.7   -0.17  -0.06
 -0.65   0.289  0.12   0.59  -0.08   1.003  0.04   0.2   -0.58   0.77
  0.08  -0.18   0.46  -0.44  -0.32   0.51   0.86   0.831  0.52  -0.58
  0.23   0.71  -0.05   0.48   0.65   0.95  -0.36   0.85   0.26  -0.75 ][ 0.003 -1.098  1.787  0.73  -0.57   0.97  -0.449  0.588 -0.96   1.05
 -0.04   0.55   0.795 -1.219  0.659  0.225 -0.53  -0.995  1.385 -0.86
  0.7    1.291  0.085 -0.012  0.87  -0.276 -0.09  -0.65  -0.85  -0.46
  0.73   0.94  -0.65   0.12   0.86   0.126  0.77  -0.599 -0.48  -0.29
 -0.16   0.577  0.791  0.31  -0.835  0.27  -0.27   0.364 -1.439  0.02
 -0.66  -0.32   0.139 -0.533 -0.92   0.6    0.42   0.7   -0.17  -0.06
 -0.65   0.68   0.12   0.59  -0.103  0.3    0.04   0.2   -0.58   0.77
  0.08  -0.18   0.46  -0.44  -0.32   0.51   0.86   0.831  0.52  -0.58
  0.23   0.71  -0.05   0.48   0.65   0.95  -0.36   0.87   0.26  -0.75 ][ 0.003 -1.098  1.787  1.077 -1.496  0.97  -0.449  0.33  -0.96   1.05
 -0.04   0.55  -0.091 -1.935  0.659  0.225 -0.53  -0.828  1.385 -0.86
  0.7    1.291  0.085 -0.012  0.87  -0.276 -0.09   0.317 -0.85  -0.46
  0.73   0.94  -0.65   0.12   0.86   0.126  0.77  -0.599 -0.48  -0.29
 -0.16   0.577  0.791  0.31  -0.835  0.27  -0.27  -0.287 -1.439 -0.168
 -0.66  -0.32   0.139 -0.533 -0.92   0.6    0.42   0.7   -0.17  -0.06
 -0.65   0.289  0.12   0.59  -0.103  0.3    0.04   0.2   -0.664  0.77
  0.382 -0.18   0.46  -0.44  -0.32   0.51   0.86   0.9    0.52  -0.58
  0.23   0.71  -0.05   0.48   0.65   0.95  -0.36   0.85   0.26  -0.75 ][ 0.003 -1.098  1.787  0.73  -0.566  1.935 -0.449  0.33  -0.96   1.05
 -0.04   0.55   0.25  -1.935  0.659  0.225 -0.53  -0.828  1.385 -0.86
  0.7    0.136  0.085  0.31   0.87  -0.276 -0.09   0.317 -0.85  -0.46
  0.73   0.94  -0.671  0.12   0.86   0.126  0.77  -0.599 -0.48  -0.29
 -0.16   0.66   0.791  0.31  -0.835  0.27  -0.27  -0.287 -1.165  0.02
 -0.66  -0.32   0.139 -0.533 -0.92   0.6    0.42   0.7   -0.17  -0.06
 -0.65   0.289  0.12   0.59  -0.08   0.3    0.04   0.2   -0.58   0.77
  0.08  -0.18   0.46  -0.44  -0.32   0.51   0.86   0.9    0.52  -0.58
  0.23   0.71  -0.05   0.48   0.65   0.95  -0.36   0.85   0.26  -0.75 ][ 0.003 -1.098  1.787  0.73  -0.529  1.935 -0.449  0.33  -0.96   1.05
 -0.04   0.55   0.25  -1.219  0.659  0.225 -0.53  -0.828  1.385 -0.86
  0.7    0.58   0.085  0.31   0.87  -0.276 -0.09  -0.243 -0.85  -0.46
  0.73   0.94  -0.65   0.12   0.86   0.126  0.77  -0.599 -0.48  -0.29
 -0.16   0.577  0.791  0.31  -0.835  0.27  -0.27  -0.287 -1.75   0.02
 -0.66  -0.32   0.139 -0.533 -0.92   0.6    0.42   0.7   -0.17  -0.06
 -0.65   0.289  0.12   0.59  -0.08   0.3    0.04   0.2   -0.58   0.77
  0.08   0.442  0.46  -0.44  -0.32   0.51   0.86   0.9    0.52  -0.58
  0.23   0.71  -0.05   0.48   0.65   0.95  -0.36   0.87   0.26  -0.75 ][ 0.003 -1.098  1.787  0.73  -0.566  1.935 -0.449  0.33  -0.96   1.05
 -0.04   0.55   0.25  -1.935  0.659  0.225 -0.53  -0.828  1.385 -0.86
  0.7    0.58   0.085  0.31   0.87  -0.276 -0.09   0.317 -0.85  -0.46
  0.73   0.94  -0.65   0.12   0.86   0.126  0.77  -0.599 -0.48  -0.29
 -0.16   0.66   0.791  0.31  -0.835  0.27  -0.27  -0.287 -1.165  0.02
 -0.66  -0.32   0.139 -0.788 -0.92   0.6    0.42   0.7   -0.17  -0.06
 -0.65   0.289  0.12   0.59  -0.08   0.3    0.04   0.2   -0.58   0.77
  0.08   0.442  0.46  -0.44  -0.32   0.51   0.86   0.9    0.52  -0.58
  0.23   0.71  -0.05   0.48   0.65   0.95  -0.36   0.85   0.26  -0.75 ][ 0.003 -1.079  1.787  0.657 -0.529  0.97   0.08   0.33  -0.96   1.05
 -0.04   0.55   0.25  -1.935  0.659  0.225 -0.788 -0.828  0.923 -0.86
  0.7    1.291  0.085  0.31   0.87  -0.16  -0.992  0.317 -0.85  -0.46
  0.73   0.94  -0.65   0.12   0.86   0.126  0.77  -0.599 -0.48  -0.29
 -0.16   0.577  0.791 -0.408 -0.835  0.27  -0.27   0.15  -1.439  0.02
 -0.66  -0.32   0.139 -0.533 -0.92   0.6    0.42   0.7   -0.17  -0.06
 -0.65  -0.174  0.12   0.59  -0.103  0.3    0.04   0.2    0.318  0.77
  0.08  -0.18   0.46  -0.44  -0.32   0.51   0.86   0.831  0.52  -0.58
  0.23   0.71  -0.05   0.48   0.65   0.95  -0.36   0.87   0.26  -0.75 ][ 0.003 -1.098  1.787  1.497 -0.529  1.935 -0.449  0.588 -0.96   1.05
 -0.04   0.55   0.25  -1.219  0.659  0.225 -0.53  -0.828  1.385 -0.86
  0.476  1.291  0.085 -0.012  0.87  -0.276 -0.09   0.406 -0.451 -0.46
  0.73   0.94  -0.65   0.12   0.86   0.126  0.77  -0.599 -0.48  -0.29
 -0.16   0.577  0.791  0.31  -0.835  0.27  -0.27  -0.287 -1.439  0.02
 -0.66  -0.32   0.139 -0.533 -1.363  0.6    0.42   0.7   -0.17  -0.06
 -0.65   0.289  0.12   0.59  -0.08   1.003  0.04   0.2   -0.58   0.77
  0.382  0.442  0.46  -0.44  -0.32   0.51   0.86   0.9    0.52  -0.58
  0.23   0.71  -0.05   0.48   0.65   0.95  -0.083  0.85   0.26  -0.75 ][ 0.003 -1.098  1.787  0.73  -0.57   0.97  -0.449  0.588 -0.96   1.05
 -0.04   0.55   0.25  -1.935  0.659  0.225 -0.53  -0.828  1.385 -0.86
  0.7    0.58  -0.78  -0.2    0.87  -0.16  -0.09   0.317 -0.85  -0.46
  0.73   0.94  -0.65  -0.225  0.86   0.126  0.77  -0.599 -0.48  -0.29
 -0.16   0.577  0.791  0.31  -0.835  0.27  -0.27  -0.137 -1.439  0.02
 -0.66  -0.32   0.139 -0.533 -0.92   0.6    0.42   0.7   -0.17  -0.06
 -0.65   0.68   0.12   0.59  -0.08   0.3    0.04   0.2   -0.58   1.459
  0.08  -0.18   0.46  -0.44  -0.32   0.51   0.86   0.831  0.52  -0.58
  0.23   0.71  -0.05   0.48   0.65   0.95  -0.36   0.87   0.26  -0.75 ][ 0.003 -1.098  1.787  0.73  -0.529  1.935 -0.449  0.33  -0.96   1.05
 -0.04   0.55   0.25  -1.935  0.659  0.225 -0.53  -0.828  1.385 -0.86
  0.7    1.291  0.085  0.31   0.87  -0.276 -0.09   0.317 -0.85  -0.46
  0.73   0.94  -0.671  0.12   0.86   0.126  0.77  -0.599 -0.48  -0.29
 -0.16   0.66   0.791  0.31  -0.835  0.27  -0.27   0.15  -1.165  0.02
 -0.66  -0.32   0.139 -0.533 -1.588  0.6    0.42   0.7   -0.17  -0.06
 -0.65  -0.174  0.12   0.59  -0.08   0.3    0.04   0.2   -0.58   0.77
  0.08  -0.18   0.46  -0.44  -0.32   0.51   0.86   0.9    0.52  -0.58
  0.23   0.71  -0.05   0.48   0.65   0.95  -0.36   0.87   0.26  -0.75 ][ 0.003 -1.098  1.787  0.73  -0.529  0.97  -0.449  0.33  -0.96   1.05
 -0.04   0.55  -0.091 -1.935  0.659  0.225 -0.53  -0.828  1.385 -0.86
  0.7    1.291  0.085 -0.012  0.87  -0.276 -0.09   0.317 -0.85  -0.46
  0.73   0.94  -0.65   0.12   0.86   0.126  0.77  -0.599 -0.48  -0.29
 -0.16   0.577  0.791  0.31  -0.835  0.27  -0.27  -0.287 -1.439  0.02
 -0.66  -0.32   0.139 -0.533 -0.92   0.6    0.42   0.7   -0.17  -0.06
 -1.197  0.68   0.12   0.59  -0.08   0.3    0.04   0.2   -0.658  0.77
  0.08  -0.18   0.46  -0.44  -0.32   0.51   0.86   0.831  0.52  -0.58
  0.23   0.71  -0.05   0.48   0.65   0.95  -0.36   0.85   0.26  -0.75 ][ 0.003 -1.079  1.787  0.73  -0.529  1.935 -0.449  0.588 -0.96   1.05
 -0.04   0.55   0.25  -1.935  0.659  0.225 -0.53  -0.828  1.385 -0.86
  0.476  0.58   0.085 -0.2    0.87  -0.276 -0.09   0.317 -0.85  -0.46
  0.73   0.94  -0.671 -0.225  0.86   0.126  0.77  -0.599 -0.48  -0.29
 -0.16   0.577  0.791  0.31  -0.835  0.27  -0.27  -0.137 -1.439  0.02
 -0.66  -0.32   0.139 -0.533 -0.92   0.6    0.42   0.7   -0.17  -0.06
 -0.65   0.289  0.12   0.59  -0.103  1.003  0.04   0.2   -0.58   0.77
  0.08  -0.18   0.46  -0.44  -0.32   0.51   0.86   0.831  0.833 -0.58
  0.23   0.71  -0.05   0.48   0.65   0.95  -0.36   0.85   0.26  -0.75 ][ 0.003 -1.098  1.787  0.73  -0.529  0.968 -0.449  0.588 -0.96   1.05
 -0.04   0.55   0.795 -1.935  0.659  0.225 -0.53  -0.995  1.385 -0.86
  0.7    1.291  0.085 -0.012  0.87  -0.276 -0.09   0.317 -0.85  -0.46
  0.73   0.94  -0.671  0.12   0.86   0.126  0.77  -0.599 -0.48  -0.29
 -0.16   0.577  0.791  0.31  -0.835  0.27  -0.27   0.364 -1.439  0.02
 -0.66  -0.32   0.139 -0.533 -0.92   0.6    0.42   0.7   -0.17  -0.06
 -0.65   0.289  0.12   0.59  -0.08   0.3    0.04   0.2   -0.58   0.77
  0.251 -0.18   0.46  -0.44  -0.32   0.51   0.86   0.831  0.52  -0.58
  0.23   0.71  -0.05   0.48   0.65   0.95  -0.36   0.85   0.26  -0.75 ][ 0.003 -1.079  1.787  0.73  -0.529  0.97  -0.449  0.33  -1.308  1.05
 -0.04   0.55   0.25  -1.935  0.659  0.225 -0.53  -0.828  1.919 -0.86
  0.7    1.291  0.085 -0.012  0.87  -0.276 -0.992  0.317 -0.85  -0.46
  0.73   0.974 -0.65   0.12   0.86   0.126  0.77  -0.599 -0.48  -0.29
 -0.16   0.577  0.791  0.31  -0.835  0.27  -0.27  -0.287 -1.439  0.02
 -0.66  -0.32   0.139 -0.533 -0.92   0.6    0.42   0.7   -0.17  -0.06
 -0.65  -0.174  0.12   0.59  -0.08   0.3    0.04   0.2   -0.58   0.77
  0.382 -0.18   0.46  -0.44  -0.32   0.51   0.86   0.9    0.52  -0.58
  0.23   0.71  -0.05   0.48   0.65   0.95  -0.36   0.85   0.26  -0.75 ][ 0.003 -1.098  1.787  0.73  -0.566  1.935 -0.449  0.33  -0.96   1.05
 -0.04   0.55   0.25  -1.935  0.659  0.225 -0.53  -0.828  1.385 -0.86
  0.7    0.136  0.085 -0.2    0.87  -0.276 -0.09   0.317 -0.85  -0.46
  0.73   0.94  -0.65   0.12   0.86   0.126  0.77  -0.599 -0.299 -0.29
 -0.16   0.66   0.791  0.31  -0.835  0.27  -0.27  -0.287 -1.165  0.02
 -0.66  -0.32   0.139 -0.533 -0.92   0.6    0.42   0.7   -0.17  -0.06
 -0.65   0.68   0.12   0.59  -0.08   0.3    0.04   0.2   -0.58   0.77
  0.08  -0.18   0.46  -0.44  -0.32   0.51   0.86   0.831  0.52  -0.58
  0.23   0.71  -0.05   0.48   0.65   0.95  -0.36   0.87   0.26  -0.75 ][ 0.003 -1.098  1.787  0.769 -0.529  1.935 -0.449  0.33  -0.96   1.05
 -0.04   0.55   0.25  -1.219  0.659  0.225 -0.53  -0.828  1.385 -0.86
  0.7    1.291  0.085  0.31   0.87  -0.276 -0.09  -0.243 -0.85  -0.46
  0.73   0.94  -0.65   0.12   0.86   0.126  0.77  -0.599 -0.48  -0.29
 -0.16   0.577  0.791  0.31  -0.835  0.27  -0.27  -0.287 -1.439 -0.168
 -0.66  -0.32   0.139 -0.533 -0.92   0.6    0.42   0.7   -0.17  -0.06
 -0.65   0.289  0.12   0.59  -0.08   0.3    0.04   0.2   -0.58   0.77
  0.08   0.442  0.46  -0.44  -0.32   0.51   0.86   0.9    0.52  -0.58
  0.23   0.71  -0.05   0.48   0.65   0.95  -0.36   0.87   0.26  -0.75 ][ 0.003 -1.098  1.787  1.497 -0.57   0.97  -0.449  0.33  -0.96   1.05
 -0.04   0.55   0.25  -1.935  0.659  0.225 -0.53  -0.828  1.385 -0.86
  0.7    1.291  0.085 -0.012  0.87  -0.276 -0.09   0.406 -0.85  -0.46
  0.73   0.94  -0.65   0.12   0.86   0.126  0.77  -0.599 -0.48  -0.29
 -0.16   0.577  0.791  0.31  -0.835  0.27  -0.27  -0.287 -1.439  0.02
 -0.66  -0.32  -0.486 -0.533 -0.92   0.6    0.42   0.7   -0.17  -0.06
 -0.65   0.289  0.12   0.59  -0.103  0.3    0.04   0.2   -0.58   0.77
  0.382 -0.18   0.46  -0.44  -0.32   0.51   0.86   0.9    0.52  -0.58
  0.23   0.71  -0.05   0.48   0.65   0.95  -0.36   0.85   0.26  -0.75 ][ 0.003 -1.079  2.406  0.73  -1.496  1.935  0.08   0.33  -0.96   1.05
 -0.04   0.55   0.25  -1.219  0.659  0.225 -0.53  -0.828  1.385 -0.86
  0.7    0.58   0.085  0.31   0.87  -0.276 -0.09   0.317 -0.85  -0.46
  0.73   0.94  -0.65   0.12   0.86   0.126  0.77  -0.599 -0.48  -0.29
  0.068  0.577  0.791 -0.408 -0.835  0.27  -0.27  -0.287 -1.439  0.02
 -0.66  -0.32   0.139 -0.533 -0.92   0.6    0.42   0.7   -0.17  -0.06
 -0.65   0.772  0.12   0.59  -0.103  0.3    0.04   0.2   -0.58   0.77
  0.08  -0.18   0.46  -0.44  -0.32   0.51   0.86   0.9    0.52  -0.58
  0.23   0.71  -0.05   0.48   0.65   0.95  -0.36   0.87   0.26  -0.75 ][ 0.003 -1.098  1.787  0.73  -0.57   1.935 -0.449  0.441 -0.96   1.05
 -0.04   0.55   0.25  -1.935  0.659  0.225 -0.53  -0.828  1.385 -0.86
  0.7    0.136  0.085  0.31   0.87  -0.276 -0.09   0.406 -0.85  -0.46
  0.73   0.94  -0.671  0.12   0.86   0.126  0.77  -0.599 -0.48  -0.29
 -0.16   0.577  0.419  0.31  -0.835  0.27  -0.27  -0.287 -1.165  0.02
 -0.66  -0.32   0.139 -0.533 -0.92   0.6    0.42   0.7   -0.17  -0.06
 -0.65   0.289  0.597  0.59  -0.103  1.003  0.04   0.2   -0.58   0.77
  0.08  -0.18   0.46  -0.44  -0.32   0.51   0.86   0.9    0.52  -0.58
  0.23   0.71  -0.05   0.48   0.65   0.95  -0.36   0.85   0.26  -0.75 ][ 0.003 -1.098  1.787  0.73  -0.57   1.935 -0.449  0.33  -0.96   1.05
 -0.04   0.55   0.795 -1.935  0.659  0.225 -0.53  -0.828  1.385 -0.86
  0.7    1.291  0.085  1.088  0.87  -0.276 -0.09   0.317 -0.85  -0.46
  0.73   0.94  -0.671  0.12   0.86   0.126  0.77  -0.599 -0.48  -0.29
 -0.16   0.577  0.791  0.31  -0.835  0.27  -0.27  -0.287 -1.165 -0.168
 -0.66  -0.32   0.139 -0.533 -0.92   0.6    0.42   0.7   -0.17  -0.06
 -0.65   0.289  0.12   0.59  -0.08   0.3    0.04   0.2   -0.58   0.77
  0.08  -0.18   0.46  -0.44  -0.32   0.51   0.86   0.9    0.52  -0.58
  0.23   0.71  -0.05   0.48   0.65   0.95  -0.36   0.85   0.26  -0.75 ][ 0.003 -1.079  1.787  0.73  -0.529  1.935 -0.449  0.588 -0.96   1.05
 -0.04   0.55   0.25  -1.935  0.659  0.225 -0.53  -0.828  1.385 -0.86
  0.7    0.58  -0.78   0.31   0.87  -0.276 -0.09   0.317 -0.85  -0.46
  0.73   0.94  -1.502 -0.225  0.86   0.126  0.77  -0.599 -0.48  -0.29
 -0.16   0.577  0.419  0.31  -0.835  0.27  -0.27  -0.287 -1.165  0.02
 -0.66  -0.32   0.139 -0.533 -0.92   0.6    0.42   0.7   -0.17  -0.06
 -0.65   0.289  0.12   0.59  -0.103  0.3    0.04   0.2   -0.6    0.77
  0.08  -0.18   0.46  -0.44  -0.32   0.51   0.86   0.831  0.52  -0.58
  0.23   0.71  -0.05   0.48   0.65   0.95  -0.36   0.87   0.26  -0.75 ][ 0.003 -1.098  1.787  0.73  -0.529  0.97  -0.449  0.33  -0.96   1.05
 -0.04   0.55   0.25  -1.935  0.659  0.02  -0.53  -0.828  1.919 -0.86
  0.7    0.58   0.085  0.31   0.87  -0.16  -0.09   0.317 -0.85  -0.46
  1.222  0.94  -0.65   0.12   0.86   0.126  0.77  -0.599 -0.48  -0.29
 -0.16   0.577  0.791  0.31  -0.835  0.27  -0.27   0.15  -1.439  0.02
 -0.66  -0.32   0.139 -0.533 -0.92   0.6    0.42   0.7   -0.17  -0.06
 -0.65   0.289  0.12   0.59  -0.103  0.3    0.04   0.2   -0.58   0.77
  0.08  -0.18   0.46  -0.44  -0.32   0.51   0.86   0.831  0.52  -0.58
  0.23   0.71  -0.05   0.48   0.65   0.95  -0.36   0.87   0.26  -0.75 ][ 0.003 -1.098  1.787  1.497 -0.57   0.97  -0.449  0.588 -0.96   1.05
 -0.04   0.55   0.25  -1.935  0.2    0.225 -0.53  -0.828  1.385 -0.86
  0.7    1.291  0.085  0.31   0.87  -0.276 -0.09   0.317 -0.451 -0.46
  0.73   0.94  -0.65   0.12   0.86   0.126  0.77  -0.599 -0.48  -0.29
 -0.16   0.577  0.791  0.31  -0.835  0.27  -0.27  -0.287 -1.439  0.02
 -0.66  -0.32   0.139 -0.533 -0.92   0.6    0.42   0.7   -0.17  -0.06
 -0.65   0.289  0.12   0.59  -0.103  1.003  0.04   0.2   -0.664  0.77
  0.382 -0.18   0.46  -0.44  -0.32   0.51   0.86   0.9    0.52  -0.58
  0.23   0.71  -0.05   0.48   0.65   0.95  -0.36   0.85   0.26  -0.75 ][ 0.003 -1.079  2.406  0.73  -1.496  1.935 -0.449  0.33  -0.96   1.05
 -0.04   0.55   0.25  -1.219  0.659  0.225 -0.53  -0.828  1.385 -0.86
  0.7    0.58   0.085  0.31   0.87  -0.589 -0.09  -0.243 -0.85  -0.46
  0.73   0.94  -0.65   0.12   0.86   0.126  0.77  -0.599 -0.48  -0.29
  0.068  0.577  0.791  0.31  -0.835  0.27  -0.27  -0.287 -1.439  0.02
 -0.66  -0.32   0.139 -0.533 -0.92   0.6    0.42   0.7   -0.17  -0.06
 -0.65   0.289 -0.012  0.59  -0.103  0.3    0.04   0.2   -0.58   0.77
  0.382 -0.18   0.46  -0.44  -0.32   0.51   0.86   0.9    0.52  -0.58
  0.23   0.71  -0.05   0.48   0.65   0.95  -0.36   0.85   0.26  -0.75 ][ 0.003 -1.079  1.787  0.73  -1.496  0.155 -0.449  0.33  -0.96   1.05
 -0.04   0.55   0.25  -1.219  0.659  0.225 -0.53  -0.828  1.385 -0.86
  0.7    1.291  0.085 -0.012  0.87  -0.276 -0.09   0.317 -0.85  -0.46
  0.73   0.94  -0.671  0.12   0.86   0.126  0.77  -0.599 -0.48  -0.29
 -0.16   0.577 -0.104  0.31  -0.835  0.27  -0.27  -0.287 -1.165  0.02
 -0.66  -0.32   0.139 -0.533 -1.363  0.6    0.42   0.7   -0.17  -0.06
 -0.65   0.289  0.12   0.59  -0.103  0.3    0.04   0.2   -0.58   0.77
  0.08  -0.18   0.46  -0.44  -0.32   0.51   0.86   0.9    0.52  -0.58
  0.23   0.71  -0.05   0.48   0.65   0.95  -0.36   0.87   0.26  -0.75 ][ 0.003 -1.098  1.787  0.73  -0.57   1.935 -0.449  0.588 -0.96   1.05
 -0.04   0.55   0.25  -1.935  0.659  0.225 -0.53  -0.828  1.385 -0.86
  0.7    1.291  0.085 -0.012  0.87  -0.276 -0.09  -0.243 -0.451 -0.46
  0.73   0.94  -0.65   0.12   0.86   0.126  0.77  -0.599 -0.48  -0.29
 -0.16   0.577  0.791  0.31  -0.835  0.27  -0.27  -0.287 -1.75   0.02
 -0.66  -0.32   0.139 -0.533 -1.363  0.6    0.42   0.7   -0.17  -0.06
 -0.65   0.289  0.12   0.59  -0.103  1.003  0.04   0.2   -0.58   0.77
  0.08   0.442  0.46  -0.44  -0.32   0.51   0.86   0.9    0.52  -0.58
  0.23   0.71  -0.05   0.48   0.65   0.95  -0.36   0.85   0.911 -0.75 ][ 0.003 -1.098  1.787  0.73  -0.529  1.935 -0.449  0.33  -0.96   1.05
 -0.04   0.55   0.795 -1.935  0.659  0.225 -0.53  -0.828  1.385 -0.86
  0.7    0.58   0.085  0.31   0.87  -0.276 -0.09  -0.243 -0.85  -0.46
  0.73   0.94  -0.65   0.12   0.86   0.126  0.77  -1.385 -0.48  -0.29
 -0.16   0.577  0.791  0.31  -0.835  0.27  -0.27  -0.287 -1.75  -0.168
 -0.66  -0.32   0.139 -0.533 -0.92   0.6    0.42   0.7   -0.17  -0.06
 -0.65   0.289  0.12   0.59  -0.08   0.3    0.04   0.2   -0.664  0.77
  0.08  -0.18   0.46  -0.44  -0.32   0.51   0.86   0.9    0.52  -0.58
  0.23   0.71  -0.05   0.48   0.65   0.95  -0.36   0.87   0.26  -0.75 ][ 0.003 -1.079  1.787  0.73  -0.57   1.935 -0.449  0.588 -1.308  1.05
 -0.04   0.55   0.25  -1.935  0.659  0.225 -0.53  -0.828  1.919 -0.86
  0.476  1.291  0.085 -0.012  0.87  -0.276 -0.992  0.406 -0.451 -0.46
  0.73   0.94  -0.671  0.12   0.86   0.126  0.77  -0.599 -0.48  -0.29
  0.068  0.577  0.791  0.31  -0.835  0.27  -0.27  -0.287 -1.439  0.02
 -1.007 -0.32   0.139 -0.533 -0.92   0.6    0.42   0.7   -0.17  -0.06
 -0.65   0.289  0.12   0.59  -0.08   0.3    0.04   0.2   -0.58   0.77
  0.08  -0.18   0.46  -0.44  -0.32   0.51   0.86   0.831  0.52  -0.58
  0.23   0.71  -0.05   0.48   0.65   0.95  -0.36   0.87   0.26  -0.75 ][ 0.003 -1.079  1.787  0.73  -0.529  1.935 -0.449  0.33  -0.96   1.05
 -0.04   0.55   0.25  -1.219  0.659  0.225 -0.53  -0.828  1.385 -0.86
  0.7    0.58   0.085  0.31   0.87  -0.276 -0.09   0.317 -0.85  -0.46
  0.73   0.94  -0.671  0.12   0.86   0.126  0.77  -0.599 -0.48  -0.29
  0.068  0.577  0.791  0.31  -0.835  0.27  -0.27  -0.287 -1.165  0.02
 -0.66  -0.32   0.139 -0.533 -0.92   0.6    0.891  0.7   -0.17  -0.06
 -0.65   0.289  0.12   0.59  -0.103  0.3    0.04   0.2   -0.58   0.77
  0.08  -0.18   0.46  -0.44  -0.32   0.51   0.86   0.9    0.52  -0.58
  0.23   0.71  -0.05   0.48   0.65   0.95  -0.36   0.85   0.26  -0.75 ][ 0.003 -1.098  1.787  0.73  -1.496  0.97   0.08   0.33  -0.96   1.05
 -0.04   0.55   0.25  -1.935  0.659  0.225 -0.53  -0.828  1.385 -0.86
  0.476  1.291  0.085 -0.012  0.87  -0.276 -0.09   0.317 -0.85  -0.46
  0.73   0.94  -0.65   0.12   0.86   0.126  0.77  -0.599 -0.48  -0.29
 -0.16   0.577  0.791 -0.408 -0.835  0.27  -0.27  -0.287 -1.439  0.02
 -0.66  -0.32   0.139 -0.533 -0.92   0.6    0.42   0.7   -0.17  -0.06
 -0.65   0.289  0.12   0.59  -0.103  0.3    0.04   0.2   -0.58   0.77
  0.08  -0.18   0.46  -0.44  -0.32   0.51   0.86   0.9    0.52  -0.58
  0.23   0.71  -0.05   0.48   0.65   0.95   0.579  0.87   0.26  -0.75 ][ 0.003 -0.75   1.787  0.73  -0.57   0.97  -0.449  0.33  -0.96   1.05
 -0.04   0.55   0.795 -1.935  0.659  0.225 -0.53  -0.828  1.919 -0.86
  0.7    1.291  0.085  0.31   0.87  -0.276 -0.992  0.317 -0.85  -0.46
  0.73   0.94  -0.65   0.12   0.86   0.126  0.77  -0.599 -0.48  -0.29
 -0.16   0.577  0.791  0.31  -0.835  0.27  -0.27   0.15  -1.439 -0.168
 -0.66  -0.32   0.139 -0.533 -0.92   0.6    0.42   0.7   -0.17  -0.06
 -0.65  -0.174  0.12   0.59  -0.08   0.3    0.04   0.2   -0.58   0.77
  0.08  -0.18   0.46  -0.44  -0.32   0.51   0.86   0.831  0.52  -0.58
  0.23   0.71  -0.05   0.48   0.65   0.95  -0.36   0.87   0.26  -0.75 ][ 0.003 -1.098  1.787  0.73  -0.529  0.97   0.08   0.33  -0.96   1.05
 -0.04   0.55   0.25  -1.935  0.659  0.225 -0.53  -0.828  1.919 -0.86
  0.7    1.291  0.085  0.31   0.87  -0.276 -0.09   0.317 -0.85  -0.46
  0.73   0.94  -0.65   0.12   0.86   0.126  0.77  -0.599 -0.48  -0.29
 -0.16   0.577  0.791 -0.408 -0.835  0.27  -0.27  -0.287 -1.439 -0.168
 -0.66  -0.32   0.139 -0.533 -0.92   0.6    0.42   0.7   -0.17  -0.06
 -0.65   0.289  0.12   0.59  -0.103  1.221  0.04   0.2   -0.664  0.77
  0.08  -0.18   0.46  -0.44  -0.32   0.51   0.86   0.9    0.52  -0.58
  0.23   0.71  -0.05   0.48   0.65   0.95  -0.36   0.85   0.26  -0.75 ][ 0.003 -1.098  1.787  0.73  -0.57   0.97  -0.449  0.588 -0.96   1.05
 -0.04   0.55   0.25  -1.935  0.659  0.225 -0.53  -0.828  1.385 -0.86
  0.7    1.291  0.085  0.31   0.87  -0.276 -0.09   0.317 -0.85  -0.46
  0.73   0.94  -0.671  0.12   0.86   0.126  0.77  -0.599 -0.48  -0.29
 -0.16   0.577  0.791  0.31  -0.835  0.27  -0.27  -0.287 -1.165  0.02
 -0.66  -0.32   0.139 -0.533 -0.92   0.6    0.42   0.7   -0.17  -0.06
 -0.65   0.289  0.12   0.59  -0.08   0.3    0.04   0.2   -0.58   0.77
  0.08  -0.18  -0.494 -0.44  -0.32   0.51   0.86   0.831  0.52  -0.58
  0.23   0.71  -0.05   0.48   0.65   0.95  -0.36   0.85   0.26  -0.75 ][ 0.003 -1.098  1.787  0.73  -0.529  0.97   0.08   0.33  -0.96   1.05
 -0.04   0.55  -0.091 -1.935  0.659  0.225 -0.53  -0.828  1.919 -0.86
  0.7    0.58   0.085  0.31   0.87  -0.276 -0.09   0.317 -0.85  -0.46
  0.73   0.94  -0.65   0.12   0.86   0.126  0.77  -0.599 -0.48  -0.29
 -0.16   0.577  0.791 -0.408 -0.835  0.27  -0.27  -0.287 -1.439  0.02
 -0.59  -0.32   0.139 -0.533 -0.92   0.6    0.42   0.7   -0.17  -0.06
 -0.65   0.289  0.12   0.59  -0.103  0.3    0.04   0.2   -0.58   0.77
  0.08  -0.18   0.46  -0.44  -0.32   0.51   0.86   0.9    0.52  -0.58
  0.23   0.71  -0.05   0.48   0.65   0.95  -0.36   0.87   0.26  -0.75 ][ 0.003 -1.079  1.787  1.077 -0.529  0.97  -0.449  0.33  -0.96   1.05
 -0.04   0.55  -0.091 -1.935  0.659  0.225 -0.53  -0.828  1.385 -0.86
  0.7    1.291  0.085 -0.012  0.87  -0.16  -0.09   0.317 -0.85  -0.46
  0.73   0.94  -0.65  -0.225  0.86   0.126  0.77  -0.599 -0.48  -0.29
 -0.16   0.577  0.791  0.31  -0.835  0.27  -0.27  -0.287 -1.891 -0.168
 -0.66  -0.32   0.139 -0.533 -0.92   0.6    0.42   0.7   -0.17  -0.06
 -0.65   0.289  0.12   0.59  -0.103  0.3    0.04   0.2   -0.58   0.77
  0.08  -0.18   0.46  -0.44  -0.32   0.51   0.86   0.9    0.52  -0.58
  0.23   0.71  -0.05   0.48   0.65   0.95  -0.36   0.87   0.26  -0.75 ][ 0.003 -1.098  1.787  0.73  -0.529  0.97  -0.449  0.33  -0.96   1.05
 -0.04   0.55   0.25  -1.935  0.659  0.225 -0.53  -0.828  1.385 -0.86
  0.7    1.291  0.085 -0.2    0.87  -0.16  -0.09   0.317 -0.85  -0.46
  0.73   0.94  -0.65   0.12   0.86   0.126  0.77  -0.599 -0.48  -0.29
 -0.16   0.577  0.791  0.31  -0.835  0.27  -0.27  -0.137 -1.439  0.02
 -0.66  -0.32   0.139 -0.533 -0.92   0.6   -0.372  0.7   -0.17  -0.06
 -0.65   0.289  0.12   0.59  -0.103  0.3    0.04   0.2   -0.58   0.77
  0.08  -0.18   0.46  -0.44  -0.32   0.51   0.86   0.9    0.52  -0.58
  0.23   0.71  -0.05   0.48   0.65   0.95  -0.36   0.87   0.26  -0.75 ][ 0.003 -1.079  1.787  0.73  -0.57   1.935 -0.449  0.441 -0.96   1.05
 -0.04   0.55   0.25  -1.935  0.659  0.225 -0.53  -0.828  1.385 -0.86
  0.476  1.291  0.085  0.31   0.87  -0.276 -0.09   0.406 -0.85  -0.46
  0.73   0.94  -0.671  0.12   0.86   0.126  0.77  -0.599 -0.48  -0.261
  0.068  0.577  0.419  0.31  -0.835  0.27  -0.27  -0.287 -1.165  0.02
 -0.66  -0.32   0.139 -0.533 -0.92   0.6    0.42   0.7   -0.17  -0.06
 -0.65   0.289  0.12   0.59  -0.103  0.3    0.04   0.2   -0.58   0.77
  0.382 -0.18   0.46  -0.44  -0.32   0.51   0.86   0.9    0.52  -0.58
  0.23   0.71  -0.05   0.48   0.65   0.95  -0.36   0.87   0.26  -0.75 ][ 0.003 -1.079  2.406  0.73  -0.529  0.97   0.08   0.33  -0.96   1.05
 -0.04   0.55   0.25  -1.935  0.659  0.225 -0.53  -0.828  1.385 -0.86
  0.7    0.58   0.085  0.31   0.87  -0.276 -0.992  0.317 -0.85  -0.46
  0.73   0.94  -0.65   0.12   0.86   0.126  0.77  -0.599 -0.48  -0.29
  0.068  0.577  0.791  0.31  -0.835  0.27  -0.27  -0.287 -1.439  0.02
 -0.66  -0.32   0.139 -0.533 -0.92   0.6    0.42   0.7   -0.17  -0.06
 -0.65   0.289  0.12   0.59  -0.103  0.3    0.084  0.2   -0.58   0.77
  0.382 -0.18   0.46  -0.44  -0.32   0.51   0.86   0.9    0.52  -0.58
  0.23   0.71  -0.05   0.48   0.65   0.95  -0.36   0.87   0.26  -0.75 ][ 0.003 -1.079  1.787  0.73  -0.529  1.935 -0.449  0.33  -0.96   1.05
 -0.04   0.55   0.25  -1.219  0.659  0.225 -0.53  -0.828  1.385 -0.86
  0.7    0.58   0.085 -0.012  0.87  -0.276 -0.992  0.317 -0.85  -0.46
  0.73   0.94  -0.65   0.12   0.86   0.126  0.207 -0.599 -0.48  -0.29
  0.068  0.577  0.791  0.31  -0.835  0.27  -0.27  -0.287 -1.75   0.02
 -0.66  -0.32   0.139 -0.533 -0.92   0.6    0.42   0.7   -0.17  -0.06
 -0.65  -0.174  0.12   0.59  -0.08   0.3    0.04   0.2   -0.58   0.77
  0.382  0.442  0.46  -0.44  -0.32   0.51   0.86   0.9    0.52  -0.58
  0.23   0.71  -0.05   0.48   0.65   0.95  -0.36   0.87   0.26  -0.75 ][ 0.003 -1.098  1.787  1.497 -0.57   0.97   0.08   0.588 -0.96   1.05
 -0.04   0.55   0.25  -1.935 -0.248  0.225 -0.53  -0.828  0.923 -0.86
  0.476  1.291  0.085 -0.012  0.87  -0.16  -0.992  0.317 -0.451 -0.46
  0.73   0.94  -0.65   0.12   0.86   0.126  0.77  -0.599 -0.48  -0.29
 -0.16   0.577  0.791  0.31  -0.835  0.27  -0.27   0.15  -1.439  0.02
 -0.66  -0.32   0.139 -0.533 -0.92   0.6    0.42   0.7   -0.17  -0.06
 -0.65   0.289  0.12   0.59  -0.08   0.3    0.04   0.2   -0.58   0.77
  0.08  -0.18   0.46  -0.44  -0.32   0.51   0.86   0.831  0.52  -0.58
  0.23   0.71  -0.05   0.48   0.65   0.95  -0.36   0.85   0.26  -0.75 ][ 0.003 -1.098  1.787  0.73  -0.57   1.935 -0.449  0.588 -0.96   1.05
 -0.04   0.55   0.25  -1.935  0.659  0.225 -0.53  -0.828  1.833 -0.86
  0.476  0.58  -0.78  -0.012  0.87  -0.276 -0.09   0.317 -0.451 -0.46
  0.73   0.94  -0.65  -0.225  0.86   0.126  0.77  -0.599 -0.48  -0.29
 -0.16   0.577  0.791  0.31  -0.835  0.27  -0.27  -0.137 -1.439  0.02
 -0.66  -0.32   0.139 -0.533 -0.92   0.6    0.42   0.7   -0.17  -0.06
 -0.65   0.289  0.12   0.59  -0.103  0.3    0.04   0.2   -0.58   0.77
  0.08  -0.18   0.46  -0.44  -0.32   0.51   0.86   0.9    0.52  -0.58
  0.23   0.71  -0.05   0.48   0.65   0.95  -0.36   0.87   0.26  -0.75 ][ 0.003 -1.098  1.787  0.73  -0.529  1.935 -0.449  0.33  -0.96   1.05
 -0.04   0.55   0.25  -1.219  0.659  0.02  -0.53  -0.828  1.385 -0.86
  0.7    0.58   0.085  0.31   0.87  -0.276 -0.09  -0.243 -0.85  -0.46
  0.73   0.94  -0.65   0.12   0.86   0.126  0.77  -0.599 -0.48  -0.29
 -0.16   0.577  0.791  0.31  -0.835  0.27  -0.27  -0.137 -1.75   0.02
 -0.66  -0.32   0.139 -0.533 -0.92   0.6    0.42   0.7   -0.17  -0.06
 -0.65   0.289  0.12   0.59  -0.08   0.3    0.04   0.2   -0.58   0.77
  0.08   0.442  0.46  -0.44  -0.32   0.51   0.86   0.9    0.52  -0.58
  0.23   0.71   0.861  0.48   0.65   0.95  -0.36   0.87   0.26  -0.75 ][ 0.003 -1.098  1.787  0.73  -0.529  0.97  -0.449  0.33  -0.96   1.05
 -0.04   0.55   0.25  -1.219  0.659  0.225 -0.788 -0.828  1.385 -0.86
  0.7    0.58   0.085  0.31   0.87  -0.16  -0.09   0.317 -0.85  -0.46
  0.73   0.94  -0.65   0.12   0.86   0.126  0.77  -0.599 -0.48  -0.29
  0.068  0.577  0.791  0.958 -0.835  0.27  -0.27  -0.287 -1.439  0.02
 -0.66  -0.32   0.139 -0.533 -0.92   0.6    0.42   0.7   -0.17  -0.06
 -0.65  -0.174  0.12   0.59  -0.08   0.3    0.04   0.2   -0.58   0.77
  0.08   0.442  0.46  -0.44  -0.32   0.51   0.86   0.9    0.52  -0.58
  0.23   0.71  -0.05   0.48   0.65   0.95  -0.36   0.87   0.26  -0.75 ][ 0.003 -1.098  1.787  0.657 -0.529  0.97   0.08   0.33  -0.96   1.05
 -0.04   0.55   0.25  -1.935  0.659  0.225 -0.53  -0.828  1.385 -0.86
  0.7    1.291  0.085 -0.012  0.87  -0.276 -0.09   0.317 -0.85  -0.46
  0.73   0.94  -0.65   0.12   1.726  0.126  0.77  -0.599 -0.48  -0.29
  0.068  0.577  0.791  0.31  -0.835  0.27  -0.27   0.15  -1.439  0.02
 -0.66  -0.32   0.139 -0.533 -1.363  0.6    0.42   0.7   -0.17  -0.06
 -0.65  -0.174  0.12   0.59  -0.103  0.3    0.04   0.2   -0.58   0.77
  0.08  -0.18   0.46  -0.44  -0.32   0.51   0.86   0.831  0.52  -0.58
  0.23   0.71  -0.05   0.48   0.65   0.95  -0.36   0.87   0.26  -0.75 ][ 0.003 -1.098  1.787  0.73  -0.529  0.97  -0.449  0.33  -0.96   1.05
 -0.04   0.55  -0.091 -1.935  0.659  0.225 -0.53  -0.828  1.919 -0.86
  0.7    0.58  -0.78   0.31   0.87  -0.16  -0.992 -0.243 -0.85  -0.46
  0.72   0.94  -0.65   0.12   0.86   0.126  0.77  -0.599 -0.48  -0.29
 -0.16   0.577  0.791  0.31  -0.835  0.27  -0.27  -0.287 -1.439  0.02
 -0.66  -0.32   0.139 -0.533 -0.92   0.6    0.42   0.7   -0.17  -0.06
 -0.65  -0.174  0.12   0.59  -0.08   0.3    0.04   0.2   -0.58   0.77
  0.08  -0.18   0.46  -0.44  -0.32   0.51   0.86   0.831  0.52  -0.58
  0.23   0.71  -0.05   0.48   0.65   0.95  -0.36   0.87   0.26  -0.75 ][ 0.003 -1.079  1.787  0.73  -0.529  0.97  -0.449  0.588 -0.96   1.05
 -0.04   0.55   0.25  -1.935  0.659  0.225 -0.53  -0.828  1.385 -0.946
  0.476  0.58   0.085 -0.2    0.87  -0.276 -0.09   0.317 -0.85  -0.46
  0.73   0.94  -0.671 -0.225  0.86   0.126  0.77  -0.599 -0.48  -0.29
 -0.16   0.577  0.419  0.31  -0.835  0.27  -0.27  -0.287 -1.439  0.02
 -0.66  -0.32   0.139 -0.533 -0.92   0.6    0.42   0.7   -0.17  -0.06
 -0.65   0.289  0.12   0.59  -0.103  1.003  0.04   0.2   -0.6    0.77
  0.08  -0.18   0.46  -0.44  -0.32   0.51   0.86   0.831  0.52  -0.58
  0.23   0.71  -0.05   0.48   0.65   0.95  -0.36   0.87   0.26  -0.75 ][ 0.003 -1.098  1.787  0.73  -0.529  1.935 -0.449  0.588 -0.96   1.05
 -0.04   0.55  -0.091 -1.219  0.659  0.225 -0.53  -0.828  1.385 -0.86
  0.7    0.58   0.085  0.31   0.87  -0.276 -0.09  -0.243  0.003 -0.46
  0.73   0.94  -0.65   0.12   0.86   0.126  0.77  -0.599 -0.48  -0.29
 -0.16   0.577  0.791  0.31  -0.835  0.27  -0.27  -0.287 -1.439  0.02
 -0.66  -0.32   0.139 -0.533 -0.92   0.6    0.42   0.7   -0.17  -0.06
 -0.65   0.289 -0.012  0.59  -0.08   0.3    0.04   0.2   -0.58   0.77
  0.382  0.442  0.46  -0.44  -0.32   0.51   0.86   0.9    0.52  -0.58
  0.23   0.71  -0.05   0.48   0.65   0.95  -0.36   0.87   0.26  -0.75 ][ 0.003 -1.098  1.787  0.73  -0.529  1.935 -0.449  0.33  -0.96   1.05
 -0.04   0.55   0.25  -1.935  0.659  0.225 -0.53  -0.828  1.919 -0.86
  0.476  1.291  0.085  0.31   0.87  -0.16  -0.992  0.406 -0.85  -0.46
  0.73   0.94  -0.65   0.12   0.86   0.126  0.77  -0.599 -0.48  -0.29
 -0.16   0.577  0.791  0.31  -0.835  0.27  -0.27  -0.287 -1.165  0.02
 -0.66  -0.32   0.139 -0.533 -0.92   0.6    0.42   0.7   -0.17  -0.06
 -0.65   0.289  0.12   0.59  -0.08   1.003  0.04   0.2   -0.58   0.77
  0.08  -0.18   0.46  -0.44  -0.32   0.51   0.86   0.831  0.52  -0.58
  0.23   0.71  -0.05   0.48  -0.086  0.95  -0.36   0.87   0.26  -0.75 ][ 0.003 -1.098  1.787  0.73  -1.496  0.155  0.08   0.441 -0.96   1.05
 -0.04   0.55   0.25  -1.935  0.659  0.225 -0.53  -0.828  1.385 -0.86
  0.476  1.291  0.085 -0.012  0.87  -0.276 -0.09   0.317 -0.85  -0.46
  0.73   0.94  -0.671  0.12   0.86   0.126  0.77  -0.599 -0.48  -0.29
 -0.16   0.577  0.791  0.31  -0.835  0.27  -0.27  -0.287 -1.439  0.02
 -0.66  -0.32   0.139 -0.533 -1.363  0.6    0.42   0.7   -0.17  -0.06
 -0.65   0.289  0.12   0.59  -0.103  1.003  0.04   0.2   -0.58   0.77
  0.382 -0.18   0.46  -0.44  -0.32  -0.266  0.86   0.831  0.52  -0.58
  0.23   0.71  -0.05   0.48   0.65   0.95  -0.36   0.87   0.26  -0.75 ][ 0.003 -1.098  1.787  0.73  -0.566  0.97  -0.449  0.33  -0.96   1.05
 -0.04   0.55   0.25  -1.935  0.659 -0.674 -0.53  -0.828  1.919 -0.86
  0.7    1.291 -0.78   0.31   0.87  -0.16  -0.992  0.317 -0.85  -0.46
  0.73   0.94  -0.65   0.12   0.86   0.126  0.77  -0.599 -0.48  -0.29
 -0.16   0.577  0.791  0.31  -0.835  0.27  -0.27  -0.287 -1.439  0.02
 -0.66  -0.32   0.139 -0.533 -0.92   0.6    0.42   0.7   -0.17  -0.06
 -0.65   0.289  0.12   0.59  -0.08   0.3    0.04   0.2   -0.58   0.77
  0.08  -0.18   0.46  -0.44  -0.32   0.51   0.86   0.831  0.52  -0.58
  0.23   0.71  -0.05   0.48   0.65   0.95  -0.36   0.85   0.26  -0.75 ][ 0.003 -0.26   1.787  0.657 -0.529  0.97   0.08   0.33  -0.96   1.05
 -0.04   0.55   0.25  -1.935  0.659  0.225 -0.788 -0.828  0.923 -0.86
  0.7    1.291  0.085  0.31   0.87  -0.16  -0.992  0.317 -0.85  -0.46
  0.73   0.94  -0.65   0.12   0.86   0.126  0.77  -0.599 -0.48  -0.29
 -0.16   0.577  0.791  0.31  -0.835  0.27  -0.27   0.15  -1.439  0.02
 -0.66  -0.32   0.139 -0.533 -0.92   0.6    0.42   0.7   -0.17  -0.06
 -0.65  -0.174  0.12   0.59  -0.08   0.3    0.04   0.2   -0.58   0.77
  0.08  -0.18   0.46  -0.44  -0.32   0.51   0.86   0.831  0.52  -0.58
  0.23   0.71  -0.05   0.48   0.65   0.95  -0.36   0.87   0.26  -0.75 ][ 0.003 -1.098  1.787  0.73  -0.57   0.97  -0.449  0.33  -0.96   1.05
 -0.04   0.55   0.795 -1.935  0.659  0.225 -0.53  -0.828  1.385 -0.86
  0.7    1.291  0.085  0.31   0.87  -0.276 -0.09   0.317 -0.85  -0.46
  0.73   0.94  -0.671  0.12   0.86   0.126  0.77  -0.599 -0.48  -0.29
 -0.16   0.577  0.791  0.31  -0.835 -0.406 -0.27  -0.287 -1.439  0.02
 -0.66  -0.32   0.139 -0.533 -0.92   0.6    0.42   0.7   -0.17  -0.06
 -0.65   0.289  0.12   0.59  -0.08   1.003  0.04   0.2   -0.664  0.77
  0.08  -0.18   0.46  -0.44  -0.32   0.51   0.86   0.9    0.52  -0.58
  0.23   0.71  -0.05   0.48   0.65   0.95  -0.36   0.85   0.26  -0.75 ][ 0.003 -1.098  1.787  0.657 -0.57   1.935  0.669  0.33  -0.96   1.05
 -0.04   0.55   0.25  -1.935  0.659  0.225 -0.788 -0.828  1.385 -0.86
  0.476  1.291  0.085 -0.012  0.87  -0.16  -0.992  0.317 -0.85  -0.46
  0.73   0.94  -0.65   0.12   0.86   0.126  0.77  -0.599 -0.48  -0.29
  0.068  0.577  0.791  0.31  -0.835  0.27  -0.27  -0.287 -1.439  0.02
 -0.66  -0.32   0.139 -0.533 -0.92   0.6    0.42   0.7   -0.17  -0.06
 -0.65  -0.174  0.12   0.59  -0.103  1.003  0.04   0.2   -0.58   0.77
  0.08  -0.18   0.46  -0.44  -0.32   0.51   0.86   0.9    0.52  -0.58
  0.23   0.71  -0.05   0.48   0.65   0.95  -0.36   0.85   0.26  -0.75 ][ 0.003 -1.079  1.787  0.73  -0.57   1.935  0.08   0.33  -0.96   1.05
 -0.04   0.55   0.25  -1.935  0.659  0.225 -0.53  -0.828  1.385 -0.86
  0.476  1.291  0.085  0.31   0.87  -0.276 -0.09   0.317 -0.451 -0.46
  0.73   0.94  -0.671  0.12   0.86   0.126  0.77  -0.599 -0.48  -0.29
 -0.16   0.577  0.791  0.31  -0.641  0.27  -0.27  -0.287 -1.439  0.02
 -0.66  -0.32   0.139 -0.533 -0.92   0.6    0.42   0.7   -0.17  -0.06
 -0.65   0.289  0.12   0.59  -0.103  1.003  0.04   0.2   -0.58   0.77
  0.08  -0.18   0.46  -0.44  -0.32   0.51   0.86   0.9    0.52  -0.58
  0.23   0.71  -0.05   0.48   0.65   0.95  -0.36   0.85   0.26  -0.75 ][ 0.003 -1.079  1.787  0.73  -0.529  0.97   0.08   0.33  -0.96   1.05
 -0.04   0.55   0.25  -1.935  0.659  0.225 -0.53  -0.828  1.385 -0.86
  0.7    1.291  0.085 -0.012  0.87  -0.276 -0.992  0.317 -0.451 -0.46
  0.73   0.94  -0.65   0.12   0.86   0.126  0.77  -0.599 -0.48  -0.29
 -0.16   0.577  0.791  0.31  -0.835  0.27  -0.27  -0.287 -1.439  0.02
 -0.66  -0.32   0.139  0.33  -0.92   0.6    0.42   0.7   -0.17  -0.06
 -0.65   0.289  0.12   0.59  -0.103  0.3    0.04   0.2   -0.58   0.77
  0.382 -0.18   0.46  -0.44  -0.32   0.51   0.86   0.9    0.52  -0.58
  0.23   0.71  -0.05   0.48   0.65   0.95  -0.36   0.85   0.26  -0.75 ][ 0.003 -1.098  1.787  0.73  -0.529  0.97  -0.449  0.588 -0.96   1.05
 -0.04   0.55   0.25  -1.935  0.659  0.225 -0.53  -0.828  1.385 -0.86
  0.7    1.291  0.085 -0.012  0.87  -0.16  -0.09  -0.243 -0.85  -0.46
  0.73   0.94  -0.65   0.12   0.86   0.126  0.77  -0.599 -0.48  -0.29
  0.068  0.577  0.791  0.31  -0.835  0.27  -0.27  -0.287 -1.439  0.02
 -0.66  -0.32   0.139 -0.533 -0.92   0.6    0.42   0.7   -0.17  -0.77
 -0.65  -0.174  0.12   0.59  -0.103  0.3    0.04   0.2   -0.58   0.77
  0.382 -0.18   0.46  -0.44  -0.32   0.51   0.86   0.9    0.52  -0.58
  0.23   0.71  -0.05   0.48   0.65   0.95  -0.36   0.87   0.26  -0.75 ][ 0.003 -1.098  1.787  0.73  -0.529  0.97  -0.449  0.33  -0.96   1.05
 -0.04   0.55   0.25  -1.935  0.659  0.225 -0.53  -0.828  1.385 -0.86
  0.7    0.58   0.085 -0.2    0.87  -0.16  -0.09   0.317 -0.85  -0.46
  0.73   0.94  -0.65   0.12   0.86   0.126  0.77  -0.599 -0.48  -0.29
 -0.16   0.577  0.791  0.31  -0.835  0.27  -0.27  -0.137 -1.439  0.02
 -0.66  -0.32   0.139 -0.533 -0.92   0.6    0.42   0.7   -0.17  -0.06
 -0.65   0.885  0.12   0.59  -0.08   0.029  0.04   0.2   -0.58   0.77
  0.08   0.442  0.46  -0.44  -0.32   0.51   0.86   0.9    0.52  -0.58
  0.23   0.71  -0.05   0.48   0.65   0.95  -0.36   0.87   0.26  -0.75 ][ 0.003 -1.098  1.787  0.73  -0.57   0.97  -0.449  0.588 -0.96   1.05
 -0.04   0.55   0.795 -1.219  0.659  0.224 -0.53  -0.995  1.385 -0.86
  0.7    0.58  -0.78   0.31   0.87  -0.16  -0.468 -0.65  -0.85  -0.46
  0.73   0.94  -0.65   0.12   0.86   0.126  0.77  -0.599 -0.48  -0.29
 -0.16   0.577  0.791  0.31  -0.835  0.27  -0.27   0.15  -1.439  0.02
 -0.66  -0.32   0.139 -0.533 -0.92   0.6    0.42   0.7   -0.17  -0.06
 -0.65   0.68   0.12   0.59  -0.08   0.3    0.04   0.2   -0.58   0.77
  0.08  -0.18   0.46  -0.44  -0.32   0.51   0.86   0.831  0.52  -0.58
  0.23   0.71  -0.05   0.48   0.65   0.95  -0.36   0.87   0.26  -0.75 ][ 0.003 -1.079  2.406  1.497 -0.57   1.935 -0.449  0.588 -0.96   1.05
 -0.04   0.55   0.25  -1.219  0.659  0.225 -0.53  -0.828  1.385 -0.86
  0.7    0.58   0.085  0.31   0.87  -0.276 -0.09  -0.243 -0.05  -0.46
  0.73   0.94  -0.65   0.12   0.86   0.126  0.77  -0.599 -0.48  -0.29
  0.068  0.577  0.791  0.31  -0.835  0.27  -0.27  -0.287 -1.439  0.02
 -0.66  -0.32   0.139 -0.533 -1.363  0.6    0.42   0.7   -0.17  -0.06
 -0.65   0.289  0.12   0.59  -0.103  1.003  0.04   0.2   -0.58   0.77
  0.382 -0.18   0.46  -0.44  -0.32   0.51   0.86   0.9    0.52  -0.58
  0.23   0.71  -0.05   0.48   0.65   0.95  -0.36   0.85   0.26  -0.75 ][ 0.003 -1.098  1.787  0.73  -0.57   0.97  -0.449  0.33  -0.96   1.05
 -0.04   0.55   0.25  -1.935  0.659  0.225 -0.53  -0.828  1.385 -0.86
  0.476  1.291  0.085 -0.2    0.87  -0.16  -0.09   0.406 -0.66  -0.46
  0.73   0.94  -0.65   0.12   0.86   0.126  0.77  -0.599 -0.48  -0.29
 -0.16   0.577  0.791  0.31  -0.835  0.27  -0.27  -0.137 -1.439  0.02
 -0.66  -0.32   0.139 -0.533 -1.363  0.6    0.42   0.7   -0.17  -0.06
 -0.65   0.289  0.12   0.59  -0.103  0.3    0.04   0.2   -0.58   0.77
  0.08  -0.18   0.46  -0.44  -0.32   0.51   0.86   0.9    0.52  -0.58
  0.23   0.71  -0.05   0.48   0.65   0.95  -0.36   0.85   0.26  -0.75 ]