[-8.1000000e-01  3.2000000e-01  5.3000000e-01  7.3000000e-01
 -5.7000000e-01  9.7000000e-01  4.8000000e-01 -3.8000000e-01
 -9.6000000e-01  7.8000000e-01 -4.0000000e-02  5.5000000e-01
  2.5000000e-01 -6.8000000e-01  5.5000000e-01  7.8000000e-01
 -5.3000000e-01  6.9000000e-01  3.5000000e-01 -8.6000000e-01
  7.0000000e-01  8.8817842e-16  1.6000000e-01  3.1000000e-01
  8.7000000e-01  4.4000000e-01 -9.0000000e-02 -6.5000000e-01
  3.0000000e-02 -4.6000000e-01  7.3000000e-01  4.0000000e-01
 -6.5000000e-01  1.2000000e-01  8.6000000e-01  5.6000000e-01
  7.7000000e-01 -7.3000000e-01 -4.8000000e-01 -2.9000000e-01
 -1.6000000e-01  2.3000000e-01  5.9000000e-01  3.1000000e-01
 -6.0000000e-01  2.7000000e-01 -8.3000000e-01  4.6000000e-01
 -9.3000000e-01  4.3000000e-01 -6.6000000e-01 -7.4000000e-01
  2.4000000e-01  5.6000000e-01 -7.4000000e-01  6.0000000e-01
  4.2000000e-01  7.0000000e-01 -1.7000000e-01 -6.0000000e-02
 -6.5000000e-01  6.8000000e-01  1.2000000e-01  5.9000000e-01
 -8.0000000e-02 -1.7000000e-01  4.0000000e-02  2.0000000e-01
  6.2000000e-01  7.7000000e-01 -1.8000000e-01 -3.0000000e-01
  4.6000000e-01 -4.4000000e-01 -3.2000000e-01  5.1000000e-01
  8.6000000e-01  1.8000000e-01  5.2000000e-01 -7.0000000e-01
  2.3000000e-01  7.1000000e-01 -5.0000000e-02  4.8000000e-01
  6.5000000e-01  9.5000000e-01 -3.6000000e-01  8.7000000e-01
  2.6000000e-01 -7.5000000e-01][-0.67  -0.98   0.53   0.73  -0.99   0.97   0.48  -0.38  -0.96  -1.
  0.07   0.55   0.25  -0.68   0.55   0.78   0.27   0.69   0.87  -0.86
 -0.42   0.58   0.16  -0.34   0.45   0.65   0.97  -0.56   0.03  -0.46
  0.34   0.4   -0.65   0.57  -0.46   0.56   0.77   0.99  -0.48  -0.29
 -0.16  -0.37  -0.13  -0.94  -0.24  -0.95  -0.27   0.54  -0.93  -0.942
  0.62  -0.32   0.24  -0.04  -0.74   0.62   0.95   0.7   -0.17   0.95
 -0.65   0.68   0.12   0.59  -0.08  -0.17   0.07  -0.01   0.62   0.77
 -0.18  -0.3    0.46   0.12  -0.32   0.51   0.49   0.18   0.52  -0.7
  0.23   0.66  -0.05   0.76  -0.71   0.95   0.77   0.87  -0.39  -0.21 ][ 0.25 -0.44  0.35 -0.81 -0.77 -0.41 -0.81  0.38 -0.88 -0.19  0.37 -0.37
  0.41  0.51  0.21  0.49 -0.33 -0.76  0.4   0.31 -0.2  -0.53 -0.01  0.02
 -0.76  0.98  0.79  0.05 -0.39  0.1  -0.47 -0.91  0.65 -1.   -0.09 -0.33
 -0.33 -0.77 -0.99 -0.61  0.84  0.58 -0.66 -0.76  0.03  0.65 -0.04  0.14
 -0.26  0.07  0.75  0.53  0.47 -0.56 -0.28  0.96 -0.83  0.94 -0.43  0.49
 -0.28  0.5  -0.97 -0.6  -0.83 -0.91  0.91 -0.39 -0.21 -0.56 -0.91 -0.89
  0.94 -0.7  -0.78  0.97  0.43  0.29  0.1  -0.76 -0.34 -0.17  0.77 -0.64
 -0.25 -0.77  0.12 -0.96 -0.22  0.64][-8.9000000e-01 -8.3000000e-01  8.6000000e-01 -2.2000000e-01
 -4.9000000e-01  9.6000000e-01 -8.6000000e-01  3.3000000e-01
  7.7000000e-01  8.1000000e-01 -5.6000000e-01  7.3000000e-01
 -7.9000000e-01  2.6000000e-01  5.0000000e-02 -2.3000000e-01
  2.4000000e-01  6.5000000e-01  5.9000000e-01 -2.2000000e-01
  6.6000000e-01 -1.0000000e-02 -1.1000000e-01 -3.1000000e-01
 -4.6000000e-01 -1.6000000e-01  9.1000000e-01 -6.4000000e-01
 -7.0000000e-02  8.8817842e-16  1.9000000e-01 -8.9000000e-01
  7.4000000e-01 -9.5000000e-01 -9.0000000e-02 -8.5000000e-01
 -8.7000000e-01 -3.7000000e-01 -9.8000000e-01  8.1000000e-01
 -5.5000000e-01  8.0000000e-01 -1.9000000e-01 -2.8000000e-01
 -2.0000000e-02 -4.4700000e-01 -1.3000000e-01 -8.7000000e-01
  5.9000000e-01 -9.0000000e-02  8.4000000e-01 -5.3000000e-01
 -2.8000000e-01  3.9000000e-01 -9.2000000e-01 -6.0000000e-02
  6.5000000e-01 -4.1000000e-01 -6.9000000e-01 -1.0000000e+00
  5.0000000e-01 -6.8000000e-01 -4.0000000e-01 -9.4000000e-01
 -1.8000000e-01  3.0000000e-01  2.3000000e-01 -2.4000000e-01
  8.0000000e-01  3.9000000e-01  3.8000000e-01  9.0000000e-02
 -1.7000000e-01 -1.0000000e-02 -3.2000000e-01  6.0000000e-01
 -6.5000000e-01  6.2000000e-01 -4.8000000e-01 -5.8000000e-01
  7.1000000e-01 -8.5000000e-01 -9.1000000e-01 -8.3000000e-01
  6.1000000e-01  1.8000000e-01  2.4000000e-01  4.3000000e-01
  3.7000000e-01 -1.5000000e-01][-6.7000000e-01  3.2000000e-01 -5.0000000e-01 -6.8000000e-01
 -5.7000000e-01  9.8000000e-01  4.8000000e-01 -3.8000000e-01
 -1.3380000e+00  7.8000000e-01 -4.0000000e-02  5.5000000e-01
  2.5000000e-01 -6.8000000e-01  5.5000000e-01  8.0000000e-01
 -5.3000000e-01  6.9000000e-01  8.7000000e-01 -8.6000000e-01
 -4.2000000e-01  8.8817842e-16  1.6000000e-01 -3.4000000e-01
  4.5000000e-01  4.4000000e-01  9.7000000e-01 -6.5000000e-01
  3.0000000e-02 -6.9000000e-01  7.3000000e-01  9.4000000e-01
 -6.5000000e-01  5.7000000e-01 -4.6000000e-01  3.0000000e-01
  7.7000000e-01 -7.3000000e-01 -4.8000000e-01  5.0000000e-01
  5.3000000e-01  2.3000000e-01 -1.3000000e-01 -9.4000000e-01
 -2.4000000e-01  2.7000000e-01 -2.7000000e-01  5.4000000e-01
 -9.3000000e-01  2.0000000e-02 -6.6000000e-01 -7.4000000e-01
  2.4000000e-01  5.6000000e-01 -7.4000000e-01  6.2000000e-01
  9.5000000e-01 -8.3000000e-01 -1.7000000e-01  9.5000000e-01
  5.4000000e-01  3.8000000e-01  1.2000000e-01  1.9000000e-01
 -8.0000000e-02  7.5000000e-01  7.0000000e-02 -1.0000000e-02
  6.2000000e-01  7.7000000e-01  1.1000000e-01 -1.8000000e-01
  4.6000000e-01 -4.4000000e-01 -3.2000000e-01  5.1000000e-01
  8.6000000e-01  1.8000000e-01  5.2000000e-01 -7.0000000e-01
  7.6000000e-01  7.1000000e-01  1.1000000e-01  4.8000000e-01
 -7.1000000e-01  2.5000000e-01 -3.6000000e-01  8.7000000e-01
 -3.9000000e-01 -2.1000000e-01][-8.1000000e-01  3.2000000e-01 -5.0000000e-01 -6.8000000e-01
 -5.7000000e-01  9.7000000e-01  8.0000000e-02 -3.8000000e-01
  8.8817842e-16 -1.0000000e+00 -4.0000000e-02  7.5000000e-01
  2.5000000e-01  8.0000000e-01  8.8817842e-16  8.0000000e-01
  2.7000000e-01  6.9000000e-01  3.5000000e-01 -8.6000000e-01
  7.0000000e-01  5.8000000e-01  1.6000000e-01  3.1000000e-01
  4.5000000e-01  6.5000000e-01 -9.0000000e-02 -6.5000000e-01
  3.0000000e-02 -9.1800000e-01  3.4000000e-01  9.4000000e-01
  6.6000000e-01  5.7000000e-01 -4.6000000e-01  3.0000000e-01
  7.7000000e-01  9.9000000e-01 -4.8000000e-01 -2.9000000e-01
 -1.6000000e-01 -3.7000000e-01 -1.3000000e-01 -9.4000000e-01
 -2.4000000e-01  2.7000000e-01 -2.7000000e-01  4.6000000e-01
 -9.3000000e-01  2.0000000e-02 -6.6000000e-01 -3.2000000e-01
  5.0000000e-01 -4.0000000e-02  5.2000000e-01  6.0000000e-01
  4.2000000e-01 -8.3000000e-01 -1.7000000e-01 -6.0000000e-02
 -6.5000000e-01  6.8000000e-01  4.5000000e-01  1.9000000e-01
 -8.0000000e-02  7.5000000e-01  4.0000000e-02  2.0000000e-01
  6.2000000e-01 -1.7000000e-01 -1.8000000e-01 -1.8000000e-01
  9.0000000e-02  1.2000000e-01 -3.2000000e-01  5.1000000e-01
  8.6000000e-01  1.8000000e-01 -5.7000000e-01 -7.0000000e-01
  2.3000000e-01  7.1000000e-01 -5.0000000e-02  7.6000000e-01
  6.5000000e-01  2.5000000e-01  7.7000000e-01  8.7000000e-01
  2.6000000e-01 -7.5000000e-01][-8.9000000e-01 -8.3000000e-01  8.6000000e-01 -2.2000000e-01
 -9.9000000e-01  9.8000000e-01 -6.4000000e-01  3.3000000e-01
  8.8817842e-16 -1.0000000e+00 -5.6000000e-01  7.3000000e-01
 -9.2000000e-01  8.0000000e-01  8.8817842e-16  8.0000000e-01
  2.7000000e-01 -3.4000000e-01  8.7000000e-01  6.3000000e-01
 -4.2000000e-01  5.4000000e-01 -1.1000000e-01 -3.4000000e-01
  4.5000000e-01 -1.6000000e-01  9.1000000e-01 -5.6000000e-01
 -8.5000000e-01 -6.9000000e-01  3.4000000e-01  5.7000000e-01
  7.4000000e-01 -9.5000000e-01 -9.0000000e-02  3.0000000e-01
  7.7000000e-01  9.9000000e-01  8.8000000e-01  5.0000000e-01
  7.8000000e-01 -3.0000000e-01 -1.3000000e-01 -9.4000000e-01
 -2.0000000e-02  6.2000000e-01 -1.3000000e-01 -8.7000000e-01
  6.9000000e-01 -4.5000000e-01  6.2000000e-01 -3.2000000e-01
  5.0000000e-01  3.9000000e-01 -9.2000000e-01  6.2000000e-01
  6.5000000e-01 -4.1000000e-01 -9.9000000e-01 -1.0000000e+00
  5.4000000e-01  3.8000000e-01  4.5000000e-01  1.9000000e-01
 -1.8000000e-01  7.5000000e-01  7.0000000e-02 -1.0000000e-01
 -6.4000000e-01  3.9000000e-01  8.0000000e-02  9.0000000e-02
  4.6000000e-01  1.2000000e-01  9.8000000e-01 -2.9000000e-01
 -6.5000000e-01 -7.6000000e-01 -4.8000000e-01 -5.8000000e-01
  7.6000000e-01  6.6000000e-01 -7.1200000e-01 -8.3000000e-01
 -7.1000000e-01  2.5000000e-01  7.7000000e-01  4.3000000e-01
  3.7000000e-01 -1.5000000e-01][-2.4000000e-01 -3.8000000e-01  3.3000000e-01 -2.0000000e-01
  6.5000000e-01  8.3000000e-01  9.7000000e-01 -7.4000000e-01
 -4.3000000e-01  3.8000000e-01 -3.6000000e-01 -9.4000000e-01
  4.7000000e-01 -2.1000000e-01 -9.8000000e-01  5.5000000e-01
  8.1000000e-01 -4.6000000e-01  7.1000000e-01 -9.5000000e-01
 -7.9000000e-01  1.3000000e-01  7.0000000e-01  2.0000000e-01
  9.8000000e-01  6.6000000e-01  8.6000000e-01  8.9000000e-01
 -5.3000000e-01 -1.6000000e-01  7.0000000e-01  8.8817842e-16
  4.5000000e-01  4.2000000e-01  5.2000000e-01 -3.4000000e-01
  8.9000000e-01  6.7000000e-01 -8.0000000e-01  2.3000000e-01
 -5.0000000e-01 -1.4000000e-01 -4.4000000e-01 -5.4000000e-01
 -5.5000000e-01  4.7000000e-01  5.9000000e-01  8.8000000e-01
 -9.7000000e-01 -1.7000000e-01 -5.4000000e-01 -1.9000000e-01
 -1.0000000e+00 -8.4000000e-01  4.7000000e-01 -7.0000000e-01
  9.1000000e-01  3.0000000e-02 -5.9000000e-01 -7.8000000e-01
 -2.5000000e-01  3.0000000e-01  1.4000000e-01  6.9000000e-01
 -4.1000000e-01 -5.8000000e-01 -9.1000000e-01  8.3000000e-01
  7.4000000e-01 -2.6000000e-01  1.3000000e-01  9.6000000e-01
 -4.4000000e-01  4.2000000e-01 -6.1000000e-01 -5.7000000e-01
 -7.7000000e-01  8.1000000e-01 -8.7000000e-01  3.7000000e-01
 -1.7000000e-01 -3.8000000e-01  7.1000000e-01 -8.2000000e-01
  1.0000000e-01 -1.0000000e-01 -5.0000000e-02  4.5000000e-01
 -8.1000000e-01 -6.6000000e-01][-0.81 -0.44 -0.18 -0.44 -0.57 -0.41  0.48  0.16  0.92 -0.19  0.37  0.55
 -0.38 -0.22  0.21  0.49 -0.51 -0.76  0.4  -0.86  0.98 -0.89  0.2   0.08
 -0.76  0.98  0.79 -0.94 -0.85  0.1  -0.47 -0.47  0.65  0.12 -0.09 -0.33
 -0.33 -0.77 -0.48 -0.61  0.84  0.58  0.84 -0.76  0.03  0.27 -0.83  0.14
  0.4   0.43  0.02  0.53  0.24 -0.67 -0.28  0.6  -0.83 -0.23 -0.43 -0.06
 -0.28  0.5  -0.97 -0.71 -0.83 -0.17  0.91 -0.89 -0.21 -0.56 -0.36 -0.89
  0.94 -0.88 -0.78  0.52  0.43  0.18  0.52  0.05 -0.14 -0.17  0.77 -0.64
 -0.25 -0.77  0.12 -0.96  0.58  0.64][-6.7000000e-01  3.2000000e-01 -5.0000000e-01 -6.8000000e-01
 -5.7000000e-01  9.8000000e-01  8.0000000e-02 -3.8000000e-01
  8.8817842e-16 -1.0000000e+00  7.0000000e-02  5.5000000e-01
 -2.0000000e-01  8.0000000e-01  8.8817842e-16  7.8000000e-01
  2.7000000e-01  6.9000000e-01  8.7000000e-01  6.3000000e-01
 -4.2000000e-01  5.8000000e-01  5.7000000e-01  3.1000000e-01
  8.7000000e-01  4.4000000e-01 -9.0000000e-02 -1.3530000e+00
 -8.5000000e-01 -4.6000000e-01  3.4000000e-01  4.0000000e-01
 -6.5000000e-01  1.2000000e-01  8.6000000e-01  5.6000000e-01
  7.7000000e-01  9.9000000e-01 -4.8000000e-01 -2.9000000e-01
  5.3000000e-01 -3.7000000e-01 -1.3000000e-01  3.1000000e-01
 -2.4000000e-01  2.7000000e-01 -2.7000000e-01  5.4000000e-01
 -9.3000000e-01  2.0000000e-02  6.2000000e-01 -3.2000000e-01
  5.0000000e-01  5.6000000e-01 -7.4000000e-01  6.2000000e-01
  9.5000000e-01  7.0000000e-01 -1.7000000e-01  9.5000000e-01
 -6.5000000e-01  6.8000000e-01  4.5000000e-01  5.9000000e-01
 -8.0000000e-02 -1.7000000e-01  7.0000000e-02 -1.0000000e-02
 -6.4000000e-01 -1.7000000e-01  1.1000000e-01 -3.0000000e-01
  9.0000000e-02 -4.4000000e-01 -3.2000000e-01 -2.9000000e-01
  4.9000000e-01 -7.6000000e-01  5.2000000e-01  7.3000000e-01
  2.3000000e-01  6.6000000e-01 -5.0000000e-02  7.6000000e-01
 -7.1000000e-01  9.5000000e-01 -3.6000000e-01  7.1000000e-01
  2.6000000e-01 -7.5000000e-01][-8.9000000e-01 -8.3000000e-01  8.6000000e-01 -2.2000000e-01
 -4.9000000e-01  9.6000000e-01  8.0000000e-02  9.4000000e-01
  9.7000000e-01 -1.0000000e+00 -5.6000000e-01  7.3000000e-01
 -2.0000000e-01  8.0000000e-01  8.8817842e-16 -2.3000000e-01
 -1.0000000e+00  9.0000000e-01  7.3000000e-01  6.3000000e-01
  9.0000000e-02  5.4000000e-01 -1.1000000e-01 -3.4000000e-01
  7.3000000e-01 -1.6000000e-01  9.1000000e-01 -5.6000000e-01
  4.5000000e-01  8.8817842e-16  3.4000000e-01  9.4000000e-01
  6.6000000e-01  1.0530000e+00 -4.6000000e-01 -8.5000000e-01
 -8.7000000e-01  3.4000000e-01  2.7000000e-01  8.1000000e-01
  5.3000000e-01 -3.0000000e-01 -1.9000000e-01 -2.8000000e-01
 -2.0000000e-02  6.2000000e-01 -2.7000000e-01 -8.7000000e-01
  5.9000000e-01  2.0000000e-02  6.2000000e-01 -3.2000000e-01
 -6.0000000e-01 -4.0000000e-02 -9.2000000e-01 -5.3000000e-01
  6.5000000e-01 -4.1000000e-01  8.8000000e-01 -1.0000000e+00
  5.4000000e-01 -6.8000000e-01  4.5000000e-01 -9.4000000e-01
 -5.4000000e-01  3.0000000e-01 -3.1000000e-01 -1.0000000e-02
 -5.8000000e-01  3.9000000e-01  8.0000000e-02 -1.8000000e-01
  4.6000000e-01  6.6000000e-01  8.9000000e-01 -5.8000000e-01
  4.9000000e-01 -7.6000000e-01 -4.8000000e-01 -5.8000000e-01
  1.4000000e-01 -9.8000000e-01 -9.1000000e-01 -8.3000000e-01
 -7.1000000e-01  2.5000000e-01  7.7000000e-01  7.1000000e-01
  3.7000000e-01 -2.1000000e-01][ 2.7000000e-01  3.2000000e-01  8.6000000e-01  7.3000000e-01
 -4.9000000e-01  9.7000000e-01 -6.4000000e-01 -3.8000000e-01
 -9.6000000e-01 -6.0000000e-01 -3.8000000e-01 -7.3000000e-01
  2.5000000e-01  2.6000000e-01  5.0000000e-02  7.8000000e-01
 -5.3000000e-01  9.0000000e-01  3.5000000e-01  2.0000000e-01
  9.0000000e-02  8.8817842e-16  1.6000000e-01  3.1000000e-01
  8.7000000e-01  5.0000000e-02 -9.0000000e-02 -6.5000000e-01
  4.5000000e-01 -4.6000000e-01  7.1000000e-01  5.7000000e-01
  3.8000000e-01 -9.5000000e-01 -9.0000000e-02 -6.6000000e-01
  7.7000000e-01  3.4000000e-01 -1.9000000e-01 -2.9000000e-01
  7.8000000e-01 -1.8000000e-01 -1.9000000e-01 -2.8000000e-01
 -2.0000000e-02  6.2000000e-01 -1.3000000e-01 -9.0800000e-01
 -9.3000000e-01  8.8000000e-01 -6.6000000e-01 -5.3000000e-01
 -6.0000000e-01  3.9000000e-01 -9.2000000e-01 -8.7000000e-01
 -8.1000000e-01  7.0000000e-01  8.4000000e-01 -8.8000000e-01
 -6.5000000e-01  6.8000000e-01 -4.5000000e-01 -9.4000000e-01
  4.7000000e-01  3.0000000e-01  4.0000000e-02 -1.0000000e-01
 -1.7000000e-01  3.9000000e-01  8.0000000e-02 -3.0000000e-01
  2.0000000e-02 -4.4000000e-01 -3.2000000e-01 -5.8000000e-01
  9.1000000e-01  8.3000000e-01  3.1000000e-01 -5.8000000e-01
  2.3000000e-01  8.2000000e-01 -9.1000000e-01 -8.3000000e-01
  6.1000000e-01  5.8000000e-01  8.4000000e-01  8.7000000e-01
  2.6000000e-01 -7.5000000e-01][-0.67 -0.98  0.86 -0.68 -0.49  0.98 -0.64  0.33  0.97 -1.    0.07  0.75
 -0.69  0.26  0.05 -0.23 -1.    0.9   0.73  0.63  0.09  0.58  0.57  0.82
  0.73  0.65  0.97 -0.56  0.45 -0.69  0.34  0.57  0.66  0.57 -0.46  0.3
  0.77  0.99  0.88  0.5   0.53 -0.37 -0.13 -0.94 -0.24 -0.95 -0.13  0.54
  0.59 -0.45  0.53 -0.53 -0.6   0.39  0.52  0.62  0.65 -0.41  0.88 -1.
  0.54  0.38  0.45  0.19 -0.18  0.75 -0.31 -0.01 -0.64 -0.17  0.11 -0.18
  0.46  0.12  0.89 -0.58 -0.65  0.9  -0.57 -0.58  0.14  0.66  0.11  0.76
 -0.71  0.25  0.77  0.43 -0.39 -0.21][ 0.2  -0.41  0.56  0.91 -0.87 -0.89  0.68 -0.96  0.37  0.64  0.3   0.42
  0.15 -0.51 -0.16 -0.78 -0.84 -0.83  0.16  0.33  0.91  0.88 -0.15 -0.59
 -0.02 -0.77 -0.83 -0.77  0.72 -0.19 -0.5  -0.61  0.38  0.68  0.77  0.54
  0.77 -0.11 -0.12 -0.7  -0.57 -0.36 -0.71  0.2  -0.53  0.08 -0.32 -0.98
 -0.62 -0.32 -0.59 -0.33  0.77  0.91  0.38  0.28  0.92 -0.31 -0.8  -0.75
 -0.72  0.38 -0.77 -0.19 -0.41 -0.11  0.88  0.58 -0.82 -0.1   0.3   0.41
 -0.17 -0.64  0.89 -0.48 -0.02 -0.51  0.52  0.64  0.74  0.65 -0.38 -0.44
 -0.21 -0.63  0.81 -0.24 -0.92 -0.32][-8.9000000e-01 -8.3000000e-01  8.6000000e-01 -2.2000000e-01
 -4.9000000e-01  9.6000000e-01 -6.4000000e-01  3.3000000e-01
  9.7000000e-01  8.1000000e-01 -5.6000000e-01  7.3000000e-01
 -9.2000000e-01  2.6000000e-01  5.0000000e-02 -2.3000000e-01
 -1.0000000e+00  9.0000000e-01  7.3000000e-01 -1.0000000e-02
  9.0000000e-02  5.4000000e-01 -1.1000000e-01  8.2000000e-01
  7.3000000e-01 -1.6000000e-01  9.1000000e-01 -6.4000000e-01
  4.5000000e-01  8.8817842e-16 -7.0000000e-01  5.7000000e-01
  7.4000000e-01 -9.5000000e-01 -9.0000000e-02 -8.5000000e-01
 -8.7000000e-01  3.4000000e-01  8.8000000e-01  8.1000000e-01
  7.8000000e-01 -3.0000000e-01 -1.9000000e-01 -2.8000000e-01
 -2.0000000e-02  6.2000000e-01 -1.3000000e-01 -8.7000000e-01
  5.9000000e-01 -4.5000000e-01  5.3000000e-01 -5.3000000e-01
 -6.0000000e-01  3.9000000e-01 -9.2000000e-01 -5.3000000e-01
  6.5000000e-01 -4.1000000e-01 -9.9000000e-01 -1.0000000e+00
  5.0000000e-01 -6.8000000e-01 -4.0000000e-01 -9.4000000e-01
 -1.8000000e-01  3.0000000e-01 -3.1000000e-01 -1.0000000e-01
 -5.8000000e-01  3.9000000e-01  8.0000000e-02  9.0000000e-02
  4.6000000e-01  6.6000000e-01  9.8000000e-01 -5.8000000e-01
 -6.5000000e-01  9.0000000e-01 -4.8000000e-01 -5.8000000e-01
  1.4000000e-01 -9.8000000e-01 -9.1000000e-01 -8.3000000e-01
  6.1000000e-01  5.8000000e-01  2.4000000e-01  4.3000000e-01
  3.7000000e-01 -1.5000000e-01][-6.7000000e-01 -8.3000000e-01 -5.0000000e-01 -6.8000000e-01
 -4.9000000e-01  9.8000000e-01 -6.4000000e-01  9.4000000e-01
  9.7000000e-01  8.1000000e-01 -5.6000000e-01  7.3000000e-01
 -2.0000000e-01  2.6000000e-01  8.8817842e-16 -2.3000000e-01
  2.7000000e-01  9.0000000e-01  7.3000000e-01 -1.0000000e-02
  9.0000000e-02  5.4000000e-01 -1.1000000e-01  8.2000000e-01
  7.3000000e-01 -1.6000000e-01  9.1000000e-01 -6.4000000e-01
 -8.5000000e-01 -6.9000000e-01 -7.0000000e-01  9.4000000e-01
  7.4000000e-01  5.7000000e-01 -9.0000000e-02 -8.5000000e-01
  7.7000000e-01  9.9000000e-01  2.7000000e-01  8.1000000e-01
  7.8000000e-01 -3.0000000e-01 -1.9000000e-01 -9.4000000e-01
 -2.0000000e-02  6.2000000e-01 -2.7000000e-01  5.4000000e-01
  5.9000000e-01  2.0000000e-02  6.2000000e-01 -3.2000000e-01
  5.0000000e-01 -4.0000000e-02  5.2000000e-01 -5.3000000e-01
  1.2160000e+00 -4.1000000e-01  8.8000000e-01  9.5000000e-01
  5.4000000e-01  3.8000000e-01 -4.0000000e-01  1.9000000e-01
 -5.4000000e-01  3.0000000e-01  7.0000000e-02 -1.0000000e-02
 -5.8000000e-01 -1.7000000e-01  8.0000000e-02  9.0000000e-02
  9.0000000e-02  6.6000000e-01  9.8000000e-01 -5.8000000e-01
  4.9000000e-01 -7.6000000e-01 -4.8000000e-01 -5.8000000e-01
  1.4000000e-01 -9.8000000e-01 -9.1000000e-01 -8.3000000e-01
 -7.1000000e-01  5.8000000e-01  7.7000000e-01  7.1000000e-01
 -3.9000000e-01 -1.5000000e-01][-6.7000000e-01 -9.8000000e-01  8.6000000e-01 -2.2000000e-01
 -9.9000000e-01  9.6000000e-01 -6.4000000e-01  9.4000000e-01
  8.8817842e-16 -1.0000000e+00  7.0000000e-02  7.3000000e-01
 -2.0000000e-01  2.6000000e-01  5.0000000e-02  8.0000000e-01
 -1.0000000e+00  9.0000000e-01  8.7000000e-01  6.3000000e-01
 -4.2000000e-01  5.4000000e-01 -1.1000000e-01  8.2000000e-01
  7.3000000e-01  6.5000000e-01  9.1000000e-01 -5.6000000e-01
 -8.5000000e-01  8.8817842e-16 -7.0000000e-01  5.7000000e-01
  7.4000000e-01  5.7000000e-01 -9.0000000e-02  3.0000000e-01
 -8.7000000e-01  9.9000000e-01  2.7000000e-01  5.0000000e-01
  5.3000000e-01 -3.7000000e-01 -1.3000000e-01 -9.4000000e-01
 -2.0000000e-02 -9.5000000e-01 -1.3000000e-01  5.4000000e-01
  6.9000000e-01  2.0000000e-02  5.3000000e-01 -5.3000000e-01
  5.0000000e-01  3.9000000e-01 -9.2000000e-01  6.2000000e-01
  9.5000000e-01 -4.1000000e-01 -9.9000000e-01 -5.4700000e-01
  5.4000000e-01  3.8000000e-01  4.5000000e-01  1.9000000e-01
 -5.4000000e-01  3.0000000e-01  7.0000000e-02 -1.0000000e-02
 -5.8000000e-01  3.9000000e-01  8.0000000e-02  9.0000000e-02
  4.6000000e-01  1.2000000e-01  8.9000000e-01 -2.9000000e-01
 -6.5000000e-01 -7.6000000e-01 -5.7000000e-01 -5.8000000e-01
  1.4000000e-01 -9.8000000e-01  1.1000000e-01 -8.3000000e-01
 -7.1000000e-01  5.8000000e-01  7.7000000e-01  7.1000000e-01
 -3.9000000e-01 -1.5000000e-01][-0.81  -0.98   0.53  -0.68  -0.99   0.97   0.08  -0.38  -0.96   0.78
 -0.04   1.592 -0.2    0.8    0.55   0.78   0.27   0.69   0.87  -0.86
 -0.42   0.58   0.16   0.31   0.87   0.65  -0.09  -0.56  -0.85  -0.69
  0.73   0.94   0.66   0.12  -0.46   0.56   0.77   0.99  -0.48   0.5
  0.53   0.23  -0.13   0.31  -0.24   0.27  -0.27   0.46   0.69   0.43
 -0.66  -0.32   0.5   -0.04   0.52   0.62   0.95   0.7    0.88   0.95
 -0.65   0.68   0.45   0.19  -0.54  -0.17   0.07   0.2    0.62   0.77
 -0.18  -0.3    0.09   0.12  -0.32  -0.29   0.86  -0.76  -0.57   0.73
  0.76   0.66   0.11   0.76  -0.71   0.25   0.77   0.87  -0.39  -0.75 ][-8.1000000e-01 -9.8000000e-01  5.3000000e-01  7.3000000e-01
 -9.9000000e-01  9.8000000e-01  4.8000000e-01  9.4000000e-01
 -9.6000000e-01  7.8000000e-01 -4.0000000e-02  5.5000000e-01
  2.5000000e-01 -6.8000000e-01  8.8817842e-16  7.8000000e-01
  2.7000000e-01 -3.4000000e-01  3.5000000e-01 -8.6000000e-01
  7.0000000e-01  8.8817842e-16  5.7000000e-01 -3.4000000e-01
  4.5000000e-01  4.4000000e-01 -9.0000000e-02 -6.5000000e-01
 -8.5000000e-01 -4.6000000e-01  7.3000000e-01  9.4000000e-01
  6.6000000e-01  1.2000000e-01 -4.6000000e-01  5.6000000e-01
  7.7000000e-01 -7.3000000e-01  2.7000000e-01  5.0000000e-01
  5.3000000e-01 -3.7000000e-01  5.9000000e-01 -9.4000000e-01
 -2.4000000e-01  2.7000000e-01 -8.3000000e-01  4.6000000e-01
 -9.3000000e-01  4.3000000e-01  6.2000000e-01 -3.2000000e-01
  2.4000000e-01 -4.0000000e-02 -7.4000000e-01  6.2000000e-01
  9.5000000e-01  7.0000000e-01 -1.7000000e-01  9.5000000e-01
 -6.5000000e-01  1.3630000e+00  4.5000000e-01  5.9000000e-01
 -8.0000000e-02 -1.7000000e-01  4.0000000e-02 -1.0000000e-02
 -6.4000000e-01  7.7000000e-01  1.1000000e-01 -3.0000000e-01
  4.6000000e-01 -4.4000000e-01 -3.2000000e-01 -2.9000000e-01
  4.9000000e-01 -7.6000000e-01 -5.7000000e-01  7.3000000e-01
  7.6000000e-01  6.6000000e-01  1.1000000e-01  7.6000000e-01
 -7.1000000e-01  2.5000000e-01  7.7000000e-01  8.7000000e-01
  2.6000000e-01 -2.1000000e-01][-6.7000000e-01 -8.3000000e-01  8.6000000e-01 -2.2000000e-01
 -4.9000000e-01  9.6000000e-01  8.0000000e-02  3.3000000e-01
  8.8817842e-16 -1.0000000e+00  7.0000000e-02  7.5000000e-01
 -2.0000000e-01  8.0000000e-01  8.8817842e-16  8.0000000e-01
 -1.0000000e+00 -3.4000000e-01  8.7000000e-01 -1.0000000e-02
  9.0000000e-02  5.8000000e-01  5.7000000e-01  8.2000000e-01
  4.5000000e-01 -1.6000000e-01  9.7000000e-01 -6.4000000e-01
 -8.5000000e-01  8.8817842e-16 -7.0000000e-01  9.4000000e-01
  7.4000000e-01 -9.5000000e-01 -9.0000000e-02 -8.5000000e-01
 -8.7000000e-01  9.9000000e-01  2.7000000e-01  8.1000000e-01
  5.3000000e-01 -3.0000000e-01 -1.9000000e-01 -2.8000000e-01
 -2.0000000e-02  6.2000000e-01 -2.7000000e-01 -8.7000000e-01
  5.9000000e-01  2.0000000e-02  6.2000000e-01 -3.2000000e-01
  5.0000000e-01 -4.0000000e-02 -9.2000000e-01  6.2000000e-01
  9.5000000e-01 -4.1000000e-01  1.4420000e+00  9.5000000e-01
  5.4000000e-01 -6.8000000e-01  4.5000000e-01  1.9000000e-01
 -5.4000000e-01  3.0000000e-01 -3.1000000e-01 -1.0000000e-02
 -5.8000000e-01  3.9000000e-01  8.0000000e-02 -1.8000000e-01
  4.6000000e-01  6.6000000e-01  8.9000000e-01 -5.8000000e-01
 -6.5000000e-01  9.0000000e-01 -4.8000000e-01 -5.8000000e-01
  1.4000000e-01 -9.8000000e-01  1.1000000e-01  7.6000000e-01
 -7.1000000e-01  5.8000000e-01  7.7000000e-01  7.1000000e-01
  3.7000000e-01 -2.1000000e-01][-8.1000000e-01  3.2000000e-01  8.6000000e-01 -2.2000000e-01
 -5.7000000e-01  9.7000000e-01  4.8000000e-01  3.3000000e-01
  8.8817842e-16  7.8000000e-01  7.0000000e-02  5.5000000e-01
  2.5000000e-01 -6.8000000e-01  5.5000000e-01  8.0000000e-01
 -5.3000000e-01  6.9000000e-01  3.5000000e-01 -1.0000000e-02
  9.0000000e-02  5.8000000e-01  5.7000000e-01  3.1000000e-01
  4.5000000e-01 -1.6000000e-01  6.1800000e-01 -6.4000000e-01
  3.0000000e-02 -4.6000000e-01  7.3000000e-01  9.4000000e-01
  7.4000000e-01  1.2000000e-01 -9.0000000e-02 -8.5000000e-01
  7.7000000e-01  9.9000000e-01  2.7000000e-01  8.1000000e-01
 -1.6000000e-01  2.3000000e-01 -1.9000000e-01 -2.8000000e-01
 -6.0000000e-01  6.2000000e-01 -8.3000000e-01  4.6000000e-01
  5.9000000e-01  4.3000000e-01 -6.6000000e-01 -7.4000000e-01
  5.0000000e-01 -4.0000000e-02 -9.2000000e-01  6.2000000e-01
  9.5000000e-01 -4.1000000e-01  1.4420000e+00 -6.0000000e-02
 -6.5000000e-01  6.8000000e-01  4.5000000e-01  5.9000000e-01
 -5.4000000e-01 -1.7000000e-01  4.0000000e-02  2.0000000e-01
 -5.8000000e-01  7.7000000e-01  8.0000000e-02 -1.8000000e-01
  4.6000000e-01  6.6000000e-01 -3.2000000e-01  5.1000000e-01
  8.6000000e-01  1.8000000e-01 -4.8000000e-01 -5.8000000e-01
  1.4000000e-01  7.1000000e-01  1.1000000e-01  4.8000000e-01
  6.5000000e-01  9.5000000e-01  7.7000000e-01  7.1000000e-01
  3.7000000e-01 -7.5000000e-01][-6.7000000e-01  3.2000000e-01  5.3000000e-01  7.3000000e-01
 -5.7000000e-01  9.6000000e-01  8.0000000e-02  3.3000000e-01
 -9.6000000e-01 -1.0000000e+00 -4.0000000e-02  5.5000000e-01
 -2.0000000e-01  8.0000000e-01  8.8817842e-16  7.8000000e-01
 -5.3000000e-01  6.9000000e-01  8.7000000e-01 -8.6000000e-01
  7.0000000e-01  5.8000000e-01  1.6000000e-01  8.2000000e-01
  4.5000000e-01  4.4000000e-01 -9.0000000e-02 -6.4000000e-01
  3.0000000e-02 -4.6000000e-01  7.3000000e-01  4.0000000e-01
 -6.5000000e-01  1.2000000e-01 -9.0000000e-02 -8.5000000e-01
  7.7000000e-01 -7.3000000e-01  2.7000000e-01  8.1000000e-01
 -1.6000000e-01  6.8200000e-01  5.9000000e-01  3.1000000e-01
 -6.0000000e-01  2.7000000e-01 -8.3000000e-01  4.6000000e-01
 -9.3000000e-01  2.0000000e-02  6.2000000e-01 -3.2000000e-01
  5.0000000e-01 -4.0000000e-02 -9.2000000e-01  6.0000000e-01
  9.5000000e-01 -4.1000000e-01  1.4420000e+00 -6.0000000e-02
 -6.5000000e-01 -6.8000000e-01  1.2000000e-01  1.9000000e-01
 -5.4000000e-01  3.0000000e-01 -3.1000000e-01 -1.0000000e-02
  6.2000000e-01  7.7000000e-01  8.0000000e-02 -3.0000000e-01
  4.6000000e-01 -4.4000000e-01 -3.2000000e-01  5.1000000e-01
 -6.5000000e-01  1.8000000e-01  5.2000000e-01 -7.0000000e-01
  1.4000000e-01 -9.8000000e-01  1.1000000e-01  4.8000000e-01
  6.5000000e-01  9.5000000e-01  7.7000000e-01  7.1000000e-01
  3.7000000e-01 -2.1000000e-01][-6.7000000e-01  3.2000000e-01  5.3000000e-01  7.3000000e-01
 -4.9000000e-01  9.7000000e-01  8.0000000e-02  3.3000000e-01
 -9.6000000e-01  7.8000000e-01  7.0000000e-02  5.5000000e-01
  2.5000000e-01 -6.8000000e-01  5.5000000e-01  8.0000000e-01
 -1.0000000e+00 -3.4000000e-01  8.7000000e-01 -8.6000000e-01
  7.0000000e-01  8.8817842e-16  1.6000000e-01  8.2000000e-01
  8.7000000e-01 -5.2400000e-01 -9.0000000e-02 -6.4000000e-01
 -8.5000000e-01 -4.6000000e-01 -7.0000000e-01  9.4000000e-01
  7.4000000e-01 -9.5000000e-01 -9.0000000e-02 -8.5000000e-01
  7.7000000e-01  9.9000000e-01 -4.8000000e-01  8.1000000e-01
 -1.6000000e-01 -3.0000000e-01  5.9000000e-01  3.1000000e-01
 -6.0000000e-01  6.2000000e-01 -8.3000000e-01 -8.7000000e-01
 -9.3000000e-01  2.0000000e-02  6.2000000e-01 -7.4000000e-01
  5.0000000e-01  5.6000000e-01 -9.2000000e-01  6.2000000e-01
  4.2000000e-01 -4.1000000e-01 -1.7000000e-01 -6.0000000e-02
 -6.5000000e-01 -6.8000000e-01  1.2000000e-01  5.9000000e-01
 -8.0000000e-02  3.0000000e-01  4.0000000e-02 -1.0000000e-02
  6.2000000e-01  7.7000000e-01  8.0000000e-02 -1.8000000e-01
  4.6000000e-01  6.6000000e-01  8.9000000e-01 -5.8000000e-01
 -6.5000000e-01  1.8000000e-01  5.2000000e-01 -7.0000000e-01
  1.4000000e-01 -9.8000000e-01 -5.0000000e-02  7.6000000e-01
 -7.1000000e-01  5.8000000e-01 -3.6000000e-01  8.7000000e-01
  2.6000000e-01 -7.5000000e-01][-6.7000000e-01 -8.3000000e-01  8.6000000e-01 -2.2000000e-01
 -4.9000000e-01  9.6000000e-01  8.0000000e-02 -3.8000000e-01
  8.8817842e-16  7.8000000e-01 -4.0000000e-02  7.5000000e-01
 -2.0000000e-01  8.0000000e-01  8.8817842e-16  8.0000000e-01
 -1.0000000e+00  6.9000000e-01  8.7000000e-01 -8.6000000e-01
 -3.7600000e-01  8.8817842e-16  5.7000000e-01  3.1000000e-01
  4.5000000e-01  4.4000000e-01 -9.0000000e-02 -6.5000000e-01
  3.0000000e-02 -4.6000000e-01  7.3000000e-01  9.4000000e-01
  7.4000000e-01  1.2000000e-01  8.6000000e-01 -8.5000000e-01
  7.7000000e-01  9.9000000e-01 -4.8000000e-01  8.1000000e-01
  5.3000000e-01 -3.0000000e-01  5.9000000e-01  3.1000000e-01
 -2.0000000e-02  6.2000000e-01 -2.7000000e-01  4.6000000e-01
 -9.3000000e-01  2.0000000e-02  6.2000000e-01 -7.4000000e-01
  5.0000000e-01  5.6000000e-01 -9.2000000e-01  6.0000000e-01
  4.2000000e-01  7.0000000e-01  1.4420000e+00 -6.0000000e-02
 -6.5000000e-01  6.8000000e-01  1.2000000e-01  1.9000000e-01
 -5.4000000e-01  3.0000000e-01 -3.1000000e-01  2.0000000e-01
 -5.8000000e-01  3.9000000e-01 -1.8000000e-01 -3.0000000e-01
  4.6000000e-01  6.6000000e-01 -3.2000000e-01  5.1000000e-01
  8.6000000e-01  1.8000000e-01  5.2000000e-01 -5.8000000e-01
  2.3000000e-01 -9.8000000e-01  1.1000000e-01  4.8000000e-01
  6.5000000e-01  9.5000000e-01 -3.6000000e-01  8.7000000e-01
  3.7000000e-01 -2.1000000e-01][-8.1000000e-01 -8.3000000e-01  8.6000000e-01  7.3000000e-01
 -5.7000000e-01  9.6000000e-01  8.0000000e-02  3.3000000e-01
  8.8817842e-16 -1.0000000e+00  7.0000000e-02  5.5000000e-01
 -2.0000000e-01 -6.8000000e-01  5.5000000e-01  8.0000000e-01
 -5.3000000e-01  6.9000000e-01  8.7000000e-01 -8.6000000e-01
  7.0000000e-01  5.8000000e-01  5.7000000e-01  3.1000000e-01
  8.7000000e-01  4.4000000e-01 -9.0000000e-02 -6.5000000e-01
  3.0000000e-02  8.8817842e-16  7.3000000e-01  4.0000000e-01
  7.4000000e-01 -9.5000000e-01 -9.0000000e-02 -1.2900000e-01
  7.7000000e-01 -7.3000000e-01 -4.8000000e-01  8.1000000e-01
 -1.6000000e-01 -3.0000000e-01  5.9000000e-01  3.1000000e-01
 -2.0000000e-02  2.7000000e-01 -8.3000000e-01 -8.7000000e-01
 -9.3000000e-01  4.3000000e-01  6.2000000e-01 -3.2000000e-01
  5.0000000e-01  5.6000000e-01 -7.4000000e-01  6.0000000e-01
  9.5000000e-01 -4.1000000e-01  1.4420000e+00  9.5000000e-01
  5.4000000e-01 -6.8000000e-01  1.2000000e-01  5.9000000e-01
 -8.0000000e-02 -1.7000000e-01  4.0000000e-02  2.0000000e-01
  6.2000000e-01  3.9000000e-01 -1.8000000e-01 -3.0000000e-01
  4.6000000e-01 -4.4000000e-01  8.9000000e-01 -5.8000000e-01
 -6.5000000e-01  1.8000000e-01 -4.8000000e-01 -5.8000000e-01
  1.4000000e-01  7.1000000e-01 -5.0000000e-02  7.6000000e-01
  6.5000000e-01  9.5000000e-01  7.7000000e-01  8.7000000e-01
  2.6000000e-01 -2.1000000e-01][-8.1000000e-01 -8.3000000e-01  8.6000000e-01 -2.2000000e-01
 -4.9000000e-01  9.7000000e-01  4.8000000e-01  3.3000000e-01
  8.8817842e-16  7.8000000e-01 -4.0000000e-02  7.5000000e-01
 -2.0000000e-01  8.0000000e-01  8.8817842e-16  8.0000000e-01
 -1.0000000e+00  6.9000000e-01  3.5000000e-01 -8.6000000e-01
  7.0000000e-01  8.8817842e-16  1.6000000e-01  3.1000000e-01
  8.7000000e-01 -1.6000000e-01 -9.0000000e-02 -6.4000000e-01
 -8.5000000e-01 -4.6000000e-01 -7.0000000e-01  9.4000000e-01
 -6.5000000e-01  1.2000000e-01  8.6000000e-01  5.6000000e-01
 -8.7000000e-01  9.9000000e-01 -4.8000000e-01 -2.9000000e-01
  5.3000000e-01 -3.0000000e-01 -1.9000000e-01  3.1000000e-01
 -2.0000000e-02  2.7000000e-01 -2.7000000e-01 -8.7000000e-01
 -9.3000000e-01  2.0000000e-02 -6.6000000e-01 -3.2000000e-01
  2.4000000e-01 -4.0000000e-02 -9.2000000e-01  6.0000000e-01
  4.2000000e-01 -4.1000000e-01  1.4420000e+00  9.5000000e-01
  5.4000000e-01  6.8000000e-01  1.2000000e-01  1.9000000e-01
 -5.4000000e-01 -1.7000000e-01 -3.1000000e-01  2.0000000e-01
  6.2000000e-01  3.9000000e-01 -1.8000000e-01 -1.8000000e-01
  4.6000000e-01  6.6000000e-01  8.9000000e-01 -3.1100000e-01
 -6.5000000e-01  9.0000000e-01  5.2000000e-01 -7.0000000e-01
  2.3000000e-01 -9.8000000e-01 -5.0000000e-02  4.8000000e-01
  6.5000000e-01  5.8000000e-01 -3.6000000e-01  8.7000000e-01
  3.7000000e-01 -2.1000000e-01][-6.7000000e-01  3.2000000e-01  8.6000000e-01  7.3000000e-01
 -5.7000000e-01  9.6000000e-01  4.8000000e-01  3.3000000e-01
  8.8817842e-16  7.8000000e-01 -4.0000000e-02  7.5000000e-01
  2.5000000e-01  8.0000000e-01  8.8817842e-16  7.8000000e-01
 -1.0000000e+00  6.9000000e-01  3.5000000e-01 -8.6000000e-01
  9.0000000e-02  8.8817842e-16  1.6000000e-01  8.2000000e-01
  4.5000000e-01  4.4000000e-01 -9.0000000e-02 -6.4000000e-01
 -8.5000000e-01  8.8817842e-16  7.3000000e-01  9.4000000e-01
  7.4000000e-01  1.2000000e-01 -9.0000000e-02 -8.5000000e-01
 -8.7000000e-01  9.9000000e-01 -4.8000000e-01  8.1000000e-01
 -1.6000000e-01  2.3000000e-01  5.9000000e-01  3.1000000e-01
 -2.0000000e-02  2.7000000e-01 -8.3000000e-01 -1.7100000e-01
 -9.3000000e-01  4.3000000e-01 -6.6000000e-01 -3.2000000e-01
  2.4000000e-01  5.6000000e-01 -7.4000000e-01  6.0000000e-01
  4.2000000e-01 -4.1000000e-01  1.4420000e+00  9.5000000e-01
  5.4000000e-01  6.8000000e-01  1.2000000e-01  1.9000000e-01
 -8.0000000e-02 -1.7000000e-01 -3.1000000e-01  2.0000000e-01
  6.2000000e-01  3.9000000e-01  8.0000000e-02 -3.0000000e-01
  4.6000000e-01 -4.4000000e-01 -3.2000000e-01  5.1000000e-01
 -6.5000000e-01  9.0000000e-01  5.2000000e-01 -7.0000000e-01
  1.4000000e-01  7.1000000e-01 -5.0000000e-02  4.8000000e-01
  6.5000000e-01  9.5000000e-01  7.7000000e-01  8.7000000e-01
  2.6000000e-01 -7.5000000e-01][-6.7000000e-01 -8.3000000e-01  8.6000000e-01  7.3000000e-01
 -4.9000000e-01  9.6000000e-01  8.0000000e-02 -3.8000000e-01
 -9.6000000e-01 -1.0000000e+00  7.0000000e-02  7.5000000e-01
 -2.0000000e-01  8.0000000e-01  5.5000000e-01  8.0000000e-01
 -1.0000000e+00 -3.4000000e-01  3.5000000e-01 -8.6000000e-01
  7.0000000e-01  5.8000000e-01  1.6000000e-01  3.1000000e-01
  8.7000000e-01  4.4000000e-01 -9.0000000e-02 -6.5000000e-01
 -8.5000000e-01  8.8817842e-16 -7.0000000e-01  4.0000000e-01
 -6.5000000e-01  1.2000000e-01 -9.0000000e-02 -8.5000000e-01
  7.7000000e-01 -7.3000000e-01  2.7000000e-01  8.1000000e-01
 -1.6000000e-01  2.3000000e-01 -1.9000000e-01 -2.8000000e-01
 -2.0000000e-02  6.2000000e-01 -2.7000000e-01  4.6000000e-01
  5.9000000e-01  2.0000000e-02  6.2000000e-01 -3.2000000e-01
  2.4000000e-01 -4.0000000e-02 -7.4000000e-01  6.0000000e-01
  4.2000000e-01 -4.1000000e-01  1.4420000e+00  9.5000000e-01
  5.4000000e-01 -4.1000000e-02  1.2000000e-01  5.9000000e-01
 -5.4000000e-01 -1.7000000e-01 -3.1000000e-01 -1.0000000e-02
 -5.8000000e-01  7.7000000e-01 -1.8000000e-01 -1.8000000e-01
  4.6000000e-01 -4.4000000e-01 -3.2000000e-01  5.1000000e-01
 -6.5000000e-01  1.8000000e-01  5.2000000e-01 -5.8000000e-01
  2.3000000e-01 -9.8000000e-01 -5.0000000e-02  7.6000000e-01
  6.5000000e-01  9.5000000e-01 -3.6000000e-01  7.1000000e-01
  3.7000000e-01 -7.5000000e-01][-6.7000000e-01 -8.3000000e-01  8.6000000e-01 -2.2000000e-01
 -5.7000000e-01  9.6000000e-01  8.0000000e-02 -3.8000000e-01
 -9.6000000e-01  7.8000000e-01 -4.0000000e-02  7.5000000e-01
  2.5000000e-01  8.0000000e-01  8.8817842e-16  8.0000000e-01
 -5.3000000e-01  6.9000000e-01  8.7000000e-01 -1.0000000e-02
  7.0000000e-01  8.8817842e-16  1.6000000e-01  8.2000000e-01
  8.7000000e-01  4.4000000e-01  9.7000000e-01 -6.4000000e-01
 -8.5000000e-01 -4.6000000e-01 -2.4400000e-01  9.4000000e-01
 -6.5000000e-01  1.2000000e-01 -9.0000000e-02 -8.5000000e-01
  7.7000000e-01 -7.3000000e-01  2.7000000e-01  8.1000000e-01
  5.3000000e-01  2.3000000e-01 -1.9000000e-01  3.1000000e-01
 -2.0000000e-02  6.2000000e-01 -8.3000000e-01 -8.7000000e-01
  5.9000000e-01  2.0000000e-02  6.2000000e-01 -7.4000000e-01
  2.4000000e-01  5.6000000e-01 -9.2000000e-01  6.0000000e-01
  9.5000000e-01 -4.1000000e-01 -1.7000000e-01 -6.0000000e-02
 -6.5000000e-01 -6.8000000e-01  1.2000000e-01  1.9000000e-01
 -8.0000000e-02 -1.7000000e-01  4.0000000e-02 -1.0000000e-02
 -5.8000000e-01  7.7000000e-01 -1.8000000e-01 -1.8000000e-01
  4.6000000e-01  6.6000000e-01 -3.2000000e-01  5.1000000e-01
  8.6000000e-01  1.8000000e-01 -4.8000000e-01 -5.8000000e-01
  2.3000000e-01  7.1000000e-01  1.1000000e-01  7.6000000e-01
  6.5000000e-01  9.5000000e-01 -3.6000000e-01  8.7000000e-01
  2.6000000e-01 -7.5000000e-01][-6.7000000e-01 -8.3000000e-01  5.3000000e-01  7.3000000e-01
 -4.9000000e-01  9.6000000e-01  4.8000000e-01 -3.8000000e-01
  8.8817842e-16 -1.0000000e+00 -4.0000000e-02  7.5000000e-01
  2.5000000e-01  8.0000000e-01  5.5000000e-01  7.8000000e-01
 -1.0000000e+00 -3.4000000e-01  8.7000000e-01 -1.0000000e-02
  9.0000000e-02  5.8000000e-01  1.6000000e-01  3.1000000e-01
  4.5000000e-01  4.4000000e-01  9.7000000e-01 -6.5000000e-01
 -8.5000000e-01 -4.6000000e-01 -7.0000000e-01  4.0000000e-01
  7.4000000e-01 -9.5000000e-01 -9.0000000e-02  5.6000000e-01
 -8.7000000e-01 -7.3000000e-01  2.7000000e-01  8.1000000e-01
 -1.6000000e-01 -3.0000000e-01 -1.9000000e-01  3.1000000e-01
 -6.0000000e-01  2.7000000e-01 -2.7000000e-01 -8.7000000e-01
 -9.3000000e-01  2.0000000e-02 -6.6000000e-01 -3.2000000e-01
  2.4000000e-01 -4.0000000e-02 -9.2000000e-01  6.2000000e-01
  4.2000000e-01  7.0000000e-01  1.4420000e+00  9.5000000e-01
  5.4000000e-01 -6.8000000e-01  4.5000000e-01  5.9000000e-01
 -5.4000000e-01  3.0000000e-01 -3.1000000e-01  2.0000000e-01
  6.2000000e-01  3.9000000e-01  8.0000000e-02 -1.8000000e-01
  4.6000000e-01  6.6000000e-01 -3.2000000e-01  5.1000000e-01
 -6.5000000e-01  9.0000000e-01 -4.8000000e-01 -5.8000000e-01
  2.3000000e-01  7.1000000e-01  1.1000000e-01  4.8000000e-01
 -7.1000000e-01  9.5000000e-01  7.7000000e-01 -2.4100000e-01
  2.6000000e-01 -7.5000000e-01][-6.7000000e-01  3.2000000e-01  8.6000000e-01 -2.2000000e-01
 -4.9000000e-01  9.6000000e-01  8.0000000e-02  3.3000000e-01
  8.8817842e-16 -1.0000000e+00  7.0000000e-02  5.5000000e-01
  2.5000000e-01 -6.8000000e-01  5.5000000e-01  7.8000000e-01
 -1.0000000e+00 -3.4000000e-01  3.5000000e-01 -8.6000000e-01
  9.0000000e-02  5.8000000e-01  5.7000000e-01  8.2000000e-01
  4.5000000e-01 -1.6000000e-01  9.7000000e-01 -6.4000000e-01
 -8.5000000e-01  8.8817842e-16 -7.0000000e-01  4.0000000e-01
  7.4000000e-01 -9.5000000e-01 -9.0000000e-02 -8.5000000e-01
 -8.7000000e-01  9.9000000e-01  2.7000000e-01  8.1000000e-01
 -1.6000000e-01  2.3000000e-01 -1.9000000e-01 -2.8000000e-01
 -6.0000000e-01  6.2000000e-01 -2.7000000e-01 -8.7000000e-01
 -9.3000000e-01  4.3000000e-01 -6.6000000e-01 -7.4000000e-01
  5.0000000e-01 -4.0000000e-02 -9.2000000e-01  6.0000000e-01
  9.5000000e-01 -4.1000000e-01  1.4420000e+00  9.5000000e-01
 -6.5000000e-01 -6.8000000e-01  4.5000000e-01  1.9000000e-01
 -8.0000000e-02  3.0000000e-01 -3.1000000e-01  2.0000000e-01
 -5.8000000e-01  7.7000000e-01 -1.8000000e-01 -1.7000000e-01
  4.6000000e-01  6.6000000e-01 -3.2000000e-01 -5.8000000e-01
 -6.5000000e-01  1.8000000e-01  5.2000000e-01 -7.0000000e-01
  2.3000000e-01  7.1000000e-01 -5.0000000e-02  4.8000000e-01
 -7.1000000e-01  5.8000000e-01  7.7000000e-01  8.7000000e-01
  2.6000000e-01 -7.5000000e-01][-0.67   0.32   0.53  -0.22  -0.49   0.97   0.48   0.33  -0.96  -1.
 -0.04   0.55   0.25   0.8    0.55   0.78  -1.     0.69   0.87  -0.01
  0.7    0.58   0.57   0.82   0.87  -0.16  -0.09  -0.65  -0.85  -0.46
 -0.7    0.94  -0.65   0.12  -0.09  -0.85  -0.87   0.99  -0.48  -0.29
  0.53  -0.3   -0.19  -0.28   0.208  0.27  -0.27  -0.87  -0.93   0.43
  0.62  -0.74   0.5    0.56  -0.74   0.62   0.42  -0.41  -0.17   0.95
  0.54   0.68   0.45   0.19  -0.54  -0.17  -0.31   0.2   -0.58   0.77
 -0.18  -0.18   0.46   0.66  -0.32   0.51   0.86   0.9    0.52  -0.7
  0.23   0.71  -0.05   0.76   0.65   0.95   0.77   0.71   0.37  -0.21 ][-8.1000000e-01 -8.3000000e-01  8.6000000e-01  7.3000000e-01
 -5.7000000e-01  9.7000000e-01  8.0000000e-02  3.3000000e-01
 -9.6000000e-01 -1.0000000e+00 -4.0000000e-02  5.5000000e-01
  8.8700000e-01  8.0000000e-01  5.5000000e-01  7.8000000e-01
 -1.0000000e+00 -3.4000000e-01  8.7000000e-01 -8.6000000e-01
  9.0000000e-02  5.8000000e-01  1.6000000e-01  3.1000000e-01
  8.7000000e-01 -1.6000000e-01 -9.0000000e-02 -6.4000000e-01
 -8.5000000e-01  8.8817842e-16 -7.0000000e-01  4.0000000e-01
  7.4000000e-01 -9.5000000e-01  8.6000000e-01 -8.5000000e-01
  7.7000000e-01  9.9000000e-01  2.7000000e-01 -2.9000000e-01
  5.3000000e-01  2.3000000e-01  5.9000000e-01 -2.8000000e-01
 -2.0000000e-02  2.7000000e-01 -2.7000000e-01  4.6000000e-01
  5.9000000e-01  4.3000000e-01  6.2000000e-01 -3.2000000e-01
  2.4000000e-01 -4.0000000e-02 -7.4000000e-01  6.0000000e-01
  4.2000000e-01  7.0000000e-01  1.4420000e+00 -6.0000000e-02
 -6.5000000e-01 -6.8000000e-01  1.2000000e-01  5.9000000e-01
 -5.4000000e-01  3.0000000e-01 -3.1000000e-01  2.0000000e-01
  6.2000000e-01  3.9000000e-01  8.0000000e-02 -1.8000000e-01
  4.6000000e-01 -4.4000000e-01  8.9000000e-01  5.1000000e-01
  8.6000000e-01  1.8000000e-01 -4.8000000e-01 -7.0000000e-01
  1.4000000e-01  7.1000000e-01 -5.0000000e-02  7.6000000e-01
  6.5000000e-01  5.8000000e-01  7.7000000e-01  7.1000000e-01
  3.7000000e-01 -2.1000000e-01][-6.7000000e-01 -8.3000000e-01  8.6000000e-01  7.3000000e-01
 -5.7000000e-01  9.7000000e-01  8.0000000e-02 -3.8000000e-01
  8.8817842e-16  7.8000000e-01  7.0000000e-02  5.5000000e-01
  2.5000000e-01  8.0000000e-01  5.5000000e-01  7.8000000e-01
 -1.0000000e+00 -3.4000000e-01  8.7000000e-01 -8.6000000e-01
  7.0000000e-01  5.8000000e-01  1.6000000e-01  8.2000000e-01
  4.5000000e-01 -1.6000000e-01 -9.0000000e-02 -6.4000000e-01
  3.0000000e-02  8.8817842e-16 -7.0000000e-01  4.0000000e-01
 -6.5000000e-01 -9.5000000e-01  8.6000000e-01 -8.5000000e-01
 -8.7000000e-01 -7.3000000e-01 -4.8000000e-01 -2.9000000e-01
 -1.6000000e-01  2.3000000e-01  5.9000000e-01  3.1000000e-01
 -6.0000000e-01  2.7000000e-01 -2.7000000e-01 -8.7000000e-01
  5.9000000e-01  7.5700000e-01 -6.6000000e-01 -3.2000000e-01
  2.4000000e-01  5.6000000e-01 -9.2000000e-01  6.0000000e-01
  9.5000000e-01 -4.1000000e-01  1.4420000e+00  9.5000000e-01
  5.4000000e-01  6.8000000e-01  1.2000000e-01  5.9000000e-01
 -5.4000000e-01  3.0000000e-01  4.0000000e-02 -1.0000000e-02
 -5.8000000e-01  3.9000000e-01  8.0000000e-02 -3.0000000e-01
  4.6000000e-01  6.6000000e-01  8.9000000e-01  5.1000000e-01
  8.6000000e-01  9.0000000e-01 -4.8000000e-01 -7.0000000e-01
  2.3000000e-01  7.1000000e-01  1.1000000e-01  4.8000000e-01
  6.5000000e-01  9.5000000e-01 -3.6000000e-01  8.7000000e-01
  3.7000000e-01 -7.5000000e-01][-8.1000000e-01  3.2000000e-01  5.3000000e-01  7.3000000e-01
 -5.7000000e-01  9.7000000e-01  8.0000000e-02  3.3000000e-01
  8.8817842e-16  7.8000000e-01 -4.0000000e-02  7.5000000e-01
  2.5000000e-01  8.0000000e-01  8.8817842e-16  7.8000000e-01
 -1.0000000e+00  6.9000000e-01  8.7000000e-01 -8.6000000e-01
  9.0000000e-02  8.8817842e-16  1.6000000e-01  3.1000000e-01
  8.7000000e-01  4.4000000e-01 -9.0000000e-02 -6.4000000e-01
 -8.5000000e-01  8.8817842e-16  7.3000000e-01  9.4000000e-01
 -6.5000000e-01 -9.5000000e-01  8.6000000e-01  5.6000000e-01
  7.7000000e-01  9.9000000e-01 -4.8000000e-01 -2.9000000e-01
 -1.6000000e-01 -3.0000000e-01  5.9000000e-01  3.1000000e-01
 -9.5200000e-01  2.7000000e-01 -2.7000000e-01  4.6000000e-01
 -9.3000000e-01  2.0000000e-02  6.2000000e-01 -3.2000000e-01
  2.4000000e-01  5.6000000e-01 -7.4000000e-01  6.2000000e-01
  4.2000000e-01 -4.1000000e-01  1.4420000e+00 -6.0000000e-02
 -6.5000000e-01 -6.8000000e-01  4.5000000e-01  5.9000000e-01
 -8.0000000e-02 -1.7000000e-01 -3.1000000e-01  2.0000000e-01
  6.2000000e-01  3.9000000e-01 -1.8000000e-01 -1.8000000e-01
  4.6000000e-01  6.6000000e-01  8.9000000e-01  5.1000000e-01
  8.6000000e-01  9.0000000e-01  5.2000000e-01 -5.8000000e-01
  2.3000000e-01  7.1000000e-01  1.1000000e-01  7.6000000e-01
  6.5000000e-01  5.8000000e-01  7.7000000e-01  7.1000000e-01
  3.7000000e-01 -2.1000000e-01][-6.7000000e-01  3.2000000e-01  8.6000000e-01  7.3000000e-01
 -4.9000000e-01  9.7000000e-01  8.0000000e-02 -3.8000000e-01
  8.8817842e-16  7.8000000e-01 -4.0000000e-02  5.5000000e-01
  2.5000000e-01 -6.8000000e-01  5.5000000e-01  7.8000000e-01
 -5.3000000e-01 -3.4000000e-01  3.5000000e-01 -1.0000000e-02
  7.0000000e-01  5.8000000e-01  1.6000000e-01  8.2000000e-01
  4.5000000e-01 -1.6000000e-01 -9.0000000e-02 -6.5000000e-01
 -8.5000000e-01 -4.6000000e-01 -7.0000000e-01  9.4000000e-01
 -6.5000000e-01  1.2000000e-01 -9.0000000e-02  5.6000000e-01
 -8.7000000e-01 -7.3000000e-01 -4.8000000e-01  8.1000000e-01
  1.0400000e-01 -3.0000000e-01 -1.9000000e-01  3.1000000e-01
 -6.0000000e-01  6.2000000e-01 -8.3000000e-01 -8.7000000e-01
 -9.3000000e-01  2.0000000e-02  6.2000000e-01 -3.2000000e-01
  5.0000000e-01 -4.0000000e-02 -9.2000000e-01  6.0000000e-01
  9.5000000e-01 -4.1000000e-01 -1.7000000e-01 -6.0000000e-02
  5.4000000e-01 -6.8000000e-01  4.5000000e-01  5.9000000e-01
 -8.0000000e-02  3.0000000e-01 -3.1000000e-01 -1.0000000e-02
  6.2000000e-01  3.9000000e-01  8.0000000e-02 -1.8000000e-01
  4.6000000e-01 -4.4000000e-01  8.9000000e-01 -5.8000000e-01
 -6.5000000e-01  9.0000000e-01  5.2000000e-01 -7.0000000e-01
  1.4000000e-01  7.1000000e-01  1.1000000e-01  4.8000000e-01
  6.5000000e-01  5.8000000e-01 -3.6000000e-01  7.1000000e-01
  3.7000000e-01 -7.5000000e-01][-8.1000000e-01 -8.3000000e-01  5.3000000e-01 -8.6200000e-01
 -4.9000000e-01  9.7000000e-01  4.8000000e-01 -3.8000000e-01
 -9.6000000e-01  7.8000000e-01  7.0000000e-02  7.5000000e-01
  2.5000000e-01 -6.8000000e-01  5.5000000e-01  8.0000000e-01
 -1.0000000e+00  6.9000000e-01  8.7000000e-01 -8.6000000e-01
  9.0000000e-02  8.8817842e-16  1.6000000e-01  8.2000000e-01
  8.7000000e-01 -1.6000000e-01 -9.0000000e-02 -6.5000000e-01
 -8.5000000e-01  8.8817842e-16  7.3000000e-01  9.4000000e-01
 -6.5000000e-01  1.2000000e-01  8.6000000e-01  5.6000000e-01
 -8.7000000e-01  9.9000000e-01  2.7000000e-01 -2.9000000e-01
 -1.6000000e-01  2.3000000e-01 -1.9000000e-01 -2.8000000e-01
 -2.0000000e-02  2.7000000e-01 -2.7000000e-01  4.6000000e-01
 -9.3000000e-01  4.3000000e-01 -6.6000000e-01 -7.4000000e-01
  2.4000000e-01  5.6000000e-01 -7.4000000e-01  6.2000000e-01
  4.2000000e-01  7.0000000e-01 -1.7000000e-01 -6.0000000e-02
 -6.5000000e-01 -6.8000000e-01  1.2000000e-01  5.9000000e-01
 -5.4000000e-01 -1.7000000e-01 -3.1000000e-01 -1.0000000e-02
  6.2000000e-01  7.7000000e-01 -1.8000000e-01 -1.8000000e-01
  4.6000000e-01  6.6000000e-01  8.9000000e-01  5.1000000e-01
  8.6000000e-01  9.0000000e-01  5.2000000e-01 -7.0000000e-01
  2.3000000e-01  7.1000000e-01 -5.0000000e-02  7.6000000e-01
 -7.1000000e-01  5.8000000e-01 -3.6000000e-01  8.7000000e-01
  2.6000000e-01 -7.5000000e-01][-6.7000000e-01 -8.3000000e-01  8.6000000e-01  7.3000000e-01
 -5.7000000e-01  9.6000000e-01  8.0000000e-02  3.3000000e-01
  8.8817842e-16 -1.0000000e+00 -4.0000000e-02  5.5000000e-01
  2.5000000e-01  8.0000000e-01  8.8817842e-16  8.0000000e-01
 -5.3000000e-01 -3.4000000e-01  8.7000000e-01 -8.6000000e-01
  7.0000000e-01  5.8000000e-01  1.6000000e-01  3.1000000e-01
  4.5000000e-01  4.4000000e-01 -9.0000000e-02 -6.5000000e-01
  3.0000000e-02  8.8817842e-16 -7.0000000e-01  9.4000000e-01
 -6.5000000e-01  1.2000000e-01 -9.0000000e-02  5.6000000e-01
 -8.7000000e-01  9.9000000e-01  2.7000000e-01 -2.9000000e-01
  5.3000000e-01  2.3000000e-01 -1.9000000e-01 -2.8000000e-01
 -2.0000000e-02  6.2000000e-01 -2.7000000e-01 -8.7000000e-01
 -9.3000000e-01  4.3000000e-01 -6.6000000e-01 -7.4000000e-01
  5.0000000e-01  5.6000000e-01 -7.4000000e-01  6.0000000e-01
  4.2000000e-01 -4.1000000e-01 -1.7000000e-01  9.5000000e-01
  5.4000000e-01  6.8000000e-01  4.5000000e-01  5.9000000e-01
 -8.0000000e-02 -1.7000000e-01 -3.1000000e-01 -6.8700000e-01
 -5.8000000e-01  7.7000000e-01 -1.8000000e-01 -1.8000000e-01
  4.6000000e-01  6.6000000e-01  8.9000000e-01  5.1000000e-01
 -6.5000000e-01  1.8000000e-01 -4.8000000e-01 -5.8000000e-01
  1.4000000e-01  7.1000000e-01  1.1000000e-01  7.6000000e-01
 -7.1000000e-01  9.5000000e-01  7.7000000e-01  8.7000000e-01
  2.6000000e-01 -2.1000000e-01][-6.7000000e-01  3.2000000e-01  8.6000000e-01 -2.2000000e-01
 -4.9000000e-01  9.6000000e-01  8.0000000e-02 -3.8000000e-01
  8.8817842e-16 -1.0000000e+00  7.0000000e-02  7.5000000e-01
  2.5000000e-01  8.0000000e-01  5.5000000e-01  7.8000000e-01
 -1.0000000e+00  6.9000000e-01  3.5000000e-01 -8.6000000e-01
  7.0000000e-01  5.8000000e-01  1.6000000e-01  3.1000000e-01
  4.5000000e-01  4.4000000e-01 -9.0000000e-02 -6.4000000e-01
 -8.5000000e-01  8.8817842e-16 -7.0000000e-01  4.0000000e-01
  7.4000000e-01 -9.5000000e-01  8.6000000e-01  5.6000000e-01
 -8.7000000e-01  9.9000000e-01 -4.8000000e-01 -2.9000000e-01
 -1.6000000e-01 -3.0000000e-01  5.9000000e-01 -2.8000000e-01
 -2.0000000e-02  2.7000000e-01 -2.7000000e-01  4.6000000e-01
 -9.3000000e-01  2.0000000e-02  6.2000000e-01 -7.4000000e-01
  5.0000000e-01  5.6000000e-01 -8.9100000e-01  6.0000000e-01
  9.5000000e-01 -4.1000000e-01  1.4420000e+00 -6.0000000e-02
 -6.5000000e-01  6.8000000e-01  1.2000000e-01  1.9000000e-01
 -8.0000000e-02 -1.7000000e-01 -3.1000000e-01 -1.0000000e-02
 -5.8000000e-01  7.7000000e-01 -1.8000000e-01 -3.0000000e-01
  4.6000000e-01  6.6000000e-01  8.9000000e-01 -5.8000000e-01
 -6.5000000e-01  9.0000000e-01 -4.8000000e-01 -7.0000000e-01
  1.4000000e-01  7.1000000e-01  1.1000000e-01  7.6000000e-01
  6.5000000e-01  9.5000000e-01 -3.6000000e-01  8.7000000e-01
  2.6000000e-01 -2.1000000e-01][-6.7000000e-01  3.2000000e-01  5.3000000e-01 -2.2000000e-01
 -4.9000000e-01  9.6000000e-01  8.0000000e-02 -3.8000000e-01
 -9.6000000e-01 -1.0000000e+00 -4.0000000e-02  5.5000000e-01
 -2.0000000e-01 -6.8000000e-01  8.8817842e-16  8.0000000e-01
 -1.0000000e+00  6.9000000e-01  8.7700000e-01 -8.6000000e-01
  9.0000000e-02  8.8817842e-16  1.6000000e-01  8.2000000e-01
  4.5000000e-01  4.4000000e-01 -9.0000000e-02 -6.5000000e-01
 -8.5000000e-01 -4.6000000e-01 -7.0000000e-01  9.4000000e-01
 -6.5000000e-01 -9.5000000e-01 -9.0000000e-02 -8.5000000e-01
 -8.7000000e-01  9.9000000e-01  2.7000000e-01  8.1000000e-01
  5.3000000e-01  2.3000000e-01  5.9000000e-01 -2.8000000e-01
 -2.0000000e-02  6.2000000e-01 -2.7000000e-01  4.6000000e-01
  5.9000000e-01  4.3000000e-01  6.2000000e-01 -3.2000000e-01
  2.4000000e-01  5.6000000e-01 -7.4000000e-01  6.0000000e-01
  9.5000000e-01 -4.1000000e-01 -1.7000000e-01 -6.0000000e-02
 -6.5000000e-01  6.8000000e-01  4.5000000e-01  5.9000000e-01
 -5.4000000e-01  3.0000000e-01  4.0000000e-02  2.0000000e-01
 -5.8000000e-01  3.9000000e-01  8.0000000e-02 -1.8000000e-01
  4.6000000e-01 -4.4000000e-01 -3.2000000e-01  5.1000000e-01
 -6.5000000e-01  9.0000000e-01 -4.8000000e-01 -5.8000000e-01
  1.4000000e-01  7.1000000e-01  1.1000000e-01  7.6000000e-01
  6.5000000e-01  9.5000000e-01 -3.6000000e-01  8.7000000e-01
  3.7000000e-01 -2.1000000e-01][-6.7000000e-01  3.2000000e-01  8.6000000e-01  7.3000000e-01
 -5.7000000e-01  9.7000000e-01  4.8000000e-01 -3.8000000e-01
  8.8817842e-16 -1.0000000e+00 -4.0000000e-02  5.5000000e-01
 -2.0000000e-01  8.0000000e-01  8.8817842e-16  7.8000000e-01
 -1.0000000e+00 -3.4000000e-01  8.7000000e-01 -8.6000000e-01
  7.0000000e-01  8.8817842e-16  5.7000000e-01  3.1000000e-01
  4.5000000e-01  4.4000000e-01  9.7000000e-01 -6.5000000e-01
 -8.5000000e-01 -4.6000000e-01  7.3000000e-01  9.4000000e-01
 -6.5000000e-01 -9.5000000e-01 -9.0000000e-02 -8.5000000e-01
 -8.7000000e-01 -7.3000000e-01  2.7000000e-01  8.1000000e-01
 -1.6000000e-01  2.3000000e-01 -1.9000000e-01 -2.8000000e-01
 -2.0000000e-02  6.2000000e-01 -8.3000000e-01  4.6000000e-01
 -9.3000000e-01  2.0000000e-02  6.2000000e-01 -7.4000000e-01
  5.0000000e-01 -4.0000000e-02 -9.2000000e-01  6.0000000e-01
  9.5000000e-01  7.0000000e-01 -1.7000000e-01  9.5000000e-01
  5.4000000e-01  6.8000000e-01  1.2000000e-01  1.9000000e-01
 -5.4000000e-01 -4.3700000e-01 -3.1000000e-01 -1.0000000e-02
 -5.8000000e-01  7.7000000e-01  8.0000000e-02 -1.8000000e-01
  4.6000000e-01  6.6000000e-01  8.9000000e-01  5.1000000e-01
 -6.5000000e-01  1.8000000e-01 -4.8000000e-01 -5.8000000e-01
  2.3000000e-01  7.1000000e-01  1.1000000e-01  7.6000000e-01
 -7.1000000e-01  5.8000000e-01  7.7000000e-01  8.7000000e-01
  3.7000000e-01 -2.1000000e-01][-8.1000000e-01 -8.3000000e-01  5.3000000e-01  7.3000000e-01
 -5.7000000e-01  9.6000000e-01  8.0000000e-02 -3.8000000e-01
  8.8817842e-16 -1.0000000e+00 -4.0000000e-02  5.5000000e-01
  2.5000000e-01  8.0000000e-01  5.5000000e-01  8.0000000e-01
 -1.0000000e+00 -3.4000000e-01  8.7000000e-01 -1.0000000e-02
  7.0000000e-01  8.8817842e-16  1.6000000e-01  8.2000000e-01
  8.7000000e-01  4.4000000e-01  9.7000000e-01 -6.5000000e-01
  3.0000000e-02 -4.6000000e-01 -7.0000000e-01  1.4730000e+00
  7.4000000e-01 -9.5000000e-01  8.6000000e-01  5.6000000e-01
 -8.7000000e-01  9.9000000e-01 -4.8000000e-01  8.1000000e-01
 -1.6000000e-01  2.3000000e-01 -1.9000000e-01 -2.8000000e-01
 -2.0000000e-02  6.2000000e-01 -2.7000000e-01  4.6000000e-01
  5.9000000e-01  2.0000000e-02  6.2000000e-01 -7.4000000e-01
  2.4000000e-01  5.6000000e-01 -9.2000000e-01  6.0000000e-01
  9.5000000e-01  7.0000000e-01 -1.7000000e-01  9.5000000e-01
  5.4000000e-01  6.8000000e-01  4.5000000e-01  5.9000000e-01
 -5.4000000e-01  3.0000000e-01  4.0000000e-02 -1.0000000e-02
  6.2000000e-01  3.9000000e-01 -1.8000000e-01 -1.8000000e-01
  4.6000000e-01  6.6000000e-01  8.9000000e-01 -5.8000000e-01
  8.6000000e-01  1.8000000e-01  5.2000000e-01 -7.0000000e-01
  2.3000000e-01 -9.8000000e-01 -5.0000000e-02  4.8000000e-01
 -7.1000000e-01  9.5000000e-01  7.7000000e-01  7.1000000e-01
  2.6000000e-01 -7.5000000e-01][-6.7000000e-01  3.2000000e-01  5.3000000e-01  7.3000000e-01
 -5.7000000e-01  9.6000000e-01  8.0000000e-02 -3.8000000e-01
  8.8817842e-16 -1.0000000e+00 -4.0000000e-02  7.5000000e-01
  2.5000000e-01 -6.8000000e-01  5.5000000e-01  8.0000000e-01
 -1.0000000e+00  6.9000000e-01  3.5000000e-01 -8.6000000e-01
  9.0000000e-02  8.8817842e-16  1.6000000e-01  8.2000000e-01
  4.5000000e-01 -1.6000000e-01  9.7000000e-01 -6.5000000e-01
 -8.5000000e-01 -4.6000000e-01  7.3000000e-01  9.4000000e-01
  7.4000000e-01  1.2000000e-01 -9.0000000e-02 -8.5000000e-01
  7.7000000e-01  9.9000000e-01  2.7000000e-01 -2.9000000e-01
 -1.6000000e-01  2.3000000e-01  5.9000000e-01  3.1000000e-01
 -2.0000000e-02  6.2000000e-01 -8.3000000e-01  4.6000000e-01
 -9.3000000e-01  2.0000000e-02 -6.6000000e-01 -3.2000000e-01
  2.4000000e-01 -4.0000000e-02 -7.4000000e-01  6.2000000e-01
  4.2000000e-01 -1.2470000e+00 -1.7000000e-01  9.5000000e-01
  5.4000000e-01 -6.8000000e-01  4.5000000e-01  5.9000000e-01
 -8.0000000e-02  3.0000000e-01 -3.1000000e-01 -1.0000000e-02
 -5.8000000e-01  7.7000000e-01  8.0000000e-02 -3.0000000e-01
  4.6000000e-01 -4.4000000e-01 -3.2000000e-01 -5.8000000e-01
 -6.5000000e-01  1.8000000e-01 -4.8000000e-01 -5.8000000e-01
  2.3000000e-01 -9.8000000e-01 -5.0000000e-02  7.6000000e-01
 -7.1000000e-01  5.8000000e-01 -3.6000000e-01  7.1000000e-01
  2.6000000e-01 -7.5000000e-01][-8.1000000e-01  3.2000000e-01  8.6000000e-01  7.3000000e-01
 -5.7000000e-01  9.6000000e-01  8.0000000e-02  3.3000000e-01
  8.8817842e-16  7.8000000e-01  7.0000000e-02  5.5000000e-01
 -2.0000000e-01  8.0000000e-01  8.8817842e-16  8.0000000e-01
 -5.3000000e-01  6.9000000e-01  8.7000000e-01 -8.6000000e-01
  7.0000000e-01  8.8817842e-16  5.7000000e-01  3.1000000e-01
  4.5000000e-01 -1.6000000e-01 -9.0000000e-02 -5.1000000e-01
  3.0000000e-02  8.8817842e-16  7.3000000e-01  9.4000000e-01
  7.4000000e-01 -9.5000000e-01  8.6000000e-01  5.6000000e-01
  7.7000000e-01 -7.3000000e-01 -4.8000000e-01 -2.9000000e-01
  5.3000000e-01  2.3000000e-01  5.9000000e-01 -2.8000000e-01
 -2.0000000e-02  2.7000000e-01 -2.7000000e-01  4.6000000e-01
  5.9000000e-01  4.3000000e-01 -6.6000000e-01 -3.2000000e-01
  2.4000000e-01 -4.0000000e-02 -7.4000000e-01  6.2000000e-01
  9.5000000e-01 -4.1000000e-01 -1.7000000e-01 -6.0000000e-02
  5.4000000e-01  6.8000000e-01  4.5000000e-01  5.9000000e-01
 -5.4000000e-01 -1.7000000e-01 -3.1000000e-01 -1.0000000e-02
 -5.8000000e-01  3.9000000e-01 -1.8000000e-01 -3.0000000e-01
  4.6000000e-01  6.6000000e-01 -3.2000000e-01 -5.8000000e-01
 -6.5000000e-01  9.0000000e-01 -4.8000000e-01 -5.8000000e-01
  2.3000000e-01 -9.8000000e-01  1.1000000e-01  7.6000000e-01
  6.5000000e-01  9.5000000e-01 -3.6000000e-01  7.1000000e-01
  3.7000000e-01 -2.1000000e-01][-8.1000000e-01 -8.3000000e-01  8.6000000e-01  7.3000000e-01
 -4.9000000e-01  9.7000000e-01  8.0000000e-02  3.3000000e-01
  8.8817842e-16 -1.0000000e+00  7.0000000e-02  5.5000000e-01
 -2.0000000e-01 -6.8000000e-01  5.5000000e-01  8.0000000e-01
 -5.3000000e-01 -3.4000000e-01  8.7000000e-01 -8.6000000e-01
  7.0000000e-01  5.8000000e-01  5.7000000e-01  3.1000000e-01
  8.7000000e-01 -1.6000000e-01  9.7000000e-01 -6.5000000e-01
 -8.5000000e-01 -4.6000000e-01  7.3000000e-01  9.4000000e-01
  7.4000000e-01  1.2000000e-01  8.6000000e-01  5.6000000e-01
  7.7000000e-01  9.9000000e-01 -4.8000000e-01 -2.9000000e-01
  5.3000000e-01 -3.0000000e-01  5.9000000e-01  3.1000000e-01
 -2.0000000e-02  2.7000000e-01 -2.7000000e-01 -8.7000000e-01
 -9.3000000e-01  2.0000000e-02 -6.6000000e-01 -3.2000000e-01
  2.4000000e-01 -4.0000000e-02 -9.2000000e-01  6.2000000e-01
  4.2000000e-01 -4.1000000e-01  1.4420000e+00 -6.0000000e-02
  5.4000000e-01  6.8000000e-01  1.2000000e-01  5.9000000e-01
 -5.4000000e-01  3.0000000e-01  4.0000000e-02  2.0000000e-01
 -5.8000000e-01  7.7000000e-01  8.0000000e-02 -1.8000000e-01
  4.6000000e-01 -4.4000000e-01  8.9000000e-01  5.1000000e-01
  6.3100000e-01  9.0000000e-01  5.2000000e-01 -5.8000000e-01
  1.4000000e-01  7.1000000e-01 -5.0000000e-02  4.8000000e-01
  6.5000000e-01  9.5000000e-01 -3.6000000e-01  8.7000000e-01
  2.6000000e-01 -2.1000000e-01][-6.7000000e-01 -8.3000000e-01  8.6000000e-01  7.3000000e-01
 -5.7000000e-01  9.6000000e-01  4.8000000e-01  3.3000000e-01
 -9.6000000e-01 -1.0000000e+00  7.0000000e-02  5.5000000e-01
 -2.0000000e-01  8.0000000e-01  8.8817842e-16  8.0000000e-01
 -5.3000000e-01  4.1300000e-01  8.7000000e-01 -8.6000000e-01
  7.0000000e-01  8.8817842e-16  5.7000000e-01  3.1000000e-01
  4.5000000e-01 -1.6000000e-01  9.7000000e-01 -6.4000000e-01
 -8.5000000e-01 -4.6000000e-01  7.3000000e-01  4.0000000e-01
 -6.5000000e-01  1.2000000e-01 -9.0000000e-02  5.6000000e-01
  7.7000000e-01  9.9000000e-01  2.7000000e-01 -2.9000000e-01
 -1.6000000e-01 -3.0000000e-01 -1.9000000e-01  3.1000000e-01
 -2.0000000e-02  2.7000000e-01 -8.3000000e-01 -8.7000000e-01
 -9.3000000e-01  2.0000000e-02 -6.6000000e-01 -7.4000000e-01
  5.0000000e-01  5.6000000e-01 -9.2000000e-01  6.0000000e-01
  4.2000000e-01  7.0000000e-01  1.4420000e+00  9.5000000e-01
  5.4000000e-01 -6.8000000e-01  4.5000000e-01  1.9000000e-01
 -5.4000000e-01  3.0000000e-01 -3.1000000e-01  2.0000000e-01
  6.2000000e-01  3.9000000e-01  8.0000000e-02 -3.0000000e-01
  4.6000000e-01  6.6000000e-01  8.9000000e-01  5.1000000e-01
 -6.5000000e-01  9.0000000e-01 -4.8000000e-01 -5.8000000e-01
  1.4000000e-01  7.1000000e-01 -5.0000000e-02  4.8000000e-01
 -7.1000000e-01  9.5000000e-01  7.7000000e-01  7.1000000e-01
  3.7000000e-01 -2.1000000e-01][-6.7000000e-01 -8.3000000e-01  8.6000000e-01  7.3000000e-01
 -5.7000000e-01  9.7000000e-01  4.8000000e-01 -3.8000000e-01
  8.8817842e-16 -1.0000000e+00 -4.0000000e-02  7.5000000e-01
 -2.0000000e-01 -6.8000000e-01  8.8817842e-16  8.0000000e-01
 -1.0000000e+00  6.9000000e-01  8.7000000e-01 -8.6000000e-01
  9.0000000e-02  8.8817842e-16  1.6000000e-01  8.2000000e-01
  4.5000000e-01  4.4000000e-01  9.7000000e-01 -6.5000000e-01
 -8.5000000e-01  8.8817842e-16 -7.0000000e-01  9.4000000e-01
 -6.5000000e-01 -9.5000000e-01 -9.0000000e-02  5.6000000e-01
  7.7000000e-01 -8.6900000e-01 -4.8000000e-01  8.1000000e-01
  5.3000000e-01 -3.0000000e-01  5.9000000e-01 -2.8000000e-01
 -6.0000000e-01  2.7000000e-01 -2.7000000e-01  4.6000000e-01
 -9.3000000e-01  4.3000000e-01  6.2000000e-01 -3.2000000e-01
  5.0000000e-01  5.6000000e-01 -7.4000000e-01  6.2000000e-01
  4.2000000e-01 -4.1000000e-01  1.4420000e+00  9.5000000e-01
  5.4000000e-01 -6.8000000e-01  1.2000000e-01  1.9000000e-01
 -5.4000000e-01  3.0000000e-01 -3.1000000e-01  2.0000000e-01
 -5.8000000e-01  3.9000000e-01  8.0000000e-02 -1.8000000e-01
  4.6000000e-01 -4.4000000e-01 -3.2000000e-01 -5.8000000e-01
 -6.5000000e-01  1.8000000e-01 -4.8000000e-01 -7.0000000e-01
  2.3000000e-01  7.1000000e-01 -5.0000000e-02  7.6000000e-01
  6.5000000e-01  5.8000000e-01 -3.6000000e-01  8.7000000e-01
  2.6000000e-01 -7.5000000e-01][-6.7000000e-01  3.2000000e-01  8.6000000e-01 -2.2000000e-01
 -5.7000000e-01  9.6000000e-01  8.0000000e-02 -3.8000000e-01
  8.8817842e-16 -1.0000000e+00 -4.0000000e-02  7.5000000e-01
  2.5000000e-01 -6.8000000e-01  8.8817842e-16  7.8000000e-01
 -5.3000000e-01 -3.4000000e-01  3.5000000e-01 -8.6000000e-01
  9.0000000e-02  5.8000000e-01  1.6000000e-01  3.1000000e-01
  4.5000000e-01 -1.6000000e-01  9.7000000e-01 -6.4000000e-01
  3.0000000e-02 -5.9800000e-01  7.3000000e-01  9.4000000e-01
 -6.5000000e-01 -9.5000000e-01 -9.0000000e-02  5.6000000e-01
  7.7000000e-01 -7.3000000e-01  2.7000000e-01 -2.9000000e-01
  5.3000000e-01  2.3000000e-01  5.9000000e-01 -2.8000000e-01
 -2.0000000e-02  2.7000000e-01 -8.3000000e-01 -8.7000000e-01
  5.9000000e-01  4.3000000e-01 -6.6000000e-01 -3.2000000e-01
  2.4000000e-01  5.6000000e-01 -9.2000000e-01  6.2000000e-01
  9.5000000e-01 -4.1000000e-01 -1.7000000e-01  9.5000000e-01
  5.4000000e-01 -6.8000000e-01  1.2000000e-01  5.9000000e-01
 -8.0000000e-02  3.0000000e-01 -3.1000000e-01 -1.0000000e-02
 -5.8000000e-01  3.9000000e-01 -1.8000000e-01 -1.8000000e-01
  4.6000000e-01 -4.4000000e-01 -3.2000000e-01  5.1000000e-01
 -6.5000000e-01  9.0000000e-01  5.2000000e-01 -5.8000000e-01
  2.3000000e-01 -9.8000000e-01  1.1000000e-01  7.6000000e-01
  6.5000000e-01  5.8000000e-01  7.7000000e-01  8.7000000e-01
  2.6000000e-01 -7.5000000e-01][-8.1000000e-01 -8.3000000e-01  8.6000000e-01 -2.2000000e-01
 -4.9000000e-01  9.7000000e-01  8.0000000e-02 -3.8000000e-01
  8.8817842e-16  7.8000000e-01  7.0000000e-02  7.5000000e-01
 -2.0000000e-01  8.0000000e-01  5.5000000e-01  7.8000000e-01
 -5.3000000e-01 -3.4000000e-01  8.7000000e-01 -8.6000000e-01
  9.0000000e-02  5.8000000e-01  5.7000000e-01  3.1000000e-01
  8.7000000e-01  4.4000000e-01  9.7000000e-01 -6.5000000e-01
 -8.5000000e-01 -4.6000000e-01 -7.0000000e-01  9.4000000e-01
  7.4000000e-01 -9.5000000e-01  8.6000000e-01 -8.5000000e-01
  7.7000000e-01  9.9000000e-01  2.7000000e-01  8.1000000e-01
 -1.6000000e-01 -3.0000000e-01  5.9000000e-01  3.1000000e-01
 -2.0000000e-02  6.2000000e-01 -2.7000000e-01 -8.7000000e-01
  5.9000000e-01  2.0000000e-02  6.2000000e-01 -7.4000000e-01
  5.0000000e-01  5.6000000e-01 -7.4000000e-01  6.2000000e-01
  6.7000000e-01 -4.1000000e-01 -1.7000000e-01  9.5000000e-01
  5.4000000e-01 -6.8000000e-01  1.2000000e-01  5.9000000e-01
 -8.0000000e-02  3.0000000e-01 -3.1000000e-01  2.0000000e-01
  6.2000000e-01  7.7000000e-01 -1.8000000e-01 -1.8000000e-01
  4.6000000e-01  6.6000000e-01  8.9000000e-01  5.1000000e-01
  8.6000000e-01  1.8000000e-01 -4.8000000e-01 -5.8000000e-01
  2.3000000e-01  7.1000000e-01  1.1000000e-01  7.6000000e-01
 -7.1000000e-01  9.5000000e-01 -3.6000000e-01  7.1000000e-01
  2.6000000e-01 -7.5000000e-01][-8.1000000e-01 -8.3000000e-01  8.6000000e-01 -2.2000000e-01
 -4.9000000e-01  9.6000000e-01  4.8000000e-01  3.3000000e-01
  8.8817842e-16  7.8000000e-01  7.0000000e-02  7.5000000e-01
  2.5000000e-01 -6.8000000e-01  8.8817842e-16  8.0000000e-01
 -5.3000000e-01 -3.4000000e-01  8.7000000e-01 -8.6000000e-01
  7.0000000e-01  8.8817842e-16  5.7000000e-01  8.2000000e-01
  8.7000000e-01 -1.6000000e-01  9.7000000e-01 -6.4000000e-01
  3.0000000e-02  8.8817842e-16 -7.0000000e-01  1.6700000e+00
 -6.5000000e-01 -9.5000000e-01  8.6000000e-01  5.6000000e-01
 -8.7000000e-01 -7.3000000e-01  2.7000000e-01  8.1000000e-01
  5.3000000e-01  2.3000000e-01 -1.9000000e-01  3.1000000e-01
 -6.0000000e-01  6.2000000e-01 -2.7000000e-01  4.6000000e-01
 -9.3000000e-01  2.0000000e-02 -6.6000000e-01 -3.2000000e-01
  2.4000000e-01 -4.0000000e-02 -7.4000000e-01  6.0000000e-01
  4.2000000e-01 -4.1000000e-01 -1.7000000e-01  9.5000000e-01
  5.4000000e-01  6.8000000e-01  1.2000000e-01  5.9000000e-01
 -5.4000000e-01 -1.7000000e-01  4.0000000e-02 -1.0000000e-02
 -5.8000000e-01  3.9000000e-01  8.0000000e-02 -1.8000000e-01
  4.6000000e-01 -4.4000000e-01  8.9000000e-01 -5.8000000e-01
 -6.5000000e-01  9.0000000e-01  5.2000000e-01 -7.0000000e-01
  2.3000000e-01 -9.8000000e-01  1.1000000e-01  4.8000000e-01
  6.5000000e-01  9.5000000e-01  7.7000000e-01  8.7000000e-01
  3.7000000e-01 -7.5000000e-01][-6.7000000e-01  3.2000000e-01  5.3000000e-01  7.3000000e-01
 -5.7000000e-01  9.7000000e-01  8.0000000e-02  3.3000000e-01
  8.8817842e-16 -1.0000000e+00  7.0000000e-02  7.5000000e-01
 -2.0000000e-01  8.0000000e-01  8.8817842e-16  8.0000000e-01
 -5.3000000e-01  6.9000000e-01  3.5000000e-01 -1.0000000e-02
  7.0000000e-01  8.8817842e-16  5.7000000e-01  8.2000000e-01
  8.7000000e-01  4.4000000e-01  9.7000000e-01 -6.4000000e-01
 -8.5000000e-01 -4.6000000e-01 -7.0000000e-01  4.0000000e-01
  7.4000000e-01  1.2000000e-01  8.6000000e-01  5.6000000e-01
  7.7000000e-01  9.9000000e-01  2.7000000e-01  8.1000000e-01
 -1.6000000e-01  2.3000000e-01 -1.9000000e-01  3.1000000e-01
 -6.0000000e-01  2.7000000e-01 -8.3000000e-01  4.6000000e-01
  5.9000000e-01  2.0000000e-02  6.2000000e-01 -7.4000000e-01
  2.4000000e-02  5.6000000e-01 -7.4000000e-01  6.0000000e-01
  4.2000000e-01 -4.1000000e-01  1.4420000e+00  9.5000000e-01
  5.4000000e-01 -6.8000000e-01  1.2000000e-01  5.9000000e-01
 -8.0000000e-02  3.0000000e-01  4.0000000e-02  2.0000000e-01
  6.2000000e-01  7.7000000e-01  8.0000000e-02 -1.8000000e-01
  4.6000000e-01 -4.4000000e-01  8.9000000e-01  5.1000000e-01
 -6.5000000e-01  1.8000000e-01 -4.8000000e-01 -5.8000000e-01
  2.3000000e-01  7.1000000e-01  1.1000000e-01  7.6000000e-01
 -7.1000000e-01  5.8000000e-01  7.7000000e-01  7.1000000e-01
  2.6000000e-01 -2.1000000e-01][-8.1000000e-01  3.2000000e-01  8.6000000e-01 -2.2000000e-01
 -5.7000000e-01  9.6000000e-01  4.8000000e-01  3.3000000e-01
 -6.8500000e-01 -1.0000000e+00 -4.0000000e-02  7.5000000e-01
  2.5000000e-01  8.0000000e-01  5.5000000e-01  8.0000000e-01
 -5.3000000e-01  6.9000000e-01  3.5000000e-01 -8.6000000e-01
  7.0000000e-01  5.8000000e-01  5.7000000e-01  3.1000000e-01
  4.5000000e-01 -1.6000000e-01 -9.0000000e-02 -6.4000000e-01
 -8.5000000e-01  8.8817842e-16 -7.0000000e-01  9.4000000e-01
  7.4000000e-01  1.2000000e-01 -9.0000000e-02  5.6000000e-01
  7.7000000e-01 -7.3000000e-01 -4.8000000e-01  8.1000000e-01
  5.3000000e-01  2.3000000e-01 -1.9000000e-01  3.1000000e-01
 -2.0000000e-02  2.7000000e-01 -2.7000000e-01 -8.7000000e-01
  5.9000000e-01  2.0000000e-02 -6.6000000e-01 -7.4000000e-01
  2.4000000e-01 -4.0000000e-02 -9.2000000e-01  6.2000000e-01
  4.2000000e-01  7.0000000e-01  1.4420000e+00 -6.0000000e-02
 -6.5000000e-01  6.8000000e-01  1.2000000e-01  1.9000000e-01
 -8.0000000e-02 -1.7000000e-01 -3.1000000e-01  2.0000000e-01
  6.2000000e-01  3.9000000e-01  8.0000000e-02 -3.0000000e-01
  4.6000000e-01 -4.4000000e-01  8.9000000e-01  5.1000000e-01
  8.6000000e-01  1.8000000e-01  5.2000000e-01 -7.0000000e-01
  2.3000000e-01 -9.8000000e-01  1.1000000e-01  4.8000000e-01
  6.5000000e-01  9.5000000e-01 -3.6000000e-01  8.7000000e-01
  3.7000000e-01 -7.5000000e-01][-8.1000000e-01  3.2000000e-01  8.6000000e-01 -2.2000000e-01
 -5.7000000e-01  9.7000000e-01  8.0000000e-02  3.3000000e-01
 -9.6000000e-01  7.8000000e-01  7.0000000e-02  5.5000000e-01
 -2.0000000e-01  8.0000000e-01  8.8817842e-16  7.8000000e-01
 -1.0000000e+00  6.9000000e-01  3.5000000e-01 -1.0000000e-02
  7.0000000e-01  8.8817842e-16  5.7000000e-01  8.2000000e-01
  4.5000000e-01 -1.6000000e-01 -9.0000000e-02 -6.5000000e-01
 -8.5000000e-01 -4.6000000e-01  7.3000000e-01  9.4000000e-01
 -6.5000000e-01 -9.5000000e-01 -9.0000000e-02  5.6000000e-01
  7.7000000e-01 -7.3000000e-01  2.7000000e-01 -2.9000000e-01
  5.3000000e-01 -3.0000000e-01 -1.9000000e-01  7.7200000e-01
 -6.0000000e-01  6.2000000e-01 -2.7000000e-01 -8.7000000e-01
  5.9000000e-01  2.0000000e-02  6.2000000e-01 -3.2000000e-01
  5.0000000e-01 -4.0000000e-02 -9.2000000e-01  6.2000000e-01
  9.5000000e-01 -4.1000000e-01  1.4420000e+00  9.5000000e-01
  5.4000000e-01  6.8000000e-01  4.5000000e-01  5.9000000e-01
 -8.0000000e-02  3.0000000e-01  4.0000000e-02 -1.0000000e-02
  6.2000000e-01  7.7000000e-01  8.0000000e-02 -1.8000000e-01
  4.6000000e-01 -4.4000000e-01 -3.2000000e-01  5.1000000e-01
 -6.5000000e-01  9.0000000e-01  5.2000000e-01 -7.0000000e-01
  1.4000000e-01 -9.8000000e-01 -5.0000000e-02  7.6000000e-01
  6.5000000e-01  5.8000000e-01 -3.6000000e-01  8.7000000e-01
  2.6000000e-01 -2.1000000e-01][-8.1000000e-01  3.2000000e-01  8.6000000e-01 -2.2000000e-01
 -4.9000000e-01  9.6000000e-01  8.0000000e-02 -3.8000000e-01
 -9.6000000e-01 -1.0000000e+00  7.0000000e-02  5.5000000e-01
 -2.0000000e-01 -6.8000000e-01  8.8817842e-16  7.8000000e-01
 -5.3000000e-01  6.9000000e-01  8.7000000e-01 -1.0000000e-02
  3.8100000e-01  8.8817842e-16  5.7000000e-01  3.1000000e-01
  4.5000000e-01 -1.6000000e-01 -9.0000000e-02 -6.4000000e-01
 -8.5000000e-01  8.8817842e-16  7.3000000e-01  9.4000000e-01
 -6.5000000e-01  1.2000000e-01 -9.0000000e-02  5.6000000e-01
 -8.7000000e-01 -7.3000000e-01 -4.8000000e-01 -2.9000000e-01
 -1.6000000e-01 -3.0000000e-01  5.9000000e-01 -2.8000000e-01
 -2.0000000e-02  2.7000000e-01 -2.7000000e-01 -8.7000000e-01
  5.9000000e-01  2.0000000e-02 -6.6000000e-01 -7.4000000e-01
  2.4000000e-01 -4.0000000e-02 -7.4000000e-01  6.0000000e-01
  4.2000000e-01  7.0000000e-01  1.4420000e+00  9.5000000e-01
 -6.5000000e-01  6.8000000e-01  1.2000000e-01  1.9000000e-01
 -5.4000000e-01  3.0000000e-01 -3.1000000e-01 -1.0000000e-02
 -5.8000000e-01  7.7000000e-01  8.0000000e-02 -3.0000000e-01
  4.6000000e-01 -4.4000000e-01 -3.2000000e-01 -5.8000000e-01
 -6.5000000e-01  1.8000000e-01  5.2000000e-01 -5.8000000e-01
  2.3000000e-01  7.1000000e-01  1.1000000e-01  4.8000000e-01
 -7.1000000e-01  9.5000000e-01 -3.6000000e-01  7.1000000e-01
  2.6000000e-01 -7.5000000e-01][-8.1000000e-01  3.2000000e-01  8.6000000e-01  7.3000000e-01
 -4.9000000e-01  9.6000000e-01  4.8000000e-01  3.3000000e-01
 -9.6000000e-01  7.8000000e-01 -4.0000000e-02  5.5000000e-01
 -2.0000000e-01  8.0000000e-01  5.5000000e-01  8.0000000e-01
 -1.0000000e+00  6.9000000e-01  3.5000000e-01 -1.0000000e-02
  9.0000000e-02  8.8817842e-16  5.7000000e-01  8.2000000e-01
  4.5000000e-01  4.4000000e-01  9.7000000e-01 -6.5000000e-01
 -8.5000000e-01  8.8817842e-16  1.3770000e+00  9.4000000e-01
  7.4000000e-01  1.2000000e-01  8.6000000e-01  5.6000000e-01
 -8.7000000e-01  9.9000000e-01  2.7000000e-01  8.1000000e-01
  5.3000000e-01 -3.0000000e-01  5.9000000e-01  3.1000000e-01
 -6.0000000e-01  6.2000000e-01 -2.7000000e-01  4.6000000e-01
  5.9000000e-01  2.0000000e-02 -6.6000000e-01 -7.4000000e-01
  2.4000000e-01  5.6000000e-01 -7.4000000e-01  6.0000000e-01
  9.5000000e-01 -4.1000000e-01  1.4420000e+00 -6.0000000e-02
 -6.5000000e-01  6.8000000e-01  1.2000000e-01  5.9000000e-01
 -8.0000000e-02 -1.7000000e-01  4.0000000e-02  2.0000000e-01
  6.2000000e-01  7.7000000e-01  8.0000000e-02 -1.8000000e-01
  4.6000000e-01  6.6000000e-01 -3.2000000e-01  5.1000000e-01
 -6.5000000e-01  9.0000000e-01 -4.8000000e-01 -5.8000000e-01
  2.3000000e-01 -9.8000000e-01 -5.0000000e-02  4.8000000e-01
 -7.1000000e-01  9.5000000e-01 -3.6000000e-01  7.1000000e-01
  3.7000000e-01 -2.1000000e-01][-6.7000000e-01  3.2000000e-01  5.3000000e-01  7.3000000e-01
 -5.7000000e-01  9.6000000e-01  8.0000000e-02  3.3000000e-01
  8.8817842e-16 -1.0000000e+00  7.0000000e-02  5.5000000e-01
 -2.0000000e-01  8.0000000e-01  5.5000000e-01  8.0000000e-01
 -1.0000000e+00  6.9000000e-01  8.7000000e-01 -8.6000000e-01
  9.0000000e-02  5.8000000e-01  5.7000000e-01  8.2000000e-01
  8.7000000e-01 -1.6000000e-01  9.7000000e-01 -6.5000000e-01
 -8.5000000e-01 -4.6000000e-01 -7.0000000e-01  9.4000000e-01
  7.4000000e-01 -9.5000000e-01  8.6000000e-01 -8.5000000e-01
 -8.7000000e-01  9.9000000e-01 -4.8000000e-01 -2.9000000e-01
 -1.6000000e-01 -3.0000000e-01  5.9000000e-01  3.1000000e-01
 -6.0000000e-01  1.1710000e+00 -2.7000000e-01 -8.7000000e-01
 -9.3000000e-01  2.0000000e-02 -6.6000000e-01 -7.4000000e-01
  2.4000000e-01  5.6000000e-01 -9.2000000e-01  6.2000000e-01
  4.2000000e-01 -4.1000000e-01 -1.7000000e-01 -6.0000000e-02
  5.4000000e-01 -6.8000000e-01  4.5000000e-01  5.9000000e-01
 -5.4000000e-01  3.0000000e-01  4.0000000e-02  2.0000000e-01
  6.2000000e-01  7.7000000e-01 -1.8000000e-01 -3.0000000e-01
  4.6000000e-01  6.6000000e-01  8.9000000e-01 -5.8000000e-01
  8.6000000e-01  9.0000000e-01  5.2000000e-01 -5.8000000e-01
  2.3000000e-01  7.1000000e-01  1.1000000e-01  7.6000000e-01
 -7.1000000e-01  5.8000000e-01 -3.6000000e-01  8.7000000e-01
  2.6000000e-01 -7.5000000e-01][-0.81   0.32   0.86  -0.22  -0.49   0.97   0.08   0.33  -0.96   0.78
  0.07   0.75   0.25  -0.68   0.55   0.78  -0.53   0.69   0.87  -0.86
  0.7    0.58   0.57   0.31   0.45   0.44  -0.09  -0.65  -0.85  -0.46
  0.73   0.94   0.74  -0.95   0.86  -0.85   0.77   0.99  -0.48   0.81
 -0.16   0.23   0.59  -0.28  -0.6    0.62  -0.27   0.46   0.59   0.43
  0.62  -0.74   0.24  -0.04  -0.92   0.6    0.42   0.7   -0.17   0.95
 -0.65  -0.68   0.12   0.19  -0.54   0.3    0.04  -0.01   0.62   0.77
  0.08  -0.3    0.46  -0.44   0.89  -0.58  -0.65   0.9    0.52  -0.616
  0.14   0.71  -0.05   0.48  -0.71   0.95  -0.36   0.71   0.37  -0.21 ][-8.1000000e-01  3.2000000e-01  8.6000000e-01 -2.2000000e-01
 -4.9000000e-01  9.7000000e-01  4.8000000e-01 -3.8000000e-01
  8.8817842e-16 -1.0000000e+00  7.0000000e-02  5.5000000e-01
  2.5000000e-01 -6.8000000e-01  5.5000000e-01  8.0000000e-01
 -1.0000000e+00  6.9000000e-01  8.7000000e-01 -1.0000000e-02
  7.0000000e-01  5.8000000e-01  5.7000000e-01  8.2000000e-01
  8.7000000e-01 -1.6000000e-01 -9.0000000e-02 -6.4000000e-01
 -8.5000000e-01 -4.6000000e-01  7.3000000e-01  9.4000000e-01
  7.4000000e-01 -9.5000000e-01  8.6000000e-01  5.6000000e-01
 -8.7000000e-01  9.9000000e-01  2.7000000e-01 -2.9000000e-01
 -1.6000000e-01  2.3000000e-01 -1.9000000e-01  3.1000000e-01
 -6.0000000e-01  6.2000000e-01 -2.7000000e-01 -8.7000000e-01
  5.9000000e-01  2.0000000e-02 -6.6000000e-01 -3.2000000e-01
  5.0000000e-01  5.6000000e-01 -7.4000000e-01  6.0000000e-01
  9.5000000e-01  7.0000000e-01  1.4420000e+00  9.5000000e-01
  5.4000000e-01  6.8000000e-01  1.2000000e-01  5.9000000e-01
 -8.0000000e-02 -1.7000000e-01 -3.1000000e-01  2.0000000e-01
 -5.8000000e-01  7.7000000e-01  8.0000000e-02 -1.8000000e-01
  4.6000000e-01 -4.4000000e-01 -3.2000000e-01  5.1000000e-01
 -6.5000000e-01  4.2600000e-01  5.2000000e-01 -5.8000000e-01
  1.4000000e-01 -9.8000000e-01 -5.0000000e-02  7.6000000e-01
  6.5000000e-01  5.8000000e-01  7.7000000e-01  7.1000000e-01
  3.7000000e-01 -7.5000000e-01][ 0.25  -0.44   0.35  -0.81  -0.77   0.96  -0.81   0.33  -0.88  -1.
  0.07   0.75   0.41   0.8    0.21   0.49  -0.33  -0.34   0.4    0.31
  0.09  -0.53  -0.01   0.82  -0.76  -0.16   0.79   0.05  -0.39   0.1
 -0.7   -0.91   0.74  -1.    -0.09  -0.85  -0.33   0.99   0.27  -0.61
  0.53  -0.3   -0.66  -0.76   0.03   0.65  -0.04   0.14   0.59   0.07
  0.75   0.53   0.47  -0.04  -0.28   0.96  -0.83   0.94   1.442  0.49
 -0.28  -0.68  -1.132  0.19  -0.83   0.3   -0.31  -0.01  -0.21  -0.56
  0.08  -0.18   0.46  -0.7   -0.78   0.97  -0.65   0.9    0.1   -0.76
 -0.34  -0.98   0.77  -0.64  -0.25   0.58   0.77   0.71  -0.22  -0.21 ][-8.1000000e-01  3.2000000e-01  5.3000000e-01  7.3000000e-01
 -4.9000000e-01  9.6000000e-01  8.0000000e-02  3.3000000e-01
  8.8817842e-16  7.8000000e-01  7.0000000e-02  5.5000000e-01
  2.5000000e-01 -6.8000000e-01  5.5000000e-01  7.8000000e-01
 -5.3000000e-01 -3.4000000e-01  3.5000000e-01 -8.6000000e-01
  9.0000000e-02  5.8000000e-01  5.7000000e-01  3.1000000e-01
  8.7000000e-01 -1.6000000e-01  9.7000000e-01 -6.4000000e-01
 -8.5000000e-01 -4.6000000e-01  7.3000000e-01  9.4000000e-01
  7.4000000e-01  1.2000000e-01  8.6000000e-01 -8.5000000e-01
  1.6160000e+00  9.9000000e-01 -4.8000000e-01  8.1000000e-01
  5.3000000e-01 -3.0000000e-01  5.9000000e-01  3.1000000e-01
 -6.0000000e-01  6.2000000e-01 -2.7000000e-01  4.6000000e-01
  5.9000000e-01  4.3000000e-01 -6.6000000e-01 -3.2000000e-01
  2.4000000e-01  5.6000000e-01 -7.4000000e-01  6.2000000e-01
  9.5000000e-01  7.0000000e-01 -1.7000000e-01  9.5000000e-01
 -6.5000000e-01  6.8000000e-01  4.5000000e-01  1.9000000e-01
 -8.0000000e-02 -1.7000000e-01 -3.1000000e-01 -1.0000000e-02
 -5.8000000e-01  3.9000000e-01  8.0000000e-02 -3.0000000e-01
  4.6000000e-01  6.6000000e-01  8.9000000e-01  5.1000000e-01
  8.6000000e-01  1.8000000e-01  5.2000000e-01 -7.0000000e-01
  2.3000000e-01  7.1000000e-01  1.1000000e-01  7.6000000e-01
  6.5000000e-01  9.5000000e-01  7.7000000e-01  7.1000000e-01
  2.6000000e-01 -7.5000000e-01][-6.7000000e-01 -8.3000000e-01  8.6000000e-01 -2.2000000e-01
 -4.9000000e-01  9.7000000e-01  4.8000000e-01 -3.8000000e-01
 -9.6000000e-01 -1.0000000e+00  7.0000000e-02  7.5000000e-01
 -2.0000000e-01 -6.8000000e-01  8.8817842e-16  8.0000000e-01
 -5.3000000e-01  6.9000000e-01  8.7000000e-01 -1.0000000e-02
  9.0000000e-02  8.8817842e-16  1.6000000e-01  3.1000000e-01
  8.7000000e-01 -1.6000000e-01  9.7000000e-01 -6.4000000e-01
  3.0000000e-02 -4.6000000e-01  7.3000000e-01  4.0000000e-01
  7.4000000e-01  1.2000000e-01  8.6000000e-01 -8.5000000e-01
  7.7000000e-01 -7.3000000e-01 -4.8000000e-01  8.1000000e-01
  5.3000000e-01 -3.0000000e-01 -1.9000000e-01  3.1000000e-01
 -6.0000000e-01  8.4000000e-01 -2.7000000e-01  4.6000000e-01
  5.9000000e-01  2.0000000e-02 -6.6000000e-01 -3.2000000e-01
  2.4000000e-01  5.6000000e-01 -9.2000000e-01  6.0000000e-01
  9.5000000e-01  7.0000000e-01  1.4420000e+00 -6.0000000e-02
 -6.5000000e-01  6.8000000e-01  4.5000000e-01  1.9000000e-01
 -8.0000000e-02 -1.7000000e-01 -3.1000000e-01  2.0000000e-01
  6.2000000e-01  3.9000000e-01 -1.8000000e-01 -3.0000000e-01
  4.6000000e-01 -4.4000000e-01 -3.2000000e-01  5.1000000e-01
  8.6000000e-01  9.0000000e-01 -4.8000000e-01 -5.8000000e-01
  2.3000000e-01 -9.8000000e-01  1.1000000e-01  7.6000000e-01
  6.5000000e-01  5.8000000e-01  7.7000000e-01  7.1000000e-01
  2.6000000e-01 -2.1000000e-01][-8.1000000e-01 -8.3000000e-01  5.3000000e-01 -2.2000000e-01
 -4.9000000e-01  9.7000000e-01  4.8000000e-01 -3.8000000e-01
 -9.6000000e-01  7.8000000e-01 -4.0000000e-02  1.4110000e+00
  2.5000000e-01  8.0000000e-01  8.8817842e-16  7.8000000e-01
 -1.0000000e+00 -3.4000000e-01  8.7000000e-01 -8.6000000e-01
  9.0000000e-02  8.8817842e-16  1.6000000e-01  8.2000000e-01
  4.5000000e-01  4.4000000e-01  9.7000000e-01 -6.4000000e-01
  3.0000000e-02  8.8817842e-16  7.3000000e-01  4.0000000e-01
 -6.5000000e-01 -9.5000000e-01  8.6000000e-01  5.6000000e-01
  7.7000000e-01 -7.3000000e-01  2.7000000e-01 -2.9000000e-01
  5.3000000e-01 -3.0000000e-01  5.9000000e-01 -2.8000000e-01
 -2.0000000e-02  6.2000000e-01 -8.3000000e-01  4.6000000e-01
 -9.3000000e-01  4.3000000e-01  6.2000000e-01 -3.2000000e-01
  2.4000000e-01 -4.0000000e-02 -7.4000000e-01  6.2000000e-01
  4.2000000e-01 -4.1000000e-01  1.4420000e+00 -6.0000000e-02
 -6.5000000e-01  6.8000000e-01  1.2000000e-01  5.9000000e-01
 -8.0000000e-02 -1.7000000e-01 -3.1000000e-01  2.0000000e-01
 -5.8000000e-01  7.7000000e-01 -1.8000000e-01 -3.0000000e-01
  4.6000000e-01  6.6000000e-01  8.9000000e-01  5.1000000e-01
  8.6000000e-01  9.0000000e-01 -4.8000000e-01 -7.0000000e-01
  2.3000000e-01 -9.8000000e-01  1.1000000e-01  4.8000000e-01
  6.5000000e-01  9.5000000e-01  7.7000000e-01  7.1000000e-01
  2.6000000e-01 -7.5000000e-01][-8.1000000e-01  3.2000000e-01  5.3000000e-01  7.3000000e-01
 -5.7000000e-01  9.7000000e-01  2.7700000e-01  3.3000000e-01
 -9.6000000e-01  7.8000000e-01 -4.0000000e-02  7.5000000e-01
  2.5000000e-01  8.0000000e-01  8.8817842e-16  8.0000000e-01
 -1.0000000e+00 -3.4000000e-01  3.5000000e-01 -1.0000000e-02
  9.0000000e-02  5.8000000e-01  5.7000000e-01  3.1000000e-01
  4.5000000e-01  4.4000000e-01 -9.0000000e-02 -6.5000000e-01
 -8.5000000e-01 -4.6000000e-01 -7.0000000e-01  4.0000000e-01
 -6.5000000e-01 -9.5000000e-01 -9.0000000e-02  5.6000000e-01
 -8.7000000e-01 -7.3000000e-01  2.7000000e-01  8.1000000e-01
 -1.6000000e-01  2.3000000e-01  5.9000000e-01  3.1000000e-01
 -2.0000000e-02  2.7000000e-01 -8.3000000e-01  4.6000000e-01
  5.9000000e-01  2.0000000e-02 -6.6000000e-01 -3.2000000e-01
  5.0000000e-01  5.6000000e-01 -9.2000000e-01  6.2000000e-01
  9.5000000e-01  7.0000000e-01  1.4420000e+00 -6.0000000e-02
 -6.5000000e-01  6.8000000e-01  4.5000000e-01  1.9000000e-01
 -8.0000000e-02  3.0000000e-01  4.0000000e-02  2.0000000e-01
 -5.8000000e-01  3.9000000e-01 -1.8000000e-01 -3.0000000e-01
  4.6000000e-01  6.6000000e-01  8.9000000e-01  5.1000000e-01
  8.6000000e-01  9.0000000e-01 -4.8000000e-01 -5.8000000e-01
  1.4000000e-01  7.1000000e-01  1.1000000e-01  4.8000000e-01
  6.5000000e-01  9.5000000e-01 -3.6000000e-01  8.7000000e-01
  3.7000000e-01 -2.1000000e-01][-8.1000000e-01  3.2000000e-01  5.3000000e-01  7.3000000e-01
 -5.7000000e-01  9.6000000e-01  8.0000000e-02  3.3000000e-01
 -9.6000000e-01  7.8000000e-01 -4.0000000e-02  5.5000000e-01
 -2.0000000e-01  8.0000000e-01  8.8817842e-16  8.0000000e-01
 -5.3000000e-01  6.9000000e-01  8.7000000e-01 -1.0000000e-02
  7.0000000e-01  8.8817842e-16  5.7000000e-01  3.1000000e-01
  8.7000000e-01  4.4000000e-01  9.7000000e-01 -6.4000000e-01
  3.0000000e-02 -4.6000000e-01 -7.0000000e-01  9.4000000e-01
  7.4000000e-01 -9.5000000e-01  8.6000000e-01 -8.5000000e-01
  7.7000000e-01  9.9000000e-01  2.7000000e-01  8.1000000e-01
  5.3000000e-01 -3.0000000e-01  5.9000000e-01  3.1000000e-01
 -6.0000000e-01  2.7000000e-01 -8.3000000e-01 -8.7000000e-01
 -9.3000000e-01  4.3000000e-01  6.2000000e-01 -7.4000000e-01
  5.0000000e-01 -4.0000000e-02 -9.2000000e-01  6.2000000e-01
  4.2000000e-01  7.0000000e-01  1.4420000e+00 -6.0000000e-02
 -6.5000000e-01 -6.8000000e-01  1.2000000e-01  1.9000000e-01
 -8.0000000e-02 -1.7000000e-01  4.0000000e-02 -1.0000000e-02
 -5.8000000e-01  7.7000000e-01 -1.8000000e-01 -3.0000000e-01
  4.6000000e-01  6.6000000e-01  8.9000000e-01  5.1000000e-01
  8.6000000e-01  1.8000000e-01  5.2000000e-01 -5.8000000e-01
  1.4000000e-01  7.1000000e-01 -5.0000000e-02  4.8000000e-01
  6.5000000e-01  5.8000000e-01 -3.6000000e-01  1.4720000e+00
  2.6000000e-01 -2.1000000e-01][-6.7000000e-01 -8.3000000e-01  8.6000000e-01 -2.2000000e-01
 -5.7000000e-01  9.6000000e-01  4.8000000e-01 -3.8000000e-01
 -9.6000000e-01  7.8000000e-01  7.0000000e-02  5.5000000e-01
 -2.0000000e-01 -6.8000000e-01  8.8817842e-16  8.0000000e-01
 -5.3000000e-01 -3.4000000e-01  3.5000000e-01 -1.0000000e-02
  9.0000000e-02  5.8000000e-01  1.6000000e-01  3.1000000e-01
  4.5000000e-01 -1.6000000e-01  9.7000000e-01 -6.5000000e-01
 -8.5000000e-01 -4.6000000e-01 -7.0000000e-01  4.0000000e-01
 -6.5000000e-01  1.2000000e-01  8.6000000e-01  5.6000000e-01
 -8.7000000e-01  9.9000000e-01  2.7000000e-01  8.1000000e-01
  5.3000000e-01 -3.0000000e-01 -1.9000000e-01 -2.7900000e-01
 -6.0000000e-01  2.7000000e-01 -8.3000000e-01 -8.7000000e-01
 -9.3000000e-01  2.0000000e-02 -6.6000000e-01 -3.2000000e-01
  5.0000000e-01  5.6000000e-01 -7.4000000e-01  6.2000000e-01
  9.5000000e-01 -4.1000000e-01 -1.7000000e-01  9.5000000e-01
  5.4000000e-01  6.8000000e-01  4.5000000e-01  5.9000000e-01
 -5.4000000e-01  3.0000000e-01 -3.1000000e-01 -1.0000000e-02
 -5.8000000e-01  7.7000000e-01  8.0000000e-02 -3.0000000e-01
  4.6000000e-01  6.6000000e-01  8.9000000e-01 -5.8000000e-01
  8.6000000e-01  1.8000000e-01  5.2000000e-01 -5.8000000e-01
  1.4000000e-01  7.1000000e-01 -5.0000000e-02  7.6000000e-01
 -7.1000000e-01  9.5000000e-01  7.7000000e-01  7.1000000e-01
  3.7000000e-01 -7.5000000e-01][-6.7000000e-01  3.2000000e-01  5.3000000e-01  7.3000000e-01
 -5.7000000e-01  9.6000000e-01  4.8000000e-01 -3.8000000e-01
 -9.6000000e-01  7.8000000e-01  7.0000000e-02  7.5000000e-01
  2.5000000e-01  8.0000000e-01  8.8817842e-16  8.0000000e-01
 -5.3000000e-01  6.9000000e-01  3.5000000e-01 -1.0000000e-02
  9.0000000e-02  8.8817842e-16  5.7000000e-01  3.1000000e-01
  8.7000000e-01  4.4000000e-01  9.7000000e-01 -6.5000000e-01
  3.0000000e-02  8.8817842e-16 -7.0000000e-01  4.0000000e-01
 -6.5000000e-01  1.2000000e-01 -9.0000000e-02 -8.5000000e-01
  8.0900000e-01  9.9000000e-01  2.7000000e-01 -2.9000000e-01
 -1.6000000e-01 -3.0000000e-01 -1.9000000e-01 -2.8000000e-01
 -2.0000000e-02  6.2000000e-01 -2.7000000e-01  4.6000000e-01
 -9.3000000e-01  4.3000000e-01  6.2000000e-01 -7.4000000e-01
  2.4000000e-01 -4.0000000e-02 -7.4000000e-01  6.0000000e-01
  9.5000000e-01 -4.1000000e-01  1.4420000e+00  9.5000000e-01
 -6.5000000e-01  6.8000000e-01  1.2000000e-01  1.9000000e-01
 -8.0000000e-02  3.0000000e-01  4.0000000e-02  2.0000000e-01
 -5.8000000e-01  7.7000000e-01  8.0000000e-02 -1.8000000e-01
  4.6000000e-01  6.6000000e-01 -3.2000000e-01 -5.8000000e-01
  8.6000000e-01  1.8000000e-01  5.2000000e-01 -5.8000000e-01
  2.3000000e-01 -9.8000000e-01  1.1000000e-01  7.6000000e-01
 -7.1000000e-01  9.5000000e-01  7.7000000e-01  7.1000000e-01
  3.7000000e-01 -7.5000000e-01][-6.7000000e-01  3.2000000e-01  8.6000000e-01  7.3000000e-01
 -4.9000000e-01  9.6000000e-01  4.8000000e-01 -3.8000000e-01
  8.8817842e-16  7.8000000e-01  7.0000000e-02  7.5000000e-01
 -2.0000000e-01  8.0000000e-01  5.5000000e-01  8.0000000e-01
 -5.3000000e-01 -3.4000000e-01  3.5000000e-01 -8.6000000e-01
  7.0000000e-01  5.8000000e-01  1.6000000e-01  3.1000000e-01
  8.7000000e-01  4.4000000e-01  9.7000000e-01 -6.4000000e-01
 -8.5000000e-01 -4.6000000e-01 -7.0000000e-01  9.4000000e-01
 -6.5000000e-01  1.2000000e-01 -9.0000000e-02 -8.5000000e-01
  7.7000000e-01  9.9000000e-01  2.7000000e-01 -2.9000000e-01
  5.3000000e-01  2.3000000e-01 -1.9000000e-01  3.1000000e-01
 -2.0000000e-02  2.7000000e-01 -2.7000000e-01  4.6000000e-01
  5.9000000e-01  2.0000000e-02 -6.6000000e-01 -3.2000000e-01
  5.0000000e-01 -4.0000000e-02 -7.4000000e-01  6.0000000e-01
  4.2000000e-01  7.0000000e-01 -1.7000000e-01 -6.0000000e-02
 -6.5000000e-01 -6.8000000e-01  1.2000000e-01  3.7000000e-01
 -5.4000000e-01 -1.7000000e-01 -3.1000000e-01 -1.0000000e-02
  6.2000000e-01  7.7000000e-01 -1.8000000e-01 -1.8000000e-01
  4.6000000e-01  6.6000000e-01 -3.2000000e-01 -5.8000000e-01
  8.6000000e-01  1.8000000e-01 -4.8000000e-01 -5.8000000e-01
  1.4000000e-01  7.1000000e-01  1.1000000e-01  4.8000000e-01
  6.5000000e-01  5.8000000e-01  7.7000000e-01  7.1000000e-01
  3.7000000e-01 -7.5000000e-01][-8.1000000e-01  3.2000000e-01  5.3000000e-01  7.3000000e-01
 -5.7000000e-01  9.6000000e-01  8.0000000e-02  3.3000000e-01
  8.8817842e-16 -1.0000000e+00 -4.0000000e-02  7.5000000e-01
 -2.0000000e-01 -6.8000000e-01  8.8817842e-16  8.0000000e-01
 -1.0000000e+00 -3.4000000e-01  3.5000000e-01 -8.6000000e-01
  7.0000000e-01  8.8817842e-16  5.7000000e-01  3.1000000e-01
  4.5000000e-01 -1.6000000e-01  9.7000000e-01 -6.4000000e-01
 -8.5000000e-01  8.8817842e-16  7.3000000e-01  4.0000000e-01
  7.4000000e-01  1.2000000e-01 -9.0000000e-02  5.6000000e-01
 -8.7000000e-01  9.9000000e-01 -4.8000000e-01  8.1000000e-01
 -1.6000000e-01 -3.0000000e-01  5.9000000e-01 -2.8000000e-01
 -6.0000000e-01  2.7000000e-01 -2.7000000e-01  4.6000000e-01
  5.9000000e-01  4.3000000e-01 -6.6000000e-01 -7.4000000e-01
  5.0000000e-01  5.6000000e-01 -7.4000000e-01  6.2000000e-01
  9.5000000e-01  7.0000000e-01 -1.7000000e-01 -6.0000000e-02
 -6.5000000e-01 -6.8000000e-01  1.2000000e-01  1.9000000e-01
 -5.4000000e-01 -1.7000000e-01  4.0000000e-02 -1.0000000e-02
  6.2000000e-01  3.9000000e-01  8.0000000e-02 -3.0000000e-01
  4.6000000e-01 -4.4000000e-01  8.9000000e-01  5.1000000e-01
  8.6000000e-01  1.8000000e-01 -4.8000000e-01 -5.8000000e-01
  2.3000000e-01  7.1000000e-01  1.1000000e-01  7.6000000e-01
  6.5000000e-01  9.5000000e-01  7.7000000e-01  1.4440000e+00
  3.7000000e-01 -7.5000000e-01][-8.1000000e-01 -8.3000000e-01  1.7000000e-01 -2.2000000e-01
 -4.9000000e-01  9.6000000e-01  4.8000000e-01 -3.8000000e-01
 -9.6000000e-01  7.8000000e-01 -4.0000000e-02  7.5000000e-01
  2.5000000e-01  8.0000000e-01  5.5000000e-01  8.0000000e-01
 -5.3000000e-01  6.9000000e-01  8.7000000e-01 -8.6000000e-01
  7.0000000e-01  5.8000000e-01  1.6000000e-01  8.2000000e-01
  8.7000000e-01  4.4000000e-01  9.7000000e-01 -6.5000000e-01
  3.0000000e-02  8.8817842e-16 -7.0000000e-01  4.0000000e-01
 -6.5000000e-01 -9.5000000e-01 -9.0000000e-02 -8.5000000e-01
 -8.7000000e-01  9.9000000e-01  2.7000000e-01 -2.9000000e-01
  5.3000000e-01  2.3000000e-01  5.9000000e-01  3.1000000e-01
 -2.0000000e-02  2.7000000e-01 -2.7000000e-01 -8.7000000e-01
  5.9000000e-01  2.0000000e-02 -6.6000000e-01 -3.2000000e-01
  2.4000000e-01  5.6000000e-01 -9.2000000e-01  6.0000000e-01
  4.2000000e-01  7.0000000e-01  1.4420000e+00  9.5000000e-01
 -6.5000000e-01 -6.8000000e-01  1.2000000e-01  5.9000000e-01
 -8.0000000e-02 -1.7000000e-01 -3.1000000e-01  2.0000000e-01
 -5.8000000e-01  7.7000000e-01  8.0000000e-02 -3.0000000e-01
  4.6000000e-01 -4.4000000e-01 -3.2000000e-01  5.1000000e-01
 -6.5000000e-01  9.0000000e-01  5.2000000e-01 -7.0000000e-01
  1.4000000e-01 -9.8000000e-01  1.1000000e-01  7.6000000e-01
  6.5000000e-01  5.8000000e-01  7.7000000e-01  7.1000000e-01
  3.7000000e-01 -7.5000000e-01][-8.1000000e-01 -8.3000000e-01  8.6000000e-01 -2.2000000e-01
 -4.9000000e-01  9.6000000e-01  8.0000000e-02  3.3000000e-01
  8.8817842e-16  7.8000000e-01 -4.0000000e-02  7.5000000e-01
  2.5000000e-01 -1.1040000e+00  5.5000000e-01  8.0000000e-01
 -1.0000000e+00  6.9000000e-01  3.5000000e-01 -8.6000000e-01
  9.0000000e-02  8.8817842e-16  5.7000000e-01  8.2000000e-01
  4.5000000e-01  4.4000000e-01  9.7000000e-01 -6.5000000e-01
 -8.5000000e-01  8.8817842e-16 -7.0000000e-01  9.4000000e-01
  7.4000000e-01  1.2000000e-01  8.6000000e-01 -8.5000000e-01
 -8.7000000e-01  9.9000000e-01  2.7000000e-01  8.1000000e-01
  5.3000000e-01  2.3000000e-01  5.9000000e-01  3.1000000e-01
 -6.0000000e-01  2.7000000e-01 -8.3000000e-01  4.6000000e-01
  5.9000000e-01  4.3000000e-01 -6.6000000e-01 -3.2000000e-01
  2.4000000e-01 -4.0000000e-02 -7.4000000e-01  6.2000000e-01
  9.5000000e-01 -4.1000000e-01 -1.7000000e-01  9.5000000e-01
  5.4000000e-01 -6.8000000e-01  1.2000000e-01  5.9000000e-01
 -8.0000000e-02  3.0000000e-01  4.0000000e-02 -1.0000000e-02
 -5.8000000e-01  7.7000000e-01 -1.8000000e-01 -1.8000000e-01
  4.6000000e-01  6.6000000e-01  8.9000000e-01  5.1000000e-01
  8.6000000e-01  1.8000000e-01 -4.8000000e-01 -7.0000000e-01
  2.3000000e-01  7.1000000e-01 -5.0000000e-02  4.8000000e-01
 -7.1000000e-01  5.8000000e-01 -3.6000000e-01  7.1000000e-01
  2.6000000e-01 -7.5000000e-01][-6.7000000e-01 -8.3000000e-01  5.3000000e-01  7.3000000e-01
 -4.9000000e-01  9.6000000e-01  8.0000000e-02 -3.8000000e-01
  8.8817842e-16  7.8000000e-01 -4.0000000e-02  7.5000000e-01
 -2.0000000e-01 -6.8000000e-01  5.5000000e-01  7.8000000e-01
 -5.3000000e-01 -3.4000000e-01  8.7000000e-01 -8.6000000e-01
  9.0000000e-02  8.8817842e-16  5.7000000e-01  8.2000000e-01
  4.5000000e-01  4.4000000e-01 -9.0000000e-02 -6.5000000e-01
  3.0000000e-02  8.8817842e-16 -7.0000000e-01  9.4000000e-01
  7.4000000e-01 -9.5000000e-01  8.6000000e-01  5.6000000e-01
 -8.7000000e-01  9.9000000e-01  2.7000000e-01 -2.9000000e-01
  5.3000000e-01  2.3000000e-01 -1.9000000e-01  3.1000000e-01
 -6.0000000e-01  6.2000000e-01 -8.3000000e-01  4.6000000e-01
  5.9000000e-01  2.0000000e-02  6.2000000e-01 -3.2000000e-01
  5.0000000e-01 -4.0000000e-02 -7.4000000e-01  6.2000000e-01
  9.5000000e-01  7.0000000e-01 -1.7000000e-01  9.5000000e-01
 -6.5000000e-01  6.8000000e-01  1.2000000e-01  1.9000000e-01
 -8.0000000e-02  3.0000000e-01  4.0000000e-02 -1.0000000e-02
 -5.8000000e-01  7.7000000e-01  8.0000000e-02 -3.0000000e-01
  4.6000000e-01  6.6000000e-01 -3.2000000e-01 -5.8000000e-01
 -6.5000000e-01  1.8000000e-01  5.2000000e-01 -5.8000000e-01
  5.1100000e-01 -9.8000000e-01 -5.0000000e-02  7.6000000e-01
 -7.1000000e-01  5.8000000e-01 -3.6000000e-01  8.7000000e-01
  2.6000000e-01 -7.5000000e-01][-8.1000000e-01  3.2000000e-01  5.3000000e-01 -2.2000000e-01
 -4.9000000e-01  9.6000000e-01  8.0000000e-02 -3.8000000e-01
 -9.6000000e-01  7.8000000e-01  7.0000000e-02  5.5000000e-01
 -2.0000000e-01 -6.8000000e-01  8.8817842e-16  8.0000000e-01
 -5.3000000e-01 -3.4000000e-01  3.5000000e-01 -8.6000000e-01
  7.0000000e-01  8.8817842e-16  5.7000000e-01  8.2000000e-01
  4.5000000e-01  1.3390000e+00 -9.0000000e-02 -6.5000000e-01
 -8.5000000e-01  8.8817842e-16 -7.0000000e-01  4.0000000e-01
 -6.5000000e-01 -9.5000000e-01  8.6000000e-01 -8.5000000e-01
  7.7000000e-01  9.9000000e-01  2.7000000e-01  8.1000000e-01
  5.3000000e-01  2.3000000e-01 -1.9000000e-01  3.1000000e-01
 -6.0000000e-01  6.2000000e-01 -2.7000000e-01  4.6000000e-01
  5.9000000e-01  2.0000000e-02 -6.6000000e-01 -3.2000000e-01
  2.4000000e-01  5.6000000e-01 -9.2000000e-01  6.0000000e-01
  9.5000000e-01 -4.1000000e-01 -1.7000000e-01  9.5000000e-01
 -6.5000000e-01 -6.8000000e-01  4.5000000e-01  1.9000000e-01
 -8.0000000e-02  3.0000000e-01  4.0000000e-02  2.0000000e-01
  6.2000000e-01  7.7000000e-01 -1.8000000e-01 -3.0000000e-01
  4.6000000e-01  6.6000000e-01  8.9000000e-01 -5.8000000e-01
  8.6000000e-01  9.0000000e-01 -4.8000000e-01 -5.8000000e-01
  2.3000000e-01  7.1000000e-01 -5.0000000e-02  4.8000000e-01
  6.5000000e-01  9.5000000e-01  7.7000000e-01  8.7000000e-01
  2.6000000e-01 -7.5000000e-01][-6.7000000e-01 -8.3000000e-01  8.6000000e-01  7.3000000e-01
 -5.7000000e-01  9.6000000e-01  4.8000000e-01  3.3000000e-01
  8.8817842e-16  7.8000000e-01  7.0000000e-02  5.5000000e-01
  2.5000000e-01 -6.8000000e-01  8.8817842e-16  8.0000000e-01
 -5.3000000e-01  6.9000000e-01  8.7000000e-01 -8.6000000e-01
  9.0000000e-02  5.8000000e-01  1.6000000e-01  8.2000000e-01
  4.5000000e-01  4.4000000e-01 -9.0000000e-02 -6.5000000e-01
  3.0000000e-02  8.8817842e-16 -7.0000000e-01  9.4000000e-01
 -6.5000000e-01 -9.5000000e-01  8.6000000e-01 -8.5000000e-01
  7.7000000e-01  9.9000000e-01 -4.8000000e-01  8.1000000e-01
  5.3000000e-01 -3.0000000e-01 -1.9000000e-01 -2.8000000e-01
 -6.0000000e-01  2.7000000e-01 -8.3000000e-01 -8.7000000e-01
 -9.3000000e-01  2.0000000e-02  6.2000000e-01 -3.2000000e-01
  5.0000000e-01 -4.0000000e-02 -1.5400000e+00  6.0000000e-01
  4.2000000e-01 -4.1000000e-01 -1.7000000e-01  9.5000000e-01
 -6.5000000e-01  6.8000000e-01  1.2000000e-01  1.9000000e-01
 -5.4000000e-01 -1.7000000e-01  4.0000000e-02 -1.0000000e-02
 -5.8000000e-01  3.9000000e-01  8.0000000e-02 -3.0000000e-01
  4.6000000e-01  6.6000000e-01  8.9000000e-01  5.1000000e-01
 -6.5000000e-01  1.8000000e-01 -4.8000000e-01 -7.0000000e-01
  2.3000000e-01 -9.8000000e-01 -5.0000000e-02  7.6000000e-01
  6.5000000e-01  5.8000000e-01  7.7000000e-01  7.1000000e-01
  2.6000000e-01 -2.1000000e-01][-8.1000000e-01 -8.3000000e-01  5.3000000e-01  7.3000000e-01
 -5.7000000e-01  9.6000000e-01  8.0000000e-02  3.3000000e-01
 -9.6000000e-01 -1.0000000e+00  7.0000000e-02  5.5000000e-01
  2.5000000e-01 -6.8000000e-01  5.5000000e-01  7.8000000e-01
 -5.3000000e-01  6.9000000e-01  3.5000000e-01 -1.0000000e-02
  9.0000000e-02  8.8817842e-16 -3.8500000e-01  3.1000000e-01
  8.7000000e-01 -1.6000000e-01  9.7000000e-01 -6.5000000e-01
  3.0000000e-02 -4.6000000e-01 -7.0000000e-01  9.4000000e-01
  7.4000000e-01  1.2000000e-01  8.6000000e-01 -8.5000000e-01
 -8.7000000e-01 -7.3000000e-01 -4.8000000e-01  8.1000000e-01
 -1.6000000e-01 -3.0000000e-01 -1.9000000e-01  3.1000000e-01
 -2.0000000e-02  2.7000000e-01 -2.7000000e-01  4.6000000e-01
 -9.3000000e-01  2.0000000e-02  6.2000000e-01 -7.4000000e-01
  2.4000000e-01  5.6000000e-01 -9.2000000e-01  6.0000000e-01
  9.5000000e-01  7.0000000e-01 -1.7000000e-01  9.5000000e-01
  5.4000000e-01 -6.8000000e-01  1.2000000e-01  1.9000000e-01
 -8.0000000e-02  3.0000000e-01 -3.1000000e-01 -1.0000000e-02
 -5.8000000e-01  7.7000000e-01  8.0000000e-02 -1.8000000e-01
  4.6000000e-01 -4.4000000e-01  8.9000000e-01 -5.8000000e-01
  8.6000000e-01  9.0000000e-01 -4.8000000e-01 -5.8000000e-01
  1.4000000e-01 -9.8000000e-01 -5.0000000e-02  4.8000000e-01
  6.5000000e-01  5.8000000e-01  7.7000000e-01  7.1000000e-01
  3.7000000e-01 -7.5000000e-01][-8.1000000e-01  3.2000000e-01  8.6000000e-01  7.3000000e-01
 -4.9000000e-01  9.6000000e-01  4.8000000e-01  3.3000000e-01
  8.8817842e-16 -1.0000000e+00 -4.0000000e-02  5.5000000e-01
 -2.0000000e-01 -6.8000000e-01  8.8817842e-16  8.0000000e-01
 -1.0000000e+00 -3.4000000e-01  3.5000000e-01 -1.0000000e-02
  7.0000000e-01  8.8817842e-16  1.6000000e-01  8.2000000e-01
  4.5000000e-01  4.4000000e-01  9.7000000e-01 -6.4000000e-01
  3.0000000e-02 -4.6000000e-01 -7.0000000e-01  4.0000000e-01
 -6.5000000e-01  1.2000000e-01 -9.0000000e-02 -8.5000000e-01
 -8.7000000e-01 -7.3000000e-01 -4.8000000e-01 -2.9000000e-01
 -1.6000000e-01 -3.0000000e-01 -1.9000000e-01  3.1000000e-01
 -6.0000000e-01  2.7000000e-01 -8.3000000e-01 -3.6700000e-01
 -9.3000000e-01  2.0000000e-02  6.2000000e-01 -7.4000000e-01
  2.4000000e-01  5.6000000e-01 -7.4000000e-01  6.0000000e-01
  4.2000000e-01 -4.1000000e-01  1.4420000e+00  9.5000000e-01
  5.4000000e-01 -6.8000000e-01  4.5000000e-01  1.9000000e-01
 -5.4000000e-01 -1.7000000e-01 -3.1000000e-01 -1.0000000e-02
 -5.8000000e-01  7.7000000e-01  8.0000000e-02 -3.0000000e-01
  4.6000000e-01  6.6000000e-01  8.9000000e-01  5.1000000e-01
 -6.5000000e-01  9.0000000e-01  5.2000000e-01 -5.8000000e-01
  1.4000000e-01  7.1000000e-01 -5.0000000e-02  4.8000000e-01
  6.5000000e-01  9.5000000e-01 -3.6000000e-01  8.7000000e-01
  3.7000000e-01 -7.5000000e-01]