[-8.9000000e-01 -8.3000000e-01  8.6000000e-01 -2.2000000e-01
 -4.9000000e-01  9.6000000e-01 -6.4000000e-01  3.3000000e-01
  9.7000000e-01  8.1000000e-01 -5.6000000e-01  7.3000000e-01
 -9.2000000e-01  2.6000000e-01  5.0000000e-02 -2.3000000e-01
 -1.0000000e+00  9.0000000e-01  7.3000000e-01 -1.0000000e-02
  9.0000000e-02  5.4000000e-01 -1.1000000e-01  8.2000000e-01
  7.3000000e-01 -1.6000000e-01  9.1000000e-01 -6.4000000e-01
  4.5000000e-01  8.8817842e-16 -7.0000000e-01  5.7000000e-01
  7.4000000e-01 -9.5000000e-01 -9.0000000e-02 -8.5000000e-01
 -8.7000000e-01  3.4000000e-01  8.8000000e-01  8.1000000e-01
  7.8000000e-01 -3.0000000e-01 -1.9000000e-01 -2.8000000e-01
 -2.0000000e-02  6.2000000e-01 -1.3000000e-01 -8.7000000e-01
  5.9000000e-01 -4.5000000e-01  5.3000000e-01 -5.3000000e-01
 -6.0000000e-01  3.9000000e-01 -9.2000000e-01 -5.3000000e-01
  6.5000000e-01 -4.1000000e-01 -9.9000000e-01 -1.0000000e+00
  5.0000000e-01 -6.8000000e-01 -4.0000000e-01 -9.4000000e-01
 -1.8000000e-01  3.0000000e-01 -3.1000000e-01 -1.0000000e-01
 -5.8000000e-01  3.9000000e-01  8.0000000e-02  9.0000000e-02
  4.6000000e-01  6.6000000e-01  9.8000000e-01 -5.8000000e-01
 -6.5000000e-01  9.0000000e-01 -4.8000000e-01 -5.8000000e-01
  1.4000000e-01 -9.8000000e-01 -9.1000000e-01 -8.3000000e-01
  6.1000000e-01  5.8000000e-01  2.4000000e-01  4.3000000e-01
  3.7000000e-01 -1.5000000e-01][ 0.25 -0.44  0.35 -0.81 -0.77 -0.41 -0.81  0.38 -0.88 -0.19  0.37 -0.37
  0.41  0.51  0.21  0.49 -0.33 -0.76  0.4   0.31 -0.2  -0.53 -0.01  0.02
 -0.76  0.98  0.79  0.05 -0.39  0.1  -0.47 -0.91  0.65 -1.   -0.09 -0.33
 -0.33 -0.77 -0.99 -0.61  0.84  0.58 -0.66 -0.76  0.03  0.65 -0.04  0.14
 -0.26  0.07  0.75  0.53  0.47 -0.56 -0.28  0.96 -0.83  0.94 -0.43  0.49
 -0.28  0.5  -0.97 -0.6  -0.83 -0.91  0.91 -0.39 -0.21 -0.56 -0.91 -0.89
  0.94 -0.7  -0.78  0.97  0.43  0.29  0.1  -0.76 -0.34 -0.17  0.77 -0.64
 -0.25 -0.77  0.12 -0.96 -0.22  0.64][ 0.2  -0.41  0.56  0.91 -0.87 -0.89  0.68 -0.96  0.37  0.64  0.3   0.42
  0.15 -0.51 -0.16 -0.78 -0.84 -0.83  0.16  0.33  0.91  0.88 -0.15 -0.59
 -0.02 -0.77 -0.83 -0.77  0.72 -0.19 -0.5  -0.61  0.38  0.68  0.77  0.54
  0.77 -0.11 -0.12 -0.7  -0.57 -0.36 -0.71  0.2  -0.53  0.08 -0.32 -0.98
 -0.62 -0.32 -0.59 -0.33  0.77  0.91  0.38  0.28  0.92 -0.31 -0.8  -0.75
 -0.72  0.38 -0.77 -0.19 -0.41 -0.11  0.88  0.58 -0.82 -0.1   0.3   0.41
 -0.17 -0.64  0.89 -0.48 -0.02 -0.51  0.52  0.64  0.74  0.65 -0.38 -0.44
 -0.21 -0.63  0.81 -0.24 -0.92 -0.32][-2.4000000e-01 -3.8000000e-01  3.3000000e-01 -2.0000000e-01
  6.5000000e-01  8.3000000e-01  9.7000000e-01 -7.4000000e-01
 -4.3000000e-01  3.8000000e-01 -3.6000000e-01 -9.4000000e-01
  4.7000000e-01 -2.1000000e-01 -9.8000000e-01  5.5000000e-01
  8.1000000e-01 -4.6000000e-01  7.1000000e-01 -9.5000000e-01
 -7.9000000e-01  1.3000000e-01  7.0000000e-01  2.0000000e-01
  9.8000000e-01  6.6000000e-01  8.6000000e-01  8.9000000e-01
 -5.3000000e-01 -1.6000000e-01  7.0000000e-01  8.8817842e-16
  4.5000000e-01  4.2000000e-01  5.2000000e-01 -3.4000000e-01
  8.9000000e-01  6.7000000e-01 -8.0000000e-01  2.3000000e-01
 -5.0000000e-01 -1.4000000e-01 -4.4000000e-01 -5.4000000e-01
 -5.5000000e-01  4.7000000e-01  5.9000000e-01  8.8000000e-01
 -9.7000000e-01 -1.7000000e-01 -5.4000000e-01 -1.9000000e-01
 -1.0000000e+00 -8.4000000e-01  4.7000000e-01 -7.0000000e-01
  9.1000000e-01  3.0000000e-02 -5.9000000e-01 -7.8000000e-01
 -2.5000000e-01  3.0000000e-01  1.4000000e-01  6.9000000e-01
 -4.1000000e-01 -5.8000000e-01 -9.1000000e-01  8.3000000e-01
  7.4000000e-01 -2.6000000e-01  1.3000000e-01  9.6000000e-01
 -4.4000000e-01  4.2000000e-01 -6.1000000e-01 -5.7000000e-01
 -7.7000000e-01  8.1000000e-01 -8.7000000e-01  3.7000000e-01
 -1.7000000e-01 -3.8000000e-01  7.1000000e-01 -8.2000000e-01
  1.0000000e-01 -1.0000000e-01 -5.0000000e-02  4.5000000e-01
 -8.1000000e-01 -6.6000000e-01][-0.81 -0.33 -0.18 -0.44 -0.57  0.44  0.48  0.16  0.92  0.78 -0.95  0.55
 -0.38 -0.22  0.56 -0.47 -0.51  0.91 -0.72 -0.86  0.98 -0.89  0.2   0.08
 -0.24  0.44  0.52 -0.94 -0.85  0.85  0.73 -0.47 -0.65  0.12 -0.88  0.56
 -0.59  0.53 -0.48 -0.84 -0.16  0.23  0.84  0.27 -0.15  0.27 -0.83  0.46
  0.4   0.43  0.02 -0.67  0.24 -0.67  0.81  0.6   0.42 -0.23 -0.17 -0.06
 -0.1   0.38  0.12 -0.71 -0.08 -0.17 -0.22 -0.89  0.62 -0.82  0.52 -0.86
  0.46 -0.88 -0.1   0.52  0.86  0.18  0.52  0.05 -0.14  0.71  0.69  0.56
  0.65  0.95 -0.36 -0.58  0.58 -0.26][-0.94  0.4  -0.87  0.76 -0.42  0.96 -0.86 -0.19  0.77  0.87 -0.67 -0.83
 -0.79 -0.31 -0.58  0.79  0.24  0.65  0.59 -0.22  0.66 -0.01 -0.56 -0.31
 -0.46  0.33  0.93 -0.86 -0.07 -0.08  0.19 -0.89 -0.54 -0.12 -0.55  0.52
  0.46 -0.37 -0.98 -0.62 -0.55  0.8  -0.39  0.17  0.16 -0.25  0.73 -0.39
  0.23 -0.09  0.84 -0.69 -0.28 -0.14  0.06 -0.06  0.84  0.99 -0.69  0.3
 -0.86 -0.25 -0.16 -0.51 -0.71  0.04  0.23 -0.24  0.8   0.53  0.38 -0.83
 -0.17 -0.01 -0.32  0.6  -0.97  0.62  0.32  0.9   0.71 -0.85  0.51 -0.86
  0.39  0.18 -0.01  0.39  0.64 -0.77][ 5.2000000e-01 -5.4000000e-01 -7.3000000e-01  2.1000000e-01
 -3.1000000e-01 -2.6000000e-01  6.0000000e-02  8.9000000e-01
  8.8817842e-16  3.2000000e-01 -2.0000000e-02  1.4000000e-01
  1.4000000e-01  1.6000000e-01  6.6000000e-01  6.3000000e-01
 -3.7000000e-01  2.6000000e-01 -9.4000000e-01 -2.9000000e-01
  3.8000000e-01 -1.5000000e-01  5.2000000e-01  3.0000000e-01
  6.8000000e-01  3.4000000e-01  3.4000000e-01  6.4000000e-01
  3.8000000e-01 -7.0000000e-01 -7.4000000e-01  3.1000000e-01
  4.1000000e-01  1.0000000e-01  6.1000000e-01 -1.9000000e-01
 -4.0000000e-02 -1.1000000e-01 -4.3000000e-01  5.4000000e-01
  6.0000000e-01  6.0000000e-01 -8.8000000e-01  5.9000000e-01
  8.0000000e-02 -9.4000000e-01 -4.6000000e-01 -7.9000000e-01
  3.5000000e-01  8.8000000e-01  3.5000000e-01 -5.3000000e-01
  3.0000000e-01 -6.0000000e-02  6.1000000e-01 -5.5000000e-01
 -8.4000000e-01 -7.1000000e-01 -4.7000000e-01 -3.3000000e-01
  7.4000000e-01  3.4000000e-01 -1.2000000e-01  1.8000000e-01
 -2.3000000e-01  1.2000000e-01 -5.2000000e-01 -3.7000000e-01
 -1.2000000e-01  8.6000000e-01  4.0000000e-01  9.1000000e-01
 -9.0000000e-01  3.2000000e-01 -7.1000000e-01  4.4000000e-01
 -3.8000000e-01 -1.6000000e-01 -6.4000000e-01 -8.0000000e-02
  4.6000000e-01 -8.2000000e-01  2.4000000e-01  5.8000000e-01
  3.0000000e-01  6.1000000e-01 -1.3000000e-01 -2.2000000e-01
  4.4000000e-01  4.7000000e-01][ 0.31 -0.4   0.73  0.19  0.1   0.07 -0.55 -0.65 -0.96  0.67 -0.7  -0.17
 -0.67 -0.14 -0.55 -0.22  0.05 -0.72 -0.74  0.92  0.81  0.06 -0.94  0.21
 -0.03 -0.85 -0.32  0.27 -0.04  0.87 -0.95 -0.29  0.14 -0.71  0.05  0.49
 -0.4   0.36 -0.3   0.9   0.85 -0.5   0.71 -0.3  -0.73  0.84  0.02  0.02
 -0.22  0.67 -0.31  0.44 -0.8  -0.57  0.72  0.05  0.78  0.72 -0.79 -0.98
 -0.47 -0.77 -0.78  0.91 -0.78  0.21 -0.08 -0.11 -0.06  0.85  0.73  0.02
  0.36  0.99 -0.33 -0.19  0.8  -0.49 -0.74 -0.82  0.43  0.07 -0.43 -0.2
  0.39  0.34  0.56 -0.05 -0.6  -0.98][ 4.1000000e-01  7.3000000e-01 -8.0000000e-02  1.2000000e-01
  1.9000000e-01 -3.8000000e-01  7.8000000e-01 -3.8000000e-01
 -8.3000000e-01 -1.1000000e-01 -2.2000000e-01  3.5000000e-01
  4.0000000e-02  6.0000000e-02 -5.5000000e-01 -9.3000000e-01
  3.6000000e-01  1.0000000e-02  5.1000000e-01 -5.8000000e-01
 -4.6000000e-01 -9.4000000e-01 -1.9000000e-01  6.5000000e-01
  9.0000000e-01 -2.6000000e-01 -4.5000000e-01  4.6000000e-01
 -6.8000000e-01  5.1000000e-01 -3.7000000e-01 -8.9000000e-01
 -5.6000000e-01  2.0000000e-02 -3.2000000e-01 -8.8000000e-01
 -6.4000000e-01  3.0000000e-02  8.7000000e-01 -6.6000000e-01
  1.4000000e-01  4.9000000e-01 -7.6000000e-01  4.9000000e-01
  7.4000000e-01  1.6000000e-01 -8.3000000e-01  4.5000000e-01
 -9.2000000e-01  2.2000000e-01 -1.1000000e-01  4.4000000e-01
 -4.4000000e-01 -8.8000000e-01 -9.0000000e-01  4.9000000e-01
  8.8817842e-16  6.9000000e-01  5.0000000e-02  7.7000000e-01
 -5.5000000e-01 -1.0000000e-02 -9.9000000e-01 -6.4000000e-01
  1.2000000e-01 -7.9000000e-01 -7.2000000e-01  2.8000000e-01
 -6.2000000e-01 -3.7000000e-01 -2.4000000e-01 -8.7000000e-01
 -3.9000000e-01  3.5000000e-01 -4.7000000e-01 -9.9000000e-01
 -2.5000000e-01  1.3000000e-01 -8.7000000e-01 -9.7000000e-01
 -1.1000000e-01 -8.3000000e-01 -4.3000000e-01 -5.2000000e-01
  3.0000000e-01  4.2000000e-01 -6.7000000e-01  8.8817842e-16
  8.0000000e-02  3.7000000e-01][ 0.72  0.7   0.27 -0.7   0.75 -0.41  0.2  -0.04  0.45 -0.43  0.82 -0.12
 -0.63 -0.14 -0.9   0.63  0.4   0.61 -0.53 -0.26  0.85  0.02  0.82 -0.12
 -0.52  0.51  0.24  0.19 -0.98  0.94  0.44 -0.69 -0.63  0.3  -0.39  0.75
  0.04 -0.77 -0.44  0.06  0.39  0.9   0.58 -0.73  0.33 -0.72  0.09  0.09
  0.85 -0.16 -0.59  0.7  -0.31  0.33  0.37  0.29  0.25  0.36  0.28  0.06
  0.92  0.9  -0.57  0.16  0.43 -0.45 -0.66 -0.23 -0.25 -0.42 -0.64  0.23
 -0.17 -0.4  -0.14 -0.29 -0.04 -1.   -0.48 -0.75 -0.62  0.63 -0.07 -0.78
  0.97  0.69 -0.81 -0.79 -0.33 -0.16][ 0.43 -0.29 -0.84  0.85  0.19 -0.57  0.84  0.92  0.41 -0.54 -0.77 -0.16
  0.18  0.46  0.11 -0.99  0.91  0.87 -0.74  0.68  0.86  0.41 -0.43  0.86
 -0.3   0.39  0.62 -0.29 -0.59 -0.21  0.37  0.94 -0.8   0.52 -0.54 -0.62
 -0.53  0.38 -0.22  0.91 -0.31  0.81 -0.77  0.33 -0.15  0.09 -0.28 -0.6
  0.27 -0.85 -0.8  -0.39  0.31  0.58  0.8  -0.17  0.95 -0.81 -0.48  0.87
  0.69 -0.11 -0.78 -0.28 -0.28  0.62 -0.38  0.17 -0.21  0.83  0.6  -0.21
  0.42 -0.68 -0.83  0.75  0.32 -0.22  0.38  0.19  0.12  0.49  0.21 -0.87
 -0.42  0.08 -0.9   0.92 -0.8  -0.24][ 2.6000000e-01  1.1000000e-01  5.5000000e-01 -6.8000000e-01
 -3.8000000e-01  9.1000000e-01  4.1000000e-01 -1.0000000e-02
  1.4000000e-01 -8.9000000e-01  2.9000000e-01  2.2000000e-01
 -4.7000000e-01  5.5000000e-01 -2.0000000e-01 -9.8000000e-01
  9.4000000e-01 -2.2000000e-01  2.9000000e-01 -2.0000000e-01
  2.9000000e-01 -6.0000000e-01 -8.0000000e-02 -1.8000000e-01
  3.9000000e-01  4.5000000e-01 -2.0000000e-01 -1.2000000e-01
  1.4000000e-01  8.6000000e-01 -1.2000000e-01  6.4000000e-01
  7.1000000e-01 -6.5000000e-01  8.3000000e-01  3.5000000e-01
  7.2000000e-01  4.5000000e-01 -3.4000000e-01  6.1000000e-01
 -6.1000000e-01  2.0000000e-01 -3.0000000e-01  7.4000000e-01
  8.8817842e-16  7.6000000e-01 -1.6000000e-01 -5.6000000e-01
 -2.5000000e-01 -7.8000000e-01 -4.2000000e-01 -7.9000000e-01
  3.4000000e-01  5.6000000e-01 -1.0000000e-01 -4.1000000e-01
 -6.0000000e-01 -7.9000000e-01 -8.4000000e-01  3.3000000e-01
  6.4000000e-01  3.4000000e-01 -2.9000000e-01 -6.8000000e-01
 -2.0000000e-02  7.3000000e-01 -1.1000000e-01 -5.8000000e-01
  5.0000000e-01  7.0000000e-02 -6.9000000e-01  9.1000000e-01
 -3.5000000e-01 -5.5000000e-01  9.3000000e-01  5.7000000e-01
  8.9000000e-01  9.0000000e-01 -7.0000000e-01 -8.5000000e-01
 -2.5000000e-01  1.3000000e-01  5.8000000e-01  4.9000000e-01
 -7.4000000e-01 -1.5000000e-01  4.6000000e-01 -9.4000000e-01
 -4.8000000e-01  1.6000000e-01][ 0.23 -0.19 -0.92 -0.43  0.41 -0.89  0.1  -0.06  0.77 -0.27 -0.34  0.66
 -0.9   0.58 -0.02  0.26  0.49 -0.72 -0.39  0.13  0.89  0.41 -0.19 -0.43
  0.35 -0.83 -0.2  -0.36  0.96 -0.59 -0.05  0.35 -0.25  0.18  0.73 -0.73
 -0.68  0.51 -0.7  -0.8  -0.34 -0.59 -0.68 -0.88  0.99 -0.9   0.25  0.13
  0.1   0.35 -0.03 -0.42 -1.    0.77 -0.85 -0.13 -0.32  0.49 -0.16  0.04
 -0.49 -0.24  0.82 -0.93 -0.72 -0.79  0.27  0.61  0.86  0.56 -0.85 -0.62
 -0.46  0.65  0.05 -0.27  0.71 -0.2  -0.63 -0.64 -0.44  0.03  0.07  0.75
 -0.95  0.49  0.16  0.62  0.54 -0.84][ 8.2000000e-01  8.4000000e-01 -1.5000000e-01  7.2000000e-01
 -4.6000000e-01 -5.1000000e-01  9.5000000e-01  6.8000000e-01
  5.0000000e-01  2.6000000e-01 -6.2000000e-01  6.9000000e-01
  5.3000000e-01 -8.6000000e-01  5.8000000e-01  8.8817842e-16
 -7.0000000e-01  7.0000000e-02 -6.5000000e-01  1.2000000e-01
 -5.4000000e-01 -6.0000000e-01  2.8000000e-01  5.2000000e-01
  6.6000000e-01 -7.4000000e-01  9.0000000e-01 -1.1000000e-01
 -6.0000000e-01  4.3000000e-01  1.4000000e-01 -8.5000000e-01
 -7.8000000e-01 -9.2000000e-01 -1.4000000e-01  1.1000000e-01
  9.7000000e-01  8.4000000e-01  9.8000000e-01  2.9000000e-01
 -2.6000000e-01 -6.1000000e-01  7.1000000e-01 -6.0000000e-01
 -5.0000000e-02  3.2000000e-01 -7.2000000e-01  4.0000000e-01
 -1.1000000e-01  3.0000000e-01 -5.7000000e-01  7.0000000e-02
 -8.9000000e-01  1.0000000e-01 -2.4000000e-01  1.7000000e-01
  1.1000000e-01 -5.2000000e-01 -7.3000000e-01  7.9000000e-01
 -2.2000000e-01 -4.3000000e-01 -3.4000000e-01  7.9000000e-01
 -1.1000000e-01  9.5000000e-01 -6.6000000e-01  7.9000000e-01
 -3.8000000e-01  7.3000000e-01 -9.9000000e-01  3.4000000e-01
  9.5000000e-01 -2.5000000e-01  1.7000000e-01 -5.6000000e-01
  6.5000000e-01 -1.3000000e-01  8.5000000e-01 -6.1000000e-01
 -1.2000000e-01 -7.7000000e-01  6.9000000e-01 -5.5000000e-01
  9.2000000e-01  1.8000000e-01 -8.2000000e-01 -6.2000000e-01
  2.3000000e-01 -3.0000000e-01][-0.98  0.72  0.8   0.55 -0.82  0.27 -0.77  0.68  0.41 -0.67 -0.54  0.57
  0.32 -0.22 -0.97  0.2  -0.34 -0.51 -0.39 -0.06 -0.09  0.17 -0.56  0.2
  0.04 -0.72  0.29  0.16  0.58  0.03 -0.91  0.82  0.95 -0.62 -0.73 -0.28
 -0.64 -0.74  0.84  0.76 -0.1  -0.15  0.36 -0.09 -0.48  0.48 -0.6   0.57
  0.05 -0.95  0.24  0.22 -0.09  0.75  0.52 -0.34 -0.59  0.31  0.75 -0.67
 -0.64  0.26 -0.58 -0.05 -0.35 -0.89 -0.2   0.01  0.31 -0.9  -0.65  0.61
 -0.01  0.93 -0.73  0.3  -0.13 -0.19 -0.91  0.3  -0.61  0.78 -0.63 -0.36
  0.63 -0.11  0.52  0.43  0.65 -0.05][ 0.84  0.74  0.21 -0.62  0.35 -0.79  0.48  0.62  0.43  0.52  0.48 -0.21
  0.66 -0.86  0.86  0.88 -0.9   0.66  0.06 -0.99  0.61 -1.    0.44 -0.36
  0.23 -0.1  -0.3  -0.39 -0.29 -0.64 -0.95 -0.15  0.66 -0.02 -0.57  0.34
 -0.48 -0.88 -0.88 -0.78  0.73  0.94 -0.52  0.27  0.95  0.82  0.14 -0.01
 -0.46 -0.11  0.63  0.7  -0.15  0.72  0.39 -0.45  0.52 -0.7   0.7  -0.66
  0.35  0.75  0.62 -0.7  -0.64  0.87  0.03  0.95  0.05  0.4  -0.75 -0.65
 -0.11 -0.95  0.44 -0.39 -0.88 -0.64 -0.66  0.32 -0.09 -0.31 -0.35  0.55
  0.51  0.47 -0.4  -0.74 -0.41  0.93][-6.7000000e-01 -9.8000000e-01 -5.0000000e-01 -6.8000000e-01
 -9.9000000e-01  9.8000000e-01  8.0000000e-02  9.4000000e-01
  8.8817842e-16 -1.0000000e+00  7.0000000e-02  7.5000000e-01
 -2.0000000e-01  8.0000000e-01  8.8817842e-16  8.0000000e-01
  2.7000000e-01 -3.4000000e-01  8.7000000e-01  6.3000000e-01
 -4.2000000e-01  5.8000000e-01  5.7000000e-01 -3.4000000e-01
  4.5000000e-01  6.5000000e-01  9.7000000e-01 -5.6000000e-01
 -8.5000000e-01 -6.9000000e-01  3.4000000e-01  9.4000000e-01
  6.6000000e-01  5.7000000e-01 -4.6000000e-01  3.0000000e-01
  7.7000000e-01  9.9000000e-01  2.7000000e-01  5.0000000e-01
  5.3000000e-01 -3.7000000e-01 -1.3000000e-01 -9.4000000e-01
 -2.4000000e-01 -9.5000000e-01 -2.7000000e-01  5.4000000e-01
  6.9000000e-01  2.0000000e-02  6.2000000e-01 -3.2000000e-01
  5.0000000e-01 -4.0000000e-02  5.2000000e-01  6.2000000e-01
  9.5000000e-01 -8.3000000e-01  8.8000000e-01  9.5000000e-01
  5.4000000e-01  3.8000000e-01  4.5000000e-01  1.9000000e-01
 -5.4000000e-01  7.5000000e-01  7.0000000e-02 -1.0000000e-02
 -6.4000000e-01 -1.7000000e-01  1.1000000e-01 -1.8000000e-01
  9.0000000e-02  1.2000000e-01  8.9000000e-01 -2.9000000e-01
  4.9000000e-01 -7.6000000e-01 -5.7000000e-01  7.3000000e-01
  7.6000000e-01  6.6000000e-01  1.1000000e-01  7.6000000e-01
 -7.1000000e-01  2.5000000e-01  7.7000000e-01  7.1000000e-01
 -3.9000000e-01 -2.1000000e-01][-0.76  0.41  0.01  0.12 -0.37  0.96 -0.07  0.71 -0.23 -0.79 -1.    0.88
  0.45  0.25  0.58 -0.5   0.37 -0.92 -0.96  0.37  0.76 -0.33 -0.83  0.82
  0.48 -0.91  0.37 -0.01  0.79  0.99 -0.91  0.06 -0.48  0.96 -0.34 -0.64
  0.81  0.54 -0.81 -0.96  0.1  -0.05 -0.62  0.47 -0.73  0.4  -0.5  -0.73
 -0.38 -0.01  0.36  0.01  0.76 -0.68  0.74 -0.56 -0.77  0.25 -0.86 -0.76
  0.9  -0.72  0.24  0.31 -0.45 -0.38  0.52  0.01 -0.73  0.47 -0.72 -0.54
 -0.83  0.79 -0.51 -0.53  0.16  0.61 -0.13 -0.13  0.47  0.18  0.04  0.65
  0.75 -0.37 -0.29  0.61 -0.01  0.06][-4.2000000e-01 -9.6000000e-01  4.3000000e-01 -7.4000000e-01
 -3.0000000e-02  1.6000000e-01  8.7000000e-01  7.1000000e-01
 -6.2000000e-01  4.0000000e-02 -7.1000000e-01 -1.2000000e-01
 -3.6000000e-01  5.0000000e-01 -9.0000000e-02  8.8817842e-16
  4.0000000e-02 -9.1000000e-01  3.3000000e-01  5.8000000e-01
 -8.4000000e-01 -5.8000000e-01 -8.2000000e-01  4.7000000e-01
 -5.1000000e-01 -7.2000000e-01  6.0000000e-02 -9.3000000e-01
  5.5000000e-01  4.5000000e-01  4.1000000e-01 -5.7000000e-01
  7.6000000e-01  2.1000000e-01  7.5000000e-01  4.4000000e-01
  3.3000000e-01  2.6000000e-01  1.2000000e-01 -1.2000000e-01
 -5.2000000e-01  7.7000000e-01 -2.5000000e-01  8.6000000e-01
 -2.0000000e-01 -3.9000000e-01 -1.0000000e-01  9.6000000e-01
 -3.8000000e-01  6.1000000e-01  9.0000000e-02 -9.7000000e-01
  7.7000000e-01  6.1000000e-01 -1.4000000e-01  5.2000000e-01
 -6.6000000e-01  2.5000000e-01  3.8000000e-01  9.6000000e-01
  9.7000000e-01 -3.2000000e-01  2.8000000e-01 -7.8000000e-01
 -4.0000000e-02  7.7000000e-01 -5.4000000e-01  1.1000000e-01
  5.0000000e-02  8.7000000e-01  7.1000000e-01  8.6000000e-01
  7.1000000e-01 -7.1000000e-01 -7.8000000e-01  1.3000000e-01
 -1.7000000e-01  9.0000000e-01 -3.5000000e-01  2.4000000e-01
 -4.0000000e-02  4.7000000e-01 -5.8000000e-01  4.5000000e-01
  1.4000000e-01  1.5000000e-01  2.2000000e-01 -4.0000000e-01
  6.6000000e-01 -4.5000000e-01][ 2.7000000e-01  3.2000000e-01  5.3000000e-01  7.3000000e-01
  8.8817842e-16  9.7000000e-01 -3.0000000e-01 -3.8000000e-01
 -9.6000000e-01 -6.0000000e-01 -3.8000000e-01 -7.3000000e-01
  2.5000000e-01 -6.8000000e-01  5.5000000e-01  7.8000000e-01
 -5.3000000e-01  6.9000000e-01  3.5000000e-01  2.0000000e-01
  7.0000000e-01  8.8817842e-16  1.6000000e-01  3.1000000e-01
  8.7000000e-01  5.0000000e-02 -9.0000000e-02 -6.5000000e-01
  3.0000000e-02 -4.6000000e-01  7.1000000e-01  4.0000000e-01
  3.8000000e-01  3.1000000e-01  8.6000000e-01 -6.6000000e-01
  7.7000000e-01 -7.3000000e-01 -1.9000000e-01 -2.9000000e-01
  8.7000000e-01 -1.8000000e-01  5.9000000e-01  3.1000000e-01
 -6.0000000e-01 -1.9000000e-01 -2.9000000e-01  9.5000000e-01
 -9.3000000e-01  8.8000000e-01 -6.6000000e-01 -7.4000000e-01
 -9.2000000e-01  5.6000000e-01 -7.4000000e-01 -8.7000000e-01
 -8.1000000e-01  7.0000000e-01  8.4000000e-01 -8.8000000e-01
 -6.5000000e-01  6.8000000e-01 -4.5000000e-01  5.9000000e-01
  4.7000000e-01  2.3000000e-01  4.0000000e-02  2.0000000e-01
 -1.7000000e-01  7.7000000e-01 -1.8000000e-01 -3.0000000e-01
  2.0000000e-02 -4.4000000e-01 -3.2000000e-01  5.1000000e-01
  9.1000000e-01  8.3000000e-01  3.1000000e-01 -7.0000000e-01
  2.3000000e-01  8.2000000e-01 -5.0000000e-02  4.8000000e-01
 -4.2000000e-01  9.9000000e-01  8.4000000e-01  8.7000000e-01
  2.6000000e-01 -7.5000000e-01][ 2.7000000e-01  3.2000000e-01  8.6000000e-01  7.3000000e-01
  8.8817842e-16  9.6000000e-01 -3.0000000e-01 -3.8000000e-01
 -9.6000000e-01  8.1000000e-01 -3.8000000e-01 -7.3000000e-01
  2.5000000e-01 -6.8000000e-01  5.0000000e-02 -2.3000000e-01
 -5.3000000e-01  9.0000000e-01  7.3000000e-01 -1.0000000e-02
  9.0000000e-02  5.4000000e-01  1.6000000e-01  8.2000000e-01
  8.7000000e-01  5.0000000e-02  9.1000000e-01 -6.4000000e-01
  3.0000000e-02  8.8817842e-16 -7.0000000e-01  4.0000000e-01
  3.8000000e-01 -9.5000000e-01 -9.0000000e-02 -6.6000000e-01
  7.7000000e-01  3.4000000e-01 -1.9000000e-01  8.1000000e-01
  7.8000000e-01 -1.8000000e-01 -1.9000000e-01  3.1000000e-01
 -2.0000000e-02 -1.9000000e-01 -1.3000000e-01  9.5000000e-01
 -9.3000000e-01 -4.5000000e-01 -6.6000000e-01 -7.4000000e-01
 -9.2000000e-01  3.9000000e-01 -9.2000000e-01 -5.3000000e-01
 -8.1000000e-01 -4.1000000e-01 -9.9000000e-01 -1.0000000e+00
  1.3870000e+00  6.8000000e-01 -4.5000000e-01  5.9000000e-01
 -1.8000000e-01  2.3000000e-01 -3.1000000e-01 -1.0000000e-01
 -5.8000000e-01  7.7000000e-01 -1.8000000e-01  9.0000000e-02
  4.6000000e-01  6.6000000e-01  9.8000000e-01  5.1000000e-01
  9.1000000e-01  8.3000000e-01  3.1000000e-01 -5.8000000e-01
  1.4000000e-01  8.2000000e-01 -5.0000000e-02  4.8000000e-01
 -4.2000000e-01  5.8000000e-01  2.4000000e-01  8.7000000e-01
  3.7000000e-01 -1.5000000e-01][-2.4000000e-01  3.2000000e-01  3.3000000e-01  7.3000000e-01
  8.8817842e-16  9.7000000e-01  9.7000000e-01 -7.4000000e-01
 -9.6000000e-01  3.8000000e-01 -3.8000000e-01 -9.4000000e-01
  4.7000000e-01 -2.1000000e-01  5.5000000e-01  7.8000000e-01
 -5.3000000e-01 -4.6000000e-01  7.1000000e-01  2.0000000e-01
  7.0000000e-01  1.3000000e-01  4.7900000e-01  3.1000000e-01
  9.8000000e-01  6.6000000e-01 -9.0000000e-02  8.9000000e-01
 -5.3000000e-01 -4.6000000e-01  7.0000000e-01  4.0000000e-01
  4.5000000e-01  3.1000000e-01  5.2000000e-01 -6.6000000e-01
  7.7000000e-01 -7.3000000e-01 -1.9000000e-01  2.3000000e-01
  8.7000000e-01 -1.8000000e-01 -4.4000000e-01 -5.4000000e-01
 -5.5000000e-01  4.7000000e-01 -2.9000000e-01  8.8000000e-01
 -9.3000000e-01 -1.7000000e-01 -5.4000000e-01 -1.9000000e-01
 -9.2000000e-01 -8.4000000e-01 -7.4000000e-01 -8.7000000e-01
  9.1000000e-01  3.0000000e-02 -5.9000000e-01 -7.8000000e-01
 -6.5000000e-01  3.0000000e-01  1.4000000e-01  6.9000000e-01
 -4.1000000e-01  2.3000000e-01  4.0000000e-02  8.3000000e-01
  7.4000000e-01  7.7000000e-01  1.3000000e-01  9.6000000e-01
  2.0000000e-02 -4.4000000e-01 -3.2000000e-01  5.1000000e-01
 -7.7000000e-01  8.3000000e-01  3.1000000e-01  3.7000000e-01
  2.3000000e-01 -3.8000000e-01  7.1000000e-01  4.8000000e-01
  1.0000000e-01  9.9000000e-01  8.4000000e-01  8.7000000e-01
  2.6000000e-01 -7.5000000e-01][-7.6000000e-01  4.1000000e-01  1.0000000e-02  7.3000000e-01
  8.8817842e-16  9.7000000e-01 -3.0000000e-01 -3.8000000e-01
 -2.3000000e-01 -6.0000000e-01 -3.8000000e-01  8.8000000e-01
  4.5000000e-01 -6.8000000e-01  5.8000000e-01  7.8000000e-01
 -5.3000000e-01  6.9000000e-01 -9.6000000e-01  2.0000000e-01
  7.0000000e-01  8.8817842e-16  1.6000000e-01  8.2000000e-01
  4.8000000e-01  5.0000000e-02  3.7000000e-01 -6.5000000e-01
  3.0000000e-02  9.9000000e-01 -9.1000000e-01  4.0000000e-01
  3.8000000e-01  3.1000000e-01 -3.4000000e-01 -6.4000000e-01
  7.7000000e-01  5.4000000e-01 -1.9000000e-01 -2.9000000e-01
  1.0000000e-01 -5.0000000e-02 -6.2000000e-01  3.1000000e-01
 -7.3000000e-01 -1.9000000e-01 -5.0000000e-01 -7.3000000e-01
 -9.3000000e-01 -1.0000000e-02 -6.6000000e-01  1.0000000e-02
  7.6000000e-01 -6.8000000e-01 -7.4000000e-01 -5.6000000e-01
 -7.7000000e-01  2.5000000e-01  8.4000000e-01 -8.8000000e-01
 -6.5000000e-01 -7.2000000e-01  2.4000000e-01  3.1000000e-01
 -4.5000000e-01  2.3000000e-01  4.0000000e-02  1.0000000e-02
 -1.7000000e-01  7.7000000e-01 -1.8000000e-01 -3.0000000e-01
  2.0000000e-02  7.9000000e-01 -3.2000000e-01  5.1000000e-01
  1.6000000e-01  6.1000000e-01 -1.3000000e-01 -7.0000000e-01
  4.7000000e-01  1.1410000e+00 -5.0000000e-02  4.8000000e-01
 -4.2000000e-01 -3.7000000e-01  8.4000000e-01  6.1000000e-01
 -1.0000000e-02  6.0000000e-02][ 2.7000000e-01  3.2000000e-01  8.6000000e-01  7.3000000e-01
  8.8817842e-16  9.6000000e-01 -6.4000000e-01 -3.8000000e-01
 -9.6000000e-01  8.1000000e-01 -3.8000000e-01 -7.3000000e-01
  2.5000000e-01  2.6000000e-01  5.0000000e-02  7.8000000e-01
 -1.0000000e+00  6.9000000e-01  7.3000000e-01 -1.0000000e-02
  7.0000000e-01  5.4000000e-01  1.6000000e-01  8.2000000e-01
  7.3000000e-01  5.0000000e-02 -9.0000000e-02 -6.4000000e-01
  4.5000000e-01  8.8817842e-16  7.1000000e-01  4.0000000e-01
  7.4000000e-01  3.1000000e-01  8.6000000e-01 -6.6000000e-01
 -8.7000000e-01  3.4000000e-01 -1.9000000e-01 -2.9000000e-01
  8.7000000e-01 -3.0000000e-01 -1.9000000e-01 -2.8000000e-01
 -2.0000000e-02  6.2000000e-01 -1.3000000e-01 -8.7000000e-01
  5.9000000e-01 -4.5000000e-01 -6.6000000e-01 -7.4000000e-01
 -6.0000000e-01  3.9000000e-01 -7.4000000e-01 -8.7000000e-01
  6.5000000e-01  7.0000000e-01  8.4000000e-01 -1.0000000e+00
  5.0000000e-01 -6.8000000e-01  7.2000000e-02  5.9000000e-01
 -1.8000000e-01  3.0000000e-01  4.0000000e-02 -1.0000000e-01
 -1.7000000e-01  7.7000000e-01  8.0000000e-02 -3.0000000e-01
  4.6000000e-01 -4.4000000e-01 -3.2000000e-01  5.1000000e-01
  9.1000000e-01  9.0000000e-01 -4.8000000e-01 -5.8000000e-01
  2.3000000e-01  8.2000000e-01 -5.0000000e-02  4.8000000e-01
 -4.2000000e-01  5.8000000e-01  2.4000000e-01  8.7000000e-01
  3.7000000e-01 -1.5000000e-01][-8.1000000e-01 -8.3000000e-01  8.6000000e-01 -2.2000000e-01
 -4.9000000e-01  9.6000000e-01 -6.4000000e-01  1.6000000e-01
  9.7000000e-01  8.1000000e-01 -5.6000000e-01  5.5000000e-01
 -3.8000000e-01 -2.2000000e-01  5.6000000e-01 -4.7000000e-01
 -5.1000000e-01  9.1000000e-01  7.3000000e-01 -1.0000000e-02
  9.8000000e-01 -8.9000000e-01 -1.1000000e-01  8.0000000e-02
  7.3000000e-01  4.4000000e-01  5.2000000e-01 -6.4000000e-01
 -8.5000000e-01  8.8817842e-16  7.3000000e-01 -4.7000000e-01
 -6.5000000e-01  1.2000000e-01 -8.8000000e-01  5.6000000e-01
 -5.9000000e-01  3.4000000e-01 -4.8000000e-01  8.1000000e-01
  7.8000000e-01 -3.0000000e-01 -1.9000000e-01  2.7000000e-01
 -2.0000000e-02  2.7000000e-01 -1.3000000e-01 -8.7000000e-01
  4.0000000e-01 -4.5000000e-01  2.0000000e-02 -5.3000000e-01
  2.4000000e-01  3.9000000e-01 -9.2000000e-01 -5.3000000e-01
  6.5000000e-01 -4.1000000e-01 -1.7000000e-01 -1.0000000e+00
  5.0000000e-01 -6.8000000e-01 -4.0000000e-01 -9.4000000e-01
 -8.0000000e-02  3.0000000e-01 -2.2000000e-01 -1.0000000e-01
  6.2000000e-01 -8.2000000e-01  5.2000000e-01  9.0000000e-02
  6.3000000e-02 -8.8000000e-01  9.8000000e-01 -5.8000000e-01
  8.6000000e-01  9.0000000e-01 -4.8000000e-01  5.0000000e-02
  1.4000000e-01  7.1000000e-01  6.9000000e-01  5.6000000e-01
  6.5000000e-01  9.5000000e-01  2.4000000e-01  4.3000000e-01
  3.7000000e-01 -1.5000000e-01][ 2.5000000e-01 -4.4000000e-01  8.6000000e-01 -8.1000000e-01
 -4.9000000e-01  9.6000000e-01 -6.4000000e-01  3.8000000e-01
  9.7000000e-01 -1.9000000e-01 -5.6000000e-01  7.3000000e-01
 -9.2000000e-01  2.6000000e-01  2.1000000e-01  4.9000000e-01
 -3.3000000e-01  9.0000000e-01  4.0000000e-01 -1.0000000e-02
 -2.0000000e-01 -5.3000000e-01 -1.0000000e-02  8.2000000e-01
  7.3000000e-01 -1.6000000e-01  7.9000000e-01  5.0000000e-02
  4.5000000e-01  8.8817842e-16 -4.7000000e-01 -9.1000000e-01
  7.4000000e-01 -1.0000000e+00  2.1700000e-01 -8.5000000e-01
 -3.3000000e-01  3.4000000e-01 -9.9000000e-01  8.1000000e-01
  8.4000000e-01 -3.0000000e-01 -1.9000000e-01 -7.6000000e-01
 -2.0000000e-02  6.5000000e-01 -1.3000000e-01  1.4000000e-01
  5.9000000e-01  7.0000000e-02  7.5000000e-01 -5.3000000e-01
 -6.0000000e-01  3.9000000e-01 -9.2000000e-01 -5.3000000e-01
 -8.3000000e-01  9.4000000e-01 -9.9000000e-01  4.9000000e-01
  5.0000000e-01 -6.8000000e-01 -9.7000000e-01 -9.4000000e-01
 -8.3000000e-01  3.0000000e-01  9.1000000e-01 -3.9000000e-01
 -5.8000000e-01  3.9000000e-01  8.0000000e-02  9.0000000e-02
  9.4000000e-01  6.6000000e-01  9.8000000e-01  9.7000000e-01
  4.3000000e-01  9.0000000e-01  1.0000000e-01 -7.6000000e-01
  1.4000000e-01 -1.7000000e-01 -9.1000000e-01 -6.4000000e-01
 -2.5000000e-01  5.8000000e-01  2.4000000e-01  4.3000000e-01
  3.7000000e-01 -1.5000000e-01][-8.9000000e-01 -8.3000000e-01  8.6000000e-01 -2.2000000e-01
 -4.9000000e-01  9.6000000e-01 -8.6000000e-01  3.3000000e-01
  7.7000000e-01  8.1000000e-01 -5.6000000e-01  7.3000000e-01
 -7.9000000e-01  2.6000000e-01  5.0000000e-02 -2.3000000e-01
  2.4000000e-01  6.5000000e-01  5.9000000e-01 -2.2000000e-01
  6.6000000e-01 -1.0000000e-02 -1.1000000e-01 -3.1000000e-01
 -4.6000000e-01 -1.6000000e-01  9.1000000e-01 -6.4000000e-01
 -7.0000000e-02  8.8817842e-16  1.9000000e-01 -8.9000000e-01
  7.4000000e-01 -9.5000000e-01 -9.0000000e-02 -8.5000000e-01
 -8.7000000e-01 -3.7000000e-01 -9.8000000e-01  8.1000000e-01
 -5.5000000e-01  8.0000000e-01 -1.9000000e-01 -2.8000000e-01
 -2.0000000e-02 -4.4700000e-01 -1.3000000e-01 -8.7000000e-01
  5.9000000e-01 -9.0000000e-02  8.4000000e-01 -5.3000000e-01
 -2.8000000e-01  3.9000000e-01 -9.2000000e-01 -6.0000000e-02
  6.5000000e-01 -4.1000000e-01 -6.9000000e-01 -1.0000000e+00
  5.0000000e-01 -6.8000000e-01 -4.0000000e-01 -9.4000000e-01
 -1.8000000e-01  3.0000000e-01  2.3000000e-01 -2.4000000e-01
  8.0000000e-01  3.9000000e-01  3.8000000e-01  9.0000000e-02
 -1.7000000e-01 -1.0000000e-02 -3.2000000e-01  6.0000000e-01
 -6.5000000e-01  6.2000000e-01 -4.8000000e-01 -5.8000000e-01
  7.1000000e-01 -8.5000000e-01 -9.1000000e-01 -8.3000000e-01
  6.1000000e-01  1.8000000e-01  2.4000000e-01  4.3000000e-01
  3.7000000e-01 -1.5000000e-01][ 2.7000000e-01  3.2000000e-01  5.3000000e-01 -2.2000000e-01
  8.8817842e-16  9.7000000e-01 -3.0000000e-01 -3.8000000e-01
 -9.6000000e-01  8.1000000e-01 -5.6000000e-01  7.3000000e-01
 -9.2000000e-01 -6.8000000e-01  5.0000000e-02 -2.3000000e-01
 -5.3000000e-01  9.0000000e-01  3.5000000e-01 -1.0000000e-02
  7.0000000e-01  8.8817842e-16 -1.1000000e-01  8.2000000e-01
  8.7000000e-01  5.0000000e-02  9.1000000e-01 -6.4000000e-01
  3.0000000e-02 -4.6000000e-01  7.1000000e-01  4.0000000e-01
  7.4000000e-01 -9.5000000e-01 -9.0000000e-02 -8.5000000e-01
  7.7000000e-01 -7.3000000e-01  8.8000000e-01 -2.9000000e-01
  8.7000000e-01 -3.0000000e-01  5.9000000e-01  3.1000000e-01
 -2.0000000e-02  6.2000000e-01 -1.3000000e-01 -8.7000000e-01
  5.9000000e-01  8.8000000e-01 -6.6000000e-01 -5.3000000e-01
 -9.2000000e-01  5.6000000e-01 -7.4000000e-01 -5.3000000e-01
 -8.1000000e-01  7.0000000e-01  8.4000000e-01 -8.8000000e-01
 -6.5000000e-01  6.8000000e-01 -4.5000000e-01 -9.4000000e-01
  4.7000000e-01  3.0000000e-01  4.0000000e-02  2.0000000e-01
 -5.8000000e-01  7.7000000e-01 -1.8000000e-01  9.0000000e-02
  2.0000000e-02 -4.4000000e-01  9.8000000e-01  5.1000000e-01
  9.1000000e-01  9.0000000e-01  3.1000000e-01 -7.0000000e-01
  2.3000000e-01  8.2000000e-01 -9.1000000e-01  4.8000000e-01
  6.1000000e-01  1.5280000e+00  8.4000000e-01  8.7000000e-01
  3.7000000e-01 -1.5000000e-01][-8.9000000e-01  3.2000000e-01  5.3000000e-01  7.3000000e-01
 -4.9000000e-01  9.6000000e-01 -6.4000000e-01  3.3000000e-01
 -9.6000000e-01  8.1000000e-01 -3.8000000e-01 -7.3000000e-01
 -9.2000000e-01 -6.8000000e-01  5.0000000e-02 -2.3000000e-01
 -1.0000000e+00  9.0000000e-01  3.5000000e-01  2.0000000e-01
  9.0000000e-02  8.8817842e-16 -1.1000000e-01  8.2000000e-01
  8.7000000e-01  5.0000000e-02 -9.0000000e-02 -6.4000000e-01
  4.5000000e-01  8.8817842e-16 -7.0000000e-01  5.7000000e-01
  3.8000000e-01 -9.5000000e-01 -9.0000000e-02 -6.6000000e-01
  7.7000000e-01 -7.3000000e-01 -1.9000000e-01  8.1000000e-01
  8.7000000e-01 -3.0000000e-01 -1.9000000e-01  3.1000000e-01
 -2.0000000e-02  6.2000000e-01 -2.9000000e-01  9.5000000e-01
 -9.3000000e-01 -4.5000000e-01 -6.6000000e-01 -5.3000000e-01
 -6.0000000e-01  5.6000000e-01 -7.4000000e-01 -5.3000000e-01
  6.5000000e-01 -4.1000000e-01 -9.9000000e-01 -1.0000000e+00
  5.0000000e-01 -6.8000000e-01 -4.5000000e-01 -9.4000000e-01
  4.7000000e-01  3.0000000e-01  4.0000000e-02  2.0000000e-01
 -5.8000000e-01  3.9000000e-01  8.0000000e-02 -3.0000000e-01
  4.6000000e-01  6.6000000e-01 -3.2000000e-01 -5.8000000e-01
 -6.5000000e-01  9.0000000e-01 -4.8000000e-01 -7.0000000e-01
  1.4000000e-01  1.8200000e-01 -5.0000000e-02 -8.3000000e-01
  6.1000000e-01  9.9000000e-01  8.4000000e-01  8.7000000e-01
  2.6000000e-01 -1.5000000e-01][ 2.5000000e-01  3.2000000e-01  5.3000000e-01 -8.1000000e-01
 -7.7000000e-01 -4.1000000e-01 -8.1000000e-01  3.8000000e-01
 -9.6000000e-01 -6.0000000e-01  3.7000000e-01 -3.7000000e-01
  4.1000000e-01  5.1000000e-01  2.1000000e-01  4.9000000e-01
 -5.3000000e-01 -7.6000000e-01  3.5000000e-01  2.0000000e-01
 -2.0000000e-01  8.8817842e-16 -1.0000000e-02  2.0000000e-02
  8.7000000e-01  5.0000000e-02 -9.0000000e-02  5.0000000e-02
  1.5700000e-01  1.0000000e-01  7.1000000e-01  4.0000000e-01
  6.5000000e-01 -1.0000000e+00 -9.0000000e-02 -6.6000000e-01
  7.7000000e-01 -7.7000000e-01 -1.9000000e-01 -2.9000000e-01
  8.7000000e-01 -1.8000000e-01 -6.6000000e-01 -7.6000000e-01
  3.0000000e-02  6.5000000e-01 -2.9000000e-01  9.5000000e-01
 -2.6000000e-01  7.0000000e-02 -6.6000000e-01 -7.4000000e-01
  4.7000000e-01  5.6000000e-01 -7.4000000e-01 -8.7000000e-01
 -8.3000000e-01  7.0000000e-01 -4.3000000e-01 -8.8000000e-01
 -6.5000000e-01  6.8000000e-01 -9.7000000e-01 -6.0000000e-01
  4.7000000e-01  2.3000000e-01  9.1000000e-01  2.0000000e-01
 -2.1000000e-01 -5.6000000e-01 -1.8000000e-01 -8.9000000e-01
  9.4000000e-01 -7.0000000e-01 -3.2000000e-01  5.1000000e-01
  4.3000000e-01  2.9000000e-01  3.1000000e-01 -7.6000000e-01
 -3.4000000e-01 -1.7000000e-01  7.7000000e-01 -6.4000000e-01
 -4.2000000e-01 -7.7000000e-01  1.2000000e-01 -9.6000000e-01
  2.6000000e-01 -7.5000000e-01][-2.4000000e-01 -3.8000000e-01  8.6000000e-01 -2.2000000e-01
  6.5000000e-01  8.3000000e-01 -6.4000000e-01  3.3000000e-01
  9.7000000e-01  8.1000000e-01 -3.6000000e-01  7.3000000e-01
 -9.2000000e-01 -2.1000000e-01 -9.8000000e-01 -2.3000000e-01
  8.1000000e-01  9.0000000e-01  7.3000000e-01 -9.5000000e-01
  9.0000000e-02  1.3000000e-01  7.0000000e-01  2.0000000e-01
  9.8000000e-01  6.6000000e-01  8.6000000e-01  8.9000000e-01
  4.5000000e-01  8.8817842e-16  7.0000000e-01  5.7000000e-01
  7.4000000e-01  4.2000000e-01  5.2000000e-01 -3.4000000e-01
  8.9000000e-01  3.4000000e-01 -8.0000000e-01  8.1000000e-01
  8.4200000e-01 -3.0000000e-01 -4.4000000e-01 -5.4000000e-01
 -2.0000000e-02  6.2000000e-01 -1.3000000e-01 -8.7000000e-01
  5.9000000e-01 -4.5000000e-01  5.3000000e-01 -1.9000000e-01
 -6.0000000e-01 -8.4000000e-01 -9.2000000e-01 -7.0000000e-01
  9.1000000e-01  3.0000000e-02 -9.9000000e-01 -7.8000000e-01
 -2.5000000e-01  3.0000000e-01  1.4000000e-01 -9.4000000e-01
 -1.8000000e-01 -5.8000000e-01 -9.1000000e-01 -1.0000000e-01
  7.4000000e-01  3.9000000e-01  8.0000000e-02  9.6000000e-01
 -4.4000000e-01  4.2000000e-01 -6.1000000e-01 -5.8000000e-01
 -7.7000000e-01  9.0000000e-01 -4.8000000e-01  3.7000000e-01
  1.4000000e-01 -9.8000000e-01 -9.1000000e-01 -8.3000000e-01
  6.1000000e-01  5.8000000e-01  2.4000000e-01  4.3000000e-01
 -8.1000000e-01 -1.5000000e-01][-8.1000000e-01 -3.8000000e-01 -1.8000000e-01 -2.0000000e-01
 -5.7000000e-01  8.3000000e-01  4.8000000e-01 -7.4000000e-01
  9.2000000e-01  3.8000000e-01 -3.6000000e-01 -9.4000000e-01
 -3.8000000e-01  1.6800000e-01  5.6000000e-01  5.5000000e-01
  8.1000000e-01  9.1000000e-01  7.1000000e-01 -9.5000000e-01
  9.8000000e-01  1.3000000e-01  2.0000000e-01  2.0000000e-01
  9.8000000e-01  6.6000000e-01  5.2000000e-01 -9.4000000e-01
 -5.3000000e-01  8.5000000e-01  7.3000000e-01  8.8817842e-16
  4.5000000e-01  1.2000000e-01 -8.8000000e-01 -3.4000000e-01
 -5.9000000e-01  5.3000000e-01 -4.8000000e-01  2.3000000e-01
 -5.0000000e-01 -1.4000000e-01 -4.4000000e-01 -5.4000000e-01
 -5.5000000e-01  2.7000000e-01  5.9000000e-01  4.6000000e-01
  4.0000000e-01  4.3000000e-01  2.0000000e-02 -6.7000000e-01
  2.4000000e-01 -8.4000000e-01  4.7000000e-01 -7.0000000e-01
  9.1000000e-01  3.0000000e-02 -5.9000000e-01 -7.8000000e-01
 -2.5000000e-01  3.8000000e-01  1.2000000e-01  6.9000000e-01
 -8.0000000e-02 -5.8000000e-01 -9.1000000e-01 -8.9000000e-01
  7.4000000e-01 -8.2000000e-01  1.3000000e-01 -8.6000000e-01
  4.6000000e-01 -8.8000000e-01 -1.0000000e-01 -5.7000000e-01
 -7.7000000e-01  8.1000000e-01  5.2000000e-01  3.7000000e-01
 -1.7000000e-01  7.1000000e-01  7.1000000e-01  5.6000000e-01
  1.0000000e-01  9.5000000e-01 -5.0000000e-02  4.5000000e-01
 -8.1000000e-01 -2.6000000e-01][-8.9000000e-01 -8.3000000e-01  5.3000000e-01  7.3000000e-01
 -4.9000000e-01  9.7000000e-01 -6.4000000e-01 -3.8000000e-01
  9.7000000e-01 -6.0000000e-01 -3.8000000e-01 -7.3000000e-01
 -9.2000000e-01  2.6000000e-01  5.0000000e-02 -2.3000000e-01
 -1.0000000e+00  9.0000000e-01  7.3000000e-01  2.0000000e-01
  9.0000000e-02  8.8817842e-16  1.6000000e-01  3.1000000e-01
  8.7000000e-01 -1.6000000e-01 -9.0000000e-02 -6.4000000e-01
  4.5000000e-01  8.8817842e-16  7.1000000e-01  4.0000000e-01
  3.8000000e-01  3.1000000e-01 -9.0000000e-02 -8.5000000e-01
  7.7000000e-01 -7.3000000e-01  8.8000000e-01 -2.9000000e-01
  8.7000000e-01 -3.0000000e-01  5.9000000e-01 -2.8000000e-01
 -6.0000000e-01 -1.9000000e-01 -1.3000000e-01  9.5000000e-01
 -9.3000000e-01  8.8000000e-01  5.3000000e-01 -7.4000000e-01
 -9.2000000e-01  5.6000000e-01 -7.4000000e-01 -5.3000000e-01
  6.5000000e-01 -4.1000000e-01  8.4000000e-01 -1.0000000e+00
  5.0000000e-01  6.8000000e-01 -4.5000000e-01 -9.4000000e-01
 -1.8000000e-01  2.3000000e-01 -3.1000000e-01  2.0000000e-01
 -1.7000000e-01  3.9000000e-01 -1.8000000e-01 -3.0000000e-01
  2.0000000e-02 -4.4000000e-01 -3.2000000e-01  5.1000000e-01
  9.1000000e-01  9.0000000e-01 -4.8000000e-01 -5.8000000e-01
  1.4000000e-01 -9.8000000e-01 -5.0000000e-02 -8.3000000e-01
  6.1000000e-01  3.3300000e-01  8.4000000e-01  4.3000000e-01
  2.6000000e-01 -1.5000000e-01][ 2.7000000e-01  3.2000000e-01  3.5000000e-01 -8.1000000e-01
  8.8817842e-16  9.7000000e-01 -3.0000000e-01  3.8000000e-01
 -9.6000000e-01 -1.9000000e-01  3.7000000e-01 -3.7000000e-01
  2.5000000e-01  5.1000000e-01  5.5000000e-01  7.8000000e-01
 -3.3000000e-01  6.9000000e-01  4.0000000e-01  2.0000000e-01
 -2.0000000e-01  8.8817842e-16  1.6000000e-01  3.1000000e-01
 -7.6000000e-01  5.0000000e-02  7.9000000e-01  5.0000000e-02
  3.0000000e-02  1.0000000e-01 -4.7000000e-01  4.0000000e-01
  3.8000000e-01 -1.0000000e+00  8.6000000e-01 -3.3000000e-01
  7.7000000e-01 -7.3000000e-01 -1.9000000e-01 -2.9000000e-01
  8.4000000e-01  5.8000000e-01 -6.6000000e-01 -7.6000000e-01
  3.0000000e-02 -1.9000000e-01 -2.9000000e-01  1.4000000e-01
 -2.6000000e-01  8.8000000e-01 -6.6000000e-01 -7.4000000e-01
  4.7000000e-01 -5.6000000e-01 -2.8000000e-01 -8.7000000e-01
 -8.3000000e-01  7.0000000e-01 -4.3000000e-01  4.9000000e-01
 -2.8000000e-01  5.0000000e-01 -9.7000000e-01  5.9000000e-01
  4.7000000e-01  2.3000000e-01  9.1000000e-01  2.0000000e-01
 -2.1000000e-01 -5.6000000e-01 -9.1000000e-01 -8.9000000e-01
  2.0000000e-02 -7.0000000e-01 -7.8000000e-01  5.1000000e-01
  5.3600000e-01  2.9000000e-01  3.1000000e-01 -7.0000000e-01
  2.3000000e-01  8.2000000e-01  7.7000000e-01  4.8000000e-01
 -2.5000000e-01  9.9000000e-01  1.2000000e-01 -9.6000000e-01
 -2.2000000e-01 -7.5000000e-01][ 0.2   -0.41   0.86   0.91  -0.87  -0.89   0.68   0.33   0.37   0.81
  0.3    0.73   0.15   0.26  -0.16  -0.78  -1.    -0.83   0.16   0.33
  0.91   0.54  -0.15   0.82   0.73  -0.16  -0.83  -0.77   0.45  -0.19
 -0.5   -0.61   0.38  -0.95   0.77   0.54   0.77  -0.11   0.88   0.81
  0.78  -0.36  -0.19   0.2   -0.53   0.62  -0.32  -0.87  -0.62  -0.45
 -0.59  -0.33  -0.6    0.39  -0.92  -0.53   0.92  -0.41  -0.99  -1.
 -0.72   0.38  -0.4   -0.94  -0.41  -0.11   0.88  -0.1   -0.82   0.39
  0.08   0.41   0.46  -0.64   0.98  -0.48  -0.02   0.9   -0.48   0.64
  0.74  -0.98  -0.38  -0.83   0.61  -0.63   0.24  -0.24   0.37  -1.102][-8.9000000e-01  3.2000000e-01  8.6000000e-01 -2.2000000e-01
  8.8817842e-16  9.7000000e-01 -3.0000000e-01 -3.8000000e-01
  9.7000000e-01 -6.0000000e-01 -3.8000000e-01  7.3000000e-01
  2.5000000e-01  2.6000000e-01  5.5000000e-01  3.6600000e-01
 -1.0000000e+00  6.9000000e-01  3.5000000e-01  2.0000000e-01
  7.0000000e-01  8.8817842e-16  1.6000000e-01  8.2000000e-01
  8.7000000e-01 -1.6000000e-01 -9.0000000e-02 -6.5000000e-01
  4.5000000e-01 -4.6000000e-01  7.1000000e-01  4.0000000e-01
  7.4000000e-01  3.1000000e-01  8.6000000e-01 -8.5000000e-01
 -8.7000000e-01 -7.3000000e-01  8.8000000e-01 -2.9000000e-01
  8.7000000e-01 -1.8000000e-01  5.9000000e-01 -2.8000000e-01
 -6.0000000e-01  6.2000000e-01 -2.9000000e-01 -8.7000000e-01
 -9.3000000e-01  8.8000000e-01 -6.6000000e-01 -5.3000000e-01
 -9.2000000e-01  5.6000000e-01 -7.4000000e-01 -8.7000000e-01
  6.5000000e-01 -4.1000000e-01 -9.9000000e-01 -8.8000000e-01
 -6.5000000e-01  6.8000000e-01 -4.0000000e-01 -9.4000000e-01
  4.7000000e-01  2.3000000e-01 -3.1000000e-01 -1.0000000e-01
 -5.8000000e-01  3.9000000e-01  8.0000000e-02  9.0000000e-02
  4.6000000e-01 -4.4000000e-01 -3.2000000e-01  5.1000000e-01
  9.1000000e-01  8.3000000e-01 -4.8000000e-01 -7.0000000e-01
  2.3000000e-01  8.2000000e-01 -9.1000000e-01 -8.3000000e-01
 -4.2000000e-01  9.9000000e-01  8.4000000e-01  4.3000000e-01
  3.7000000e-01 -1.5000000e-01][ 2.7000000e-01  3.2000000e-01 -1.8000000e-01  7.3000000e-01
  8.8817842e-16  9.7000000e-01  4.8000000e-01  1.6000000e-01
  9.2000000e-01  7.8000000e-01 -9.5000000e-01 -7.3000000e-01
 -3.8000000e-01 -6.8000000e-01  5.6000000e-01  7.8000000e-01
 -5.1000000e-01  6.9000000e-01 -7.2000000e-01  2.0000000e-01
  9.8000000e-01 -8.9000000e-01  2.0000000e-01  8.0000000e-02
 -2.4000000e-01  5.0000000e-02  5.2000000e-01 -9.4000000e-01
 -8.5000000e-01 -4.6000000e-01  7.3000000e-01 -4.7000000e-01
  3.8000000e-01  3.1000000e-01 -8.8000000e-01 -6.6000000e-01
 -5.9000000e-01  5.3000000e-01 -4.8000000e-01 -2.9000000e-01
  8.7000000e-01  2.3000000e-01  8.4000000e-01  3.1000000e-01
 -1.5000000e-01 -1.9000000e-01 -2.9000000e-01  9.5000000e-01
 -9.3000000e-01  4.3000000e-01  2.0000000e-02 -6.7000000e-01
 -9.2000000e-01  5.6000000e-01  8.1000000e-01 -8.7000000e-01
 -8.1000000e-01 -2.3000000e-01  8.4000000e-01 -8.8000000e-01
 -1.0000000e-01  6.8000000e-01 -4.5000000e-01  5.9000000e-01
 -2.8400000e-01 -1.7000000e-01 -2.2000000e-01 -8.9000000e-01
 -1.7000000e-01 -8.2000000e-01 -1.8000000e-01 -8.6000000e-01
  2.0000000e-02 -8.8000000e-01 -1.0000000e-01  5.2000000e-01
  8.6000000e-01  1.8000000e-01  3.1000000e-01  5.0000000e-02
  2.3000000e-01  8.2000000e-01 -5.0000000e-02  4.8000000e-01
 -4.2000000e-01  9.5000000e-01 -3.6000000e-01 -5.8000000e-01
  2.6000000e-01 -2.6000000e-01][ 0.2   -0.41   0.56  -0.2   -0.87   0.83   0.97  -0.74   0.37   0.64
  0.3    0.42   0.47  -0.21  -0.16   0.55   0.81  -0.83   0.16  -0.95
  0.91   0.88   0.7    0.2   -0.02  -0.77   0.86   0.89   0.72  -0.16
 -0.5   -0.61   0.38   0.42   0.52   0.54   0.89  -0.11  -0.8   -0.7
 -0.57  -0.14  -0.71  -0.506 -0.53   0.08   0.59  -0.98  -0.97  -0.32
 -0.54  -0.33  -1.    -0.84   0.47  -0.7    0.92  -0.31  -0.8   -0.78
 -0.25   0.3    0.14  -0.19  -0.41  -0.58  -0.91   0.83   0.74  -0.26
  0.13   0.96  -0.17  -0.64   0.89  -0.48  -0.02   0.81  -0.87   0.64
 -0.17   0.65  -0.38  -0.44  -0.21  -0.63  -0.05   0.45  -0.81  -0.66 ][-8.9000000e-01 -4.1000000e-01  8.6000000e-01 -2.2000000e-01
 -8.7000000e-01 -8.9000000e-01  6.8000000e-01  3.3000000e-01
  9.7000000e-01  6.4000000e-01 -5.6000000e-01  7.3000000e-01
  1.5000000e-01  2.6000000e-01 -1.6000000e-01 -2.3000000e-01
 -1.0000000e+00 -8.3000000e-01  7.3000000e-01 -1.0000000e-02
  9.0000000e-02  5.4000000e-01 -1.1000000e-01 -5.9000000e-01
  7.3000000e-01 -1.6000000e-01  9.1000000e-01 -6.4000000e-01
  7.2000000e-01  8.8817842e-16 -7.0000000e-01 -6.1000000e-01
  3.8000000e-01 -9.5000000e-01  7.7000000e-01  5.4000000e-01
  7.7000000e-01 -1.1000000e-01  8.8000000e-01  8.1000000e-01
 -5.7000000e-01 -3.0000000e-01 -1.9000000e-01  2.0000000e-01
 -5.3000000e-01  6.2000000e-01 -3.2000000e-01 -9.8000000e-01
 -6.2000000e-01 -4.5000000e-01 -5.9000000e-01 -5.3000000e-01
  7.7000000e-01  3.9000000e-01  3.8000000e-01  2.8000000e-01
  9.2000000e-01 -4.1000000e-01 -8.0000000e-01 -7.5000000e-01
 -7.2000000e-01  3.8000000e-01 -4.0000000e-01 -9.4000000e-01
 -4.1000000e-01  3.0000000e-01 -3.1000000e-01 -1.0000000e-01
 -5.8000000e-01  3.9000000e-01  8.0000000e-02  9.0000000e-02
  4.6000000e-01  6.6000000e-01  9.8000000e-01 -5.8000000e-01
 -2.0000000e-02  9.0000000e-01 -4.8000000e-01  6.4000000e-01
  7.4000000e-01 -1.1910000e+00 -3.8000000e-01 -4.4000000e-01
 -2.1000000e-01 -6.3000000e-01  8.1000000e-01 -2.4000000e-01
  3.7000000e-01 -3.2000000e-01][ 2.5000000e-01 -8.3000000e-01  8.6000000e-01 -2.2000000e-01
 -4.9000000e-01 -4.1000000e-01 -8.1000000e-01  3.3000000e-01
 -8.8000000e-01  8.1000000e-01 -5.6000000e-01  7.3000000e-01
  4.1000000e-01  5.1000000e-01  5.0000000e-02  4.9000000e-01
 -3.3000000e-01 -7.6000000e-01  7.3000000e-01  1.1680000e+00
  9.0000000e-02 -5.3000000e-01 -1.1000000e-01  8.2000000e-01
 -7.6000000e-01 -1.6000000e-01  9.1000000e-01  5.0000000e-02
  4.5000000e-01  8.8817842e-16 -7.0000000e-01  5.7000000e-01
  7.4000000e-01 -9.5000000e-01 -9.0000000e-02 -8.5000000e-01
 -8.7000000e-01  3.4000000e-01 -9.9000000e-01 -6.1000000e-01
  8.4000000e-01 -3.0000000e-01 -6.6000000e-01 -7.6000000e-01
  3.0000000e-02  6.5000000e-01 -1.3000000e-01 -8.7000000e-01
  5.9000000e-01 -4.5000000e-01  5.3000000e-01 -5.3000000e-01
 -6.0000000e-01  3.9000000e-01 -9.2000000e-01  9.6000000e-01
 -8.3000000e-01 -4.1000000e-01 -9.9000000e-01 -1.0000000e+00
  5.0000000e-01 -6.8000000e-01 -9.7000000e-01 -9.4000000e-01
 -8.3000000e-01  3.0000000e-01  9.1000000e-01 -1.0000000e-01
 -5.8000000e-01  3.9000000e-01 -9.1000000e-01 -8.9000000e-01
  4.6000000e-01 -7.0000000e-01  9.8000000e-01 -5.8000000e-01
  4.3000000e-01  2.9000000e-01 -4.8000000e-01 -5.8000000e-01
 -3.4000000e-01 -9.8000000e-01  7.7000000e-01 -6.4000000e-01
 -2.5000000e-01 -7.7000000e-01  1.2000000e-01 -9.6000000e-01
  3.7000000e-01  6.4000000e-01][-8.9000000e-01  3.2000000e-01  8.6000000e-01  7.3000000e-01
 -4.9000000e-01  9.6000000e-01 -6.4000000e-01 -3.8000000e-01
 -9.6000000e-01  8.1000000e-01 -3.8000000e-01  7.3000000e-01
 -9.2000000e-01 -6.8000000e-01  5.5000000e-01  7.8000000e-01
 -1.0000000e+00  6.9000000e-01  3.5000000e-01 -1.0000000e-02
  7.0000000e-01  8.8817842e-16 -1.1000000e-01  8.2000000e-01
  8.7000000e-01  5.0000000e-02  9.1000000e-01 -6.5000000e-01
  4.5000000e-01 -4.6000000e-01  7.1000000e-01  5.7000000e-01
  7.4000000e-01  3.1000000e-01  8.6000000e-01 -6.6000000e-01
  7.7000000e-01 -7.3000000e-01 -1.9000000e-01 -2.9000000e-01
  8.7000000e-01 -1.8000000e-01 -1.9000000e-01 -2.8000000e-01
 -6.0000000e-01  6.2000000e-01 -2.9000000e-01  9.5000000e-01
 -9.3000000e-01  8.8000000e-01  5.3000000e-01 -7.4000000e-01
 -6.0000000e-01  3.9000000e-01 -9.2000000e-01 -5.3000000e-01
  6.5000000e-01  7.0000000e-01 -9.9000000e-01 -8.8000000e-01
  5.0000000e-01 -6.8000000e-01 -4.0000000e-01  5.9000000e-01
 -1.8000000e-01  2.3000000e-01  4.0000000e-02 -1.0000000e-01
 -1.7000000e-01  3.9000000e-01  8.0000000e-02 -3.0000000e-01
  4.6000000e-01  6.6000000e-01  1.1550000e+00  5.1000000e-01
 -6.5000000e-01  9.0000000e-01 -4.8000000e-01 -5.8000000e-01
  2.3000000e-01 -9.8000000e-01 -5.0000000e-02 -8.3000000e-01
  6.1000000e-01  9.9000000e-01  8.4000000e-01  8.7000000e-01
  3.7000000e-01 -1.5000000e-01][-8.9000000e-01 -8.3000000e-01  8.6000000e-01 -4.4000000e-01
 -5.7000000e-01  4.4000000e-01 -6.4000000e-01  1.6000000e-01
  9.7000000e-01  8.1000000e-01 -5.6000000e-01  5.5000000e-01
 -3.8000000e-01  2.6000000e-01  5.6000000e-01 -2.3000000e-01
 -1.0000000e+00  9.1000000e-01  7.3000000e-01 -8.6000000e-01
  9.0000000e-02  5.4000000e-01 -1.1000000e-01  8.2000000e-01
  7.3000000e-01  4.4000000e-01  9.1000000e-01 -9.4000000e-01
  4.5000000e-01  8.8817842e-16  7.3000000e-01 -4.7000000e-01
 -6.5000000e-01  1.2000000e-01 -8.8000000e-01  5.6000000e-01
 -5.9000000e-01  5.3000000e-01 -4.8000000e-01 -8.4000000e-01
  7.8000000e-01  2.3000000e-01 -1.9000000e-01  2.7000000e-01
 -2.0000000e-02  6.2000000e-01 -1.3000000e-01 -8.7000000e-01
  4.0000000e-01 -4.5000000e-01  2.0000000e-02 -5.3000000e-01
  2.4000000e-01  3.9000000e-01  8.1000000e-01  6.0000000e-01
  4.2000000e-01 -4.1000000e-01 -9.9000000e-01 -1.0000000e+00
 -1.0000000e-01 -6.8000000e-01 -4.0000000e-01 -9.4000000e-01
 -8.0000000e-02  3.0000000e-01 -2.2000000e-01 -1.0000000e-01
 -5.8000000e-01 -8.2000000e-01  8.0000000e-02  9.0000000e-02
  4.6000000e-01  4.4200000e-01 -1.0000000e-01 -5.8000000e-01
  8.6000000e-01  9.0000000e-01 -4.8000000e-01  5.0000000e-02
  1.4000000e-01  7.1000000e-01 -9.1000000e-01 -8.3000000e-01
  6.1000000e-01  9.5000000e-01  2.4000000e-01  4.3000000e-01
  3.7000000e-01 -2.6000000e-01][ 2.7000000e-01  3.2000000e-01  5.3000000e-01  7.3000000e-01
  8.8817842e-16  9.7000000e-01 -3.0000000e-01 -3.8000000e-01
 -9.6000000e-01 -1.9000000e-01  3.7000000e-01 -7.3000000e-01
  2.5000000e-01  5.1000000e-01  5.5000000e-01  4.9000000e-01
 -5.3000000e-01  6.9000000e-01  4.0000000e-01  3.1000000e-01
 -2.0000000e-01  8.8817842e-16  1.6000000e-01  3.1000000e-01
  8.7000000e-01  9.8000000e-01  7.9000000e-01 -6.5000000e-01
 -3.9000000e-01 -4.6000000e-01  7.1000000e-01 -9.1000000e-01
  6.5000000e-01 -1.0000000e+00 -9.0000000e-02 -6.6000000e-01
  7.7000000e-01 -7.3000000e-01 -9.9000000e-01 -2.9000000e-01
  8.7000000e-01 -1.8000000e-01 -6.6000000e-01 -7.6000000e-01
 -6.0000000e-01  6.5000000e-01 -4.0000000e-02  1.4000000e-01
 -9.3000000e-01  8.8000000e-01  7.5000000e-01 -7.4000000e-01
  4.7000000e-01  5.6000000e-01 -7.4000000e-01  9.6000000e-01
 -8.1000000e-01  9.4000000e-01 -4.3000000e-01  4.9000000e-01
 -6.5000000e-01  6.8000000e-01 -9.7000000e-01  5.9000000e-01
 -8.3000000e-01 -9.1000000e-01  4.0000000e-02  2.0000000e-01
 -2.1000000e-01 -5.6000000e-01 -9.1000000e-01 -3.0000000e-01
  2.0000000e-02 -4.4000000e-01 -1.0680000e+00  9.7000000e-01
  4.3000000e-01  2.9000000e-01  1.0000000e-01 -7.0000000e-01
 -3.4000000e-01 -1.7000000e-01  7.7000000e-01 -6.4000000e-01
 -4.2000000e-01  9.9000000e-01  8.4000000e-01  8.7000000e-01
 -2.2000000e-01  6.4000000e-01][-0.89  -0.54   0.86  -0.22  -0.496  0.96  -0.64   0.33   0.97   0.81
 -0.02   0.73   0.14   0.26   0.66  -0.23  -0.37   0.9   -0.94  -0.01
  0.09  -0.15  -0.11   0.82   0.73  -0.16   0.34  -0.64   0.45  -0.7
 -0.74   0.31   0.41  -0.95   0.61  -0.85  -0.87   0.34  -0.43   0.81
  0.78   0.6   -0.88  -0.28   0.08   0.62  -0.13  -0.87   0.59   0.88
  0.53  -0.53  -0.6    0.39  -0.92  -0.53   0.65  -0.41  -0.47  -0.33
  0.5    0.34  -0.4   -0.94  -0.23   0.3   -0.31  -0.1   -0.58   0.86
  0.08   0.09   0.46   0.32   0.98  -0.58  -0.65  -0.16  -0.64  -0.58
  0.14  -0.82   0.24  -0.83   0.61   0.61  -0.13   0.43   0.44   0.47 ][ 2.7000000e-01  3.2000000e-01  5.3000000e-01  9.1000000e-01
  8.8817842e-16 -8.9000000e-01  6.8000000e-01 -9.6000000e-01
  3.7000000e-01  6.4000000e-01 -3.8000000e-01 -7.3000000e-01
  1.5000000e-01 -5.1000000e-01  5.5000000e-01 -7.8000000e-01
 -8.4000000e-01  6.9000000e-01  1.6000000e-01  3.3000000e-01
  7.0000000e-01  8.8817842e-16  1.6000000e-01  3.1000000e-01
 -2.0000000e-02  5.0000000e-02 -9.0000000e-02 -7.7000000e-01
  7.2000000e-01 -1.9000000e-01  7.1000000e-01  4.0000000e-01
  3.8000000e-01  3.1000000e-01  7.7000000e-01 -6.6000000e-01
  7.7000000e-01 -7.3000000e-01 -1.2000000e-01 -7.0000000e-01
  8.7000000e-01 -3.6000000e-01  5.9000000e-01  2.0000000e-01
 -5.3000000e-01 -1.9000000e-01 -3.2000000e-01  9.5000000e-01
 -6.2000000e-01  8.8000000e-01 -5.9000000e-01 -3.3000000e-01
 -9.2000000e-01  5.6000000e-01 -7.4000000e-01  2.8000000e-01
  9.2000000e-01  7.0000000e-01 -8.0000000e-01 -8.8000000e-01
 -6.5000000e-01  3.8000000e-01 -4.5000000e-01  5.9000000e-01
  4.7000000e-01 -1.1000000e-01 -6.3000000e-02  2.0000000e-01
 -1.7000000e-01  7.7000000e-01 -1.8000000e-01 -3.0000000e-01
 -1.7000000e-01 -6.4000000e-01  8.9000000e-01 -4.8000000e-01
 -2.0000000e-02 -5.1000000e-01  3.1000000e-01 -7.0000000e-01
  2.3000000e-01  6.5000000e-01 -5.0000000e-02  4.8000000e-01
 -2.1000000e-01 -6.3000000e-01  8.4000000e-01 -2.4000000e-01
  2.6000000e-01 -7.5000000e-01][ 2.7000000e-01 -8.3000000e-01  5.3000000e-01  7.3000000e-01
 -4.9000000e-01  9.6000000e-01 -3.0000000e-01  3.3000000e-01
  9.7000000e-01 -6.0000000e-01 -3.8000000e-01 -7.3000000e-01
  2.5000000e-01 -6.8000000e-01  5.0000000e-02 -2.3000000e-01
 -1.0000000e+00  9.0000000e-01  7.3000000e-01  2.0000000e-01
  7.0000000e-01  8.8817842e-16  1.6000000e-01  8.2000000e-01
  8.7000000e-01  5.0000000e-02 -9.0000000e-02 -6.4000000e-01
  4.5000000e-01  8.8817842e-16  7.1000000e-01  4.0000000e-01
  3.8000000e-01 -9.5000000e-01  8.6000000e-01 -6.6000000e-01
  7.7000000e-01  3.4000000e-01 -1.9000000e-01  8.1000000e-01
  8.7000000e-01 -1.8000000e-01 -1.9000000e-01  3.1000000e-01
 -2.0000000e-02  6.2000000e-01 -2.9000000e-01  9.5000000e-01
  5.9000000e-01  8.8000000e-01 -6.6000000e-01 -7.4000000e-01
 -9.2000000e-01  5.6000000e-01 -7.4000000e-01 -8.7000000e-01
 -8.1000000e-01 -4.1000000e-01  8.4000000e-01 -8.8000000e-01
  5.0000000e-01 -6.8000000e-01 -4.0000000e-01 -9.4000000e-01
  4.7000000e-01  3.0000000e-01  4.0000000e-02  2.0000000e-01
 -5.8000000e-01  7.7000000e-01  8.0000000e-02 -3.0000000e-01
  4.6000000e-01 -4.4000000e-01  9.8000000e-01 -5.8000000e-01
  5.9200000e-01  8.3000000e-01 -4.8000000e-01 -5.8000000e-01
  2.3000000e-01 -9.8000000e-01 -9.1000000e-01 -8.3000000e-01
  6.1000000e-01  5.8000000e-01  8.4000000e-01  8.7000000e-01
  3.7000000e-01 -7.5000000e-01][ 2.7000000e-01  3.2000000e-01  8.6000000e-01  7.3000000e-01
  8.8817842e-16  9.7000000e-01 -6.4000000e-01 -3.8000000e-01
 -9.6000000e-01  8.1000000e-01 -5.6000000e-01 -7.3000000e-01
  2.5000000e-01 -6.8000000e-01  5.0000000e-02  7.8000000e-01
 -5.3000000e-01  9.0000000e-01  3.5000000e-01  2.0000000e-01
  7.0000000e-01  8.8817842e-16  1.6000000e-01  3.1000000e-01
  7.3000000e-01 -1.6000000e-01  9.1000000e-01 -6.5000000e-01
  3.0000000e-02 -4.6000000e-01 -7.0000000e-01  1.2860000e+00
  7.4000000e-01  3.1000000e-01  8.6000000e-01 -8.5000000e-01
 -8.7000000e-01  3.4000000e-01 -1.9000000e-01  8.1000000e-01
  8.7000000e-01 -1.8000000e-01  5.9000000e-01 -2.8000000e-01
 -6.0000000e-01 -1.9000000e-01 -1.3000000e-01  9.5000000e-01
  5.9000000e-01 -4.5000000e-01  5.3000000e-01 -5.3000000e-01
 -6.0000000e-01  5.6000000e-01 -7.4000000e-01 -8.7000000e-01
  6.5000000e-01 -4.1000000e-01  8.4000000e-01 -8.8000000e-01
  5.0000000e-01 -6.8000000e-01 -4.5000000e-01  5.9000000e-01
  4.7000000e-01  3.0000000e-01  4.0000000e-02 -1.0000000e-01
 -5.8000000e-01  7.7000000e-01  8.0000000e-02 -3.0000000e-01
  4.6000000e-01  6.6000000e-01  9.8000000e-01 -5.8000000e-01
  9.1000000e-01  9.0000000e-01  3.1000000e-01 -5.8000000e-01
  2.3000000e-01  8.2000000e-01 -5.0000000e-02 -8.3000000e-01
 -4.2000000e-01  5.8000000e-01  8.4000000e-01  4.3000000e-01
  3.7000000e-01 -1.5000000e-01][-8.1000000e-01  3.2000000e-01  5.3000000e-01  7.3000000e-01
 -5.7000000e-01  9.7000000e-01  4.8000000e-01 -3.8000000e-01
 -9.6000000e-01  7.8000000e-01 -4.0000000e-02  5.5000000e-01
  2.5000000e-01 -6.8000000e-01  5.5000000e-01  7.8000000e-01
 -5.3000000e-01  6.9000000e-01  3.5000000e-01 -8.6000000e-01
  7.0000000e-01  8.8817842e-16  1.6000000e-01  3.1000000e-01
  8.7000000e-01  4.4000000e-01 -9.0000000e-02 -6.5000000e-01
  3.0000000e-02 -4.6000000e-01  7.3000000e-01  4.0000000e-01
 -6.5000000e-01  1.2000000e-01  8.6000000e-01  5.6000000e-01
  7.7000000e-01 -7.3000000e-01 -4.8000000e-01 -2.9000000e-01
 -1.6000000e-01  2.3000000e-01  5.9000000e-01  3.1000000e-01
 -6.0000000e-01  2.7000000e-01 -8.3000000e-01  4.6000000e-01
 -9.3000000e-01  4.3000000e-01 -6.6000000e-01 -7.4000000e-01
  2.4000000e-01  5.6000000e-01 -7.4000000e-01  6.0000000e-01
  4.2000000e-01  7.0000000e-01 -1.7000000e-01 -6.0000000e-02
 -6.5000000e-01  6.8000000e-01  1.2000000e-01  5.9000000e-01
 -8.0000000e-02 -1.7000000e-01  4.0000000e-02  2.0000000e-01
  6.2000000e-01  7.7000000e-01 -1.8000000e-01 -3.0000000e-01
  4.6000000e-01 -4.4000000e-01 -3.2000000e-01  5.1000000e-01
  8.6000000e-01  1.8000000e-01  5.2000000e-01 -7.0000000e-01
  2.3000000e-01  7.1000000e-01 -5.0000000e-02  4.8000000e-01
  6.5000000e-01  9.5000000e-01 -3.6000000e-01  8.7000000e-01
  2.6000000e-01 -7.5000000e-01][ 2.7000000e-01  3.2000000e-01 -8.0000000e-02  1.2000000e-01
  1.9000000e-01 -3.8000000e-01 -3.0000000e-01 -3.8000000e-01
 -8.3000000e-01 -6.0000000e-01 -2.2000000e-01 -7.3000000e-01
  4.0000000e-02  6.0000000e-02  5.5000000e-01 -9.3000000e-01
  3.6000000e-01  1.0000000e-02  5.1000000e-01  2.0000000e-01
  7.0000000e-01  8.8817842e-16  1.6000000e-01  3.1000000e-01
  9.0000000e-01  5.0000000e-02 -9.0000000e-02 -6.5000000e-01
 -6.8000000e-01 -4.6000000e-01  7.1000000e-01  4.0000000e-01
 -5.6000000e-01  3.1000000e-01 -3.2000000e-01 -8.8000000e-01
 -6.4000000e-01 -7.3000000e-01  8.7000000e-01 -2.9000000e-01
  8.7000000e-01 -1.8000000e-01 -7.6000000e-01  3.1000000e-01
 -6.0000000e-01 -1.9000000e-01 -8.3000000e-01  4.5000000e-01
 -9.2000000e-01  8.8000000e-01 -6.6000000e-01  4.4000000e-01
 -9.2000000e-01 -8.8000000e-01 -7.4000000e-01  4.9000000e-01
 -8.1000000e-01  7.0000000e-01  5.0000000e-02 -8.8000000e-01
 -5.5000000e-01 -1.0000000e-02 -1.0200000e-01 -6.4000000e-01
  4.7000000e-01 -7.9000000e-01  4.0000000e-02  2.0000000e-01
 -6.2000000e-01  7.7000000e-01 -2.4000000e-01 -8.7000000e-01
 -3.9000000e-01  3.5000000e-01 -4.7000000e-01  5.1000000e-01
 -2.5000000e-01  1.3000000e-01  3.1000000e-01 -9.7000000e-01
  2.3000000e-01  8.2000000e-01 -5.0000000e-02  4.8000000e-01
 -4.2000000e-01  4.2000000e-01 -6.7000000e-01  8.8817842e-16
  2.6000000e-01  3.7000000e-01][-8.9000000e-01 -3.8000000e-01  8.6000000e-01 -2.2000000e-01
  6.5000000e-01  9.6000000e-01 -6.4000000e-01 -7.4000000e-01
  9.7000000e-01  8.1000000e-01 -5.6000000e-01 -9.4000000e-01
 -9.2000000e-01  2.6000000e-01 -9.8000000e-01 -2.3000000e-01
 -1.0000000e+00 -4.6000000e-01  7.3000000e-01 -9.5000000e-01
  9.0000000e-02  1.3000000e-01  7.0000000e-01  8.2000000e-01
  7.3000000e-01  6.6000000e-01  9.1000000e-01  8.9000000e-01
 -5.3000000e-01  8.8817842e-16  7.0000000e-01  5.7000000e-01
  7.4000000e-01 -9.5000000e-01  5.2000000e-01 -8.5000000e-01
  8.9000000e-01  6.7000000e-01  8.8000000e-01  2.3000000e-01
 -5.0000000e-01 -1.4000000e-01 -1.9000000e-01 -2.8000000e-01
 -5.5000000e-01  4.7000000e-01 -1.3000000e-01  8.8000000e-01
  5.9000000e-01 -4.5000000e-01 -5.4000000e-01 -1.9000000e-01
 -1.0000000e+00 -8.4000000e-01  4.7000000e-01 -5.3000000e-01
  9.1000000e-01  3.0000000e-02 -9.9000000e-01 -7.8000000e-01
  5.0000000e-01  3.0000000e-01  1.4000000e-01  6.9000000e-01
 -1.8000000e-01  3.0000000e-01 -9.1000000e-01 -1.0000000e-01
 -5.8000000e-01 -2.6000000e-01  1.3000000e-01  8.0900000e-01
  4.6000000e-01  6.6000000e-01  9.8000000e-01 -5.7000000e-01
 -7.7000000e-01  8.1000000e-01 -8.7000000e-01 -5.8000000e-01
 -1.7000000e-01 -9.8000000e-01 -9.1000000e-01 -8.2000000e-01
  1.0000000e-01  5.8000000e-01  2.4000000e-01  4.3000000e-01
 -8.1000000e-01 -6.6000000e-01][ 5.2000000e-01 -5.4000000e-01  8.6000000e-01  2.1000000e-01
 -3.1000000e-01  9.6000000e-01  6.0000000e-02  3.3000000e-01
  8.8817842e-16  8.1000000e-01 -5.6000000e-01  7.3000000e-01
 -9.2000000e-01  2.6000000e-01  6.6000000e-01  6.3000000e-01
 -1.0000000e+00  9.0000000e-01  7.3000000e-01 -1.0000000e-02
  9.0000000e-02  5.4000000e-01  5.2000000e-01  3.0000000e-01
  7.3000000e-01 -1.6000000e-01  3.4000000e-01  6.4000000e-01
  3.8000000e-01 -7.0000000e-01 -7.4000000e-01  5.7000000e-01
  7.4000000e-01  1.0000000e-01  6.1000000e-01 -8.5000000e-01
 -4.0000000e-02 -1.1000000e-01 -4.3000000e-01  5.4000000e-01
  7.8000000e-01  6.0000000e-01 -1.9000000e-01  5.9000000e-01
  8.0000000e-02 -9.4000000e-01 -4.6000000e-01 -8.7000000e-01
  3.5000000e-01 -4.5000000e-01  3.5000000e-01 -1.0830000e+00
 -6.0000000e-01 -6.0000000e-02  6.1000000e-01 -5.3000000e-01
  6.5000000e-01 -4.1000000e-01 -9.9000000e-01 -3.3000000e-01
  5.0000000e-01 -6.8000000e-01 -4.0000000e-01 -9.4000000e-01
 -2.3000000e-01  3.0000000e-01 -5.2000000e-01 -3.7000000e-01
 -1.2000000e-01  3.9000000e-01  4.0000000e-01  9.0000000e-02
 -9.0000000e-01  6.6000000e-01 -7.1000000e-01 -5.8000000e-01
 -3.8000000e-01 -1.6000000e-01 -4.8000000e-01 -5.8000000e-01
  4.6000000e-01 -8.2000000e-01 -9.1000000e-01  5.8000000e-01
  3.0000000e-01  6.1000000e-01  2.4000000e-01 -2.2000000e-01
  3.7000000e-01 -1.5000000e-01][ 2.7000000e-01  3.2000000e-01  8.0000000e-01  5.5000000e-01
  8.8817842e-16  2.7000000e-01 -7.7000000e-01  6.8000000e-01
  4.1000000e-01 -6.0000000e-01 -3.8000000e-01 -7.3000000e-01
  2.5000000e-01 -6.8000000e-01  5.5000000e-01  7.8000000e-01
 -3.4000000e-01  8.2700000e-01  3.5000000e-01  2.0000000e-01
  7.0000000e-01  8.8817842e-16  1.6000000e-01  2.0000000e-01
  4.0000000e-02 -7.2000000e-01  2.9000000e-01 -6.5000000e-01
  5.8000000e-01 -4.6000000e-01  7.1000000e-01  4.0000000e-01
  9.5000000e-01 -6.2000000e-01 -7.3000000e-01 -2.8000000e-01
  7.7000000e-01 -7.3000000e-01  8.4000000e-01 -2.9000000e-01
  8.7000000e-01 -1.8000000e-01  3.6000000e-01  3.1000000e-01
 -4.8000000e-01 -1.9000000e-01 -2.9000000e-01  9.5000000e-01
  5.0000000e-02  8.8000000e-01  2.4000000e-01  2.2000000e-01
 -9.0000000e-02  5.6000000e-01  5.2000000e-01 -8.7000000e-01
 -8.1000000e-01  3.1000000e-01  7.5000000e-01 -8.8000000e-01
 -6.4000000e-01  2.6000000e-01 -5.8000000e-01  5.9000000e-01
 -3.5000000e-01 -8.9000000e-01 -2.0000000e-01  2.0000000e-01
 -1.7000000e-01 -9.0000000e-01 -1.8000000e-01 -3.0000000e-01
  2.0000000e-02 -4.4000000e-01 -3.2000000e-01  5.1000000e-01
 -1.3000000e-01 -1.9000000e-01  3.1000000e-01  3.0000000e-01
 -6.1000000e-01  7.8000000e-01 -5.0000000e-02 -3.6000000e-01
 -4.2000000e-01  9.9000000e-01  5.2000000e-01  8.7000000e-01
  2.6000000e-01 -7.5000000e-01][ 0.27   0.32  -0.18   0.73  -0.57   0.44   0.48  -0.38  -0.96   0.78
 -0.95  -0.73   0.25  -0.22   0.56  -0.47  -0.53   0.91  -0.72   0.2
  0.7   -0.89   0.16   0.31  -0.24   0.44   0.52  -0.94   0.03  -0.46
  0.73  -0.47  -0.65   0.12  -0.88  -0.66   0.77  -0.73  -0.48  -0.84
  0.87   0.23   0.84   0.27  -0.6   -0.19  -0.83   0.95   0.4    0.88
 -0.66  -0.67   0.24   0.56  -0.74  -0.87   0.42  -0.23   0.84  -0.06
 -0.65   0.38  -0.45   1.047  0.47   0.23   0.04  -0.89   0.62   0.77
  0.52  -0.3    0.46  -0.88  -0.1    0.52   0.86   0.18   0.52   0.05
 -0.14   0.82  -0.05   0.56   0.65   0.99   0.84   0.87   0.58  -0.26 ][-0.89  -0.83  -0.18  -0.22  -0.57   0.96   0.48   0.33   0.97   0.78
 -0.56   0.73  -0.38   0.26   0.56  -0.47  -1.     0.91   0.73  -0.01
  0.98   0.54  -0.342  0.82   0.73  -0.16   0.52  -0.64   0.45   0.85
  0.73  -0.47   0.74  -0.95  -0.09   0.56  -0.87   0.53  -0.48  -0.84
 -0.16   0.23   0.84  -0.28  -0.02   0.27  -0.83  -0.87   0.4   -0.45
  0.53  -0.67  -0.6    0.39   0.81   0.6    0.42  -0.23  -0.17  -0.06
 -0.1    0.38  -0.4   -0.71  -0.08  -0.17  -0.22  -0.89  -0.58  -0.82
  0.08   0.09   0.46   0.66  -0.1   -0.58  -0.65   0.9   -0.48   0.05
 -0.14   0.71   0.69  -0.83   0.65   0.58   0.24  -0.58   0.58  -0.26 ][-2.4000000e-01 -3.8000000e-01  3.3000000e-01 -2.0000000e-01
 -4.9000000e-01  8.3000000e-01  9.7000000e-01  3.3000000e-01
 -4.3000000e-01  8.1000000e-01 -5.6000000e-01 -9.4000000e-01
 -9.2000000e-01  2.6000000e-01  5.0000000e-02  5.5000000e-01
  8.1000000e-01 -4.6000000e-01  7.1000000e-01 -1.0000000e-02
  9.0000000e-02  1.3000000e-01  7.0000000e-01  8.2000000e-01
  7.3000000e-01 -1.6000000e-01  8.6000000e-01  1.5250000e+00
  4.5000000e-01  8.8817842e-16  7.0000000e-01  8.8817842e-16
  7.4000000e-01 -9.5000000e-01 -9.0000000e-02 -3.4000000e-01
 -8.7000000e-01  3.4000000e-01 -8.0000000e-01  2.3000000e-01
  7.8000000e-01 -1.4000000e-01 -4.4000000e-01 -5.4000000e-01
 -2.0000000e-02  4.7000000e-01 -1.3000000e-01  8.8000000e-01
 -9.7000000e-01 -4.5000000e-01 -5.4000000e-01 -1.9000000e-01
 -1.0000000e+00  3.9000000e-01 -9.2000000e-01 -7.0000000e-01
  6.5000000e-01 -4.1000000e-01 -9.9000000e-01 -1.0000000e+00
 -2.5000000e-01  3.0000000e-01  1.4000000e-01  6.9000000e-01
 -4.1000000e-01 -5.8000000e-01 -9.1000000e-01 -1.0000000e-01
  7.4000000e-01 -2.6000000e-01  1.3000000e-01  9.6000000e-01
 -4.4000000e-01  6.6000000e-01  9.8000000e-01 -5.8000000e-01
 -7.7000000e-01  9.0000000e-01 -8.7000000e-01  3.7000000e-01
 -1.7000000e-01 -3.8000000e-01  7.1000000e-01 -8.2000000e-01
  6.1000000e-01 -1.0000000e-01 -5.0000000e-02  4.3000000e-01
 -8.1000000e-01 -1.5000000e-01][-0.89  -0.83  -0.87   0.76  -0.49   0.96  -0.64  -0.19   0.77   0.81
 -0.56  -0.83  -0.92  -0.31   0.05   0.79   0.24   0.65   0.59  -0.01
  0.66  -0.01  -0.56   0.82  -0.46   0.33   0.91  -0.64   0.45  -0.08
  0.19  -0.89  -0.54  -0.95  -0.09  -0.85   0.46  -0.37   0.88  -0.62
  0.78   0.8   -0.39  -0.28  -0.02   0.62  -0.13  -0.39   0.23  -0.09
  0.53  -0.69  -0.28   0.39  -0.92  -0.53   0.84  -0.41  -0.99  -1.
  0.5   -0.68  -0.101 -0.51  -0.18   0.04   0.23  -0.1    0.8    0.39
  0.38  -0.83   0.46  -0.01  -0.32   0.6   -0.65   0.62   0.32  -0.58
  0.14  -0.98   0.51  -0.86   0.39   0.18   0.24   0.43   0.37  -0.15 ][ 2.7000000e-01 -8.3000000e-01  5.3000000e-01  7.3000000e-01
  8.8817842e-16  9.7000000e-01 -3.0000000e-01  3.3000000e-01
  9.7000000e-01 -6.0000000e-01 -3.8000000e-01  7.3000000e-01
 -9.2000000e-01  2.6000000e-01  5.5000000e-01 -2.3000000e-01
 -1.0000000e+00  6.9000000e-01  3.5000000e-01  2.0000000e-01
  9.0000000e-02  5.4000000e-01 -1.1000000e-01  8.2000000e-01
  7.3000000e-01 -1.6000000e-01  9.1000000e-01 -6.4000000e-01
  3.0000000e-02  8.8817842e-16 -7.0000000e-01  5.7000000e-01
  7.4000000e-01  3.1000000e-01 -9.0000000e-02 -6.6000000e-01
 -8.7000000e-01 -7.3000000e-01 -1.9000000e-01  8.1000000e-01
  8.7000000e-01 -3.0000000e-01 -1.9000000e-01  3.1000000e-01
 -6.0000000e-01 -1.9000000e-01 -2.9000000e-01  9.5000000e-01
 -9.3000000e-01  8.8000000e-01 -6.6000000e-01 -5.3000000e-01
 -9.2000000e-01  3.9000000e-01 -7.4000000e-01 -8.7000000e-01
  6.5000000e-01 -4.1000000e-01  8.4000000e-01 -1.0000000e+00
 -6.5000000e-01 -6.8000000e-01 -4.5000000e-01 -9.4000000e-01
  4.7000000e-01  9.1100000e-01  4.0000000e-02 -1.0000000e-01
 -1.7000000e-01  7.7000000e-01 -1.8000000e-01  9.0000000e-02
  4.6000000e-01  6.6000000e-01 -3.2000000e-01 -5.8000000e-01
  9.1000000e-01  8.3000000e-01 -4.8000000e-01 -7.0000000e-01
  1.4000000e-01  8.2000000e-01 -5.0000000e-02 -8.3000000e-01
 -4.2000000e-01  5.8000000e-01  2.4000000e-01  8.7000000e-01
  3.7000000e-01 -7.5000000e-01][ 2.0000000e-01 -4.1000000e-01  5.3000000e-01  9.1000000e-01
 -8.7000000e-01  9.7000000e-01  6.8000000e-01 -3.8000000e-01
  3.7000000e-01 -6.0000000e-01 -3.8000000e-01 -7.3000000e-01
  2.5000000e-01 -5.1000000e-01  5.5000000e-01 -7.8000000e-01
 -8.4000000e-01  6.9000000e-01  3.5000000e-01  2.0000000e-01
  9.1000000e-01  8.8817842e-16 -1.5000000e-01  3.1000000e-01
  8.7000000e-01 -7.7000000e-01 -9.0000000e-02 -7.7000000e-01
  7.2000000e-01 -1.9000000e-01 -5.0000000e-01  4.0000000e-01
  3.8000000e-01  3.1000000e-01  8.6000000e-01 -6.6000000e-01
  7.7000000e-01 -1.1000000e-01 -1.9000000e-01 -2.9000000e-01
 -5.7000000e-01 -3.6000000e-01 -7.1000000e-01  3.1000000e-01
 -6.0000000e-01 -1.9000000e-01 -2.9000000e-01  9.5000000e-01
 -9.3000000e-01  8.8000000e-01 -5.9000000e-01 -7.4000000e-01
  7.7000000e-01  9.1000000e-01  3.8000000e-01  2.8000000e-01
  9.2000000e-01  7.0000000e-01 -8.0000000e-01 -8.8000000e-01
 -6.5000000e-01  6.8000000e-01 -7.7000000e-01  5.9000000e-01
  4.7000000e-01 -7.4900000e-01  4.0000000e-02  2.0000000e-01
 -1.7000000e-01  7.7000000e-01 -1.8000000e-01  4.1000000e-01
  2.0000000e-02 -4.4000000e-01 -3.2000000e-01 -4.8000000e-01
  9.1000000e-01  8.3000000e-01  3.1000000e-01 -7.0000000e-01
  2.3000000e-01  8.2000000e-01 -5.0000000e-02  4.8000000e-01
 -2.1000000e-01  9.9000000e-01  8.1000000e-01  8.7000000e-01
 -9.2000000e-01 -7.5000000e-01][-8.9000000e-01  3.2000000e-01 -2.5900000e-01  7.3000000e-01
 -4.9000000e-01  9.7000000e-01 -3.0000000e-01 -3.8000000e-01
  9.7000000e-01  8.1000000e-01 -3.8000000e-01  7.3000000e-01
  2.5000000e-01  2.6000000e-01  5.0000000e-02  7.8000000e-01
 -1.0000000e+00  6.9000000e-01  7.3000000e-01 -1.0000000e-02
  9.0000000e-02  8.8817842e-16  1.6000000e-01  8.2000000e-01
  7.3000000e-01 -1.6000000e-01 -9.0000000e-02 -6.4000000e-01
  3.0000000e-02  8.8817842e-16  7.1000000e-01  4.0000000e-01
  3.8000000e-01 -9.5000000e-01 -9.0000000e-02 -6.6000000e-01
  7.7000000e-01 -7.3000000e-01 -1.9000000e-01 -2.9000000e-01
  8.7000000e-01 -3.0000000e-01 -1.9000000e-01 -2.8000000e-01
 -6.0000000e-01 -1.9000000e-01 -2.9000000e-01 -8.7000000e-01
 -9.3000000e-01  8.8000000e-01  5.3000000e-01 -5.3000000e-01
 -6.0000000e-01  3.9000000e-01 -9.2000000e-01 -8.7000000e-01
 -8.1000000e-01  7.0000000e-01  8.4000000e-01 -8.8000000e-01
  5.0000000e-01  6.8000000e-01 -4.0000000e-01  5.9000000e-01
  4.7000000e-01  2.3000000e-01 -3.1000000e-01  2.0000000e-01
 -5.8000000e-01  3.9000000e-01 -1.8000000e-01 -3.0000000e-01
  2.0000000e-02  6.6000000e-01 -3.2000000e-01 -5.8000000e-01
 -6.5000000e-01  8.3000000e-01 -4.8000000e-01 -5.8000000e-01
  1.4000000e-01  8.2000000e-01 -5.0000000e-02 -8.3000000e-01
 -4.2000000e-01  9.9000000e-01  2.4000000e-01  8.7000000e-01
  3.7000000e-01 -1.5000000e-01][ 2.7000000e-01  3.2000000e-01  5.6000000e-01  9.1000000e-01
  8.8817842e-16 -8.9000000e-01 -6.7500000e-01 -9.6000000e-01
  3.7000000e-01  6.4000000e-01 -3.8000000e-01 -7.3000000e-01
  2.5000000e-01 -5.1000000e-01  5.5000000e-01 -7.8000000e-01
 -5.3000000e-01 -8.3000000e-01  3.5000000e-01  2.0000000e-01
  7.0000000e-01  8.8000000e-01 -1.5000000e-01 -5.9000000e-01
  8.7000000e-01  5.0000000e-02 -9.0000000e-02 -7.7000000e-01
  3.0000000e-02 -4.6000000e-01 -5.0000000e-01 -6.1000000e-01
  3.8000000e-01  6.8000000e-01  8.6000000e-01 -6.6000000e-01
  7.7000000e-01 -1.1000000e-01 -1.9000000e-01 -7.0000000e-01
  8.7000000e-01 -3.6000000e-01  5.9000000e-01  3.1000000e-01
 -6.0000000e-01  8.0000000e-02 -2.9000000e-01 -9.8000000e-01
 -9.3000000e-01 -3.2000000e-01 -5.9000000e-01 -7.4000000e-01
 -9.2000000e-01  9.1000000e-01 -7.4000000e-01  2.8000000e-01
  9.2000000e-01  7.0000000e-01  8.4000000e-01 -7.5000000e-01
 -6.5000000e-01  3.8000000e-01 -7.7000000e-01  5.9000000e-01
  4.7000000e-01  2.3000000e-01  4.0000000e-02  2.0000000e-01
 -1.7000000e-01 -1.0000000e-01  3.0000000e-01  4.1000000e-01
 -1.7000000e-01 -6.4000000e-01 -3.2000000e-01  5.1000000e-01
  9.1000000e-01 -5.1000000e-01  5.2000000e-01  6.4000000e-01
  2.3000000e-01  8.2000000e-01 -3.8000000e-01  4.8000000e-01
 -2.1000000e-01 -6.3000000e-01  8.1000000e-01 -2.4000000e-01
 -9.2000000e-01 -3.2000000e-01][ 2.7000000e-01 -8.3000000e-01  5.3000000e-01  7.3000000e-01
  8.8817842e-16  9.7000000e-01 -3.0000000e-01 -3.8000000e-01
  9.7000000e-01  8.1000000e-01 -5.6000000e-01 -7.3000000e-01
 -9.2000000e-01 -6.8000000e-01  5.5000000e-01 -2.3000000e-01
 -5.3000000e-01  6.9000000e-01  7.3000000e-01 -1.0000000e-02
  9.0000000e-02  5.4000000e-01 -1.1000000e-01  8.2000000e-01
  8.7000000e-01 -1.6000000e-01  9.1000000e-01 -6.5000000e-01
  4.5000000e-01 -4.6000000e-01 -7.0000000e-01  5.7000000e-01
  7.4000000e-01  3.1000000e-01 -9.0000000e-02 -6.6000000e-01
  7.7000000e-01  3.4000000e-01 -1.9000000e-01  8.1000000e-01
  7.8000000e-01 -3.0000000e-01  5.9000000e-01  3.1000000e-01
 -2.0000000e-02 -1.9000000e-01 -2.9000000e-01  9.5000000e-01
 -9.3000000e-01 -4.5000000e-01  5.3000000e-01 -5.3000000e-01
 -6.0000000e-01  5.6000000e-01 -9.2000000e-01 -8.7000000e-01
  6.5000000e-01  7.0000000e-01  8.4000000e-01 -8.8000000e-01
 -6.5000000e-01  6.8000000e-01 -4.5000000e-01  5.9000000e-01
  4.7000000e-01  2.3000000e-01 -3.1000000e-01 -1.0000000e-01
 -5.8000000e-01  7.7000000e-01 -1.8000000e-01  9.0000000e-02
  2.0000000e-02 -4.4000000e-01 -3.2000000e-01 -5.8000000e-01
  9.1000000e-01  8.3000000e-01 -4.8000000e-01 -7.0000000e-01
  1.4000000e-01 -9.8000000e-01 -5.0000000e-02  1.1500000e-01
  6.1000000e-01  9.9000000e-01  2.4000000e-01  8.7000000e-01
  2.6000000e-01 -1.5000000e-01][ 2.7000000e-01  3.2000000e-01  8.6000000e-01  7.3000000e-01
 -4.9000000e-01  9.7000000e-01 -6.4000000e-01 -3.8000000e-01
 -9.6000000e-01 -6.0000000e-01 -3.8000000e-01 -7.3000000e-01
  2.5000000e-01  2.6000000e-01  5.0000000e-02  7.8000000e-01
 -5.3000000e-01  9.0000000e-01  3.5000000e-01  2.0000000e-01
  9.0000000e-02  8.8817842e-16  1.6000000e-01  3.1000000e-01
  8.7000000e-01  5.0000000e-02 -9.0000000e-02 -6.5000000e-01
  4.5000000e-01 -4.6000000e-01  7.1000000e-01  5.7000000e-01
  3.8000000e-01 -9.5000000e-01 -9.0000000e-02 -6.6000000e-01
  7.7000000e-01  3.4000000e-01 -1.9000000e-01 -2.9000000e-01
  7.8000000e-01 -1.8000000e-01 -1.9000000e-01 -2.8000000e-01
 -2.0000000e-02  6.2000000e-01 -1.3000000e-01 -9.0800000e-01
 -9.3000000e-01  8.8000000e-01 -6.6000000e-01 -5.3000000e-01
 -6.0000000e-01  3.9000000e-01 -9.2000000e-01 -8.7000000e-01
 -8.1000000e-01  7.0000000e-01  8.4000000e-01 -8.8000000e-01
 -6.5000000e-01  6.8000000e-01 -4.5000000e-01 -9.4000000e-01
  4.7000000e-01  3.0000000e-01  4.0000000e-02 -1.0000000e-01
 -1.7000000e-01  3.9000000e-01  8.0000000e-02 -3.0000000e-01
  2.0000000e-02 -4.4000000e-01 -3.2000000e-01 -5.8000000e-01
  9.1000000e-01  8.3000000e-01  3.1000000e-01 -5.8000000e-01
  2.3000000e-01  8.2000000e-01 -9.1000000e-01 -8.3000000e-01
  6.1000000e-01  5.8000000e-01  8.4000000e-01  8.7000000e-01
  2.6000000e-01 -7.5000000e-01][ 2.7000000e-01 -3.8000000e-01  3.3000000e-01 -2.0000000e-01
  8.8817842e-16  9.7000000e-01  9.7000000e-01 -3.8000000e-01
 -4.3000000e-01  3.8000000e-01 -3.8000000e-01 -9.4000000e-01
  2.5000000e-01 -2.1000000e-01 -9.8000000e-01  5.5000000e-01
 -5.3000000e-01  6.9000000e-01  3.5000000e-01 -2.5400000e-01
  7.0000000e-01  8.8817842e-16  7.0000000e-01  3.1000000e-01
  8.7000000e-01  6.6000000e-01 -9.0000000e-02  8.9000000e-01
 -5.3000000e-01 -1.6000000e-01  7.1000000e-01  4.0000000e-01
  4.5000000e-01  4.2000000e-01  8.6000000e-01 -6.6000000e-01
  8.9000000e-01  6.7000000e-01 -1.9000000e-01  2.3000000e-01
  8.7000000e-01 -1.8000000e-01 -4.4000000e-01  3.1000000e-01
 -5.5000000e-01  4.7000000e-01 -2.9000000e-01  8.8000000e-01
 -9.3000000e-01 -1.7000000e-01 -6.6000000e-01 -7.4000000e-01
 -1.0000000e+00  5.6000000e-01 -7.4000000e-01 -7.0000000e-01
  9.1000000e-01  3.0000000e-02  8.4000000e-01 -7.8000000e-01
 -6.5000000e-01  6.8000000e-01 -4.5000000e-01  5.9000000e-01
  4.7000000e-01  2.3000000e-01 -9.1000000e-01  8.3000000e-01
 -1.7000000e-01 -2.6000000e-01  1.3000000e-01  9.6000000e-01
  2.0000000e-02  4.2000000e-01 -3.2000000e-01 -5.7000000e-01
  9.1000000e-01  8.3000000e-01  3.1000000e-01  3.7000000e-01
 -1.7000000e-01 -3.8000000e-01 -5.0000000e-02  4.8000000e-01
  1.0000000e-01 -1.0000000e-01 -5.0000000e-02  8.7000000e-01
  2.6000000e-01 -7.5000000e-01][ 2.0000000e-01  3.2000000e-01  5.3000000e-01  9.1000000e-01
  8.8817842e-16  9.7000000e-01  6.8000000e-01 -9.6000000e-01
  3.7000000e-01  6.4000000e-01 -3.8000000e-01  4.2000000e-01
  2.5000000e-01 -6.8000000e-01  5.5000000e-01 -7.8000000e-01
 -5.3000000e-01 -3.6800000e-01  1.6000000e-01  3.3000000e-01
  9.1000000e-01  8.8817842e-16  1.6000000e-01 -5.9000000e-01
  8.7000000e-01 -7.7000000e-01 -9.0000000e-02 -6.5000000e-01
  7.2000000e-01 -1.9000000e-01 -5.0000000e-01  4.0000000e-01
  3.8000000e-01  3.1000000e-01  8.6000000e-01 -6.6000000e-01
  7.7000000e-01 -1.1000000e-01 -1.2000000e-01 -2.9000000e-01
 -5.7000000e-01 -1.8000000e-01  5.9000000e-01  3.1000000e-01
 -5.3000000e-01  8.0000000e-02 -2.9000000e-01 -9.8000000e-01
 -6.2000000e-01 -3.2000000e-01 -6.6000000e-01 -3.3000000e-01
 -9.2000000e-01  9.1000000e-01 -7.4000000e-01  2.8000000e-01
 -8.1000000e-01 -3.1000000e-01  8.4000000e-01 -7.5000000e-01
 -6.5000000e-01  6.8000000e-01 -4.5000000e-01 -1.9000000e-01
  4.7000000e-01  2.3000000e-01  4.0000000e-02  2.0000000e-01
 -8.2000000e-01 -1.0000000e-01  3.0000000e-01 -3.0000000e-01
  2.0000000e-02 -4.4000000e-01 -3.2000000e-01  5.1000000e-01
 -2.0000000e-02 -5.1000000e-01  5.2000000e-01  6.4000000e-01
  7.4000000e-01  8.2000000e-01 -5.0000000e-02  4.8000000e-01
 -2.1000000e-01  9.9000000e-01  8.4000000e-01  8.7000000e-01
 -9.2000000e-01 -7.5000000e-01][ 2.7000000e-01 -3.3000000e-01 -1.8000000e-01 -4.4000000e-01
  8.8817842e-16  9.7000000e-01 -3.0000000e-01 -3.8000000e-01
 -9.6000000e-01  7.8000000e-01 -9.5000000e-01 -7.3000000e-01
  2.5000000e-01 -2.2000000e-01  5.6000000e-01 -4.7000000e-01
 -5.1000000e-01  6.9000000e-01  3.5000000e-01 -8.6000000e-01
  7.0000000e-01 -8.9000000e-01  1.6000000e-01  3.1000000e-01
  8.7000000e-01  5.0000000e-02 -9.0000000e-02 -6.5000000e-01
  3.0000000e-02 -4.6000000e-01  7.1000000e-01 -4.7000000e-01
  3.8000000e-01  1.2000000e-01  8.6000000e-01  5.6000000e-01
  7.7000000e-01  5.3000000e-01 -1.9000000e-01 -8.4000000e-01
  8.7000000e-01  2.3000000e-01  5.9000000e-01  3.1000000e-01
 -6.0000000e-01 -1.9000000e-01 -8.3000000e-01  9.5000000e-01
  4.0000000e-01  8.8000000e-01  2.0000000e-02 -6.7000000e-01
  2.4000000e-01 -6.7000000e-01 -7.4000000e-01 -8.7000000e-01
  4.2000000e-01  7.0000000e-01  8.4000000e-01 -8.8000000e-01
 -1.0000000e-01  3.8000000e-01 -4.5000000e-01  5.9000000e-01
 -8.0000000e-02  2.3000000e-01 -2.2000000e-01 -8.9000000e-01
  6.2000000e-01  7.7000000e-01  5.2000000e-01 -8.6000000e-01
  2.0000000e-02 -8.8000000e-01 -3.2000000e-01  8.1500000e-01
  8.6000000e-01  8.3000000e-01  5.2000000e-01 -7.0000000e-01
 -1.4000000e-01  8.2000000e-01 -5.0000000e-02  5.6000000e-01
 -4.2000000e-01  9.9000000e-01 -3.6000000e-01  8.7000000e-01
  2.6000000e-01 -2.6000000e-01][-8.1000000e-01 -3.3000000e-01 -1.8000000e-01 -1.0770000e+00
  6.5000000e-01  4.4000000e-01  9.7000000e-01 -7.4000000e-01
 -4.3000000e-01  7.8000000e-01 -3.6000000e-01 -9.4000000e-01
  4.7000000e-01 -2.2000000e-01  5.6000000e-01  5.5000000e-01
  8.1000000e-01 -4.6000000e-01  7.1000000e-01 -8.6000000e-01
  9.8000000e-01  1.3000000e-01  7.0000000e-01  2.0000000e-01
  9.8000000e-01  6.6000000e-01  8.6000000e-01 -9.4000000e-01
 -5.3000000e-01  8.5000000e-01  7.0000000e-01  8.8817842e-16
 -6.5000000e-01  4.2000000e-01  5.2000000e-01  5.6000000e-01
 -5.9000000e-01  5.3000000e-01 -4.8000000e-01 -8.4000000e-01
 -5.0000000e-01 -1.4000000e-01  8.4000000e-01 -5.4000000e-01
 -1.5000000e-01  4.7000000e-01  5.9000000e-01  8.8000000e-01
 -9.7000000e-01 -1.7000000e-01  2.0000000e-02 -6.7000000e-01
  2.4000000e-01 -6.7000000e-01  8.1000000e-01 -7.0000000e-01
  9.1000000e-01  3.0000000e-02 -1.7000000e-01 -7.8000000e-01
 -1.0000000e-01  3.0000000e-01  1.4000000e-01  6.9000000e-01
 -4.1000000e-01 -1.7000000e-01 -9.1000000e-01  8.3000000e-01
  6.2000000e-01 -2.6000000e-01  1.3000000e-01 -8.6000000e-01
  4.6000000e-01  4.2000000e-01 -6.1000000e-01  5.2000000e-01
 -7.7000000e-01  8.1000000e-01  5.2000000e-01  3.7000000e-01
 -1.4000000e-01 -3.8000000e-01  6.9000000e-01  5.6000000e-01
  1.0000000e-01 -1.0000000e-01 -3.6000000e-01 -5.8000000e-01
  5.8000000e-01 -2.6000000e-01][-2.4000000e-01 -3.8000000e-01  5.3000000e-01  7.3000000e-01
  8.8817842e-16  8.3000000e-01  9.7000000e-01 -7.4000000e-01
 -9.6000000e-01 -6.0000000e-01 -3.6000000e-01 -7.3000000e-01
  2.5000000e-01 -6.8000000e-01 -9.8000000e-01  7.8000000e-01
 -5.3000000e-01 -4.6000000e-01  7.1000000e-01  2.0000000e-01
 -7.9000000e-01  1.3000000e-01  7.0000000e-01  2.0000000e-01
  8.7000000e-01  6.6000000e-01 -9.0000000e-02  8.9000000e-01
  3.0000000e-02 -4.6000000e-01  7.0000000e-01  4.0000000e-01
  3.8000000e-01  3.1000000e-01  5.2000000e-01 -6.6000000e-01
  7.7000000e-01  6.7000000e-01 -8.0000000e-01 -2.9000000e-01
 -5.0000000e-01 -1.4000000e-01  5.9000000e-01 -5.4000000e-01
 -5.5000000e-01 -1.9000000e-01 -2.9000000e-01  9.5000000e-01
 -9.3000000e-01  8.8000000e-01 -6.6000000e-01 -7.4000000e-01
 -9.2000000e-01  5.6000000e-01 -7.4000000e-01 -7.0000000e-01
 -8.1000000e-01  3.0000000e-02  8.4000000e-01 -8.8000000e-01
 -6.5000000e-01  3.0000000e-01  1.4000000e-01  6.9000000e-01
  4.7000000e-01 -5.8000000e-01 -9.1000000e-01  2.0000000e-01
  7.4000000e-01 -2.6000000e-01 -1.8000000e-01 -3.0000000e-01
  2.0000000e-02 -4.4000000e-01 -3.2000000e-01 -5.7000000e-01
  9.1000000e-01  8.1000000e-01 -7.6000000e-02  3.7000000e-01
 -1.7000000e-01 -3.8000000e-01 -5.0000000e-02 -8.2000000e-01
  1.0000000e-01  9.9000000e-01 -5.0000000e-02  4.5000000e-01
  2.6000000e-01 -7.5000000e-01][ 0.2    0.32   0.53   0.91  -0.87   0.97   0.68  -0.38  -0.96  -0.6
  0.3    0.42   0.15  -0.51   0.55   0.78  -0.53  -0.83   0.35   0.33
  0.91   0.88  -0.15  -0.59  -0.02  -0.77  -0.09  -0.65   0.72  -0.19
 -0.5   -0.61   0.38   0.68   0.77   0.54   0.77  -0.11  -0.735 -0.29
 -0.57  -0.18   0.59   0.31  -0.53   0.08  -0.29  -0.98  -0.62  -0.32
 -0.59  -0.74  -0.92   0.56  -0.74  -0.87  -0.81  -0.31   0.84  -0.75
 -0.72   0.68  -0.77   0.59   0.47   0.23   0.88   0.2   -0.82   0.77
  0.3   -0.3    0.02  -0.44   0.89   0.51  -0.02   0.83   0.31   0.64
  0.74   0.65  -0.05   0.48  -0.42  -0.63   0.84  -0.24   0.26  -0.32 ][-0.76   0.32   0.53   0.73  -0.37   0.96  -0.07  -0.38  -0.23  -0.6
 -0.38   0.88   0.45   0.25   0.55   0.78  -0.53  -0.92  -0.96   0.37
  0.76  -0.33   0.16   0.31   0.48  -0.91  -0.09  -0.65   0.79   0.99
  0.71   0.06  -0.48   0.31  -0.34  -0.66   0.77   0.54  -0.81  -0.29
  0.87  -0.18   1.197  0.31  -0.73   0.4   -0.5    0.95  -0.93  -0.01
 -0.66   0.01  -0.92  -0.68   0.74  -0.87  -0.77   0.25   0.84  -0.76
  0.9   -0.72   0.24   0.31   0.47   0.23   0.04   0.01  -0.73   0.47
 -0.18  -0.3   -0.83  -0.44  -0.51  -0.53   0.16   0.61   0.31  -0.7
  0.23   0.18   0.04   0.48   0.75  -0.37  -0.29   0.61   0.26   0.06 ][-0.81 -0.44 -0.18 -0.44 -0.57 -0.41  0.48  0.16  0.92 -0.19  0.37  0.55
 -0.38 -0.22  0.21  0.49 -0.51 -0.76  0.4  -0.86  0.98 -0.89  0.2   0.08
 -0.76  0.98  0.79 -0.94 -0.85  0.1  -0.47 -0.47  0.65  0.12 -0.09 -0.33
 -0.33 -0.77 -0.48 -0.61  0.84  0.58  0.84 -0.76  0.03  0.27 -0.83  0.14
  0.4   0.43  0.02  0.53  0.24 -0.67 -0.28  0.6  -0.83 -0.23 -0.43 -0.06
 -0.28  0.5  -0.97 -0.71 -0.83 -0.17  0.91 -0.89 -0.21 -0.56 -0.36 -0.89
  0.94 -0.88 -0.78  0.52  0.43  0.18  0.52  0.05 -0.14 -0.17  0.77 -0.64
 -0.25 -0.77  0.12 -0.96  0.58  0.64][ 8.4000000e-01  3.2000000e-01  5.3000000e-01 -6.2000000e-01
  3.5000000e-01 -7.9000000e-01 -3.0000000e-01 -3.8000000e-01
 -9.6000000e-01 -6.0000000e-01 -3.8000000e-01 -7.3000000e-01
  6.6000000e-01 -6.8000000e-01  8.6000000e-01  7.8000000e-01
 -5.3000000e-01  6.9000000e-01  6.0000000e-02 -9.9000000e-01
  6.1000000e-01  8.8817842e-16  1.6000000e-01  3.1000000e-01
  8.7000000e-01 -1.0000000e-01 -3.0000000e-01 -6.5000000e-01
  3.0000000e-02 -6.4000000e-01  7.1000000e-01  4.0000000e-01
  3.8000000e-01  3.1000000e-01 -5.7000000e-01  3.4000000e-01
  7.7000000e-01 -7.3000000e-01 -1.9000000e-01 -2.9000000e-01
  8.7000000e-01 -1.8000000e-01  5.9000000e-01  3.1000000e-01
  9.5000000e-01  8.2000000e-01 -2.9000000e-01  9.5000000e-01
 -9.3000000e-01  8.8000000e-01 -6.6000000e-01  7.0000000e-01
 -1.5000000e-01  7.2000000e-01 -7.4000000e-01 -4.5000000e-01
  5.2000000e-01 -7.0000000e-01  8.4000000e-01 -6.6000000e-01
 -6.5000000e-01  6.8000000e-01  6.2000000e-01 -7.0000000e-01
 -6.4000000e-01  8.7000000e-01  3.0000000e-02  9.5000000e-01
 -1.7000000e-01  7.7000000e-01 -7.5000000e-01 -3.0000000e-01
  8.0100000e-01 -4.4000000e-01 -3.2000000e-01  5.1000000e-01
 -8.8000000e-01 -6.4000000e-01  3.1000000e-01  3.2000000e-01
  2.3000000e-01 -3.1000000e-01 -5.0000000e-02  4.8000000e-01
  5.1000000e-01  9.9000000e-01  8.4000000e-01  8.7000000e-01
 -4.1000000e-01  9.3000000e-01][ 0.27  -0.33   0.53  -0.44  -0.57   0.97   0.48  -0.38  -0.96  -0.6
 -0.38  -0.73   0.25  -0.68   0.56  -0.47  -0.53   0.69  -0.72  -0.86
  0.7   -0.89   0.16   0.31  -0.543  0.44   0.52  -0.65  -0.85   0.85
  0.73   0.4    0.38   0.31  -0.88  -0.66  -0.59   0.53  -0.48  -0.84
 -0.16  -0.18   0.84   0.27  -0.15   0.27  -0.83   0.95   0.4    0.88
 -0.66  -0.74   0.24  -0.67  -0.74   0.6    0.42  -0.23  -0.17  -0.88
 -0.1    0.38   0.12   0.59   0.47   0.23  -0.22  -0.89  -0.17  -0.82
 -0.18  -0.3    0.02  -0.88  -0.1    0.52   0.91   0.18   0.31   0.05
  0.23   0.71  -0.05   0.48  -0.42   0.99  -0.36   0.87   0.58  -0.26 ][-8.9000000e-01 -8.3000000e-01  8.6000000e-01 -2.2000000e-01
  8.8817842e-16  9.1400000e-01 -6.4000000e-01 -3.8000000e-01
 -9.6000000e-01  8.1000000e-01 -5.6000000e-01 -7.3000000e-01
  2.5000000e-01 -6.8000000e-01  5.0000000e-02 -2.3000000e-01
 -1.0000000e+00  6.9000000e-01  3.5000000e-01 -1.0000000e-02
  9.0000000e-02  5.4000000e-01  1.6000000e-01  3.1000000e-01
  8.7000000e-01 -1.6000000e-01  9.1000000e-01 -6.5000000e-01
  4.5000000e-01 -4.6000000e-01  7.1000000e-01  4.0000000e-01
  7.4000000e-01 -9.5000000e-01 -9.0000000e-02 -8.5000000e-01
  7.7000000e-01  3.4000000e-01  8.8000000e-01 -2.9000000e-01
  8.7000000e-01 -3.0000000e-01 -1.9000000e-01  3.1000000e-01
 -6.0000000e-01  6.2000000e-01 -1.3000000e-01  9.5000000e-01
 -9.3000000e-01  8.8000000e-01  5.3000000e-01 -5.3000000e-01
 -9.2000000e-01  5.6000000e-01 -9.2000000e-01 -5.3000000e-01
 -8.1000000e-01  7.0000000e-01 -9.9000000e-01 -8.8000000e-01
 -6.5000000e-01 -6.8000000e-01 -4.5000000e-01 -9.4000000e-01
 -1.8000000e-01  2.3000000e-01 -3.1000000e-01 -1.0000000e-01
 -5.8000000e-01  7.7000000e-01 -1.8000000e-01 -3.0000000e-01
  4.6000000e-01  6.6000000e-01 -3.2000000e-01 -5.8000000e-01
  9.1000000e-01  8.3000000e-01  3.1000000e-01 -7.0000000e-01
  1.4000000e-01 -9.8000000e-01 -5.0000000e-02  4.8000000e-01
  6.1000000e-01  5.8000000e-01  2.4000000e-01  8.7000000e-01
  3.7000000e-01 -7.5000000e-01][ 0.27 -0.41  0.56  0.91 -0.87  0.97 -0.3  -0.96 -0.96 -0.6   0.3   0.42
  0.25 -0.51  0.55 -0.78 -0.53  0.69  0.35  0.33  0.7   0.88  0.16 -0.59
  0.87 -0.77 -0.09 -0.77  0.72 -0.46 -0.5   0.4   0.38  0.68  0.77  0.54
  0.77 -0.11 -0.19 -0.29 -0.57 -0.36 -0.71  0.31 -0.53 -0.19 -0.29  0.95
 -0.93  0.88 -0.66 -0.74 -0.92  0.91 -0.74  0.28  0.92  0.7   0.84 -0.88
 -0.65  0.68 -0.45 -0.19 -0.41 -0.11  0.88  0.58 -0.82  0.77 -0.18  0.41
  0.02 -0.64 -0.32  0.51  0.91 -0.51  0.52  0.64  0.23  0.65 -0.38  0.48
 -0.42 -0.63  0.49  0.87 -0.92 -0.32][-0.89  -0.83  -0.18  -0.22  -0.49   0.44  -0.64   0.33   0.97   0.78
 -0.95   0.55  -0.38   0.26   0.56  -0.47  -1.     0.91  -0.72  -0.86
  0.98   0.54  -0.11   1.794  0.73   0.44   0.52  -0.94  -0.85   0.85
 -0.7    0.57  -0.65   0.12  -0.88   0.56  -0.59   0.53  -0.48  -0.84
 -0.16   0.23  -0.19   0.27  -0.15   0.27  -0.83  -0.87   0.59  -0.45
  0.02  -0.67   0.24   0.39  -0.92  -0.53   0.42  -0.41  -0.17  -1.
 -0.1   -0.68  -0.4   -0.94  -0.08  -0.17  -0.31  -0.1   -0.58  -0.82
  0.52   0.09   0.46   0.66  -0.1    0.52  -0.65   0.9   -0.48   0.05
 -0.14   0.71   0.69  -0.83   0.61   0.95   0.24   0.43   0.58  -0.15 ]