[-0.81  -1.079  1.787  0.73  -0.57   0.97  -0.449  0.33  -0.96   1.05
 -0.04   0.55   0.25  -1.219  0.659  0.225 -0.53  -0.828  1.385 -0.86
  0.7    0.58  -0.78   0.31   0.87  -0.16  -0.09   0.317 -0.85  -0.46
  0.73   1.344 -0.65   0.12   0.86   0.126  0.77  -0.599 -0.48  -0.29
 -0.16   0.577  0.791  0.31  -0.835  0.27  -0.27  -0.287 -1.75  -0.168
 -0.66  -0.32   0.139 -0.533 -0.92   0.6    0.42   0.7   -0.17  -0.06
 -0.65   0.68   0.12   0.59  -0.08   0.3    0.04   0.2   -0.58   0.77
  0.08  -0.18   0.46  -0.44  -0.32   0.51   0.86   0.9    0.52  -0.58
  0.23   0.71  -0.05   0.48   0.65   0.95  -0.36   0.87   0.26  -0.75 ][-0.757 -1.098  1.787  0.73  -0.57   0.97   0.08   0.33  -0.96   0.78
 -0.04   0.55   0.25  -0.68  -0.235  0.315 -0.53  -0.828  1.385 -0.86
  0.7    0.58   0.16   0.31   0.87  -0.276 -0.992 -0.243 -0.503 -0.46
  0.73   0.94  -0.65   0.12   0.86   0.126  0.77  -0.599 -0.48  -0.29
 -0.16   0.577  0.59  -0.024 -0.962  0.27  -0.27   0.46  -1.75   0.02
 -0.66  -0.32   0.24  -0.533 -0.92   0.6    0.42   0.7   -0.17  -0.06
 -0.728  0.68   0.12   0.59  -0.08   0.3    0.04   0.2   -0.58   0.77
  0.08  -0.18   0.46  -0.44  -0.32   0.51   0.86   0.9    0.52  -0.58
  0.23   0.71  -0.05   0.48   0.65   0.95  -0.36   0.87   0.26  -0.664][-0.689 -1.098  1.787  0.73  -0.57   0.97  -0.449  0.33  -0.96   0.78
 -0.04   0.55   0.25  -0.68   0.602  0.315 -0.53  -0.828  0.87  -0.86
  0.476  0.58   0.16   0.31   1.55  -0.16  -0.09  -0.65  -0.85  -0.46
  0.73   0.94  -0.65   0.12   0.86   0.126  0.77  -0.599 -0.48  -0.29
 -0.89   0.577  0.839  0.31  -0.962  0.27  -0.27  -0.287 -1.75  -0.168
 -0.66  -0.32   0.24  -0.533 -0.92   0.6    0.42   0.7   -0.17  -0.06
 -0.65   0.68   0.12   0.59  -0.08   0.3    0.04   0.2   -0.58   0.77
  0.08  -0.18   0.46  -0.44  -0.32   0.51   0.86   0.9    0.52  -0.58
  0.23   0.71  -0.05   0.48   0.65   0.95  -0.36   0.87   0.26  -0.664][ 0.003 -1.098  1.787  0.73  -0.529  0.97  -0.449  0.33  -0.96   1.05
 -0.04   0.55   0.25  -1.219  0.659  0.225 -0.53  -0.828  1.385 -0.86
  0.476  0.58   0.16   0.31   0.87  -0.16  -0.09  -0.65  -0.699 -0.46
  0.73   1.823 -0.65   0.12   0.869  0.126  0.77  -0.599 -0.48  -0.29
 -0.16   0.577  0.791  0.31  -0.835  0.27  -0.27  -0.287 -1.75   0.02
 -0.66  -0.32   0.24  -0.533 -0.92   0.6    0.42   0.7   -0.17  -0.06
 -0.65   0.68   0.12   0.59  -0.08   0.3    0.04   0.2   -0.58   0.77
  0.08  -0.18   0.46  -0.44  -0.32   0.51   0.86   0.9    0.52  -0.58
  0.23   0.71  -0.05   0.48   0.65   0.95  -0.36   0.87   0.26  -0.664][-8.100e-01 -1.098e+00  1.787e+00  7.300e-01 -5.700e-01  9.700e-01
  8.000e-02  3.300e-01 -9.600e-01  1.195e+00 -4.000e-02  5.500e-01
  2.500e-01 -1.219e+00  6.590e-01  2.250e-01 -5.300e-01 -8.280e-01
  1.385e+00 -8.600e-01  7.000e-01  5.800e-01  1.600e-01  3.100e-01
  2.580e-01 -1.600e-01 -9.000e-02 -6.500e-01 -5.030e-01 -4.600e-01
  7.300e-01  1.823e+00 -6.500e-01  1.200e-01  8.600e-01  1.260e-01
  7.700e-01 -5.990e-01 -4.800e-01 -2.900e-01 -1.600e-01  5.770e-01
  7.910e-01 -2.400e-02 -8.350e-01  2.700e-01 -2.700e-01  4.600e-01
 -1.750e+00  2.000e-02 -6.600e-01 -3.200e-01  2.400e-01 -4.000e-02
 -9.200e-01  6.000e-01  4.200e-01  7.000e-01  1.000e-03 -6.000e-02
 -6.500e-01  6.800e-01  1.200e-01  5.900e-01 -8.000e-02  3.000e-01
 -5.390e-01  2.000e-01 -1.434e+00  7.700e-01  8.000e-02 -1.800e-01
  4.600e-01 -4.400e-01 -3.200e-01  5.100e-01  8.600e-01  9.000e-01
  5.200e-01 -5.800e-01  2.300e-01  7.100e-01 -5.000e-02  4.800e-01
  6.500e-01  9.500e-01 -3.600e-01  8.700e-01  2.600e-01 -7.500e-01][-0.81  -1.098  1.787  0.73  -0.529  0.97   0.08   0.33  -1.294  1.073
 -0.04   0.55   0.25  -1.219  0.659  0.225 -0.53  -0.828  1.385 -0.86
  0.476  0.58   0.16   0.31   0.87   1.18  -0.489 -0.65  -0.85  -0.46
  0.73   1.823 -0.65   0.12   0.869  0.126  0.77  -0.599 -0.48  -0.29
 -0.16   0.577  0.59   0.31  -0.962  0.27  -1.093 -0.287 -1.75  -0.168
 -0.66  -0.32   0.24  -0.533 -0.92   0.6    0.42   0.7   -0.17  -0.06
 -0.65   0.68   0.12   0.59  -0.08   0.3    0.04   0.2   -0.58   0.77
 -0.318 -0.18   0.46  -0.44  -0.32   0.51   0.86   0.9    0.52  -0.58
  0.23   0.71  -0.05   0.48   0.65   0.95  -0.36   0.87   0.26  -0.75 ][-0.81  -1.098  1.787  0.73  -1.501  0.97  -0.449  0.33  -0.96   0.78
 -0.04   0.55   0.25  -0.68   0.659  0.225 -0.53  -0.828  0.87  -0.86
  0.7    0.58   0.16   0.31   0.479 -0.276 -0.992 -0.65  -0.85  -0.46
  0.73   0.94  -0.65   0.12   0.86   0.126  0.77  -0.599 -0.48  -0.29
 -0.16   0.577  0.791 -0.024 -0.962  0.27  -0.27  -0.287 -1.75   0.701
 -0.66  -0.32   0.24  -0.533 -0.92   0.285  0.42   0.7   -0.17  -0.06
 -0.65   0.68   0.12   0.59  -0.103  0.3    0.04   0.2   -0.58   0.77
  0.08  -0.18   0.46  -0.44  -0.32   0.51   0.86   0.9    0.52  -0.58
  0.23   0.71   0.006  0.48   0.65   0.95  -0.36   0.87   0.26  -0.664][-0.81  -1.098  1.787  0.73  -0.529  0.97   0.08   0.33  -1.294  1.073
 -0.04   0.55   0.25  -0.767  0.659  0.225 -0.53  -0.828  1.385 -0.86
  0.476  0.58   0.16   0.31   0.87  -0.276 -0.489 -0.65  -0.85  -0.46
  0.73   0.94  -0.65   0.12   0.869  0.126  0.77  -0.599 -0.48  -0.29
 -0.16   0.577  0.59   0.31  -0.962  0.27  -1.093 -0.287 -1.75   0.701
 -0.66  -0.32   0.24  -0.533 -0.92   0.6    0.42   0.7   -0.17  -0.06
 -0.65   0.68   0.12   0.59  -0.08   0.3    0.04   0.2   -0.58   0.77
  0.08  -0.18   0.46  -0.44  -0.32   0.51   0.86   0.9    0.52  -0.58
  0.23   0.71  -0.05   0.48   0.65   0.95  -0.36   0.87   0.26  -0.664][-0.689 -1.098  1.787  0.73  -0.529  0.97   0.08   0.33  -0.96   0.78
 -0.04   0.55   0.25  -0.51   0.659  0.315 -0.53  -0.828  1.385 -0.86
  0.476  0.58   0.16   0.31   0.87  -0.276 -0.09  -0.65  -0.85  -0.46
  0.73   0.94  -0.65   0.12   0.86   0.126  0.77  -0.599 -0.48  -0.29
 -0.89   0.577  0.839  0.31  -0.962  0.27  -0.27  -0.287 -1.326 -0.168
 -0.66  -0.32   0.24  -0.533 -0.92   0.6    0.42   0.7   -0.17  -0.06
 -0.65   0.68   0.12   0.59  -0.08   0.3    0.04   0.2   -0.58   0.77
  0.08  -0.18   0.46  -0.44  -0.32   0.51   0.86   0.9    0.52  -0.58
  0.23   0.71  -0.05   0.48   0.65   0.95  -0.36   0.87   0.26  -0.664][ 0.003 -1.079  1.787  0.73  -0.57   0.97  -0.449  0.33  -0.96   1.05
 -0.04   0.55   0.25  -1.219  0.659  0.225 -0.53  -0.828  1.385 -0.86
  0.7    1.077  0.16   0.31   0.87  -0.16  -0.09  -0.65  -0.85  -0.46
  0.73   0.94  -0.65   0.12   0.86   0.126  0.77  -0.599 -0.48  -0.29
 -0.16   0.577  0.791  0.31  -0.835  0.27  -0.27   0.46  -1.75   0.02
 -0.66  -0.32   0.24  -0.533 -0.92   0.6    0.42   0.7   -0.17  -0.06
 -0.65   0.68   0.12   0.59  -0.08   0.3   -0.539  0.2   -0.664  0.77
  0.08  -0.18   0.46  -0.44  -0.32   0.51   0.86   0.9    0.52  -0.58
  0.23   0.71  -0.05   0.48   0.65   0.95  -0.36   0.87   0.26  -0.75 ][-0.81  -1.098  1.787  0.73  -0.57   0.97   0.08   0.33  -0.96   1.05
 -0.04   0.55   0.25  -1.219  0.659  0.315 -0.53  -0.828  1.385 -0.86
  0.7    0.58   0.16   0.31   0.87  -0.16  -0.992  0.317 -0.85  -0.46
  0.73   0.94  -0.65   0.12   0.86   0.126  0.77  -0.599 -0.48  -0.29
 -0.16   0.577  0.791  0.31  -0.835  0.27  -1.093  0.501 -1.75  -0.168
 -0.66  -0.32   0.139 -0.533 -0.92   0.6    0.42   0.7   -0.17  -0.06
 -0.728  0.68   0.12   0.59  -0.484  0.3    0.04   0.2   -0.58   0.77
  0.08  -0.18   0.46  -0.44  -0.32   0.51   0.86   0.9    0.52  -0.58
  0.23   0.71   0.006  0.48   0.65   0.95  -0.36   0.87   0.26  -0.75 ][-0.81  -1.098  1.787  0.73  -0.57   0.97   0.08   0.33  -0.96   1.073
 -0.04   0.55   0.25  -1.219  0.659  0.315 -0.66  -0.828  1.385 -0.86
  0.7    1.291  0.16   0.31   0.87  -0.16  -0.489 -0.65  -0.503 -0.46
  0.73   1.823 -0.65   0.12   0.869  0.126  0.77  -0.599 -0.48  -0.29
 -0.16   0.577  0.59   0.31  -0.835  0.27  -1.093 -0.287 -1.75  -0.168
 -0.66  -0.32   0.24  -0.533 -0.92   0.6    0.42   0.7   -0.17  -0.06
 -0.65   0.68   0.12   0.59  -0.484  0.3    0.04   0.2   -0.58   0.77
  0.08  -0.18   0.46  -0.44  -0.32   0.51   0.86   0.9    0.52  -0.58
  0.23   0.71   0.006  0.48   0.65   0.95  -0.36   0.87   0.26  -0.75 ][ 0.003 -1.098  1.787  0.73  -0.179  0.97  -0.449  0.33  -0.96   1.05
 -0.04   0.55   0.25  -1.219  0.659  0.315 -0.53  -0.828  1.385 -0.86
  0.7    1.077  0.16   0.31   0.87  -0.16  -0.992 -0.65  -0.503 -0.46
  0.73   0.94  -0.65   0.12   0.86   0.126  0.77  -0.599 -0.48  -0.29
 -0.16   0.577  0.791  0.31  -0.962  0.27  -0.27   0.46  -1.75   0.02
 -0.66  -0.32   0.24  -0.533 -0.92   0.6    0.42   0.7   -0.17  -0.06
 -0.65   0.68   0.12   0.59  -0.08   0.3    0.04   0.2   -0.664  0.77
  0.08  -0.18   0.46  -0.44  -0.32   0.51   0.86   0.9    0.52  -0.58
  0.23   0.71  -0.05   0.48   0.65   0.95  -0.36   0.87   0.26  -0.664][-0.295 -1.098  1.787  0.73  -0.529  0.97   0.08   0.33  -0.96   1.195
 -0.04   0.55   0.25  -1.219  0.659  0.225 -0.53  -0.828  1.385 -0.86
  0.476  0.58   0.16   0.31   0.87  -0.276 -0.09  -0.65  -0.85  -0.46
  0.73   1.823 -0.65   0.12   1.66   0.126  0.77  -0.599 -0.48  -0.29
 -0.16   0.577  0.59  -0.024 -0.835  0.27  -0.27   0.46  -1.75   0.02
 -0.66  -0.32   0.24  -0.533 -0.92   0.6    0.42   0.7   -0.17  -0.06
 -0.65   0.68   0.12   0.59  -0.08   0.3    0.04   0.2   -0.58   0.77
  0.08  -0.18   0.46  -0.44  -0.32   0.51   0.86   0.9    0.52  -0.58
  0.23   0.71  -0.05   0.48   0.65   0.95  -0.36   0.87   0.26  -0.664][-0.81  -1.098  1.787  0.73  -0.57   0.97  -0.449  0.33  -0.96   0.78
 -0.04   0.55   0.25  -0.68   0.659  0.315 -0.53  -0.828  1.385 -0.86
  0.7    0.58   0.16   0.31   0.87  -0.276 -0.992 -0.65  -0.503 -0.46
  0.73   0.94  -0.65   0.12   0.86   0.126  0.77  -0.599 -0.48  -0.29
 -0.16   0.577  0.791 -0.024 -0.962  0.27  -0.27   0.46  -1.75   0.02
 -0.66  -0.32   0.24  -0.533 -0.92   0.6    0.42   0.7   -0.17  -0.06
 -0.728  0.68   0.12   0.59  -0.103  0.3    0.04   0.2   -0.58   0.77
  0.08  -0.18   0.46  -0.44  -0.32   0.51   0.86   0.9    0.52  -0.58
  0.23   0.71   0.006  0.48   0.65   0.95  -0.36   0.87   0.26  -0.664][ 0.003 -1.079  1.787  0.73  -0.57   0.97   0.08   0.33  -0.96   0.78
 -0.04   0.55   0.25  -1.219  0.659  0.225 -0.53  -0.828  1.385 -0.86
  0.7    1.077  0.16   0.31   0.87  -0.16  -0.09  -0.65  -0.85  -0.46
  0.73   0.94  -0.65   0.12   0.86   0.126  0.77  -0.599 -0.48  -0.29
 -0.16   0.577  0.791  0.31  -0.835  0.27  -0.27  -0.287 -1.75  -0.168
 -0.66  -0.32   0.24  -0.533 -0.92   0.6    0.42   0.7   -0.17  -0.06
 -0.728  0.68   0.12   0.59  -0.08   0.3    0.04   0.2   -0.58   0.77
  0.08  -0.18   0.46  -0.065 -0.32   0.51   0.86   0.9    0.52  -0.58
  0.23   0.71  -0.05   0.48   0.65   0.95  -0.36   0.87   0.26  -0.75 ][-0.81  -1.098  1.709  0.73  -1.501  0.97  -0.449  0.33  -0.96   0.78
 -0.04   0.55   0.25  -1.219  0.659  0.225 -0.53  -0.798  0.87  -0.86
  0.797  0.58   0.16   0.31   0.87  -0.276 -0.992 -0.65  -0.85  -0.46
  0.73   0.94  -0.65   0.12   0.86   0.126  0.77  -0.599 -0.48  -0.29
 -0.16   0.577  0.791 -0.024 -0.835  0.27  -0.27   0.46  -1.75   0.701
 -0.66  -0.32   0.24  -0.533 -0.92   0.6    0.42   0.7   -0.17  -0.06
 -0.65   0.68   0.12   0.59  -0.103  0.3    0.04   0.2   -0.58   0.77
  0.08  -0.18   0.46  -0.44  -0.32   0.51   0.86   0.9    0.52  -0.58
  0.23   0.71  -0.05   0.48   0.65   0.95  -0.36   0.87   0.26  -0.664][-0.81  -1.689  1.787  0.73  -0.57   0.97  -0.449  0.33  -0.96   1.05
 -0.04   0.55   0.25  -1.219  0.659  0.225 -0.53  -0.828  1.385 -0.86
  0.7    1.077  0.16   0.31   0.87  -0.16  -0.09   0.317 -0.85  -0.46
  0.73   0.94  -0.65   0.12   0.86   0.126  0.77  -0.599 -0.48  -0.29
 -0.16   0.577  0.791  0.31  -0.835  0.27  -0.27  -0.287 -1.75   0.02
 -0.66  -0.32   0.24  -0.533 -0.92   0.6    0.42   0.7   -0.17  -0.06
 -0.65   0.68   0.12   0.59  -0.08   0.3   -0.539  0.2   -0.58   0.77
  0.08  -0.18   0.46  -0.44  -0.32   0.51   0.86   0.9    0.52  -0.58
  0.23   0.71  -0.05   0.48   0.65   0.95  -0.36   0.87   0.26  -0.75 ][-0.757 -1.098  1.787  0.73  -0.57   0.97   0.08   0.33  -0.96   0.78
 -0.04   0.55   0.25  -0.68   0.659  0.225 -0.53  -0.828  1.385 -0.86
  0.7    0.58   0.16   0.31   0.87  -0.276 -0.09  -0.243 -0.503 -0.46
  0.73   1.823 -0.65   0.12   0.86   0.126  0.77  -0.599 -0.48  -0.29
 -0.16   0.577  0.59   0.31  -0.962  0.27  -0.27   0.46  -1.75   0.02
 -0.66  -0.32   0.139 -0.533 -0.92   0.6    0.42   0.7   -0.17  -0.06
 -0.728  0.68   0.12   0.59  -0.08   0.3    0.04   0.2   -0.58   0.77
  0.08  -0.18   0.46  -0.44  -0.32   0.51   0.86   0.9    0.52  -0.58
  0.23   0.71  -0.05   0.48   0.65   0.95  -0.36   0.87   0.26  -0.664][-0.757 -1.098  1.787  0.73  -0.57   1.441  0.08   0.33  -0.96   0.78
 -0.04   0.55   0.25  -0.68   0.659  0.225 -0.53  -0.828  1.385 -0.86
  0.7    1.291  0.16   0.31   0.87  -0.16  -0.09  -0.243 -0.85  -0.46
  0.73   1.823 -0.65   0.12   0.86   0.126  0.77  -0.599 -0.48  -0.29
 -0.16   0.577  0.59  -0.024 -0.962  0.27  -0.27   0.46  -1.75   0.02
 -0.66  -0.32   0.139 -0.04  -0.92   0.6    0.42   0.7   -0.17  -0.06
 -0.728  0.68   0.12   0.59  -0.08   0.3    0.04   0.2   -0.58   0.77
  0.08  -0.18   0.46  -0.44  -0.32   0.51   0.86   0.9    0.52  -0.58
  0.23   0.71  -0.05   0.48   0.65   0.95  -0.36   0.87   0.26  -0.664][-0.81  -1.098  1.709  0.73  -1.501  0.97   0.08   0.33  -0.96   0.78
 -0.04   0.55   0.25  -1.219  0.659  0.225 -0.53  -0.798  0.87  -0.518
  0.797  0.58   0.16   0.31   0.87  -0.276 -0.992 -0.65  -0.85  -0.46
  0.73   1.823 -0.65   0.12   0.86   0.126  0.77  -0.599 -0.48  -0.29
 -0.16   0.577  0.59   0.31  -0.962  0.27  -1.093 -0.287 -1.75  -0.168
 -0.66  -0.32   0.24  -0.533 -0.92   0.6    0.42   0.7   -0.17  -0.06
 -0.65   0.68   0.12   0.59  -0.08   0.3    0.04   0.2   -0.58   0.77
 -0.318 -0.18   0.46  -0.44  -0.32   0.51   0.86   0.9    0.52  -0.58
  0.23   0.71  -0.05   0.48   0.65   0.95  -0.36   0.87   0.26  -0.75 ][ 0.003 -1.098  1.787  0.73  -0.57   0.97  -0.449  0.33  -0.96   1.05
 -0.04   0.55   0.25  -1.219  0.659  0.225 -0.53  -0.828  1.385 -0.86
  0.7    1.077  0.16   0.31   0.87  -0.16  -0.09   0.317 -0.503 -0.46
  0.73   0.94  -0.65   0.12   0.86   0.126  0.77  -0.599 -0.48  -0.29
 -0.16   0.577  0.791  0.31  -0.835  0.27  -0.27   0.46  -1.75   0.02
 -0.66  -0.32   0.24  -0.533 -0.92   0.6    0.42   0.7   -0.17  -0.06
 -0.65   0.746  0.12   0.59  -0.08   0.3   -0.539  0.2   -0.664  0.77
  0.08  -0.18   0.46  -0.44  -0.32   0.51   0.86   0.9    0.52  -0.58
  0.23   0.71  -0.05   0.48   0.65   0.95  -0.36   0.87   0.26  -0.664][-0.757 -1.098  1.787  0.73  -0.57   0.97   0.08   0.33  -0.96   0.78
 -0.04   0.55   0.25  -0.68   0.602  0.315 -0.53  -0.828  1.385 -0.86
  0.7    0.58   0.16   0.31   0.87  -0.16  -0.09  -0.65  -0.85  -0.46
  0.73   1.823 -0.65   0.12   0.86   0.126  0.77  -0.599 -0.48  -0.29
 -0.89   0.577  0.839  0.31  -0.962  0.27  -0.27   0.46  -1.75  -0.168
 -0.66  -0.32   0.24  -0.533 -0.92   0.6    0.862  0.7   -0.17  -0.06
 -0.65   0.68   0.12   0.59  -0.08   0.3    0.04   0.2   -0.58   0.77
  0.08  -0.18   0.46  -0.44  -0.32   0.51   0.86   0.9    0.52  -0.58
  0.23   0.71  -0.05   0.48   0.65   0.95  -0.36   0.87   0.26  -0.664][ 0.003 -1.098  1.787  0.73  -0.57   0.97  -0.449  0.33  -0.96   1.05
 -0.04   0.55   0.25  -1.219  0.659  0.225 -0.53  -0.828  1.385 -0.86
  0.7    0.58   0.16   0.31   0.87  -0.16  -0.09  -0.243 -0.85  -0.46
  0.73   1.823 -0.65   0.12   0.86   0.126  0.77  -0.599 -0.48  -0.29
 -0.16   0.577  0.791  0.31  -0.835  0.27  -0.27  -0.287 -1.75   0.02
 -0.66  -0.32   0.139 -0.533 -0.92   0.6    0.42   0.7   -0.17  -0.06
 -0.65   0.68   0.12   0.59  -0.08   0.3    0.04   0.2   -0.58   0.77
  0.08  -0.18   0.46   0.219 -0.32   0.51   0.86   0.9    0.52  -0.58
  0.23   0.71  -0.05   0.48   0.65   0.95  -0.36   0.87   0.26  -0.664][-0.81  -1.098  1.787  0.73  -0.57   1.441  0.08   0.33  -0.96   1.195
 -0.659  0.55   0.25  -1.219  0.659  0.225 -0.53  -0.828  1.385 -0.86
  0.7    1.291  0.16   0.31   0.258 -0.16  -0.09  -0.65  -0.503 -0.46
  0.73   1.823 -0.65   0.12   0.86   0.126  0.77  -0.599 -0.48  -0.29
 -0.16   0.577  0.59  -0.024 -0.835  0.27  -0.27   0.46  -1.75   0.02
 -0.66  -0.32   0.24  -0.04  -0.92   0.6    0.42   0.7   -0.17  -0.06
 -0.65   0.68   0.12   0.59  -0.08   0.3    0.04   0.2   -0.58   0.77
  0.08  -0.18   0.46  -0.44  -0.32   0.51   0.86   0.9    0.52  -0.58
  0.23   0.71  -0.05   0.48   0.65   0.95  -0.36   0.87   0.26  -0.664][-0.757 -1.098  1.787  0.73  -0.57   0.97  -0.449  0.33  -0.96   0.78
 -0.04   0.55   0.25  -0.68   0.602  0.315 -0.53  -0.828  1.385 -0.86
  0.476  0.58   0.16   0.31   1.55  -0.16  -0.09  -0.243 -0.503 -0.46
  0.73   0.94  -0.65   0.401  0.86   0.126  0.77  -0.599 -0.48  -0.29
 -0.89   0.577  0.59   0.31  -0.962  0.27  -0.27  -0.287 -1.75  -0.168
 -0.66  -0.32   0.24  -0.533 -0.92   0.6    0.42   0.7   -0.17  -0.06
 -0.728  0.68   0.12   0.59  -0.08   0.3    0.04   0.2   -0.58   0.77
  0.08  -0.18   0.46  -0.44  -0.32   0.51   0.86   0.9    0.52  -0.58
  0.23   0.71  -0.05   0.48   0.65   0.95  -0.36   0.87   0.26  -0.664][-0.757 -1.098  1.787  1.047 -0.57   0.97   0.08   0.33  -0.96   0.78
 -0.04   0.55   0.25  -0.68  -0.235  0.225 -0.53  -0.828  1.385 -0.86
  0.7    0.58   0.16   0.31   0.87  -0.276 -0.992 -0.243 -0.503 -0.46
  0.73   1.823 -0.65   0.12   0.86   0.126  0.77  -0.599 -0.48  -0.29
 -0.16   0.577  0.59  -0.024 -0.962  0.27  -0.27   0.46  -1.75   0.02
 -0.66  -0.32   0.139 -0.533 -0.92   0.6    0.42   0.7   -0.17  -0.06
 -0.728  0.68   0.12   0.59  -0.08   0.3    0.04   0.2   -0.58   0.77
  0.08  -0.18   0.46  -0.44  -0.32   0.51   0.86   0.9    0.52  -0.58
  0.23   0.71  -0.05   0.48   0.65   0.95  -0.36   0.87   0.26  -0.664][-0.757 -1.689  1.787  0.73  -0.57   1.441 -0.449  0.33  -0.96   0.78
 -0.04   0.55   0.25  -0.68   0.659  0.225 -0.53  -0.828  1.385 -0.86
  0.7    1.291  0.16   0.31   0.87  -0.16  -0.09  -0.243 -0.85  -0.46
  0.73   0.94  -0.65   0.12   0.86   0.126  0.77  -0.599 -0.48  -0.29
 -0.16   0.577  0.59   0.31  -0.835  0.27  -0.27  -0.287 -1.75   0.02
 -0.66  -0.32   0.139 -0.533 -1.804  0.6    0.42   0.7   -0.17  -0.06
 -0.65   0.68   0.12   0.59  -0.08   0.3   -0.539  0.2   -0.58   0.77
  0.08  -0.18   0.46  -0.44  -0.32   0.51   0.86   0.9    0.52  -0.58
  0.23   0.71  -0.05   0.48   0.65   0.95  -0.36   0.87   0.26  -0.664][-0.757 -1.098  1.787  0.73  -0.529  0.97   0.08   0.33  -0.96   1.073
 -0.04   0.55   0.25  -0.767 -0.235  0.315 -0.53  -0.828  1.385 -0.86
  0.7    0.58   0.16   0.31   0.87  -0.276 -0.489 -0.243 -0.503 -0.46
  0.73   0.94  -0.65   0.12   0.869  0.126  0.77  -0.599 -0.48  -0.29
 -0.16   0.577  0.59   0.31  -0.962  0.27  -1.093  0.46  -1.75   0.701
 -0.66  -0.32   0.24  -0.533 -0.92   0.6    0.42   0.7   -0.17  -0.06
 -0.728  0.68   0.12   0.484 -0.08   0.3    0.04   0.2   -0.58   0.77
  0.08  -0.18   0.46  -0.44  -0.32   0.51   0.86   0.9    0.52  -0.58
  0.23   0.71  -0.05   0.48   0.65   0.95  -0.36   0.87   0.26  -0.664][-0.81  -1.098  1.787  0.73  -0.529  0.97   0.08   0.33  -0.96   1.05
 -0.04   0.55   0.25  -1.219  0.659  0.315 -0.53  -0.828  1.385 -0.86
  0.476  0.58   0.16   0.31   0.87  -0.276 -0.09  -0.65  -0.85  -0.46
  0.73   0.94  -0.65   0.12   0.86   0.126  0.77  -0.599 -0.48  -0.29
 -0.89   0.577  0.791  0.31  -0.835  0.27  -0.27  -0.893 -1.326 -0.168
 -0.66  -0.32   0.139 -0.533 -0.92   0.6    0.42   0.7   -0.17  -0.06
 -0.65   0.68   0.12   0.59  -0.08   0.3    0.04   0.2   -0.58   0.77
  0.08  -0.18   0.46  -0.44  -0.32   0.51   0.86   0.9    0.52  -0.58
  0.23   0.71  -0.05   0.48   0.65   0.95  -0.36   0.87   0.26  -0.664][-0.689 -1.098  2.439  0.73  -0.57   0.97  -0.449  0.33  -0.96   0.78
 -0.04   0.55   0.25  -0.68   0.659  0.315 -0.53  -0.828  0.87  -0.86
  0.476  0.58   0.16   0.31   1.55  -0.16  -0.09  -0.65  -0.85  -0.46
  0.73   0.94  -0.65   0.12   0.86   0.126  0.77  -0.599 -0.48  -0.29
 -0.89   0.577  0.839  0.31  -0.835  0.27  -0.27  -0.287 -1.75  -0.168
 -0.66  -0.32   0.24  -0.533 -0.92   0.6    0.42   0.7   -0.17  -0.06
 -0.65   0.68   0.12   0.59  -0.08   0.3   -0.539  0.2   -0.58   0.77
  0.08  -0.18   0.46  -0.44  -0.32   0.51   0.86   0.9    0.52  -0.58
  0.23   0.71  -0.05   0.48   0.65   0.95  -0.36   0.87   0.26  -0.75 ][-0.81  -1.098  1.787  0.73  -0.57   0.97  -0.449  0.33  -0.96   0.78
 -0.04   0.55   0.25  -1.219  0.602  0.225 -0.53  -0.828  0.87  -0.86
  0.7    1.077  0.16   0.31   2.384 -0.16  -0.09   0.317 -0.85  -0.46
  0.73   0.94  -0.65   0.12   0.86   0.126  0.77  -0.599 -0.48  -0.29
 -0.89   0.577  0.839  0.31  -0.835  0.27  -0.27  -0.287 -1.75  -0.168
 -0.66  -0.32   0.24  -0.533 -0.92   0.6    0.42   0.7   -0.17  -0.06
 -0.65   0.68   0.12   0.59  -0.08   0.3    0.04   0.2   -0.58   0.77
  0.08  -0.18   0.46  -0.44  -0.32   0.51   0.86   0.9    0.52  -0.58
  0.23   0.71  -0.05   0.48   0.65   0.95  -0.36   0.87   0.26  -0.664][ 0.003 -1.079  1.787  0.73  -0.57   0.97   0.08   0.33  -0.96   1.05
 -0.04   0.55   0.25  -0.68   0.659  0.225 -0.53  -0.828  1.385 -0.86
  0.7    0.58   0.16   0.31   0.87  -0.16  -0.09  -0.65  -0.85  -0.46
  0.73   1.823 -0.65   0.12   0.86   0.126  0.77  -0.599 -0.48  -0.29
 -0.16   0.577  0.791  0.31  -0.962  0.27  -0.27   0.46  -1.75   0.02
 -0.66  -0.32   0.24  -0.533 -0.92   0.6    0.42   0.7   -0.17  -0.06
 -0.65   0.68   0.12   0.59  -0.08   0.3   -0.539  0.2   -0.58   0.77
  0.08  -0.18   0.46  -0.44  -0.32   0.51   0.86   0.9    0.52  -0.58
  0.23   0.71  -0.05   0.879  0.65   0.95  -0.36   0.87   0.26  -0.664][-0.757 -1.098  1.787  0.73  -0.57   0.97  -0.449  0.33  -0.96   1.05
 -0.04   0.55   0.25  -1.219 -0.235  0.225 -0.53  -0.828  1.385 -0.86
  0.7    1.077  0.16   0.31   0.87  -0.276 -0.09  -0.243 -0.85  -0.46
  0.73   0.94  -0.65   0.12   0.86   0.126  0.77  -1.097 -0.48  -0.29
 -0.16   0.577  0.791 -0.024 -0.962  0.27  -0.27   0.46  -1.75   0.02
 -0.66  -0.32   0.24  -0.533 -0.92   0.6    0.42   0.7   -0.17  -0.06
 -0.65   0.68   0.12   0.59  -0.08   0.3    0.04   0.2   -0.664  0.77
  0.08  -0.18   0.46  -0.44  -0.32   0.51   0.86   0.9    0.52  -0.58
  0.23   0.71  -0.05   0.48   0.65   0.95  -0.36   0.87   0.26  -0.664][-0.81  -1.098  1.787  0.73  -0.57   0.97   0.08   0.33  -0.96   1.073
 -0.04   0.55   0.25  -0.68   0.659  0.315 -0.53  -0.828  1.385 -0.86
  0.7    1.291  0.16   0.31   0.87  -0.16  -0.489 -0.65  -0.503 -0.46
  0.73   1.823 -0.65   0.12   0.86   0.126  0.77  -0.599 -0.48  -0.29
 -0.16   0.577  0.59   0.31  -0.962  0.27  -0.27  -0.287 -1.75  -0.168
 -0.66  -0.32   0.24  -0.533 -0.92   0.6    0.42   0.7   -0.17  -0.06
 -0.728  0.68   0.12   0.59  -0.08   0.3    0.04   0.2   -0.58   0.77
  0.08  -0.18   0.46  -0.44  -0.32   0.59   0.86   0.9    0.52  -0.58
  0.23   0.71  -0.05   0.48   0.65   0.95  -0.36   0.87   0.26  -0.664][-0.757 -1.098  1.787  0.73  -0.529  0.97  -0.449  0.33  -0.96   1.05
 -0.04   0.55   0.25  -1.219  0.659  0.225 -0.53  -0.828  1.385 -0.86
  0.476  1.291  0.16   0.31   0.87  -0.16  -0.09  -0.243 -0.699 -0.46
  0.73   1.823 -0.65   0.12   0.869  0.126  0.77  -0.599 -0.48  -0.29
 -0.251  0.577  0.791 -0.024 -0.835  0.27  -0.27  -0.287 -1.75   0.02
 -0.66  -0.32   0.24  -0.04  -0.92   0.6    0.42   0.7   -0.17  -0.06
 -0.728  0.68   0.12   0.59  -0.08   0.3    0.04   0.2   -0.58   0.77
  0.08  -0.18   0.46  -0.44  -0.32   0.51   0.86   0.9    0.52  -0.58
  0.23   0.71  -0.05   0.48   0.65   0.95  -0.36   0.87   0.26  -0.664][-0.689 -1.098  1.787  0.73  -0.57   0.97   0.08   0.33  -0.96   0.78
 -0.04   0.55   0.25  -0.767 -0.261  0.225 -0.53  -0.828  1.385 -0.86
  0.476  0.58   0.16   0.31   0.87  -0.276 -0.489 -0.65  -0.85  -0.46
  0.73   0.94  -0.65   0.12   0.86   0.126  0.77  -0.599 -0.48  -0.29
 -0.16   0.577  0.59   0.31  -0.962  0.27  -1.093 -0.287 -1.75  -0.168
 -0.66  -0.32   0.24  -0.533 -0.92   0.6    0.42   0.7   -0.17  -0.06
 -0.65   0.68   0.12   0.59  -0.08   0.3    0.04   0.2   -0.58   0.77
  0.08  -0.18   0.46  -0.44  -0.32   0.51   0.86   0.9    0.52  -0.58
  0.23   0.71  -0.05   0.48   0.65   0.95  -0.36   0.87   0.26  -0.664][-8.100e-01 -1.098e+00  1.787e+00  7.300e-01 -2.013e+00  9.700e-01
  8.000e-02  3.300e-01 -9.600e-01  1.195e+00 -4.000e-02  5.500e-01
  2.500e-01 -6.800e-01  6.590e-01  2.250e-01 -5.300e-01 -8.280e-01
  1.385e+00 -8.600e-01  7.000e-01  5.800e-01  1.600e-01  3.100e-01
  2.580e-01 -2.760e-01 -9.920e-01 -6.500e-01 -5.030e-01 -4.600e-01
  7.300e-01  1.823e+00 -6.500e-01  1.200e-01  8.600e-01  1.260e-01
  7.700e-01 -5.990e-01 -4.800e-01 -2.900e-01 -1.600e-01  5.770e-01
  7.910e-01 -2.400e-02 -8.350e-01  2.700e-01 -2.700e-01 -2.870e-01
 -1.750e+00  2.000e-02 -6.600e-01 -3.200e-01  2.400e-01 -4.000e-02
 -9.200e-01  2.850e-01  4.200e-01  7.000e-01  1.000e-03 -6.000e-02
 -6.500e-01  6.800e-01  1.200e-01  5.900e-01 -1.030e-01  3.000e-01
 -5.390e-01  2.000e-01 -1.434e+00  7.700e-01  8.000e-02 -1.800e-01
  4.600e-01 -4.400e-01 -3.200e-01  5.100e-01  8.600e-01  9.000e-01
  5.200e-01 -5.800e-01  2.300e-01  7.100e-01 -5.000e-02  4.800e-01
  6.500e-01  9.500e-01 -3.600e-01  8.700e-01  2.600e-01 -6.640e-01][-0.81  -1.098  1.787  0.73  -0.179  0.97  -0.449  0.33  -0.96   1.073
 -0.04   0.55   0.25  -1.219  0.659  0.315 -0.53  -0.828  1.385 -0.86
  0.7    1.291  0.16   0.31   0.87  -0.16  -0.489 -0.65  -0.503 -0.46
  0.73   0.94  -0.65   0.12   0.86   0.126  0.77  -0.599 -0.48  -0.29
 -0.16   0.577  0.791  0.31  -0.962  0.27  -0.27   0.46  -1.75  -0.168
 -0.66  -0.32   0.24  -0.533 -0.92   0.6    0.42   0.7   -0.17  -0.06
 -0.65   0.68   0.12   0.59  -0.08   0.3    0.04   0.2   -0.664  0.77
  0.08  -0.18   0.46  -0.44  -0.32   0.51   0.86   0.9   -0.325 -0.58
  0.23   0.71  -0.05   0.48   0.65   0.95  -0.36   0.87   0.26  -0.75 ][-0.689 -1.098  1.787  0.73  -0.57   0.97  -0.449  0.33  -0.96   0.78
 -0.04   0.55   0.25  -0.68   0.659  0.225 -0.53  -0.828  1.385 -0.86
  0.476  0.58   0.16   0.31   1.55  -0.16  -0.09  -1.372 -0.85  -0.46
  0.73   0.94  -0.65   0.12   0.86   0.126  0.77  -0.599 -0.48  -0.29
 -0.16   0.577  0.791  0.31  -0.962  0.27  -0.27   0.46  -1.75   0.02
 -0.66  -0.32   0.24  -0.533 -0.92   0.6    0.42   0.7   -0.17  -0.06
 -0.65   0.68   0.12   0.59  -0.08   0.3   -0.539  0.2   -0.58   0.77
  0.08  -0.18   0.46  -0.44  -0.32   0.51   0.86   0.9    0.52  -0.58
  0.23   0.71  -0.05   0.48   0.65   0.95  -0.36   0.87   0.26  -0.664][ 0.003 -1.079  1.787  0.73  -0.529  0.97   0.08   0.33  -0.96   0.78
 -0.04   0.55   0.25  -1.219  0.659  0.315 -0.53  -0.828  1.385 -0.86
  0.476  0.58   0.16   0.31   0.87  -0.276 -0.09  -0.65  -0.85  -0.46
  1.332  0.94  -0.65   0.12   0.86   0.126  0.77  -0.599 -0.48  -0.29
 -0.89   0.577  0.839  0.31  -0.835  0.27  -0.27  -0.287 -1.75  -0.168
 -0.66  -0.32   0.24  -0.533 -0.92   0.6    0.42   0.7   -0.17  -0.06
 -0.65   0.68   0.12   0.59  -0.08   0.3    0.04   0.2   -0.58   0.77
  0.08  -0.18   0.46  -0.065 -0.32   0.51   0.86   0.9    0.52  -0.58
  0.23   0.71  -0.05   0.48   0.65   0.95  -0.36   0.87   0.26  -0.664][-0.757 -1.098  1.787  0.73  -0.529  0.97   0.08   0.33  -0.96   1.073
 -0.04   0.55   0.25  -0.68   0.659  0.225 -0.53  -0.828  1.385 -0.86
  0.7    0.58   0.16   0.31   0.87  -0.276 -0.489 -0.243 -0.503 -0.46
  0.73   1.823 -0.65   0.12   0.869  0.126  0.77  -0.599 -0.48  -0.29
 -0.16   0.577  0.59  -0.024 -0.962  0.27  -0.27   0.46  -1.75  -0.168
 -0.66  -0.32   0.24  -0.533 -1.833  0.6    0.42   0.7   -0.17  -0.06
 -0.728  0.68   0.12   0.59  -0.08   0.3    0.04   0.2   -0.58   0.77
 -0.318 -0.18   0.46  -0.44  -0.32   0.51   0.86   0.9    0.52  -0.58
  0.23   0.71  -0.05   0.48   0.65   0.95  -0.36   0.87   0.26  -0.75 ][-0.81  -1.098  1.787  0.73  -0.57   1.035  0.08   0.33  -1.294  1.195
 -0.04   0.55   0.25  -1.219  0.659  0.225 -0.53  -0.828  1.385 -0.86
  0.7    0.58   0.16   0.31   0.87  -0.276 -0.09  -0.65  -0.85  -0.46
  0.73   0.94  -0.65   0.12   0.869  0.126  0.77  -0.599 -0.48  -0.29
 -0.16   0.577  0.59  -0.024 -0.835  0.27  -0.27  -0.287 -1.75   0.02
 -0.66  -0.32   0.24  -0.04  -0.92   0.6    0.42   0.7   -0.17  -0.06
 -0.65   0.68   0.12   0.59  -0.08   0.3   -0.539  0.2   -1.434  0.77
  0.08  -0.18   0.46  -0.44  -0.32   0.51   0.86   0.9    0.52  -0.58
  0.23   0.71  -0.05   0.48   0.65   0.95  -0.36   0.87   0.26  -0.75 ][-0.295 -1.098  1.787  0.719 -0.57   1.441  0.08   0.33  -0.96   0.78
 -0.04   0.55   0.25  -1.219  0.659  0.225 -0.53  -0.828  1.385 -0.86
  0.476  0.58   0.16   0.31   0.87  -0.16  -0.09  -0.65  -0.85  -0.46
  0.73   1.823 -0.65   0.12   1.66   0.126  0.77  -0.599 -0.48  -0.29
 -0.16   0.577  0.59  -0.024 -0.835  0.27  -0.27   0.46  -1.75   0.02
 -0.66  -0.32   0.139 -0.04  -0.92   0.6    0.42   0.7   -0.17  -0.06
 -0.65   0.68   0.12   0.59  -0.08   0.3    0.04   0.2   -0.58   0.77
  0.08  -0.18   0.46  -0.44  -0.32   0.51   0.86   0.9    0.52  -0.58
  0.23   0.71  -0.05   0.48   0.65   0.95  -0.36   0.87   0.26  -0.664][-0.81  -1.689  1.787  0.73  -0.57   0.97  -0.449  0.33  -0.96   1.05
 -0.04   0.55   0.25  -1.219  0.659  0.225 -0.53  -0.828  1.385 -0.86
  0.7    1.077  0.16   0.31   0.87  -0.16  -0.09   0.317 -0.85  -0.46
  0.73   0.94  -0.65   0.12   0.86   0.126  0.77  -0.599 -0.48  -0.29
 -0.16   0.577  0.791  0.31  -0.835  0.27  -0.27  -0.287 -1.75  -0.168
 -0.66  -0.32   0.139 -0.533 -0.92   0.6    0.42   0.7   -0.17  -0.06
 -0.65   0.68   0.12   0.59  -0.08   0.3    0.04   0.2   -0.58   0.77
  0.08  -0.18   0.46  -0.44  -0.32   0.51   0.86   0.9    0.52  -0.58
  0.23   0.468 -0.05   0.48   0.65   0.95  -0.36   0.87   0.26  -0.75 ][-0.81  -1.098  1.787  0.73  -0.57   0.97   0.08   0.33  -0.96   0.78
 -0.801  0.55   0.25  -0.51   0.659  0.225 -0.53  -0.828  1.385 -0.86
  0.476  0.58   0.16   0.31   0.258 -0.16  -0.09  -0.65  -0.85  -0.46
  0.73   0.94  -0.65   0.12   0.86   0.126  0.77  -0.599 -0.48  -0.29
 -0.89   0.577  0.839 -0.024 -0.962  0.27  -0.27   0.46  -1.326  0.02
 -0.66  -0.32   0.24  -0.04  -0.92   0.6    0.42   0.7   -0.17  -0.06
 -0.65   0.68   0.12   0.59  -0.08   0.3   -0.539  0.2   -1.434  0.77
  0.08  -0.18   0.46  -0.44  -0.32   0.51   0.86   0.9    0.52  -0.58
  0.23   0.71  -0.05   0.48   0.65   0.95  -0.36   0.87   0.26  -0.75 ][-0.689 -1.098  1.787  0.73  -0.57   0.97  -0.449  0.33  -0.96   0.78
 -0.04   0.55   0.25  -0.68  -0.235  0.315 -0.53  -0.828  1.385 -0.86
  0.476  0.58   0.16   0.31   0.87  -0.16  -0.992 -0.243 -0.503 -0.46
  0.73   0.94  -0.65   0.12   0.86   0.126  0.77  -0.599 -0.48  -0.29
 -0.16   0.577  0.839  0.31  -0.962  0.27  -0.27  -0.287 -1.75   0.02
 -0.66  -0.32   0.24  -0.533 -0.92   0.6    0.42   0.7   -0.17  -0.06
 -0.65   0.68   0.12   0.59  -0.08   0.3    0.04   0.2   -0.58   0.77
  0.08  -0.18   0.46  -0.44  -0.32   0.51   0.86   0.9    0.52  -0.58
  0.23   0.564 -0.05   0.48   0.65   0.95  -0.36   0.87   0.26  -0.664][-0.757 -1.098  1.787  0.73  -0.57   0.97   0.08   0.33  -0.96   1.195
 -0.04   0.55   0.25  -0.68  -0.235  0.315 -0.53  -0.828  1.385 -0.86
  0.7    0.58   0.16   0.31   0.87  -0.16  -0.09  -0.243 -0.503 -0.46
  1.723  0.94  -0.65   0.12   0.86   0.126  0.77  -0.599 -0.48  -0.29
 -0.16   0.577  0.791 -0.024 -0.835  0.27  -0.27   0.46  -1.75   0.02
 -0.66  -0.32   0.24  -0.533 -0.92   0.6    0.42   0.7   -0.17  -0.06
 -0.728  0.68   0.12   0.59  -0.08   0.3    0.04   0.2   -0.58   0.77
  0.08  -0.18   0.46  -0.44  -0.32   0.51   0.86   0.9    0.52  -0.58
  0.23   0.71  -0.05   0.48   0.65   0.95  -0.36   0.87   0.26  -0.75 ][-0.757 -1.098  1.787  0.73  -0.57   0.97   0.08   0.33  -0.96   0.78
 -0.04   0.55   0.25  -0.68   0.659  0.315 -0.53  -0.828  1.385 -0.86
  0.7    1.291  0.16   0.31   0.87  -0.16  -0.09  -0.243 -0.85  -0.46
  0.73   1.823 -0.65   0.12   0.86   0.126  0.77  -0.599 -0.48  -0.29
 -0.16   0.577  0.59  -0.024 -0.962  0.27  -0.27   0.46  -1.75   0.02
 -0.66  -1.122  0.24  -0.04  -0.92   0.6    0.42   0.7   -0.17  -0.06
 -0.728  0.68   0.12   0.59  -0.08   0.3    0.04   0.2   -0.58   0.77
  0.08  -0.18   0.46  -0.44  -0.32   0.51   0.86   0.9    0.52  -0.58
  0.23   0.71  -0.05   0.48   0.65   0.95  -0.36   0.87   0.26  -0.664][-0.81  -1.098  1.787  0.73  -0.529  0.97  -0.449  0.33  -0.96   1.073
 -0.04   0.55   0.25  -0.68   0.602  0.225 -0.53  -0.828  1.385 -0.86
  0.476  0.58   0.16   0.31   1.55  -0.16  -0.09  -0.65  -0.85  -0.46
  0.73   0.94  -0.65   0.12   0.86   0.126  0.77  -0.599 -0.48  -0.29
 -0.89   0.577  0.839  0.31  -0.962  0.27  -0.27  -0.287 -1.75  -0.168
 -0.66  -0.32   0.24  -0.533 -0.92   0.6    0.42   0.7   -0.266 -0.06
 -0.65   0.68   0.12   0.59  -0.08   0.3    0.04   0.2   -0.58   0.77
  0.08  -0.18   0.46  -0.44  -0.32   0.51   0.86   0.9    0.52  -0.58
  0.23   0.71  -0.05   0.48   0.65   0.95  -0.36   0.87   0.26  -0.664][-0.689 -1.079  1.787  0.73  -0.57   1.849 -0.449  0.33  -0.96   0.78
 -0.04   0.55   0.25  -1.219  0.659  0.225 -0.53  -0.828  0.87  -0.86
  0.7    1.077  0.16   0.31   0.87  -0.16  -0.09  -0.65  -0.85  -0.46
  0.73   0.94  -0.65   0.12   0.86   0.126  0.77  -0.599 -0.48  -0.29
 -0.89   0.577  0.791  0.31  -0.962  0.27  -0.27  -0.287 -1.75   0.02
 -0.66  -0.32   0.24  -0.533 -0.92   0.6    0.42   0.7   -0.17  -0.06
 -0.65   0.68   0.12   0.59  -0.08   0.3    0.04   0.2   -0.664  0.77
  0.08  -0.18   0.46  -0.44  -0.32   0.51   0.86   0.9    0.52  -0.58
  0.23   0.71  -0.05   0.48   0.65   0.95  -0.36   0.87   0.26  -0.75 ][-0.81  -1.098  1.787  0.73  -0.57   0.97   0.08   0.33  -0.96   1.195
 -0.04   0.55   0.25  -0.68   0.659  0.315 -0.53  -0.828  1.385 -0.86
  0.7    0.58   0.16   0.31   0.87  -0.16  -0.992 -0.65  -0.503 -0.46
  0.73   1.823 -0.65   0.12   0.86   0.126  0.77  -0.599 -0.48  -0.29
 -0.16   0.577  0.791 -0.024 -0.962  0.27  -0.27   0.46  -1.75   0.02
 -0.66  -0.32   0.827 -0.04  -0.92   0.6    0.42   0.7   -0.17  -0.06
 -0.65   0.68   0.12   0.59  -0.08   0.3   -0.539  0.2   -1.434  0.77
  0.08  -0.18   0.46  -0.44  -0.32   0.51   0.86   0.9    0.52  -0.58
  0.23   0.71  -0.05   0.48   0.65   0.95  -0.36   0.87   0.26  -0.75 ][ 0.003 -1.098  1.787  0.73  -0.529  0.97   0.08   0.33  -0.96   1.05
 -0.04   0.55   0.25  -1.219  0.659  0.225 -0.53  -0.828  1.385 -0.86
  1.169  1.077  0.16   0.31   0.87  -0.16  -0.489 -0.65  -0.503 -0.46
  0.73   0.94  -0.65   0.12   0.869  0.126  0.77  -0.599 -0.48  -0.29
 -0.16   0.577  0.791  0.31  -0.962  0.27  -0.27  -0.287 -1.75   0.02
 -0.66  -0.32   0.24  -0.533 -0.92   0.6    0.42   0.7   -0.17  -0.06
 -0.65   0.68   0.12   0.59  -0.08   0.3    0.04   0.2   -0.58   0.77
  0.08  -0.18   0.46  -0.44  -0.32   0.51   0.86   0.9    0.52  -0.58
  0.23   0.71  -0.05   0.48   0.65   0.95  -0.36   0.87   0.26  -0.664][-0.81  -1.098  1.787  0.73  -0.57   0.97   0.08   0.33  -0.96   1.05
 -0.04   0.55   0.25  -1.219  0.659  0.315 -0.53  -0.828  1.385 -0.86
  0.7    0.58   0.16   0.31   0.87  -0.16  -0.992  0.317 -0.85  -0.46
  0.73   0.94  -0.65   0.12   0.86   0.126  0.77  -0.599 -0.48  -0.29
 -0.16   1.223  0.791  0.31  -0.835  0.27  -1.093  0.501 -1.75   0.02
 -0.66  -0.32   0.139 -0.533 -0.92   0.6    0.42   0.7   -0.17  -0.06
 -0.728  0.68   0.12   0.59  -0.484  0.3    0.04   0.2   -0.664  0.77
  0.08  -0.18   0.46  -0.44  -0.32   0.51   0.86   0.9    0.52  -0.58
  0.23   0.71  -0.05   0.48   0.65   0.95  -0.36   0.87   0.26  -0.664][-0.81  -1.098  1.787  0.73  -0.57   0.97   0.08   0.33  -0.96   0.78
 -0.04   0.55   0.25  -1.219 -0.235  0.315 -0.53  -0.828  1.385 -0.86
  0.7    0.58  -0.78   0.31   0.87  -0.276 -0.992 -0.243 -0.503 -0.46
  0.73   0.94  -0.65   0.12   0.86   0.126  0.77  -0.599 -0.48  -0.29
 -0.16   0.577  0.791  0.31  -0.962  0.27  -0.27  -0.287 -1.75   0.02
 -0.66  -0.32   0.24  -0.533 -0.92   0.6    0.42   0.7   -0.17  -0.06
 -0.65   0.68   0.12   0.59  -0.08   0.3    0.04   0.2   -0.58   0.77
  0.08  -0.18   0.46  -0.44  -0.32   0.51   0.684  0.9    0.52  -0.58
  0.23   0.71  -0.05   0.48   0.65   0.95  -0.36   0.87   0.26  -0.664][ 0.003 -1.098  1.787  0.73  -0.529  0.97   0.08   0.33  -1.294  1.05
 -0.04   0.55   0.25  -1.219  0.659  0.225 -0.53  -0.828  1.385 -0.86
  0.476  0.58   0.16   0.31   0.87   1.18  -0.489 -0.65  -0.85  -0.46
  0.73   1.823 -0.65   0.12   0.869  0.126  0.77  -0.599 -0.48  -0.29
 -0.16   0.577  0.791  0.31  -0.962  0.27  -0.27  -0.287 -1.75   0.02
 -0.66  -0.32   0.24  -0.533 -0.92   0.6    0.42   0.7   -0.17  -0.06
 -0.65   0.68   0.12   0.59  -0.08   0.3    0.04   0.2   -0.58   0.77
  0.08  -0.18   0.46  -0.44  -0.32   0.51   0.86   0.9    0.52  -0.58
  0.23   0.71   0.637  0.48   0.65   0.95  -0.36   0.87   0.26  -0.75 ][-0.81  -1.098  1.787  0.73  -0.529  0.97  -0.449  0.33  -0.96   0.78
 -0.04   0.55   0.25  -0.767  0.659  0.225 -0.53  -0.798  0.87  -1.19
  0.797  0.58   0.16   0.31   0.87  -0.276 -0.992 -0.65  -0.85  -0.46
  0.73   0.94  -0.65   0.12   0.86   0.126  0.77  -0.599 -0.48  -0.29
 -0.16   0.577  0.791 -0.024 -0.962  0.27  -1.093 -0.287 -1.75   0.701
 -0.66  -0.32   0.24  -0.533 -0.92   0.6    0.42   0.7   -0.17  -0.06
 -0.65   0.68   0.12   0.59  -0.08   0.3    0.04   0.2   -0.58   0.77
  0.08  -0.18   0.46  -0.44  -0.32   0.51   0.86   0.9    0.52  -0.58
  0.23   0.71  -0.05   0.48   0.65   0.95  -0.36   0.87   0.26  -0.664][-0.757 -1.098  1.787  0.73  -0.57   0.97   0.08   0.33  -0.96   0.78
 -0.04   0.55   0.25  -0.68   0.659  0.225 -0.53  -0.828  1.385 -0.86
  0.7    0.58   0.16   0.31   1.117 -0.276 -0.09  -0.243 -0.85  -0.46
  0.73   1.823 -0.65   0.12   0.86   0.126  0.77  -0.599 -0.48  -0.29
 -0.16   0.577  0.59  -0.024 -0.962  0.27  -0.27   0.46  -1.75   0.02
 -0.66  -0.32   0.139 -0.533 -0.92   0.6    0.42   0.7   -0.17  -0.06
 -0.728  0.68   0.12   0.59  -0.08   0.3    0.04   0.2   -0.58   0.77
  0.08  -0.18   0.46  -0.44  -0.32   0.51   0.86   0.9    0.52  -0.58
  0.23   0.71  -0.05   0.48   0.65   0.95  -0.36   0.87   0.26  -0.664][-6.890e-01 -1.098e+00  1.787e+00  7.300e-01 -5.700e-01  9.700e-01
  8.000e-02  3.300e-01 -9.600e-01  1.195e+00 -4.000e-02  5.500e-01
  2.500e-01 -5.100e-01  6.590e-01  3.150e-01 -5.300e-01 -8.280e-01
  1.385e+00 -8.600e-01  7.000e-01  5.800e-01  1.600e-01  3.100e-01
  2.580e-01 -2.760e-01 -9.000e-02 -6.500e-01 -5.030e-01 -4.600e-01
  7.300e-01  9.400e-01 -6.500e-01  1.200e-01  8.600e-01  1.260e-01
  7.700e-01 -5.990e-01 -4.800e-01 -2.900e-01 -1.600e-01  5.770e-01
  8.390e-01  3.100e-01 -8.350e-01  5.010e-01 -2.700e-01 -2.870e-01
 -1.326e+00  2.000e-02 -6.600e-01 -3.200e-01  2.400e-01 -4.000e-02
 -9.200e-01  6.000e-01  4.200e-01  7.000e-01  1.000e-03 -6.000e-02
 -6.500e-01  6.800e-01  1.200e-01  5.900e-01 -8.000e-02  3.000e-01
  4.000e-02  2.000e-01 -5.800e-01  7.700e-01  8.000e-02 -1.800e-01
  4.600e-01 -4.400e-01 -3.200e-01  5.100e-01  8.600e-01  9.000e-01
  5.200e-01 -5.800e-01  2.300e-01  7.100e-01 -5.000e-02  4.800e-01
  6.500e-01  9.500e-01 -3.600e-01  8.700e-01  2.600e-01 -6.640e-01][-0.81  -1.098  1.787  0.73  -0.57   0.97  -0.449  0.33  -0.96   1.05
 -0.04   0.55   0.25  -0.767  0.659  0.225 -0.53  -0.828  1.385 -0.86
  0.475  0.58  -0.78   0.31   0.87  -0.276 -0.489 -0.65  -0.85  -0.46
  0.73   0.94  -0.65   0.12   0.86   0.126  0.77  -0.599 -0.48  -0.29
 -0.16   0.577  0.791  0.31  -0.835  0.27  -0.27  -0.287 -1.75   0.701
 -0.66  -0.32   0.139 -0.533 -0.92   0.6    0.42   0.7   -0.17  -0.06
 -0.65   0.68   0.12   0.59  -0.08   0.3    0.04   0.2   -0.58   0.77
  0.08  -0.18   0.46  -0.44  -0.32   0.51   0.86   0.9    0.52  -0.58
  0.23   0.71  -0.05   0.48   0.65   0.95  -0.36   0.87   0.26  -0.664][-0.81  -1.098  1.787  0.73  -0.179  0.97  -0.449  0.33  -0.96   1.05
 -0.04   0.55   0.25  -1.219  0.659  0.315 -0.53  -0.828  1.385 -0.86
  0.797  1.077  0.16   0.31   0.87  -0.16  -0.992 -0.65  -0.503 -0.46
  0.73   0.94  -0.65   0.12   0.86   0.126  1.107 -0.599 -0.48  -0.29
 -0.16   0.577  0.791 -0.024 -0.962  0.27  -0.27   0.46  -1.75   0.701
 -0.66  -0.32   0.24  -0.533 -0.92   0.6    0.42   0.7   -0.17  -0.06
 -0.65   0.68   0.12   0.59  -0.103  0.3    0.04   0.2   -0.58   0.77
  0.08  -0.18   0.46  -0.44  -0.32   0.51   0.86   0.9    0.52  -0.58
  0.23   0.71  -0.05   0.48   0.65   0.95  -0.36   0.87   0.26  -0.664][-0.757 -1.098  1.787  0.73  -0.57   1.441  0.08   0.33  -0.96   1.195
 -0.04   0.55   0.25  -0.68   0.659  0.225 -0.53  -0.828  1.385 -0.86
  0.476  1.291  0.16   0.31   0.87  -0.16  -0.09  -0.65  -0.85  -0.46
  0.73   1.823 -0.65   0.12   1.66   0.126  0.77  -0.599 -0.48  -0.29
 -0.16   0.577  0.59  -0.024 -0.962  0.27  -0.27   0.46  -1.205  0.02
 -0.66  -0.32   0.139 -0.04  -0.92   0.6    0.42   0.7   -0.17  -0.06
 -0.65   0.68   0.12   0.59  -0.08   0.3    0.04   0.2   -0.58   0.77
  0.08  -0.18   0.46  -0.44  -0.32   0.51   0.86   0.9    0.52  -0.58
  0.23   0.71  -0.05   0.48   0.65   0.95  -0.36   0.87   0.26  -0.664][ 0.003 -1.079  1.787  0.73  -0.57   0.97  -0.449  0.33  -0.96   1.05
 -0.04   0.55   0.25  -1.219  0.659  0.225 -0.53  -1.652  1.385 -0.86
  0.7    1.077  0.16   0.31   0.87  -0.16  -0.09  -0.65  -0.85  -0.46
  0.73   0.94  -0.65   0.12   0.86   0.126  0.77  -0.599 -0.48  -0.29
 -0.16   0.577  0.791  0.31  -0.835  0.27  -0.27  -0.287 -1.75   0.02
 -0.66  -0.32   0.24  -0.533 -0.92   0.6    0.42   0.7   -0.17  -0.06
 -0.65   0.68   0.12   0.59  -0.08   0.3   -0.539  0.2   -0.58   0.77
  0.08  -0.18   0.46  -0.44  -0.32   0.51   0.86   0.9    0.52  -0.58
  0.23   0.71  -0.05   0.48   0.65   0.95  -0.36   0.87   0.26  -0.75 ][-0.9   -1.689  1.787  0.73  -0.57   0.97   0.08   0.33  -0.96   1.05
 -0.04   0.55   0.25  -0.68  -0.235  0.315 -0.53  -0.828  1.385 -0.86
  0.7    1.077  0.16   0.31   0.87  -0.276 -0.992 -0.243 -0.85  -0.46
  0.73   0.94  -0.65   0.12   0.86   0.126  0.77  -0.599 -0.48  -0.29
 -0.16   0.577  0.59  -0.024 -0.962  0.27  -0.27  -0.287 -1.75   0.02
 -0.66  -0.32   0.24  -0.533 -0.92   0.6    0.42   0.7   -0.17  -0.06
 -0.65   0.68   0.12   0.59  -0.08   0.3    0.04   0.2   -0.58   0.77
  0.08  -0.18   0.46  -0.44  -0.32   0.51   0.86   0.9    0.52  -0.58
  0.23   0.71  -0.05   0.48   0.65   0.95  -0.36   0.87   0.26  -0.75 ][-0.81  -1.098  1.787  0.735 -0.57   0.97   0.08   0.33  -1.294  1.073
 -0.04   0.55   0.25  -1.219  0.659  0.225 -0.53  -0.828  1.385 -0.86
  0.476  0.58   0.16   0.31   0.87   1.18  -0.09  -0.65  -0.503 -0.46
  0.73   1.823 -0.65   0.12   0.86   0.126  0.77  -0.599 -0.48  -0.29
 -0.16   0.577  0.791 -0.024 -0.835  0.27  -0.27   0.46  -1.75  -0.168
 -0.66  -0.32   0.24  -0.533 -0.92   0.6    0.42   0.7   -0.17  -0.06
 -0.65   0.68   0.12   0.59  -0.08   0.3    0.04   0.2   -1.434  0.77
  0.08  -0.18   0.46  -0.44  -0.32   0.51   0.86   0.9    0.52  -0.58
  0.23   0.71  -0.05   0.48   0.65   0.95  -0.36   0.87   0.26  -0.75 ][-0.81  -1.079  1.787  0.73  -0.57   0.97  -0.449  0.33  -0.96   1.05
 -0.04   0.55   0.25  -1.219  0.659  0.225 -0.53  -0.828  1.385 -0.86
  0.7    1.077  0.16   0.31   0.87  -0.276 -0.992 -0.65  -0.503 -0.46
  0.73   0.94  -0.163  0.12   0.86   0.126  0.77  -0.599 -0.48  -0.29
 -0.16   0.577  0.791  0.31  -0.835  0.27  -0.27   0.46  -1.75   0.02
 -0.66  -0.32   0.24  -0.533 -0.92   0.6    0.42   0.7   -0.17  -0.06
 -0.728  0.68   0.12   0.59  -0.08   0.3   -0.539  0.2   -0.58   0.77
  0.08  -0.18   0.46  -0.44  -0.32   0.51   0.86   0.9    0.52  -0.58
  0.23   0.71   0.006  0.48   0.65   0.95  -0.36   0.87   0.26  -0.75 ][-0.81  -1.098  1.787  0.73  -0.529  0.97   0.08   0.33  -0.96   1.073
 -0.04   0.55   0.25  -1.219  0.659  0.315 -0.66  -0.828  1.385 -0.86
  0.7    1.291  0.16   0.31   0.87  -0.276 -0.489 -0.65  -0.85  -0.46
  0.73   1.823 -0.65   0.12   0.869  0.126  0.77  -0.599 -0.48  -0.29
 -0.16   0.577  0.59   0.31  -0.835  0.27  -1.093 -0.287 -1.75  -0.168
 -0.66  -0.32   0.24  -0.533 -0.92   0.6    0.42   0.7   -0.17  -0.06
 -0.65   0.68   0.12   0.59  -0.484  0.3    0.04   0.2   -0.58   0.203
  0.08  -0.18   0.46  -0.44  -0.32   0.51   0.86   0.9    0.52  -0.58
  0.23   0.71   0.006  0.48   0.65   0.95  -0.36   0.87   0.26  -0.664][-0.757 -1.098  1.787  0.73  -0.57   0.97   0.08   0.33  -0.96   0.78
 -0.04   0.55   0.25  -0.68   0.659  0.315 -0.53  -0.828  1.385 -0.86
  0.7    1.291  0.16   0.31   0.87  -0.16  -0.992 -0.243 -0.85  -0.46
  0.73   0.94  -0.65   0.12   0.86   0.126  0.77  -0.599 -0.48  -0.29
 -0.16   1.477  0.59  -0.024 -0.962  0.27  -0.27   0.46  -1.75   0.02
 -0.66  -0.32   0.139 -0.04  -0.92   0.6    0.42   0.7   -0.17  -0.06
 -0.728  0.68   0.12   0.59  -0.08   0.3    0.04   0.2   -0.58   0.77
  0.08  -0.18   0.46  -0.44  -0.32   0.51   0.86   0.9    0.52  -0.58
  0.23   0.71  -0.05   0.48   0.65   0.95  -0.36   0.87   0.26  -0.664][-0.295 -1.098  1.787  0.73  -0.529  0.97   0.08   0.33  -0.96   1.195
 -0.04   0.55   0.25  -1.219  0.659  0.225 -0.53  -0.828  1.385 -0.86
  0.7    0.58   0.16   0.31   0.87  -0.16  -0.489 -0.65  -0.503 -0.46
  0.73   1.823 -0.65   0.12   1.66   0.126  0.77  -0.599 -0.48  -0.29
 -0.16   0.577  0.59   0.31  -0.835  0.27  -0.27   0.46  -1.75  -0.168
 -0.66  -0.32   0.24  -0.533 -0.92   0.6    0.42   0.7   -0.17  -0.06
 -0.65   0.68   0.12   0.59  -0.484  0.3    0.04   0.86  -0.58   0.77
  0.08  -0.18   0.46  -0.44  -0.32   0.51   0.86   0.9    0.52  -0.58
  0.23   0.71   0.006  0.48   0.65   0.95  -0.36   0.87   0.26  -0.664][-0.757 -1.098  1.787  0.73  -0.57   1.441  0.08   0.33  -0.96   0.78
 -0.04   0.55   0.25  -0.68   0.602  0.225 -0.53  -0.828  1.385 -0.86
  0.7    1.291  0.16   0.31   0.87  -0.16  -0.09  -0.65  -0.85  -0.46
  0.73   0.94  -0.65   0.12   0.86   0.126  0.77  -0.599 -0.48  -0.29
 -0.16   0.577  0.59  -0.024 -0.962  0.27  -0.27  -0.287 -1.75  -0.168
 -0.66  -0.32   0.24  -0.533 -0.92   0.6    0.42   0.7   -0.17  -0.06
 -0.65   0.68   0.12   0.59  -0.08   0.3    0.04   0.2   -0.58   0.77
  0.08  -0.18   0.46  -0.44  -0.32   0.51   0.86   1.875  0.52  -0.58
  0.23   0.71  -0.05   0.48   0.65   0.95  -0.36   0.87   0.26  -0.664][ 0.003 -1.079  1.787  0.73  -0.57   1.372  0.08   0.33  -0.96   0.78
 -0.04   0.55   0.25  -0.51   0.659  0.315 -0.53  -0.828  1.385 -0.86
  0.7    0.58   0.16   0.31   0.87  -0.276 -0.09  -0.65  -0.85  -0.46
  0.73   0.94  -0.65   0.12   0.86   0.126  0.77  -0.599 -0.48  -0.29
 -0.16   0.577  0.791  0.31  -0.962  0.27  -0.27  -0.287 -1.75  -0.168
 -0.66  -0.32   0.24  -0.533 -0.92   0.6    0.42   0.7   -0.17  -0.06
 -0.65   0.68   0.12   0.59  -0.08   0.3   -0.539  0.2   -0.664  0.77
  0.08  -0.18   0.46  -0.44  -0.32   0.51   0.86   0.9    0.52  -0.58
  0.23   0.71  -0.05   0.48   0.65   0.95  -0.36   0.87   0.26  -0.664][-0.689 -1.098  1.787  0.73  -0.57   0.97   0.08   0.33  -0.96   1.05
 -0.04   0.55   0.25  -0.68   0.659  0.315 -0.53  -0.828  1.385 -0.86
  0.476  0.58   0.16   0.31   0.87  -0.16  -0.09   0.317 -0.85  -0.46
  0.73   0.94  -0.65   0.12   0.86   0.126  0.77  -0.599 -0.48  -0.29
 -0.16   1.498  0.839  0.31  -0.962  0.27  -1.093  0.501 -1.75  -0.168
 -0.66  -0.32   0.139 -0.533 -0.92   0.6    0.42   0.7   -0.17  -0.06
 -0.728  0.68   0.12   0.59  -0.484  0.3    0.04   0.2   -0.58   0.77
  0.08  -0.18   0.46  -0.44  -0.32   0.51   0.86   0.9    0.52  -0.58
  0.23   0.71   0.006  0.48   0.65   0.95  -0.36   0.87   0.26  -0.664][-0.757 -1.098  1.787  0.73  -0.57   0.97   0.08   0.33  -0.96   0.78
 -0.04   0.55   0.25  -0.68   0.659  0.225 -0.53  -0.828  1.385 -0.86
  0.7    0.58   0.16   0.31   0.87  -0.276 -0.992 -0.65  -0.503 -0.46
  0.73   0.94  -0.65   0.12   0.86   0.126  0.77  -0.599 -0.48  -0.29
  0.804  0.577  0.791 -0.024 -0.962  0.27  -0.27   0.46  -1.75   0.701
 -0.66  -0.32   0.139 -0.533 -0.92   0.285  0.42   0.7   -0.17  -0.06
 -0.728  0.68   0.12   0.59  -0.103  0.3    0.04   0.2   -0.58   0.77
  0.08  -0.18   0.46  -0.44  -0.32   0.51   0.86   0.9    0.52  -0.58
  0.23   0.71   0.006  0.48   0.65   0.95  -0.36   0.87   0.26  -0.664][-0.81  -1.098  1.787  0.73  -0.57   0.97   0.08   0.33  -0.96   0.78
 -0.04   0.55   0.551 -1.219  0.659  0.225 -0.53  -0.828  1.385 -0.86
  0.7    1.291  0.16   0.31   0.87  -0.276 -0.09  -0.243 -0.503 -0.46
  0.73   1.823 -0.65   0.12   0.869  0.126  0.77  -0.599 -0.48  -0.29
 -0.16   0.577  0.59   0.31  -0.962  0.27  -1.093 -0.287 -1.75  -0.168
 -0.66  -0.32   0.139 -0.533 -0.92   0.6    0.42   0.7   -0.17  -0.06
 -0.728  0.68   0.12   0.59  -0.08   0.3    0.04   0.2   -0.58   0.77
  0.08  -0.18   0.46  -0.44  -0.32   0.51   0.86   0.9    0.52  -0.58
  0.23   0.71  -0.05   0.48   0.65   0.95  -0.36   0.87   0.26  -0.75 ][ 0.003 -1.098  1.787  0.73  -0.179  0.97   0.08   0.33  -0.96   1.05
 -0.04   0.55   0.25  -0.68  -0.235  0.416 -0.53  -0.828  1.385 -0.86
  0.7    0.58   0.16   0.31   0.87  -0.16  -0.992 -0.243 -0.503 -0.46
  0.73   0.94  -0.65   0.12   0.86   0.126  0.77  -0.599 -0.48  -0.29
 -0.16   0.577  0.791  0.31  -0.962  0.27  -0.27   0.46  -1.75   0.02
 -0.66  -0.32   0.24  -0.533 -0.92   0.6    0.42   0.7   -0.17  -0.06
 -0.65   0.68   0.12   0.59  -0.08   0.3    0.04   0.2   -0.664  0.77
  0.08  -0.18   0.46  -0.44  -0.32   0.51   0.86   0.9    0.52  -0.58
  0.23   0.71  -0.05   0.48   0.65   0.95  -0.36   0.87   0.26  -0.664]