[-0.81  -1.098  1.787  0.73  -0.57   0.97   0.08   0.33  -1.709  0.78
 -0.04   0.55   1.093 -0.68   0.659  0.225 -0.53  -0.828  1.385 -0.86
  0.7    0.58   0.16   0.31   0.87  -0.16  -0.09  -0.65  -0.85  -1.056
  0.73   1.823 -0.65   0.12   0.86   0.126  0.77  -0.599 -0.48  -0.29
 -0.16   0.577  0.59   0.31  -0.6    0.27  -0.27   0.46  -0.93   0.02
 -0.66  -0.32   0.24  -0.04  -0.92   0.6    0.42   0.7   -0.17  -0.06
 -0.65   0.68   0.12   0.59  -0.08   0.3    0.04   0.2   -0.58   0.77
  0.08  -0.18   0.46  -0.44  -0.32   0.51   0.86   0.9    0.52  -0.58
  0.23   0.71  -0.05   0.48   0.65   0.95  -0.36   0.87   0.26  -0.75 ][-0.81  -1.616  1.787  0.73  -0.57   0.97   0.08   0.33  -0.96   0.78
 -0.04   0.55   0.25  -0.68   0.55   0.225 -0.53  -0.828  0.87  -0.86
  0.476  0.58   0.16   0.31   0.87  -0.16  -0.09  -0.65  -0.85  -0.46
  0.73   0.94  -0.65   0.12   0.86   0.126  0.77  -0.599 -0.48  -0.29
 -0.16   0.577  0.59   0.31  -0.6    0.27  -0.27   0.643 -1.75   0.02
 -0.66  -0.32   0.24  -0.04  -0.92   0.6    0.42   0.7   -0.17  -0.06
 -0.65   0.68   0.12   0.59  -0.08   0.3    0.04   0.2   -0.58   0.77
  0.08  -0.18   0.46  -0.44  -0.474  0.51   0.86   0.9    0.52  -0.58
  0.23   0.71  -0.05   0.48   0.65   0.95  -0.36   0.87   0.26  -0.75 ][-0.81  -1.098  1.787  0.73  -0.57   0.97   0.08   0.33  -0.96   0.78
 -0.04   0.55   0.25  -0.68   0.659  0.225 -0.53  -0.828  0.87  -0.86
  0.7    0.58   0.16   0.31   0.87  -0.16  -0.09  -0.65  -0.85  -0.46
  0.73   1.823 -0.65   0.12   0.86   0.126  0.77  -0.599 -0.48  -0.29
 -0.16   0.577  0.59   0.31  -0.6    0.27  -0.27   0.46  -0.93   0.02
 -1.113 -0.32   0.24  -0.533 -0.92   0.6    0.42   0.7   -0.17  -0.06
 -0.65   0.68   0.12   0.59  -0.08   0.3    0.04   0.2   -0.58   0.77
  0.08  -0.18   0.313 -0.44  -0.32   0.51   0.86   0.9    0.52  -0.58
  0.707  0.71  -0.05   0.48   0.65   0.95  -0.36   0.87   0.26  -0.75 ][-0.81  -1.098  1.787  1.535 -0.57   0.97   0.08   0.33  -1.709  0.78
 -0.04   0.55   0.25  -0.68   0.55   0.225 -0.53  -0.828  0.87  -0.86
  0.7    0.58   0.16   0.31   0.87  -0.16  -0.09  -0.65  -0.85  -1.056
  0.73   0.94  -0.65   0.12   0.86   0.126  0.77  -0.599 -0.48  -0.29
 -0.16   0.577  0.59   0.31  -0.6    0.27  -0.27   0.46  -1.75   0.02
 -0.66  -0.32   0.24  -0.04  -0.92   0.6    0.42   0.7   -0.17  -0.06
 -0.65   0.68   0.12   0.59  -0.08   0.3    0.04   0.2   -0.58   0.77
  0.08  -0.18   0.46  -0.44  -0.32   0.51   0.86   0.9    0.52  -0.58
  0.23   0.71  -0.05   0.48   0.65   0.95  -0.36   0.87   0.26  -0.75 ][-0.81  -1.098  0.86   0.73  -0.57   0.507  0.178  1.2   -0.96   0.78
 -0.04   0.55   0.25  -0.68   0.55   0.225 -0.53  -0.828  0.87  -0.86
  0.7    0.58   0.16   0.31   0.87  -0.16  -0.09  -0.65  -0.85  -1.056
  0.73   0.94  -0.65   0.12   0.86   0.126  0.77  -0.73  -0.48  -0.29
 -0.16   0.577  0.59   0.31  -0.6    0.27  -0.27   0.46  -0.93   0.02
 -0.66  -0.641  0.24  -0.04  -0.92   0.6    0.42   0.7   -0.17  -0.06
 -0.65   0.68   0.12   0.59  -0.08   0.3    0.04   0.2   -0.58   0.77
  0.08  -0.18   0.46  -0.44  -0.32   0.51   0.86   0.9    0.52  -0.58
  0.23   0.71  -0.05   0.48   0.65   0.95  -0.36   0.87   0.26  -0.75 ][-0.81  -1.098  0.86   0.73  -0.57   0.97   0.08   0.33  -1.709  0.78
 -0.04   0.55   0.25  -1.219  0.55   0.225 -0.53  -0.828  0.87  -0.86
  0.7    0.58   0.16   0.31   0.87  -0.276 -0.09  -0.65  -0.85  -0.46
  0.787  0.94  -0.65   0.12  -0.036  0.126  0.77  -0.73  -0.48  -0.29
 -0.16   0.577  0.59   0.31  -0.6    0.27  -0.27   0.643 -0.93   0.02
 -0.66  -0.32   0.24  -0.04  -0.92   0.6    0.42   0.7   -0.17  -0.06
 -0.65   0.68   0.12   0.59  -0.103  0.3    0.04   0.2   -0.58   0.77
  0.08  -0.18   0.46  -0.44  -0.32   0.51   0.86   0.9    0.52  -0.7
  0.23   0.71  -0.05   0.48   0.65   0.95  -0.36   0.87   0.26  -0.75 ][-0.81  -1.098  1.787  0.73  -0.57   0.149 -0.579  0.33  -0.96   0.78
 -0.04   0.55   0.25  -0.68   0.55   0.225 -0.53  -0.828  0.87  -0.86
  0.7    0.58   0.16   0.31   0.87  -0.16  -0.782 -0.65  -0.85  -0.327
  0.73   0.94  -0.65   0.12   0.86   0.126  0.77  -0.599 -0.48  -0.29
 -0.16   0.577  0.59   0.31  -0.6    0.27  -0.27   0.46  -0.93  -0.524
 -0.66  -0.32   0.24  -0.533 -0.92   0.6    0.05   0.7   -0.17  -0.06
 -0.65   1.605  0.12   0.59  -0.08   0.3    0.04  -0.052 -0.58   0.77
  0.08  -0.18   0.46  -0.44  -0.32   0.51   0.86   0.9    0.52  -0.58
  0.23   0.71  -0.05   0.48   0.65   0.95  -0.36   0.87   0.26  -0.75 ][-0.81  -1.098  1.787  0.73  -0.57   0.149  0.08   0.33  -0.96   0.78
 -0.04   0.55  -0.253 -0.68   0.55   0.225 -0.53  -0.828  0.87  -0.86
  0.7    0.58   0.16   0.31   0.87  -0.16  -0.09  -0.65  -1.352 -0.46
  0.73   0.94  -0.65   0.12   0.86   0.126  0.77  -0.599 -0.48  -0.29
 -0.16   0.577  0.59   0.31  -0.6    0.27  -0.27   0.46  -0.93   0.02
 -0.66  -0.478  0.24  -0.04  -0.92   0.6    0.42   0.7   -0.17  -0.06
 -0.65   0.68   0.12   0.59  -0.08   0.3    0.04   0.2   -0.58   0.77
  0.08  -0.18   0.46  -0.44  -0.32   0.51   0.86   0.9    0.52  -0.58
  0.23   0.71  -0.05   0.48   0.65   0.95  -0.36   0.87   0.26  -0.75 ][-0.81  -1.098  1.787  0.73  -0.57   0.97   0.08   1.2   -0.96   0.78
 -0.04   0.55   0.25  -0.68   0.55   0.78  -0.53  -0.828  1.385 -0.86
  0.7   -0.21   0.16   0.31   0.87  -0.16  -0.09  -0.65  -0.978 -0.46
  0.73   1.823 -0.65   0.12   0.86   0.126  0.77  -0.73  -0.48  -0.29
 -0.16   0.577  0.59   0.31   0.113  0.27  -0.27   0.46  -0.93   0.02
 -1.113 -0.641  0.24  -0.04  -0.92   0.6    0.42   0.7   -0.17  -0.06
 -0.65   0.68   0.12   0.59  -0.08   0.3    0.04   0.2    0.62   0.77
  0.08  -0.18   0.46  -0.44  -0.32   0.51   0.86   0.9    0.52  -0.7
  0.23   0.71  -0.05   0.48   0.65   0.95  -0.36   0.87   0.26  -0.75 ][-0.81  -1.098  1.787  0.73  -0.57   0.97   0.08   0.33  -1.709  0.78
 -0.04   0.55   0.25  -0.68   0.55   0.225 -0.53  -0.828  0.87  -0.86
  0.7    0.58   0.16   0.31   0.87  -0.16  -0.09  -0.65  -0.85  -0.327
  0.787  0.94  -0.65   0.12   0.86   0.126  0.77  -0.599 -0.48  -0.29
 -0.16   0.577  0.59   0.31  -0.6    0.27  -0.27   0.643 -1.75   0.02
 -0.66  -0.32   0.24  -0.04  -0.92   0.6    0.42   0.7   -0.17  -0.06
 -0.65   0.68   0.12   0.59  -0.08   0.3    0.04   0.2   -0.58   0.77
  0.08  -0.18   0.46  -0.44  -0.32   0.51   0.86   0.9    0.52  -0.58
  0.23   0.71  -0.05   0.48   0.65   0.95  -0.36   0.87   0.26  -0.75 ][-0.81  -1.098  1.787  0.73  -0.57   0.149 -0.579  0.33  -0.96   0.78
 -0.04   0.55   0.25  -0.68   0.55   0.225 -0.53  -0.828  0.87  -0.86
  0.7    0.58   0.16   0.869  0.87  -0.16  -0.09  -0.65  -0.85  -0.327
  0.73   0.94  -0.65   0.12   0.86   0.126  0.77  -0.599 -0.48  -0.29
 -0.16   0.577  0.59   0.31  -0.6    0.27  -0.27   0.46  -0.93   0.02
 -0.66  -0.32   0.24  -0.533 -0.92   0.6    0.05   0.7   -0.17  -0.06
 -0.65   0.68   0.12   0.59  -0.08   0.3    0.04   0.2   -0.58   0.77
  0.08  -0.18   0.46  -0.44  -0.32   0.51   0.86   0.9    0.52  -0.7
  0.23   0.71  -0.05   0.48   0.65   0.95  -0.36   0.87   0.26  -0.75 ][-0.81  -1.098  1.787  0.73  -0.57   0.97  -0.579  0.33  -1.709  0.78
 -0.04   0.55  -0.253 -0.68   0.55   0.225 -0.53  -0.828  0.87  -0.86
  0.7    0.58   0.16   0.31   0.87  -0.16  -0.09  -0.65  -0.85  -0.46
  0.73   0.94  -0.65   0.12   0.86   0.126  0.77  -0.599 -0.48  -0.29
 -0.16   0.577  0.59   0.31  -0.6    0.27  -0.27   0.643 -0.93   0.02
 -0.66  -0.32   0.24  -0.533 -0.92   0.6    0.42   0.7   -0.17  -0.06
 -0.65   0.68   0.12   0.59  -0.08   0.3    0.04   0.2   -0.58   0.847
  0.08  -0.18   0.46  -0.44  -0.32   0.51   0.86   0.9    0.52  -0.58
  0.23   0.71  -0.05   0.48   0.65   0.95  -0.36   0.87   0.26  -0.75 ][-0.81  -1.098  0.86   0.73  -0.57   0.97   0.08   0.33  -0.96   0.78
 -0.04   0.55   0.25  -1.219  0.55   0.225 -0.53  -0.828  0.185 -0.86
  0.7    0.58   0.16   0.31   0.87  -0.276 -0.09  -0.65  -0.85  -0.46
  0.73   0.94  -0.65   0.12   0.86   0.126  0.77  -0.73  -0.48  -0.29
 -0.16   0.577  0.59   0.31  -0.6    0.27  -0.27   0.46  -0.93   0.02
 -0.66  -0.32   0.24  -0.04  -0.92   0.6    0.42   0.7   -0.17  -0.06
 -0.65   0.68   0.12   0.59  -0.103  0.3    0.04   0.2   -0.58   0.77
  0.08  -0.18   0.46  -0.44  -0.32   0.51   0.86   0.9    0.52  -0.7
  0.23   0.71  -0.05   0.48   0.65   0.95  -0.36   0.87   0.26  -0.75 ][-0.81  -1.098  0.86   0.73  -0.57   0.97  -0.579  1.2   -0.96   0.78
 -0.04   0.55  -0.253 -0.68   0.55   0.78  -0.53  -0.828  0.35  -0.86
  0.7    0.58   0.16   0.31   0.87  -0.16  -0.09  -0.65  -0.978 -0.46
  0.73   0.94  -0.65   0.12   0.86   0.126  0.77  -0.599 -0.48  -0.29
 -0.16   0.577  0.59   0.31  -0.6    0.27  -0.27   0.46  -0.93   0.02
 -0.66  -0.32   0.24  -0.533 -0.92   0.6    0.42   0.7   -0.17  -0.06
 -0.65   0.68   0.12   0.59  -0.423  0.3    0.04   0.2   -0.58   0.77
  0.08  -0.18   0.46  -0.44  -0.32   0.51   0.86   0.9    0.52  -0.58
  0.23   0.71  -0.05   0.48   0.65   0.95  -0.409  0.87   0.26  -0.75 ][-0.81  -1.098  1.787  0.73  -0.57   0.97   0.08   0.33  -0.96   0.78
 -0.04   0.55   0.25  -0.68   0.55   0.225 -0.53  -0.828  1.385 -0.86
  0.7   -0.21   0.16   0.31   0.87  -0.16  -0.09  -0.65  -0.978 -0.46
  0.787  1.823 -0.65   0.12   0.86   0.126  0.77  -0.599 -0.48  -0.29
 -0.16   0.577  0.59   0.31  -0.6    0.27  -0.27   0.46  -1.75   0.02
 -0.66  -0.32   0.24  -0.04  -0.92   0.6    0.42   0.7   -0.17  -0.06
 -0.65   0.68   0.12   0.59  -0.08   0.3    0.04   0.2    0.62   0.77
  0.08  -0.18   0.46  -0.44  -0.32   0.51   0.86   0.9    0.52  -0.869
  0.23   0.71  -0.05   0.48   0.65   0.95  -0.36   0.87   0.26  -0.75 ][-0.81  -1.098  0.86   0.73  -0.57   0.97   0.08   0.33  -0.96   0.78
 -0.04   0.55   0.25  -0.68   0.659  0.225 -0.53  -0.828  1.385 -0.86
  0.7    0.58   0.16   0.31   0.87  -0.16  -0.09  -0.65  -0.978 -0.327
  0.73   1.823 -0.928  0.12   0.86   0.126  0.77  -0.599 -0.48  -0.29
 -0.16   0.577  0.59   0.31  -0.6    0.27  -0.27   0.46  -0.93   0.02
 -0.66  -0.32   0.24  -0.04  -0.92   0.6    0.42   0.7   -0.17  -0.06
 -0.747  0.68   0.12   0.59  -0.103  0.3    0.04   0.981 -0.58   0.77
  0.08  -0.18   0.46  -0.44  -0.32   0.51   0.86   0.9    0.52  -0.58
  0.23   0.71  -0.05   0.48   0.65   0.95  -0.36   0.87   0.26  -0.75 ][-0.81  -1.098  1.787  0.73  -0.57   0.149 -0.579  0.33  -0.96   0.78
 -0.04   0.55  -0.253 -0.68   0.55   0.225 -0.53  -0.828  0.87  -0.86
  0.7    0.58   0.16   0.31   0.87  -0.16  -0.09  -0.65  -0.85  -0.46
  0.73   0.94  -0.65   0.12   0.86   0.126  0.77  -0.599 -0.48  -0.29
 -0.16   0.577  0.59   0.31  -0.6    0.27  -0.27   0.46  -0.93   0.02
 -0.66  -0.32   0.24  -0.533 -0.92   0.6    0.42   0.7   -0.17  -0.06
 -0.65   0.68   0.12   0.59  -0.08   0.3    0.04  -0.052 -0.58   0.77
  0.08  -0.18   0.46  -0.44  -0.32   0.51   0.86   0.9    0.52  -0.7
 -0.381  0.71  -0.05   0.48   0.65   0.95  -0.36   0.87   0.26  -0.75 ][-0.81  -1.098  1.787  0.73  -0.57   0.97   0.08   0.33  -1.709  0.78
 -0.04   0.55   0.25  -0.68   0.659  0.225 -0.53  -0.828  0.87  -0.86
  0.7    0.58   0.16   0.31   0.87  -0.16  -0.09  -0.65  -0.85  -0.46
  0.73   0.94  -0.65   0.12   0.86   0.126  0.77  -0.599 -0.48  -0.29
 -0.16   0.577  0.59   0.31  -0.6    0.27  -0.27   0.46  -1.75  -0.103
 -0.66  -0.32   0.24  -0.533 -0.92   0.6    0.42   0.7   -0.17  -0.06
 -0.65   0.68   0.12   0.59  -0.08   0.3    0.04   0.2   -0.58   0.77
  0.08  -0.18   0.46  -0.44  -0.32   0.51   0.86   0.9    0.52  -0.58
  0.23   0.71  -0.05   0.48   0.65   0.95  -0.36   0.87   0.26  -0.75 ][-0.81  -1.098  1.787  0.73  -0.57   0.97   0.08   0.33  -0.96   0.78
 -0.04   0.55   0.25  -0.68   0.659  0.225 -0.53  -0.828  1.385 -0.86
  0.7    0.58   0.16   0.31   0.942 -0.16  -0.09  -0.65  -0.85  -0.46
  0.73   1.823 -0.65   0.12   0.86   0.126  0.77  -0.73  -0.48  -0.29
 -0.16   0.577  0.59   0.31  -0.6    0.27  -0.27   0.46  -0.93   0.02
 -1.113 -0.32   0.24  -0.04  -0.92   0.6    0.42   0.7   -0.17  -0.06
 -0.65   0.68   0.12   0.59  -0.08   0.3    0.04   0.2   -0.683  0.77
  0.08  -0.18   0.46  -0.44  -0.32   0.51   0.86   0.9    0.52  -0.58
  0.23   0.71  -0.05   0.48   0.65   0.95  -0.36   0.87   0.26  -0.75 ][-0.81  -1.098  0.86   0.73  -0.57   0.97  -0.579  0.33  -0.96   0.78
 -0.04   0.55   0.25  -0.68   0.55   0.78  -0.53  -0.828  0.35  -0.86
  0.7    0.58   0.16   0.31   0.87  -0.16  -0.09  -0.65  -0.85  -0.46
  0.73   0.94  -0.65   0.12   0.86   0.126  0.77  -0.599 -0.48  -0.29
 -0.16   0.577  0.59   0.31  -0.6    0.27  -0.27   0.46  -0.93   0.02
 -0.66  -0.32   0.24  -0.533 -0.92   0.6    0.42   0.7   -0.17  -0.06
 -0.65   0.68   0.12   0.59  -0.08   0.3    0.04   0.2   -0.58   0.77
  0.08  -0.18   0.46  -0.44  -0.092  0.51   0.86   0.9    0.52  -0.7
  0.23   0.71  -0.05   0.48   0.65   0.95  -0.36   0.87   0.26  -0.75 ][-0.81  -1.098  1.787  0.73  -0.57   0.97   0.08   0.33  -0.96   0.78
 -0.04   0.55   0.25  -0.68   0.55   0.225 -0.53  -0.828  0.87  -0.86
  0.7    0.58   0.16   0.31   0.87  -0.16  -0.09  -0.65  -0.85  -0.46
  0.787  1.823 -0.65   0.12   0.86   0.126  0.77  -0.599 -0.48  -0.29
 -0.16   0.577  0.59   0.31  -0.6    0.27  -0.27   0.643 -0.93   0.02
 -0.66  -0.32   0.24  -0.533 -0.92   0.6    0.42   0.7   -0.17  -0.06
 -0.65   0.68   0.12   0.59  -0.08   0.3    0.04   0.2   -0.58   0.77
  0.08  -0.18   0.583 -0.44  -0.32   0.51   0.86   0.9    0.52  -0.58
  0.23   0.71  -0.05   0.48   0.65   0.95  -0.36   0.87   0.26  -0.75 ][-0.81  -1.098  0.86   0.73  -0.57   0.97  -0.579  1.2   -0.96   0.78
 -0.04   0.55   0.25  -0.68   0.55   0.78  -0.53  -0.828  0.87  -0.86
  0.7    0.58   0.16   0.869  0.87  -0.16  -0.09  -0.65  -0.978 -0.46
  0.73   0.94  -0.65   0.12   0.86   0.126  0.77  -0.599 -0.48  -0.29
 -0.16   0.577  0.59   0.31  -0.6    0.27  -0.27   0.46  -0.93   0.02
 -0.66  -0.32   0.24  -0.533 -0.92   0.6    0.05   0.7   -0.17  -0.06
 -0.65   0.68   0.12   0.59  -0.08   0.3    0.04   0.2   -0.58   0.77
  0.08  -0.18   0.46  -0.44  -0.32  -0.087  0.86   0.9    0.52  -0.58
  0.23   0.71  -0.05   0.48   0.65   0.95  -0.409  0.87   0.26  -0.75 ][-0.81  -1.098  1.787  0.73  -0.57   0.97   0.08   0.33  -0.96   0.78
 -0.04   0.55   0.25  -0.68   0.55   0.225 -0.53  -0.828  0.87  -0.86
  0.7    0.58   0.16   0.31   0.87  -0.16  -0.09  -0.65  -0.85  -0.46
  0.73   0.94  -0.65   0.12   0.86   0.126  0.77  -0.599 -0.48  -0.29
 -0.16   0.577  0.59   0.31  -0.6    0.27  -0.27   0.643 -0.93   0.02
 -0.66  -0.478  0.24  -0.04  -0.92   0.6    0.42   0.7   -0.17  -0.06
 -0.65   0.68   0.12   0.59  -0.08   0.3    0.04   0.2   -0.58   0.77
 -0.574 -0.18   0.46  -0.44  -0.474  0.51   0.86   0.9    0.52  -0.58
  0.23   0.71  -0.05   0.48   0.65   0.95  -0.36   0.87   0.26  -0.75 ][-0.81  -1.098  1.787  0.73  -0.57   0.97   0.08   0.33  -0.96   0.78
 -0.04   0.55   0.25  -0.68   0.55   0.225 -0.53  -0.828  0.87  -0.86
  0.7    0.58   0.16   0.869  0.87  -0.16  -0.09  -0.65  -0.85  -0.327
  0.73   0.94  -0.65   0.12   0.86   0.126  0.77  -0.599 -0.48  -0.29
 -0.16   0.577  0.59   0.31  -0.6    0.27  -0.27   0.46  -0.93   0.02
 -0.66  -0.32   0.24  -0.04  -0.92   0.6    0.42   0.7   -0.17  -0.06
 -0.65   0.68   0.12   0.59  -0.08  -0.582  0.04   0.2   -0.58   0.77
  0.08  -0.18   0.46  -0.44  -0.32   0.51   0.86   0.9    0.52  -0.7
  0.23   0.71  -0.05   0.48   0.65   0.95  -0.36   0.87   0.26  -0.75 ][-0.81  -1.098  1.787  0.73  -0.57   0.97   0.08   0.33  -0.96   0.78
 -0.04   0.55   0.25  -0.68   0.659  0.225 -0.53  -0.828  0.87  -0.86
  0.476  0.58   0.16   0.31   0.87  -0.16  -0.09  -0.65  -0.85  -0.46
  0.73   0.94  -0.65   0.12   0.86   0.126  0.77  -0.599 -0.48  -0.29
 -0.16   0.577  0.59   0.31  -0.6    0.27  -0.27   0.46  -1.75   0.02
 -1.113 -0.32  -0.214 -0.04  -0.92   0.6    0.42   0.7   -0.17  -0.06
 -0.65   0.68   0.12   0.59  -0.08   0.3    0.04   0.2   -0.58   0.77
  0.08  -0.18   0.46  -0.44  -0.474  0.51   0.86   0.9    0.52  -0.58
  0.707  0.71  -0.05   0.48   0.65   0.95  -0.36   0.87   0.26  -0.75 ][-0.81  -1.098  1.787  0.73  -0.57   0.97   0.08   0.33  -1.709  0.78
 -0.04   0.55   1.093 -1.311  0.55   0.225 -0.53  -0.828  0.87  -0.86
  0.7    0.58   0.16   0.31   0.87  -0.16  -0.09  -0.65  -0.85  -1.056
  0.73   1.823 -0.65   0.12   0.86   0.126  0.77  -0.599 -0.48  -0.29
 -0.16   0.577  0.59   0.31  -0.6    0.27  -0.27   0.46  -0.93  -0.524
 -0.66  -0.32   0.24  -0.04  -0.92   0.6    0.42   0.7   -0.17  -0.06
 -0.65   0.68   0.12   0.59  -0.08   0.3    0.04  -0.052 -0.58   0.77
  0.08  -0.18   0.46  -0.44  -0.32   0.51   0.86   0.9    0.52  -0.58
  0.23   0.71  -0.05   0.48   0.65   0.95  -0.36   0.87   0.26  -0.75 ][-0.81  -1.098  1.787  1.535 -0.57   0.97   0.08   0.33  -1.709  0.78
 -0.04   0.55   0.25  -0.68   0.55   0.225 -1.031 -0.828  0.87  -0.86
  0.7    0.58   0.16   0.31   0.87  -0.16  -0.09  -0.65  -0.85  -1.056
  0.73   0.94  -0.65   0.12   0.86   0.126  0.77  -0.599 -0.48  -0.29
 -0.16   0.577  0.59   0.31  -0.6    0.27  -0.27   0.46  -1.75   0.02
 -0.66  -0.32   0.24  -0.04  -0.92   0.6    0.42   0.7   -0.17  -0.06
 -0.65   0.68   0.12   0.59  -0.08   0.3    0.04   0.2   -0.58   0.77
  0.08  -0.18   0.46  -0.44  -0.32   0.51   0.86   0.9    0.52  -0.58
  0.23   0.71  -0.05   0.48   0.65   0.95  -0.36   0.87   0.26  -0.75 ][-0.81  -1.098  1.787  0.73  -0.57   0.97   0.08   0.33  -0.96   0.78
 -0.04   0.55   0.25  -0.68   0.659  0.225 -0.53  -0.828  0.87  -0.86
  0.7    0.58   0.16   0.31   0.87  -0.16  -0.09  -0.65  -0.85  -0.46
  0.73   1.823 -0.65   0.12   0.86   0.126  0.77  -0.599 -0.48  -0.29
 -0.16   0.577  0.59   0.31  -0.6    0.27  -0.27   0.643 -0.93   0.02
 -0.66  -0.32   0.24  -0.533 -0.92   0.6    0.42   0.7   -0.17  -0.06
 -0.65   0.68   0.12   0.59  -0.08   0.3    0.04   0.2   -0.58   0.77
  0.08  -0.18   0.46  -0.44  -0.32   0.51   0.86   0.9    0.52  -0.58
  0.707  0.71  -0.05   0.48   0.65   0.95  -0.36   0.87   0.26  -1.449][-0.81  -1.098  1.787  0.73  -0.57   0.507  0.08   1.2   -1.709  0.78
 -0.04   0.55   0.25  -0.68   0.55   0.225 -0.53  -0.828  0.87  -0.86
  0.7    0.58   0.16   0.31   0.87  -0.16  -0.09  -0.65  -0.85  -0.46
  0.73   0.284 -0.65   0.12   0.86   0.126  0.77  -0.599 -0.48  -0.29
 -0.16   0.577  0.59   0.31  -0.6    0.27  -0.27   0.46  -0.93  -0.103
 -0.66  -0.32   0.24  -0.04  -0.92   0.6    0.42   0.7   -0.17  -0.06
 -0.65   0.68   0.12   0.59  -0.08   0.3    0.04   0.2   -0.58   0.77
  0.08  -0.18   0.46  -0.44  -0.32   0.51   0.86   0.9    0.52  -0.58
  0.23   0.71  -0.05   0.48   0.65   0.95  -0.36   0.87   0.26  -0.75 ][-0.81  -1.616  1.787  0.73  -0.57   0.97   0.08   0.33  -1.709  0.78
 -0.04   0.55   0.25  -1.219  0.767  0.225 -0.53  -0.828  0.87  -0.86
  0.7    0.58   0.16   0.31   0.87  -0.276 -0.09  -0.65  -0.85  -0.46
  0.73   0.94  -0.65   0.12   0.86   0.126  0.77  -0.73  -0.48  -0.29
 -0.16   0.577  0.59   0.31  -0.6    0.27  -0.27   0.643 -0.93   0.02
 -0.66  -0.32   0.24  -0.04  -0.92   0.6    0.42   0.7   -0.17  -0.06
 -0.65   0.68   0.12   0.59  -0.08   0.3    0.04   0.2   -0.58   0.77
  0.08  -0.18   0.46  -0.44  -0.474  0.51   0.86   0.9    0.52  -0.7
  0.23   0.71  -0.05   0.48   0.65   0.95  -0.36   0.87   0.26  -0.75 ][-0.81  -1.098  1.787  0.73  -0.57   0.97   0.08   0.33  -0.96   0.78
 -0.04   0.55   0.25  -0.68   0.659  0.225 -0.53  -0.828  0.87  -0.86
  0.7    0.58   0.16   0.31   0.87  -0.16  -0.09  -0.65  -0.85  -0.46
  0.73   1.823 -0.65   0.12   0.86   0.126  0.77  -0.599 -0.48  -0.29
  0.803  0.577  0.59   0.31  -0.6    0.27  -0.27   0.643 -1.75   0.02
 -0.66  -0.32   0.24  -0.04  -0.92   0.6    0.42   0.7   -0.17  -0.06
 -0.65   0.68   0.12   0.59  -0.08   0.3    0.04   0.2   -0.58   0.77
  0.08  -0.18   0.313 -0.44  -0.32   0.51   0.86   0.9    0.52  -0.58
  0.707  0.71  -0.05   0.48   0.65   0.95  -0.36   0.87   0.26  -0.75 ][-0.81  -1.098  0.86   0.73  -0.57   0.97  -0.579  0.33  -1.709  0.78
 -0.04   0.55   0.25  -0.68   0.55   0.225 -0.53  -0.828  0.35  -0.86
  0.7    0.58   0.16   0.31   0.87  -0.16  -0.09  -0.65  -0.85  -0.46
  0.73   0.94  -0.65   0.12   0.86   0.126  0.77  -0.599 -0.48  -0.29
  0.311  0.577  0.59   0.31  -0.6    0.27  -0.27   0.46  -0.93   0.02
 -0.66  -0.32   0.24  -0.533 -0.92   0.6    0.42   0.7   -0.17  -0.06
 -0.65   0.68   0.12   0.59  -0.08   0.3    0.04   0.2   -0.58   0.77
  0.08  -0.18   0.46  -0.44  -0.092  0.51   0.86   0.9    0.52  -0.7
  0.23   0.71  -0.05   0.48   0.65   0.95  -0.36   0.87   0.26  -0.75 ][-0.81  -1.098  1.787  0.73  -0.57   0.97   0.08   0.33  -0.96   0.78
 -0.04   0.55   0.25  -0.68   0.659  0.225 -0.53  -0.828  1.385 -0.86
  0.7   -0.21   0.16   0.31   0.87  -0.16  -0.09  -1.439 -0.978 -0.46
  0.787  1.823 -0.65   0.12   0.86   0.126  0.77  -0.599 -0.48  -0.29
 -0.16   0.577  0.59   0.31  -0.6    0.27  -0.27   0.46  -0.93   0.02
 -1.113 -0.32   0.24  -0.04  -0.92   0.6    0.42   0.7   -0.17  -0.06
 -0.65   0.68   0.12   0.59  -0.08   0.3    0.04   0.2   -0.58   0.77
  0.08  -0.18   0.46  -0.44  -0.32   0.51   0.86   0.9    0.52  -0.58
  0.23   0.71  -0.05   0.48   0.65   0.95  -0.36   0.87   0.26  -0.75 ][-0.81  -1.098  1.787  1.535 -0.57   0.97   0.08   0.33  -1.709  0.78
 -0.04   0.55   1.093 -0.68   0.659  0.225 -0.53  -0.828  0.87  -0.86
  0.7    0.58   0.16   0.31   0.87  -0.16  -0.09  -0.65  -0.85  -1.056
  0.73   0.94  -0.65   0.12   0.86   0.126  0.77  -0.599 -0.48  -0.29
 -0.16   0.577  0.59   0.31  -0.6    0.27  -0.27   0.46  -1.75   0.02
 -0.66  -0.32   0.24  -0.04  -0.92   0.6    0.42   0.7   -0.17  -0.06
 -0.65   0.68   0.12   0.59  -0.08   0.3    0.737  0.2   -0.58   0.77
  0.08  -0.18   0.46  -0.44  -0.32   0.51   0.86   0.9    0.52  -0.58
  0.23   0.71  -0.05   0.48   0.65   0.95  -0.36   0.87   0.26  -0.75 ][-0.81  -1.098  1.787  0.73  -0.57   0.97   0.08   0.33  -0.96   0.78
 -0.04   0.55   0.25  -1.219  0.55   0.78  -0.53  -0.828  0.185 -0.86
  0.7    0.58   0.16   0.31   0.87  -0.16  -0.09  -0.65  -0.978 -0.46
  0.73   1.823 -0.65   0.12   0.86   0.126  0.77  -0.73  -0.48  -0.29
 -0.16   0.577  0.59   0.31   0.113  0.27  -0.27   0.46  -0.93   0.02
 -0.66  -0.32   0.24  -0.04  -0.92   0.6    0.42   0.7   -0.17  -0.06
 -0.65   0.68   0.12   0.59  -0.08   0.3    0.04   0.2    0.62   0.77
 -0.439 -0.18   0.46  -0.44  -0.32   0.51   0.86   0.9    0.52  -0.7
  0.23   0.71  -0.05   0.48   0.65   0.95  -0.36   0.87   0.26  -0.75 ][-0.81  -1.098  1.787  0.73  -0.57   0.97  -0.579  0.33  -0.96   0.78
 -0.04   0.55   0.25  -0.68   0.55   0.78  -0.53  -0.828  0.87  -0.86
  0.7    0.58   0.16   0.31   0.87  -0.16  -0.09  -0.65  -0.85  -0.46
  0.73   0.94  -0.65   0.12   0.86   0.126  0.77  -0.599 -0.48  -0.29
 -0.16   0.577  0.59   0.31  -0.6    0.27  -0.27   0.46  -0.93   0.02
 -0.66  -0.32   0.24  -0.533 -0.92   0.6    0.05   0.7   -0.17  -0.06
 -0.65   0.68   0.12   0.59  -0.882  0.3    0.04   0.2   -0.58   0.77
  0.08  -0.18   0.46  -0.44  -0.092  0.51   0.86   0.9    0.52  -0.7
  0.23   0.71  -0.05   0.48   0.65   0.95  -0.36   0.87   0.26  -0.75 ][-0.81  -1.616  1.787  0.73  -0.57   0.97   0.08   0.33  -0.96   0.78
 -0.04   0.55   0.25  -0.68   0.55   0.225 -0.53  -0.828  1.385 -0.86
  0.476  0.58   0.16   0.31   0.87  -0.16  -0.09  -0.65  -0.85  -0.46
  0.73   0.94  -0.65   0.12   0.86   0.126  0.77  -0.599 -0.48  -0.29
 -1.132  0.577  0.59   0.31  -0.6    0.27  -0.27   0.643 -1.75   0.02
 -0.66  -0.32   0.24  -0.04  -0.92   0.6    0.42   0.7   -0.17  -0.06
 -0.65   0.68   0.12   0.59  -0.08   0.3    0.04   0.2   -0.58   0.77
  0.08  -0.18   0.46  -0.44  -0.32   0.51   0.86   0.9    0.52  -0.58
  0.23   0.71  -0.05   0.48   0.65   0.95  -0.36   0.87   0.26  -0.75 ][-0.81  -1.616  1.787  0.73  -0.57   0.97   0.08   0.33  -0.96   0.78
 -0.04   0.55  -0.253 -0.68   0.55   0.225 -0.53  -0.828  0.87  -0.86
  0.476  0.58   0.16   0.31   0.87  -0.16  -0.09  -0.65  -0.85  -0.46
  0.73   0.94  -0.65   0.12   0.86   0.126  0.77  -0.599 -0.48  -0.29
 -0.16   0.577  0.59   0.31  -0.6    0.27  -0.27   0.46  -0.93   0.02
 -0.66  -0.32   0.24  -0.04  -0.92   0.6    0.42   1.183 -0.17  -0.06
 -0.65   0.68   0.12   0.59  -0.08   0.3    0.04   0.2   -0.58   0.77
  0.08  -0.18   0.46  -0.44  -0.474  0.51   0.86   0.9    0.52  -0.58
  0.23   0.71  -0.05   0.48   0.65   0.95  -0.36   0.87   0.26  -0.75 ][-0.81  -1.098  1.787  0.73  -0.57   0.97   0.08   0.33  -1.709  0.78
 -0.04   0.55   1.093 -0.68   0.55   0.225 -0.53  -0.828  0.87  -0.86
  0.7    0.58   0.16   0.31   0.87  -0.16  -0.09  -0.65  -0.85  -0.46
  0.73   1.823 -0.65   0.12   0.86   0.126  0.77  -0.599 -0.48  -0.29
 -0.16   0.577  0.59   0.31  -0.6    0.27  -0.27   0.46  -0.93   0.02
 -0.66  -0.32   0.24  -0.533 -0.92   0.6    0.42   0.7   -0.17  -0.06
 -0.65   0.68   0.12   0.59  -0.08   0.3    0.841  0.2   -0.58   0.847
  0.08  -0.18   0.46  -0.44  -0.32   0.51   0.86   0.9    0.52  -0.58
  0.23   0.71  -0.05   0.48   0.65   0.95  -0.36   0.87   0.26  -0.75 ][-0.81  -1.098  0.86   0.73  -0.57   0.97   0.178  1.2   -0.96   0.78
 -0.04   0.55   0.25  -0.68   0.55   0.78  -0.53  -0.828  0.35  -0.86
  0.7    0.58   0.16   0.31   0.87  -0.16  -0.09  -0.65  -0.85  -0.46
  0.73   0.94  -0.65   0.12   0.86   0.126  0.77  -0.599 -0.48  -0.29
 -0.16   0.577  0.59   0.31  -0.6    0.27  -0.27   0.46  -0.93   0.02
 -0.66  -0.32   0.24  -0.533 -0.92   0.6    0.42   0.7   -0.17  -0.06
 -0.65   0.68   0.12   0.59  -0.08   0.3    0.04   0.2   -0.58   0.77
  0.08  -0.18   0.46  -0.44  -0.092  0.725  0.86   0.9    0.52  -0.7
  0.23   0.71  -0.05   0.48   0.65   0.95  -0.36   0.87   0.26  -0.75 ][-0.81  -1.098  1.787  0.73  -0.57   0.97   0.08   0.33  -0.96   0.78
 -0.04   0.55   0.25  -0.68   0.659  0.225 -0.53  -0.828  0.185 -0.86
  0.7    0.58   0.16   0.31   0.87  -0.276 -0.09  -0.65  -0.85  -1.056
  0.73   0.94  -0.65   0.12   0.86   0.126  0.77  -0.599 -0.48  -0.29
 -0.16   0.577  0.59   0.31  -0.6    0.27  -0.27   0.46  -0.93   0.02
 -0.66  -0.32   0.24  -0.04  -0.92   0.6    0.42   0.7    0.617 -0.06
 -0.65   0.68   0.12   0.59  -0.08   0.3    0.04   0.2   -0.58   0.77
  0.08  -0.18   0.46  -0.44  -0.32   0.51   0.86   0.9    0.52  -0.58
  0.23   0.71  -0.05   0.48   0.65   0.95  -0.36   0.87   0.26  -0.75 ][-0.81  -1.098  1.787  0.73  -0.57   0.97   0.08   0.33  -0.96   0.78
 -0.04   0.55   0.25  -0.68   0.659  0.225 -0.53  -0.828  0.87  -0.86
  0.7    0.58   0.16   0.31   0.87  -0.16  -0.09  -0.65  -0.85  -0.327
  0.787  1.823 -0.65   0.12   0.86   0.126  0.77  -0.599 -0.48  -0.29
 -0.16   0.577  0.59   0.31  -0.6    0.27  -0.27   0.46  -1.75   0.02
 -0.66  -0.32   0.24  -0.533 -0.92   0.6    0.42   0.7   -0.17  -0.06
 -0.65   0.68   0.12   0.59  -0.08   0.3    0.04   0.2   -0.58   0.77
  0.08  -0.18   0.46  -0.44  -0.32   0.51   0.86   0.9    0.52  -0.58
  0.23   0.71   0.646  0.48   0.65   0.95  -0.36   0.87   0.26  -0.75 ][-0.81  -1.098  1.787  0.73  -0.57   0.97  -0.212  0.33  -0.96   0.78
 -0.04   0.55   0.25  -0.68   0.55   0.225 -0.53  -0.828  0.87  -0.86
  0.476  0.58   0.16   0.31   0.87  -0.16  -0.09  -0.65  -0.85  -0.46
  0.73   0.94  -0.65   0.12   0.86   0.126  0.77  -0.599 -0.48  -0.29
 -0.16   0.577  0.59   0.31  -0.6    0.27  -0.27   0.46  -0.93   0.02
 -0.66  -0.32   0.24  -0.04  -0.92   0.6    0.42   0.7   -0.17  -0.06
 -0.65   0.68   0.12   0.59  -0.08   0.3    0.04   0.2   -0.58   0.77
  0.08  -0.18   0.46  -0.44  -0.32   0.51   0.86   0.9    0.52  -0.7
  0.23   0.71  -0.05   0.48   0.65   0.95  -0.36   0.87   0.26  -0.75 ][-0.81  -1.098  0.86   0.73  -0.57   0.97   0.08   0.33  -0.96   0.78
 -0.04   0.55   0.25  -0.68   0.55   0.78  -0.53  -0.828  0.35  -0.86
  0.7    0.58   0.16   0.31   0.87  -0.483 -0.09  -0.65  -0.85  -0.46
  0.73   0.94  -0.65   0.12  -0.036  0.126  0.77  -0.599 -0.48  -0.29
 -0.16   0.577  0.59   0.31  -0.6    0.27  -0.27   0.643 -0.93   0.02
 -0.66  -0.32   0.24  -0.533 -0.92   0.6    0.42   0.7   -0.17  -0.06
 -0.65   0.68   0.12   0.59  -0.08   0.3    0.04   0.2   -0.58   0.77
  0.08  -0.18   0.46  -0.44  -0.32   0.51   0.86   0.9    0.52  -0.7
  0.23   0.71  -0.05   0.48   0.65   0.95  -0.36   0.87   0.26  -0.75 ][-0.81  -1.098  1.787  0.73  -0.57   0.97   0.08   0.33  -0.96   0.78
 -0.04   0.55   0.25  -0.68   0.659  0.225 -0.53  -0.828  0.87  -0.86
  0.7    0.58   0.16   0.31   0.87  -0.16  -0.09  -0.65  -0.85  -0.46
  0.73   1.823 -0.65   0.12   0.86   0.126  0.77  -0.73  -0.48  -0.29
 -0.16   0.577  0.59   0.31  -0.6    0.27  -0.27   0.46  -0.93   0.02
 -1.52  -0.32   0.24  -0.04  -0.92   0.6    0.42   0.7   -0.17  -0.06
 -0.65   0.68   0.12   0.59  -0.08   0.3    0.04   0.2   -0.683  0.77
  0.08  -0.18   0.46  -0.44  -0.32   0.51   0.86   0.9    0.52  -0.58
  0.23   0.71  -0.05   0.48   0.65   0.95  -0.36   0.87   0.26  -0.75 ][-0.81  -1.098  1.787  0.73  -0.57   0.97   0.08   0.33  -0.96   0.78
 -0.04   0.55   0.25  -0.68   0.55   0.225 -0.53  -0.828  1.385 -0.86
  0.7    0.58   0.16   0.31   0.87  -0.16  -0.09  -0.65  -0.85  -0.46
  0.787  1.823 -0.65   0.12   0.86   0.126  0.77  -0.599 -0.48  -0.29
 -0.16   0.577  0.59   0.31  -0.6    0.27  -0.27   0.46  -0.93   0.02
 -1.113 -0.32   0.24  -0.533 -0.727  0.6    0.42   0.7   -0.17  -0.06
 -0.65   0.68   0.12   0.59  -0.08   0.3    0.04   0.2   -0.58   0.77
  0.08  -0.18   0.46  -0.44  -0.32   0.51   0.86   0.9    0.52  -0.869
  0.707  0.71  -0.05   0.48   0.65   0.95  -0.36   0.87   0.26  -0.75 ][-0.81  -1.098  1.787  0.73  -0.57   0.97  -0.579  0.33  -0.96   0.78
 -0.04   0.55  -0.253 -0.68   0.55   0.78  -0.53  -0.828  0.87  -0.86
  0.7    0.58   0.16   0.31   0.87  -0.16  -0.09  -0.65  -1.352 -0.46
  0.73   0.94  -0.65   0.12   0.86   0.126  0.77  -0.599 -0.48  -0.29
 -0.16   0.577  0.59   0.31  -0.6    0.27  -0.27   0.46  -0.93   0.02
 -0.66  -0.32   0.24  -0.04  -0.92   0.6    0.42   0.7   -0.17  -0.06
 -0.65   0.68  -0.71   0.59  -0.08   0.3    0.04   0.2   -0.58   0.77
  0.08  -0.18   0.46  -0.44  -0.092  0.51   0.86   0.9    0.52  -0.58
  0.23   0.71  -0.05   0.48   0.65   0.95  -0.36   0.87   0.26  -0.75 ][-0.81  -1.098  1.787  0.73  -0.57   0.97   0.08   0.33  -0.96   0.78
 -0.04   0.55   0.25  -0.68   0.659  0.225 -0.53  -0.828  0.87  -0.86
  0.7    0.58   0.16   0.31   0.87  -0.16  -0.09  -0.65  -0.85  -1.056
  0.73   1.823 -0.65   0.12  -0.085  0.126  0.77  -0.599 -0.48  -0.29
 -0.16   0.577  0.59   0.31  -0.6    0.27  -0.27   0.46  -1.75   0.02
 -0.66  -0.32   0.24  -0.04  -0.92   0.6    0.42   0.7   -0.17  -0.06
 -0.65   0.68   0.12   0.59  -0.08   0.3    0.04   0.2   -0.58   0.77
  0.08  -0.18   0.46  -0.44  -0.32   0.51   0.86   0.9    0.52  -0.58
  0.707  0.71  -0.05   0.48   0.65   0.95  -0.36   0.87   0.26  -0.75 ][-0.81  -1.616  0.86   0.73  -0.57   0.97   0.178  0.33  -0.96   0.78
 -0.04   0.55   0.25  -0.68   0.55   0.225 -0.53  -0.828  0.87  -0.86
  0.7    0.58   0.16   0.31   0.87  -0.16  -0.09  -0.65  -0.85  -0.46
  0.73   0.94  -0.65   0.12   0.86   0.126  0.77  -0.73  -0.48  -0.29
 -0.16   0.577  0.59   0.31  -0.6    0.27  -0.27   0.46  -1.75   0.02
 -0.66  -0.32   0.24  -0.04  -0.92   0.6    0.42   0.7   -0.17  -0.06
 -0.65   0.68   0.12   0.59  -0.08   0.3    0.04   0.2   -0.58   0.77
  0.08  -0.18   0.46  -0.44  -0.474  0.51   0.86   0.9    0.52  -0.58
  0.23  -0.286 -0.05   0.48   0.65   0.95  -0.36   0.87   0.26  -0.75 ][-0.81  -1.098  1.787  0.73  -0.57   0.97   0.08   0.33  -0.96   0.78
 -0.04   0.55   1.093 -0.68   0.659  0.225 -0.53  -0.828  1.385 -0.86
  0.7    0.58   0.16   0.31   0.87  -0.16  -0.09  -0.65  -0.978 -0.327
  0.73   1.823 -0.928  0.12   0.86   0.126  0.77  -0.599 -0.48  -0.29
 -0.16   0.577  0.59   0.31  -0.6    0.27  -0.27   0.46  -0.93   0.02
 -0.66  -0.32   0.24  -0.04  -0.92   0.6    0.42   0.091 -0.17  -0.06
 -0.747  0.68   0.12   0.59  -0.103  0.3    0.04   0.2   -0.58   0.77
  0.08  -0.18   0.46  -0.44  -0.32   0.51   0.86   0.9    0.52  -0.58
  0.23   0.71  -0.05   0.48   0.65   0.95  -0.36   0.87   0.26  -0.75 ][-0.81  -1.098  1.787  0.73  -0.57   0.97  -0.579  0.33  -0.96   0.78
 -0.04   0.55   0.25  -0.68   0.55   0.225 -0.53  -0.828  0.87  -0.86
  0.7    0.58   0.16   0.31   0.87  -0.16  -0.09  -0.65  -0.978 -0.46
  0.787  1.823 -0.65   0.12   0.86   0.126  0.77  -0.641 -0.48  -0.29
 -0.16   0.577  0.59   0.31  -0.6    0.27  -0.27   0.46  -0.93   0.02
 -0.66  -0.32   0.24  -0.04  -0.92   0.6    0.42   0.7   -0.17  -0.06
 -0.65   0.68   0.12   0.59  -0.08   0.3    0.04   0.2    0.62   0.77
  0.08  -0.18   0.46  -0.44  -0.32   0.51   0.86   0.9    0.52  -0.7
  0.23   0.71  -0.05   0.48   0.65   0.95  -0.36   0.87   0.26  -0.75 ][-0.81  -0.713  1.787  0.73  -0.57   0.97  -0.579  0.33  -0.96   0.78
 -0.04   0.55  -0.253 -0.68   0.55   0.78  -0.53  -0.828  0.35  -0.86
  0.7    0.58   0.16   0.31   0.87  -0.16  -0.09  -0.65  -1.352 -0.46
  0.73   0.94  -0.65   0.12   0.86   0.126  0.77  -0.599 -0.48  -0.29
 -0.16   0.577  0.59   0.31  -0.6    0.27  -0.27   0.46  -0.93   0.02
 -0.66  -0.478  0.24  -0.533 -0.92   0.6    0.42   0.7   -0.17  -0.06
 -0.65   0.68   0.12   0.59  -0.08   0.3    0.04   0.2   -0.58   0.77
  0.08  -0.18   0.46  -0.44  -0.092  0.51   0.86   0.9    0.52  -0.58
  0.23   0.71  -0.05   0.48   0.65   0.95  -0.36   0.87   0.26  -0.75 ][-0.81  -1.098  1.787  0.73  -0.57   0.97   0.08   0.33  -1.709  0.78
 -0.04   0.55   1.093 -0.68   0.659  0.225 -0.53  -0.828  1.385 -0.86
  0.7    0.531  0.16   0.31   0.87  -0.16  -0.09  -0.65  -0.85  -0.46
  0.73   1.823 -0.65   0.12   0.86   0.126  0.77  -0.599 -0.48  -0.29
 -0.16   0.577  0.59   0.31  -0.6    0.27  -0.27   0.46  -1.75   0.02
 -0.66  -0.32   0.24  -0.04  -0.92   0.6    0.42   0.7   -0.17  -0.06
 -0.65   0.68   0.12   0.59  -0.08   0.3    0.04   0.2   -0.58   0.77
  0.08  -0.18   0.46  -0.44  -0.32   0.51   0.86   0.9    0.52  -0.58
  0.23   0.71  -0.05   0.48   0.65   0.95  -0.36   0.87   0.26  -0.75 ][-0.81  -1.038  1.787  0.73  -0.57   0.97   0.08   0.33  -1.709  0.78
 -0.04   0.55   0.25  -0.68   0.55   0.225 -0.53  -0.828  0.87  -0.86
  0.7    0.58   0.16   0.31   0.87  -0.16  -0.09  -0.65  -0.85  -0.327
  0.73   0.94  -0.65   0.12   0.86   0.126  0.77  -0.599 -0.48  -0.29
 -0.16   0.577  0.59   0.31  -0.6    0.27  -0.27   0.46  -1.75   0.02
 -0.66  -0.32   0.24  -0.04  -0.92   0.6    0.42   0.7   -0.17  -0.06
 -0.65   0.68   0.12   0.59  -0.08   0.3    0.04   0.2   -0.58   0.77
  0.08  -0.18   0.46  -0.44  -0.32   0.51   0.86   0.9    0.52  -0.58
  0.23   0.71  -0.05   0.48   0.65   0.95  -0.36   0.87   0.26  -0.75 ][-0.81  -1.098  1.787  0.73  -0.57   0.97  -0.579  0.33  -0.96   0.78
 -0.04   0.55   0.25  -0.68   0.55   0.225 -0.53  -0.828  0.87  -0.86
  0.7    0.58   0.16   0.31   0.87  -0.16  -0.09  -0.65  -0.85  -0.46
  0.73   0.94  -0.65   0.12   0.86   0.126  0.77  -0.599 -0.48  -0.29
 -0.16   0.577  0.59   0.31  -0.6    0.27  -0.27   0.46  -0.93   0.02
 -0.66  -0.32   0.24  -0.533 -0.92   0.6    0.42   0.7   -0.17  -0.06
 -0.65   0.68   0.12   0.59  -0.08   0.3    0.04   0.2   -0.171  0.77
  0.08  -0.18   0.46  -0.44  -0.32   0.51   0.86   0.9    0.52  -0.58
  0.23   0.71  -0.05   0.48   0.65   0.95  -0.36   0.87   0.26  -0.75 ][-0.81  -1.098  0.86   0.73  -0.57   0.97  -0.579  1.2   -0.96   0.78
 -0.04   0.55   1.093 -0.68   0.55   0.225 -0.53  -0.828  1.385 -0.86
  0.7    0.58   0.16   0.31   0.87  -0.16  -0.09  -0.65  -0.978 -0.46
  0.73   0.94  -0.65   0.12   0.86   0.126  0.77  -0.599 -0.48  -0.29
 -0.16   0.577  0.59   0.31  -0.6    0.27  -0.27   0.46  -0.93   0.02
 -0.66  -0.963  0.24  -0.04  -0.92   0.6    0.42   0.7   -0.17  -0.06
 -0.65   0.68   0.12   0.59  -0.423  0.3    0.04   0.2   -0.58   0.77
  0.08  -0.18   0.46  -0.44  -0.32   0.51   0.86   0.9    0.52  -0.58
  0.23   0.71  -0.05   0.48   0.65   0.95  -0.409  0.87   0.26  -0.75 ][-0.81  -1.616  1.787  0.73  -0.57   0.97   0.08   0.33  -0.96   0.78
 -0.04   0.55   0.25  -1.03   0.55   0.225 -0.53  -0.828  0.87  -0.86
  0.7    0.58   0.16   0.31   0.87  -0.16  -0.09  -0.65  -0.85  -0.46
  0.73   0.94  -0.65   0.12   0.86   0.126  0.77  -0.599 -0.48  -0.29
 -0.16   0.577  0.59   0.31  -0.6    0.27  -0.27   0.643 -1.75   0.02
 -0.66  -0.32   0.24  -0.04  -0.92   0.6    0.05   0.7   -0.17  -0.06
 -0.65   0.68   0.12   0.59  -0.08   0.3    0.04   0.2   -0.58   0.77
  0.08  -0.18   0.46  -0.44  -0.474  0.51   0.86   0.9    0.52  -0.7
  0.23   0.71  -0.05   0.48   0.65   0.95  -0.36   0.87   0.26  -0.75 ][-0.81  -1.098  1.787  0.73  -0.57   0.97   0.08   0.33  -1.073  0.78
 -0.04   0.55   0.25  -0.68   0.659  0.225 -0.53  -0.828  1.385 -0.86
  0.7    0.58   0.16   0.31   0.87  -0.16  -0.09  -0.65  -0.85  -1.056
  0.73   1.823 -0.65   0.12   0.86   0.126  0.77  -0.599 -0.48  -0.29
 -0.16   0.577  0.59   0.31  -0.6    0.27  -0.27   0.46  -0.93  -0.103
 -0.66  -0.32   0.24  -0.533 -0.92   0.6    0.42   0.7   -0.17  -0.06
 -0.65   0.68   0.12   0.59  -0.08   0.3    0.04   0.2   -0.58   0.77
  0.08  -0.18   0.46  -0.44  -0.32   0.51   0.86   0.9    0.52  -0.58
  0.23   0.71  -0.05   0.48   0.65   0.95  -0.36   0.87   0.26  -0.75 ][-0.81  -1.098  1.787  0.73  -0.57   0.149  0.08   0.33  -0.96   0.78
 -0.04   0.55  -0.253 -0.68   0.55   0.225 -0.53  -0.828  0.87  -0.86
  0.7    0.58   0.16   0.31   0.87  -0.16  -0.09  -0.189 -0.978 -0.46
  0.73   0.94  -0.65   0.12   0.86   0.126  0.77  -0.599 -0.48  -0.29
 -0.16   0.577  0.59   0.31  -0.6    0.27  -0.27   0.46  -0.93   0.02
 -0.66  -0.478  0.24  -0.533 -0.92   0.6    0.42   0.7   -0.17  -0.06
 -0.65   0.68   0.12   0.59  -0.08   0.3    0.04   0.2   -0.58   0.77
  0.08  -0.18   0.46  -0.44  -0.32   0.51   0.86   0.9    0.52  -0.58
  0.23   0.71  -0.05   0.48   0.65   0.95  -0.36   0.87   0.26  -0.75 ][-0.81  -1.098  0.86   0.73  -0.57   0.97   0.08   0.33  -1.709  0.78
 -0.04   0.55   0.25  -1.219  0.659  0.225 -0.53  -0.828  0.87  -0.86
  0.7    0.58   0.16   0.31   0.87  -0.276 -0.09  -0.65  -0.85  -0.46
  0.787  0.94  -0.65  -0.144 -0.036  0.126  0.77  -0.73  -0.48  -0.29
 -0.16   0.577  0.59   0.31  -0.6    0.27  -0.27   0.46  -0.93   0.02
 -0.66  -0.32   0.24  -0.04  -0.92   0.6    0.42   0.7   -0.17  -0.06
 -0.65   0.68   0.12   0.59  -0.103  0.3    0.04   0.2   -0.58   0.77
  0.08  -0.18   0.46  -0.44  -0.32   0.51   0.86   0.9    0.52  -0.7
  0.23   0.71  -0.05   0.48   0.65   0.95  -0.36   0.87   0.26  -0.75 ][-0.81  -1.098  0.86   0.73  -0.57   0.97  -0.579  0.33  -0.96   0.78
 -0.04   0.55   0.25  -0.68   0.55   0.225 -0.53  -0.828  0.87  -0.86
  0.7    0.58   0.16   0.31   0.87  -0.16  -0.09  -0.65  -0.978 -0.327
  0.73   0.94  -0.65   0.12   0.86   0.126  0.77  -0.599 -0.48  -0.29
 -0.16   0.577  0.59   0.31  -0.6    0.27  -0.27   0.46  -0.93   0.02
 -0.66  -0.32   0.24  -0.533 -0.92   0.6    0.05   0.7   -0.17  -0.06
 -0.65   0.68   0.12   0.59  -0.423  0.3    0.04   0.2   -0.58   0.77
  0.08  -0.71   0.46  -0.44  -0.32   0.51   0.86   0.9    0.52  -0.7
  0.23   0.71  -0.05   0.48   0.65   0.95  -0.36   0.87   0.26  -0.75 ][-0.81  -1.098  1.787  0.73  -0.57   0.97   0.08   0.33  -0.96   0.78
 -0.04   0.55   0.25  -0.68   0.55   0.225 -0.53  -0.828  0.87  -0.86
  0.7    0.58   0.16   0.31   0.87  -0.16  -0.09  -0.65  -0.85  -0.46
  0.73   1.823 -0.65   0.12   0.86   0.126  0.77  -0.599 -0.48  -0.29
 -0.16   0.577  0.59   0.31  -0.6    0.27  -0.27   0.46  -0.93   0.02
 -0.66  -0.32   0.24  -0.533 -0.92   0.6    0.42   0.7   -0.05  -0.06
 -0.65   0.68   0.12   0.59  -0.08   0.3    0.04   0.2   -0.58   0.77
  0.08  -0.18   0.313 -0.44  -0.32   0.51   0.86   0.9    0.52  -0.58
  0.23   0.71  -0.05   0.48   0.65   0.95  -0.36   0.87   0.26  -0.75 ][-0.81  -1.098  1.787  0.73  -0.57   0.97  -0.579  0.33  -1.709  0.78
 -0.04   0.55   0.25  -0.68   0.55   0.225 -0.53  -0.828  0.87  -0.86
  0.7    0.58   0.16   0.31   0.87  -0.16  -0.09  -0.65  -0.85  -0.46
  0.73   0.94  -0.65   0.12   0.86   0.126  0.77  -0.599 -0.48  -0.29
 -0.16   0.577  0.59   0.31  -0.6    0.27  -0.27   0.46  -0.93   0.02
 -0.66  -0.32   0.24  -0.533 -0.92   0.6    0.57   0.7   -0.17  -0.06
 -0.65   0.68   0.12   0.59  -0.08   0.3    0.04   0.2   -0.58   0.847
  0.08  -0.18   0.46  -0.44  -0.32   0.51   0.86   0.9    0.52  -0.58
  0.23   0.71  -0.05   0.48   0.65   0.95  -0.36   0.87   0.26  -0.75 ][-0.81  -1.098  1.787  0.73  -0.57   0.97   0.08   0.33  -1.709  0.78
 -0.04   0.55   0.25  -0.68   0.55   0.225 -0.53  -0.828  1.385 -0.86
  0.7    0.58   0.16   0.31   0.87  -0.16  -0.09  -0.65  -0.85  -1.056
  0.73   1.823 -0.65   0.12   0.86   0.126  0.77  -0.599 -0.48  -0.29
 -0.16   0.577  0.59   0.31  -0.6    0.27  -0.27   0.46  -0.93   0.02
 -0.129 -0.32   0.24  -0.533 -0.92   0.6    0.42   0.7   -0.17  -0.06
 -0.65   0.68   0.12   0.59  -0.08   0.3    0.04   0.2   -0.58   0.77
  0.08  -0.18   0.46  -0.44  -0.32   0.51   0.86   0.9    0.52  -0.7
  0.23   0.71  -0.05   0.48   0.65   0.95  -0.36   0.87   0.26  -0.75 ][-0.81  -1.616  0.86   0.73  -0.57   0.97   0.08   0.33  -0.96   0.78
 -0.04   0.55   0.25  -0.68   0.55   0.78  -0.53  -0.828  0.35  -0.86
  0.7    0.58   0.16   0.31   0.87  -0.16  -0.09  -0.65  -0.85  -0.46
  0.73   0.94  -0.65   0.12   0.86   0.126  0.77  -0.599 -0.48  -0.29
 -0.16   0.577  0.59   0.31  -0.6    0.27  -0.27   0.643 -1.75   0.02
 -0.66  -0.32   0.24  -0.04  -0.92   0.6    0.42   0.7   -0.17  -0.06
 -0.65   0.68   0.12   0.59  -0.08   0.3    0.04   0.2   -0.58   0.77
  0.08  -0.18   0.46  -0.44  -0.092  0.51   0.86   0.9    0.52  -0.7
  0.095  0.71  -0.05   0.48   0.65   0.95  -0.36   0.87   0.26  -0.75 ][-0.81  -1.098  1.787  0.73  -0.57   0.149 -0.579  0.33  -0.96   0.78
 -0.04   0.55   0.25  -0.68   0.55   0.225 -0.53  -0.828  0.87  -0.86
  0.7    0.58   0.16   0.31   0.87  -0.16  -0.782 -0.65  -0.85  -0.63
  0.73   1.823 -0.65   0.12   0.86   0.126  0.77  -0.599 -0.48  -0.29
 -0.16   0.577  0.59   0.31  -0.6    0.27  -0.27   0.46  -0.93   0.02
 -1.113 -0.32   0.24  -0.533 -0.92   0.6    0.05   0.7   -0.17  -0.06
 -0.65   1.605  0.12   0.59  -0.08   0.3    0.04  -0.052 -0.58   0.77
  0.08  -0.18   0.313 -0.44  -0.32   0.51   0.86   0.9    0.52  -0.58
  0.23   0.71  -0.05   0.48   0.65   0.95  -0.36   0.87   0.26  -0.75 ][-0.81  -1.098  0.86   1.535 -0.57   0.97   0.08   0.33  -0.96   0.78
 -0.04   0.55   0.61  -0.68   0.55   0.225 -0.53  -0.828  0.87  -0.86
  0.7    0.58   0.16   0.31   0.87  -0.16  -0.09  -0.65  -0.85  -1.056
  0.73   0.94  -0.928  0.12   0.86   0.126  0.77  -0.599 -0.48  -0.29
 -0.16   0.577  0.59   0.31  -0.6    0.27  -0.27   0.46  -0.93   0.02
 -0.66  -0.32   0.24  -0.04  -0.92   0.6    0.42   0.7   -0.17  -0.06
 -0.747  0.68   0.12   0.59  -0.103  0.3    0.04   0.981 -0.58   0.77
  0.08  -0.18   0.46  -0.44  -0.32   0.51   0.86   0.9    0.52  -0.58
  0.23   0.71  -0.05   0.48   0.65   0.95  -0.36   0.87   0.26  -0.75 ][-0.81  -1.098  0.86   0.73  -0.57   0.97   0.08   1.2   -0.96   0.78
 -0.04   0.55   0.25  -0.68   0.55   0.225 -0.53  -0.828  1.385 -0.86
  0.7   -0.21   0.16   0.31   0.87  -0.16  -0.09  -0.65  -0.978 -1.056
  0.73   0.94  -0.65   0.12   0.86   0.126  0.77  -0.73  -0.48  -0.29
 -0.16   0.577  0.59   0.31  -0.6    0.27  -0.27   0.46  -1.75   0.02
 -0.66  -0.32   0.24  -0.04  -0.92   0.6    0.42   0.7   -0.17  -0.06
 -0.65   0.68   0.12   0.59  -0.08   0.3    0.04   0.2   -0.58   0.77
  0.08  -0.18  -0.034 -0.44  -0.32   0.51   0.86   0.9    0.52  -0.58
  0.23   0.71  -0.05   0.48   0.65   0.95  -0.36   0.87   0.26  -0.75 ][-0.81  -1.098  1.787  0.73  -0.57   0.97   0.08   0.33  -0.96   0.78
 -0.04   0.55   0.25  -0.833  0.55   0.225 -0.53  -0.828  0.87  -0.86
  0.7    0.58   0.16   0.31   0.87  -0.16  -0.09  -0.65  -0.85  -0.46
  0.787  0.94  -0.65   0.12  -0.036  0.126  0.77  -0.73  -0.48  -0.29
 -0.16   0.577  0.59   0.31  -0.6    0.27  -0.27   0.46  -0.93   0.02
 -1.113 -0.32   0.24  -0.533 -0.92   0.6    0.42   0.7   -0.17  -0.06
 -0.65   0.68   0.12   0.59  -0.103  0.3    0.04   0.2   -0.58   0.77
  0.08  -0.18   0.46  -0.44  -0.32   0.51   0.86   0.9    0.52  -0.7
  0.23   0.71  -0.05   0.48   0.65   0.95  -0.36   0.87   0.26  -0.75 ][-0.81  -1.098  1.787  0.73  -0.57   0.97   0.08   0.33  -0.96   0.78
 -0.04   0.55   0.25  -0.68   0.55   0.225 -0.53  -0.828  1.385 -0.86
  0.7    0.58   0.16   0.31   0.87  -0.16  -0.09  -0.65  -0.85  -0.327
  0.73   1.823 -0.928  0.12   0.86   0.126  0.77  -0.599 -0.48  -0.29
 -0.16   0.577  0.59   0.31  -0.6    0.27  -0.905  0.643 -0.93   0.02
 -0.66  -0.32   0.24  -0.04  -0.92   0.6    0.42   0.7   -0.17  -0.06
 -0.65   0.68   0.12   0.59  -0.08   0.3    0.04   0.2   -0.58   0.77
  0.08  -0.18   0.46  -0.44  -0.474  0.51   0.86   0.9    0.52  -0.58
  0.23   0.71  -0.05   0.48   0.65   0.95  -0.36   0.87   0.26  -0.75 ][-0.81  -1.098  1.787  0.73  -0.57   0.97   0.08   0.33  -1.709  0.78
 -0.04   0.55   0.25  -0.68   0.55   0.225 -0.53  -0.828  1.385 -0.86
  0.7   -0.21   0.16   0.31   0.87  -0.16  -0.09  -0.65  -0.978 -0.46
  0.787  1.823 -0.65   0.12   0.86   0.126  0.77  -0.599 -0.48  -0.29
 -0.16   0.577  0.59   0.31  -0.6    0.27  -0.27   0.643 -0.93   0.02
 -0.66  -0.32   0.24  -0.04  -0.92   0.6    1.316  0.7   -0.17  -0.06
 -0.65   0.68   0.12   0.59  -0.08   0.3    0.04   0.2    0.62   0.77
  0.08  -0.18   0.46  -0.44  -0.32   0.51   0.86   0.9    0.52  -0.58
  0.23   0.71  -0.05   0.48   0.65   0.95  -0.36   0.87   0.26  -0.75 ][-0.81  -1.098  0.86   0.73  -0.57   0.97   0.08   1.2   -1.709  0.78
 -0.04   0.55   0.25  -0.68   0.55  -0.156 -0.53  -0.828  0.87  -0.86
  0.7    0.58   0.16   0.31   0.87  -0.16  -0.09  -0.65  -0.978 -0.46
  0.73   0.94  -0.65   0.12   0.86   0.126  0.77  -0.599 -0.48  -0.29
 -0.16   0.577  0.59   0.31  -0.6    0.27  -0.27   0.46  -1.75   0.02
 -0.66  -0.32   0.24  -0.04  -0.92   0.6    0.42   0.7   -0.17  -0.06
 -0.65   0.68   0.12   0.59  -0.08   0.3    0.04   0.2   -0.58   0.77
  0.08  -0.18   0.46  -0.44  -0.32   0.51   0.86   0.9    0.52  -0.58
  0.23   0.71  -0.05   0.48   0.65   0.95  -0.409  0.87   0.26  -0.75 ][-0.81  -1.098  1.787  0.73  -0.57   0.97   0.08   0.33  -1.709  0.78
 -0.04   0.55   0.25  -0.68   0.55   0.78  -0.53  -0.828  0.87  -0.86
  0.7    0.58   0.16   0.31   0.87  -0.16  -0.09  -0.65  -0.85  -0.46
  0.787  0.94  -0.65   0.12   0.86   0.126  0.77  -0.599 -0.48  -0.29
 -0.16   0.577  0.59   0.31  -0.6    0.27  -0.27   0.46  -0.93   0.02
 -0.66  -0.32   0.24  -0.04  -0.92   0.6    0.42   0.7   -0.17  -0.06
 -0.65   0.68   0.12   0.59  -0.08   0.3    0.04   0.2   -0.58   0.77
  0.08  -0.18   0.46  -0.44  -0.092  0.51   0.86   0.9    0.52  -0.58
  0.23   0.71  -0.05   0.48   0.65   0.95  -0.36   1.158  0.26  -0.75 ][-0.81  -1.098  1.787  0.73  -0.57   0.97   0.08   0.33  -0.96   0.78
 -0.04   0.55   0.25  -0.68   0.55   0.78  -0.53  -0.828  0.87  -0.86
  0.7    0.58   0.16   0.31   0.87  -0.16  -0.09  -0.65  -0.978 -0.327
  0.787  0.94  -0.65   0.12   0.86   0.126  0.77  -0.599 -0.48  -0.29
 -0.16   0.577  0.59   0.31  -0.6    0.27  -0.27   0.643 -0.93   0.02
 -0.66  -0.32   0.24  -0.533 -0.92   0.6    0.42   0.7   -0.17  -0.06
 -0.65   0.68   0.12   0.59  -0.08   0.3    0.04   0.2   -0.58   0.77
  0.08  -0.18   0.46  -0.44  -0.32  -0.365  0.86   0.9    0.52  -0.58
  0.23   0.71  -0.05   0.48   0.65   0.95  -0.409  0.87   0.26  -0.75 ][-0.81  -1.616  1.787  1.535 -0.57   0.97   0.08   0.33  -1.709  0.78
 -0.04   0.55   0.25  -0.68   0.55   0.225 -0.53  -0.828  0.87  -0.86
  0.7    0.58   0.16   0.31   0.87  -0.16  -0.09  -0.65  -0.85  -0.46
  0.73   0.94  -0.65   0.12   0.86   0.126  0.77  -0.599 -0.48  -0.29
 -0.16   0.577  0.59   0.31  -0.6    0.27  -0.27   0.643 -1.75   0.02
 -0.66  -0.32   0.24  -0.04  -0.92   0.6    0.42   0.7   -0.17  -0.06
 -0.65   0.68   0.12   0.59  -0.08   0.3    0.04   0.2   -0.58   0.77
  0.08  -0.18   0.46  -0.44  -0.32   0.51   0.86   0.9    0.52  -0.58
 -0.61   0.71  -0.05   0.48   0.65   0.95  -0.36   0.87   0.26  -0.75 ]