[-0.81  -1.616  0.86   0.73  -0.57   0.97   0.08   0.33  -0.96   0.78
 -0.04   0.55   0.25  -1.219  0.659  0.225 -0.53  -0.828  0.87  -0.86
  0.476  0.58   0.16   0.31   0.87  -0.16  -0.09  -0.65  -0.85  -0.46
  0.73   0.94  -0.65   0.12   0.86   0.126  0.77  -0.599 -0.48  -0.29
 -0.16   0.577  0.59   0.31  -0.6    0.27  -0.27   0.46  -1.75   0.02
 -0.66  -0.32   0.24   0.7   -0.92   0.6    0.42   0.143 -0.17  -0.06
 -0.65   0.68   0.12   0.59  -0.08   0.3    0.04   0.2   -0.58   0.77
  0.08  -0.18   0.46  -0.44  -0.474  0.51   0.86   0.9    0.52  -0.7
  0.23   0.71  -0.05   0.48   0.65   0.95  -0.36   0.87   0.26  -0.75 ][-0.81  -1.616  1.787  0.73  -0.57   0.97   0.08   0.33  -0.96   0.78
 -0.04   0.55   0.25  -0.68   0.55   0.225 -0.53  -0.828  0.87  -0.86
  0.476  0.58   0.16   0.31   0.87  -0.16  -0.09  -0.65  -0.85  -0.46
  0.73   0.94  -0.65   0.12   0.86   0.126  0.77  -0.599 -0.48  -0.29
 -0.16   0.577  0.59   0.31  -0.6    0.27  -0.27   0.46  -1.75   0.02
 -0.66  -0.32   0.24   0.7   -0.92   0.6    0.42   0.7   -0.17  -0.06
 -0.65   0.68   0.12   0.59  -0.08   0.3    0.04   0.2   -0.58   0.77
  0.08  -0.18   0.46  -0.44  -0.474  0.51   0.86   0.9    0.52  -0.58
  0.23   0.71  -0.05   0.48   0.65   0.95  -0.36   0.87   0.26  -0.75 ][-0.81  -1.098  0.86   0.73  -0.57   0.97   0.08   0.33  -0.96   0.78
 -0.04   0.55   0.25  -1.219  0.659  0.225 -0.53  -0.828  0.327 -0.86
  0.7    0.58   0.16   0.362  0.87  -0.16  -0.09  -0.65  -0.85  -0.46
  0.73   1.823 -0.65   0.12   0.86   0.126  0.77  -0.73  -0.48  -0.29
 -0.16   0.577  0.59   0.31  -0.6    0.27  -0.27   0.46  -1.75   0.02
 -0.66  -0.32   0.24  -0.533 -0.92   0.6    0.42   0.7   -0.17  -0.06
 -0.65   0.68   0.12   0.59  -0.08   0.3    0.04   0.2   -0.58   0.77
  0.08  -0.18   0.583 -0.44  -0.32   0.51   0.86   0.9    0.52  -0.7
  0.23   0.71  -0.05   0.48   0.65   0.95  -0.36   0.87   0.26  -0.75 ][-0.81  -1.098  0.86   0.73  -0.294  0.97   0.08   0.33  -0.96   0.78
 -0.04   0.55  -1.081 -0.68   0.55   0.225 -0.53  -0.828  1.385 -0.86
  0.7    0.58   0.16   0.31   0.87  -0.16  -0.09  -0.65  -0.85  -1.056
  0.73   1.823 -0.65   0.12   0.86   0.126  0.77  -0.599 -0.48  -0.29
 -0.16   0.577  0.59   0.31  -0.6    0.27  -0.27   0.46  -0.93   0.02
 -0.66  -0.32   0.24  -0.533 -0.92   0.6    0.42   0.7   -0.17  -0.06
 -0.65   0.68   0.12   0.59  -0.08   0.3    0.04   0.2   -0.58   0.77
  0.08  -0.18   0.46  -0.44  -0.32   0.51   0.86   0.9    0.52  -0.58
  0.23   0.71  -0.05   0.48   0.65   0.95  -0.36   0.87   0.26  -0.75 ][-0.81  -1.098  1.787  0.73  -0.57   1.638 -0.579  0.33  -0.96   0.78
 -0.04   0.55  -0.61  -0.68   0.55   0.225 -0.53  -0.828  0.87  -0.86
  0.476  0.58   0.16   0.31   0.87  -0.16  -0.09  -0.65  -0.85  -0.46
  0.73   0.94  -0.65   0.12   0.86   0.126  0.77  -0.599 -0.48  -0.29
 -0.16   0.577  0.59   0.31  -0.6    0.27  -0.27   0.46  -0.93   0.02
 -0.66  -0.32   0.24  -0.533 -0.92   0.6    0.42   0.7   -0.17  -0.06
 -0.65   0.68   0.12   1.46  -0.08   0.3    0.04   0.2   -0.58   0.77
  0.08  -0.18   0.46  -0.44  -0.492  0.51   0.86   0.9    0.52  -0.58
  0.23   0.71  -0.05   0.48   0.65   0.95  -0.36   0.87   0.26  -0.75 ][-0.81  -1.616  1.787  0.73  -0.57   0.97   0.08   0.33  -0.96   0.78
 -0.04   0.55   0.25  -1.219  0.55   0.225 -0.53  -0.828  0.185 -0.86
  0.476  0.58   0.16   0.31   0.87  -0.276 -0.09   0.093 -0.85  -0.46
  0.73   0.94  -0.65   0.12   0.86   0.126  0.77  -0.73  -0.48  -0.29
 -0.16   0.577  0.59   0.31  -0.6    0.27  -0.27   0.46  -0.93   0.02
 -0.66  -0.32   0.24   0.7   -0.92   0.6    0.42   0.7   -0.17  -0.06
 -0.65   0.68   0.12   0.59  -0.08   0.3    0.04   0.2   -0.58   0.77
  0.08  -0.18   0.46  -0.44  -0.32   0.51   0.86   0.9    0.52  -0.58
  0.23   0.71  -0.05   0.48   0.65   0.95  -0.36   0.87   0.26  -0.75 ][-0.81  -1.098  1.787  0.73  -1.501  0.97   0.08   0.33  -0.96   0.78
 -0.04   0.55   0.25  -0.68   0.659  0.225 -0.53  -0.828  0.87  -0.86
  0.7    0.58   0.16   0.31   0.87  -0.16  -0.09  -0.65  -0.85  -1.056
  0.73   1.823 -0.65   0.12   0.86   0.126  0.77  -0.599 -0.48  -0.29
 -0.16   0.577  0.59   0.31  -0.6    0.27  -0.27   0.46  -1.75   0.02
 -0.66  -0.32   0.24  -0.04  -0.92   0.6    0.42   0.7   -0.17  -0.06
 -0.65   0.68   0.12   0.59  -0.08   0.3    0.04   0.2   -0.58   0.77
  0.08  -0.18   0.46  -0.44  -0.32   0.51   0.86   0.9    0.52  -0.58
  0.707  0.71  -0.05   0.48   0.65   0.95  -0.36   0.87   0.26  -0.664][-0.81  -1.098  1.787  0.73  -0.57   0.97  -0.579  0.33  -0.96   0.78
 -0.04   0.55  -0.61  -0.68   0.55   0.225 -0.53  -0.828  0.87  -0.86
  0.7    0.58   0.16   0.31   0.87  -0.16  -0.782 -0.65  -0.85  -0.46
  0.787  1.823 -0.65   0.12   0.86   0.126  0.77  -0.599 -0.48  -0.29
 -0.16   0.577  0.59   0.31  -0.6    0.27  -0.27   0.46  -0.93   0.02
 -0.66  -0.32   0.24  -0.533 -0.92   0.6    0.42   0.7   -0.17  -0.06
 -0.65   0.68   0.12   0.59  -0.08   0.3    0.04   0.2   -0.58   0.77
  0.08  -0.18   0.583 -0.44  -0.32   0.51   0.86   0.9    0.52  -0.58
  0.23   0.71  -0.05   0.48   0.65   0.95  -0.36   0.87   0.26  -0.75 ][-0.81  -1.098  1.787  0.73  -0.57   0.97   0.08   0.33  -0.96   0.78
 -0.04   0.55  -0.252 -1.219  0.659  0.225 -0.53  -0.828  0.87  -0.86
  0.7    0.58   0.16   0.31   0.87  -0.276 -0.09  -0.65  -0.85  -0.46
  0.73   0.94  -0.65   0.12   0.86   0.126  0.77  -0.73  -0.48  -0.29
 -0.16   0.577  0.59   0.31  -0.962  0.27  -0.27   0.46  -1.75   0.02
 -0.66  -0.32   0.24  -0.04  -0.92   0.6    0.42   0.7   -0.17  -0.06
 -0.65   0.68   0.12   0.59  -0.103  0.3    0.04   0.2   -0.58   0.77
  0.08  -0.18   0.46  -0.44  -0.32   0.51   0.86   0.9    0.52  -0.7
  0.23   0.71  -0.05   0.48   0.65   0.95  -0.36   0.87   0.26  -0.75 ][-0.81  -1.038  0.86   0.73  -0.57   1.638  0.08   0.33  -1.709  0.78
 -0.04   0.55   0.25  -1.219  0.55   0.225 -0.53  -0.828  1.385 -0.86
  0.7    0.58   0.16   0.31   0.87  -0.16  -0.09  -0.65  -0.85  -0.46
  0.73   0.94  -0.65   0.12   0.86   0.126  0.77  -0.73  -0.48  -0.29
 -0.16   0.577  0.59   0.31  -0.6    0.27  -0.27   0.46  -0.93   0.02
 -0.66  -0.32   0.24   0.548 -0.92   0.6    0.42   0.7   -0.17  -0.06
 -0.65   0.68   0.12   0.59  -0.08   0.3    0.04   0.2    0.62   0.77
  0.08  -0.18   0.46  -0.44  -0.32   0.51   0.86   0.9    0.52  -0.7
  0.23   0.71  -0.05   0.48   0.65   0.95  -0.36   0.87   0.26  -0.75 ][-0.81  -1.098  1.787  0.73  -1.501  0.97   0.08   0.33  -0.96   0.78
 -0.04   0.55   0.25  -0.68   0.659  0.225 -0.53  -0.828  0.87  -0.86
  0.7    0.58   0.16   0.31   0.87  -0.16  -0.09  -0.65  -0.85  -1.056
  0.73   1.823 -0.65   0.12   0.86   0.126  0.77  -0.599 -0.48  -0.29
 -0.16   0.577  0.59   0.31  -0.6    0.27  -0.27   0.46  -0.93  -0.103
 -0.66  -0.32   0.24  -0.04  -0.92   0.6    0.42   0.7   -0.17  -0.06
 -0.65   0.68   0.12   0.59  -0.08   0.3    0.04   0.2   -0.58   0.77
  0.08  -0.18   0.46  -0.44  -0.32   0.51   0.86   0.9    0.52  -0.58
  0.707  0.71   0.006  0.48   0.65   0.95  -0.36   0.87   0.26  -0.664][-0.81  -1.098  1.787  0.73  -0.57   0.97   0.08   0.33  -0.96   0.78
 -0.04   0.55   0.25  -0.68   0.659  0.225 -0.53  -0.828  0.87  -0.86
  0.7    0.58   0.16   0.31   0.87  -0.16  -0.09  -0.65  -0.85  -0.208
  0.73   1.823 -0.65   0.12   0.86   0.126  0.77  -0.599 -0.48  -0.29
 -0.16   0.577  0.59  -0.024 -0.6    0.27  -0.27   0.46  -1.75   0.02
 -0.66  -0.32   0.24  -0.04  -0.92   0.6    0.42   0.7   -0.17  -0.06
 -0.65   0.68   0.12   0.59  -0.103  0.3    0.04   0.2   -0.58   0.77
  0.08  -0.18   0.313 -0.44  -0.32   0.51   0.86   0.9    0.52  -0.58
  0.707  0.71  -0.05   0.48   0.65   0.95  -0.36   0.87   0.26  -0.75 ][-0.81  -1.098  1.787  0.73  -0.57   0.97   0.08   0.33  -0.96   0.78
 -0.04   0.55   0.25  -0.68   0.659  0.225 -0.53  -0.828  0.87  -0.86
  0.7    0.58   0.16   0.31   0.87  -0.16  -0.09  -0.65  -0.85  -1.056
  0.73   1.823 -0.65   0.12   0.86   0.126  0.77  -0.599 -0.48  -0.29
 -0.16   0.577  0.59   0.31  -0.6    0.27  -0.27   0.46  -0.93  -0.103
 -0.66  -0.32   0.24  -0.04  -0.92   0.6    0.42   0.7   -0.17  -0.06
 -0.65   0.68   0.12   0.59  -0.08   0.3    0.04   0.2   -0.58   0.77
  0.08  -0.18   0.46  -0.44  -0.32   0.51   0.86   0.9    0.52  -0.58
  0.707  0.71  -0.05   0.48   0.65   0.95  -0.36   0.87   0.26  -0.664][-0.81  -1.098  0.86   0.73  -0.57   0.97   0.08   0.33  -0.96   0.78
 -0.04   0.55   0.25  -1.219  0.55   0.225 -0.53  -0.828  0.87  -0.86
  0.7    0.58   0.16   0.31   0.87  -0.276 -0.09  -0.65  -0.85  -0.208
  0.73   1.823 -0.65   0.12   0.86   0.126  0.77  -0.599 -0.48  -0.29
 -0.16   0.577  0.59   0.31  -0.6    0.27  -0.27   0.46  -1.75   0.02
 -0.66  -0.32   0.24  -0.04  -0.92   0.6    0.42   0.7   -0.17  -0.06
 -0.65   0.68   0.12   0.59  -0.103  0.3    0.04   0.2   -0.58   0.77
  0.08  -0.18   0.313 -0.44  -0.32   0.51   0.86   0.9    0.52  -0.7
  0.23   0.71  -0.05   0.48   0.65   0.95  -0.36   0.87   0.26  -0.75 ][-0.81  -1.098  0.86   0.73  -0.57   0.97  -0.579  0.33  -0.96   0.78
 -0.04   0.55   0.25  -0.68   0.55   0.225 -0.53  -0.828  0.87  -0.86
  0.7    0.58   0.16   0.31   0.87  -0.16  -0.09  -0.65  -0.85  -0.876
  0.787  1.823 -0.65   0.12   0.86   0.126  0.77  -0.599 -0.48  -0.29
 -0.16   0.577  0.59   0.31  -0.6    0.27  -0.27   0.46  -1.75   0.02
 -0.66  -0.32   0.24  -0.04  -0.92   0.6    0.42   0.7   -0.17  -0.06
 -0.65   0.68   0.12   0.59  -0.103  0.3    0.04   0.2   -0.58   0.77
  0.08  -0.18   0.313 -0.44  -0.32   0.51   0.86   0.9    0.52  -0.58
  0.23   0.71  -0.05   0.48   0.65   0.95  -0.36   0.87   0.26  -0.75 ][-0.81  -1.616  0.86   0.73  -0.57   0.97   0.08   0.33  -0.96   0.78
 -0.04   0.55   0.25  -1.219  0.55   0.225 -0.53  -0.828  0.87  -0.86
  0.7    0.58   0.16   0.31   0.87  -0.16  -0.09  -0.65  -0.85  -0.208
  0.73   1.823 -0.65   0.12   0.86   0.126  0.77  -0.599 -0.48  -0.29
 -0.16   0.577  0.59   0.31  -0.6    0.27  -0.27   0.46  -1.75   0.02
 -0.66  -0.32   0.24   0.7   -0.92   0.6    0.42   0.7   -0.17  -0.06
 -0.65   0.68   0.12   0.59  -0.08   0.3    0.04   0.2   -0.58   0.77
  0.731 -0.18   0.46  -0.44  -0.32   0.51   0.86   0.9    0.52  -0.7
  0.23   0.71  -0.05   0.48   0.65   0.95  -0.36   0.87   0.26  -0.75 ][-0.81  -1.098  1.787  0.73  -0.57   0.507  0.08   0.33  -0.96   0.78
 -0.04   0.55   0.25  -1.219  0.659  0.225 -0.53  -0.828  1.385 -0.86
  0.7    0.58   0.16   0.31   0.87  -0.16  -0.09  -0.65  -0.85  -0.46
  0.73   0.94  -0.65   0.12   0.86   0.126  0.77  -0.599 -0.48  -0.29
 -0.16   0.577  0.59   0.31  -0.6    0.27  -0.27   0.46  -1.462  0.02
 -0.66  -0.32   0.24  -0.533 -0.92   0.6    0.42   0.7   -0.17  -0.06
 -0.65   0.68   0.12   0.59  -0.103  0.3    0.04   0.2   -0.58   0.77
  0.08  -0.18   0.46  -0.44  -0.32   0.51   0.86   0.9    0.52  -0.58
  0.23   0.71  -0.05   0.48   0.65   0.95  -0.36   0.87   0.26  -0.75 ][-0.81  -1.098  1.787  0.73  -0.57   1.638  0.08   0.33  -0.96   0.78
 -0.04   0.55   0.25  -0.68   0.55   0.225 -0.53  -0.828  1.385 -0.86
  0.7    0.58   0.16   0.31   0.87  -0.16  -0.09  -0.65  -0.978 -0.46
  0.787  0.94  -0.65   0.12   0.86   0.126  0.77  -0.599 -0.48  -0.933
 -0.16   0.577  0.59   0.31  -0.6    0.27  -0.27   0.46  -1.75   0.02
 -0.66  -0.32   0.24  -0.04  -0.92   0.6    0.42   0.7   -0.17  -0.06
 -0.65   0.68   0.12   0.59  -0.08   0.3    0.04   0.2   -0.58   0.77
  0.08  -0.18   0.46  -0.44  -0.32   0.51   0.86   0.9    0.52  -0.869
  0.23   0.71  -0.05   0.48   0.65   0.95  -0.36   0.87   0.26  -0.75 ][-0.81  -1.098  1.787  0.73  -1.501  0.97   0.08   0.33  -1.073  0.78
 -0.04   0.55   0.25  -0.68   0.659  0.225 -0.53  -0.828  1.385 -0.86
  0.7    0.58   0.16   0.31   0.87  -0.16  -0.09  -0.65  -0.85  -1.056
  0.787  1.823 -0.65   0.12   0.86   0.126  0.77  -0.599 -0.48  -0.351
 -0.16   0.577  0.59   0.31  -0.6    0.27  -0.27   0.46  -0.93   0.02
 -0.66  -0.32   0.24  -0.533 -0.92   0.6    0.42   0.7   -0.17  -0.06
 -0.65   0.68   0.12   0.59  -0.08   0.3    0.04   0.2   -0.58   0.77
  0.08  -0.18   0.46  -0.44  -0.32   0.51   0.86   0.9    0.52  -0.58
  0.23   0.71  -0.05   0.48   0.65   0.95  -0.36   0.87   0.26  -0.664][-0.81  -1.098  1.787  0.73  -0.57   0.97   0.08   0.07  -0.96   0.78
 -0.04   0.55   0.25  -0.68   0.55   0.225 -0.53  -0.828  0.87  -0.86
  0.476  0.58   0.16   0.31   0.87  -0.16  -0.09  -0.65  -0.85  -0.46
  0.73   0.94  -0.65   0.12   0.86   0.126  0.77  -0.599 -0.48  -0.29
 -0.16   0.577  0.59   0.31  -0.6    0.27  -0.27   0.46  -1.75   0.02
 -0.66  -0.32   0.24  -0.04  -0.92   0.6    0.42   0.7   -0.17  -0.06
 -0.65   0.68   0.12   0.59  -0.08   0.3    0.04   0.2   -0.58   0.77
  0.08  -0.18   0.46  -0.44  -0.32   0.51   0.86   0.9    0.52  -0.58
  0.23   0.71  -0.05   0.48   0.65   0.95  -0.36   0.87   0.26  -0.75 ][-0.81  -1.616  0.86   0.73  -1.501  0.97   0.08   0.33  -0.96   0.78
 -0.04   0.55   0.25  -0.061  0.659  0.225 -0.53  -0.828  1.385 -0.86
  0.7    0.58   0.16   0.31   0.87  -0.16  -0.09  -0.65  -0.85  -0.46
  0.787  1.823 -0.65   0.12   0.86   0.126  0.77  -0.599 -0.48  -0.351
 -0.16   0.577  0.59   0.31  -0.6    0.27  -0.27   0.46  -1.75   0.02
 -0.66  -0.32   0.24   0.7   -0.92   0.6    0.42   0.7   -0.17  -0.06
 -0.65   0.68   0.12   0.59  -0.08   0.3    0.04   0.2   -0.58   0.77
  0.08  -0.18   0.46  -0.44  -0.32   0.51   0.86   0.9    0.52  -0.58
  0.23   0.71  -0.05   0.48   0.65   0.95  -0.36   0.87   0.26  -0.664][-0.81  -1.616  0.86   0.73  -0.57   0.97   0.08   0.33  -0.96   0.78
 -0.04   0.55   0.25  -1.219  0.816  0.225 -0.53  -0.828  0.87  -0.86
  0.476  0.58   0.16   0.31   0.87  -0.16  -0.09  -0.65  -0.85  -0.46
  0.73   0.94  -0.65   0.12   0.86   0.126  0.77  -0.599 -0.48  -0.29
 -0.16   0.577  0.59   0.31  -0.6    0.27  -0.27   0.46  -1.75   0.02
 -0.66  -0.32   0.24  -0.04  -0.92   0.6    0.42   0.143 -0.17  -0.06
 -0.65   0.68   0.12   0.59  -0.08   0.3    0.04   0.2   -0.58   0.77
  0.08  -0.18   0.46  -0.44  -0.32   0.51   0.86   0.9    0.52  -0.7
  0.23   0.71  -0.05   0.48   0.65   0.95  -0.36   0.87   0.26  -0.75 ][-0.81  -1.098  1.787  0.73  -0.57   0.97  -0.579  0.33  -0.96   0.78
 -0.04   0.55   0.25  -1.219  0.55   0.225 -0.53  -0.828  0.185 -0.86
  0.476  0.58   0.16   0.31   0.87  -0.16  -0.09  -0.65  -0.85  -0.46
  0.787  1.823 -0.65   0.12   0.86   0.126  0.77  -0.599 -0.48  -0.29
 -0.16   0.577  0.59   0.31  -0.6    0.27  -0.27   0.46  -0.93   0.078
 -0.66  -0.32   0.24   0.7   -0.92   0.6    0.42   0.7   -0.17  -0.06
 -0.65   0.68   0.12   0.59  -0.08   0.3    0.04   0.2   -0.58   0.77
  0.08  -0.18   0.46  -0.44  -0.32   0.51   0.86   0.9    0.52  -0.58
  0.23   0.71  -0.05   0.48   0.65   0.95  -0.36   0.87   0.26  -0.75 ][-0.81  -1.098  0.86   0.73  -0.57   0.97   0.08   0.33  -0.96   0.78
 -0.04   0.55   0.25  -1.219  0.659  0.225 -0.53  -0.828  0.327 -0.86
  0.476  0.58   0.16   0.31   0.87  -0.16  -0.09  -0.65  -0.85  -0.46
  0.73   1.823 -0.65   0.12   0.86   0.126  0.77  -0.599 -0.48  -0.29
 -0.16   0.577  0.59   0.31  -0.6    0.27  -0.27   0.46  -1.75   0.02
 -0.66  -0.32   0.24  -0.533 -0.92   0.6    0.42   0.143 -0.17  -0.06
 -0.65   0.68   0.32   0.59  -0.08   0.3    0.04   0.2   -0.58   0.77
  0.08  -0.18   0.46  -0.44  -0.32   0.51   0.86   0.9    0.52  -0.7
  0.23   0.71  -0.05   0.48   0.65   0.95  -0.36   0.87   0.26  -0.75 ][-0.81  -1.098  1.787  0.73  -0.57   1.638  0.08   0.33  -0.96   0.78
 -0.04   0.55   0.25  -0.68   0.55   0.225 -0.53  -0.828  0.87  -0.86
  0.7    0.58   0.16   0.31   0.87  -0.16  -0.09  -0.65  -0.85  -0.46
  0.73   0.94  -0.65   0.12   0.86   0.126  0.77  -0.599 -0.48  -0.933
 -0.16   0.577  0.59   0.31  -0.6    0.27  -0.27   0.46  -1.75  -0.103
 -0.733 -0.32   0.24  -0.04  -0.92   0.6    0.42   0.7   -0.17  -0.06
 -0.65   0.68   0.12   0.59  -0.08   0.3    0.04   0.2   -0.58   0.77
  0.08  -0.18   0.46  -0.44  -0.32   0.51   0.86   0.9    0.52  -0.869
  0.23   0.71   0.006  0.48   0.65   0.95  -0.36   0.87   0.26  -0.75 ][-0.81  -1.098  1.787  0.73  -1.501  0.97   0.08   0.33  -0.96   0.78
 -0.04   0.55   0.25  -1.219  0.55   0.225 -0.53  -0.828  0.87  -0.86
  0.7    0.58   0.16   0.31   0.87  -0.276 -0.09  -0.65  -0.85  -1.056
  0.73   1.823 -0.65   0.12   0.993  0.126  0.77  -0.599 -0.48  -0.29
 -0.16   0.577  0.59   0.31  -0.6    0.27  -0.27   0.46  -0.93   0.02
 -0.66  -0.32   0.24  -0.04  -0.92   0.6    0.42   0.7   -0.17  -0.06
 -0.65   0.68   0.12   0.59  -0.103  0.3    0.04   0.2   -0.58   0.77
  0.08  -0.18   0.313 -0.44  -0.32   0.51   0.86   0.9    0.52  -0.7
  0.707  0.71  -0.05   0.48   0.65   0.95  -0.36   0.87   0.26  -0.664][-0.81  -1.098  1.787  0.73  -1.501  0.97   0.08   0.33  -0.96   0.78
 -0.04   0.55   0.25  -0.68   0.659  0.225 -0.53  -0.828  1.385 -0.86
  0.7    0.58   0.16   0.31   0.87  -0.16  -0.09  -0.65  -0.85  -1.056
  0.73   1.823 -0.65   0.12   0.86   0.126  0.77  -0.599 -0.48  -0.29
 -0.16   0.577  0.59   0.31   0.389  0.27  -0.27   0.46  -1.75   0.02
 -0.66  -0.32   0.24  -0.04  -0.92   0.6    0.42   0.7   -0.17  -0.06
 -0.65   0.68   0.12   0.59  -0.08   0.3    0.04   0.2   -0.58   0.77
  0.08  -0.18   0.46  -0.44  -0.32   0.51   0.86   0.9    0.52  -0.58
  0.23   0.71  -0.05   0.48   0.65   0.95  -0.36   0.87   0.26  -0.664][-0.81  -1.098  1.787  0.73  -0.57   0.97  -0.579  0.07  -0.96   0.78
 -0.04   0.55  -0.61  -0.68   0.55   0.225 -0.53  -0.828  0.87  -0.86
  0.476  0.58   0.16   0.31   0.87  -0.16  -0.09  -0.65  -0.85  -0.46
  0.73   0.94  -0.65   0.12   0.86   0.126  0.77  -0.599 -0.48  -0.29
 -0.16   0.577  0.59   0.31  -0.6    0.27  -0.27   0.46  -1.75   0.02
 -0.66  -0.32   0.24  -0.165 -0.92   0.6    0.42   0.7   -0.17  -0.06
 -0.65   0.68   0.12   1.46  -0.08   0.3    0.04   0.2   -0.58   0.77
  0.08  -0.18   0.46  -0.44  -0.32   0.51   0.86   0.9    0.52  -0.58
  0.23   0.71  -0.05   0.48   0.65   0.95  -0.36   0.87   0.26  -0.75 ][-0.81  -1.616  0.86   0.73  -0.57   0.97   0.08   0.017 -0.96   0.78
 -0.04   0.55   0.25  -0.68   0.55   0.225 -0.53  -0.828  1.385 -0.86
  0.476  0.58   0.16   0.31   0.87  -0.16  -0.09  -0.65  -0.85  -0.46
  0.73   1.823 -0.65   0.12   0.86   0.126  0.77  -0.599 -0.48  -0.29
 -0.16   0.577  0.59   0.31  -0.6    0.27  -0.27   0.46  -1.75   0.02
 -0.66  -0.32   0.24  -0.533 -0.92   0.6    0.42   0.7   -0.17  -0.06
 -0.65   0.68   0.12   0.59  -0.08   0.3    0.04   0.2   -0.58   0.77
  0.08  -0.18   0.46  -0.44  -0.32   0.51   0.86   0.9    0.52  -0.58
  0.23   0.71  -0.05   0.48   0.65   0.95  -0.36   0.87   0.26  -0.75 ][-0.81  -0.632  1.787  0.73  -0.57   0.97   0.08   0.33  -0.96   0.78
 -0.04   0.55   0.25  -0.68   0.55   0.225 -0.53  -0.828  0.185 -0.86
  0.476  0.58   0.16   0.31   0.87  -0.276 -0.09   0.093 -0.85  -1.056
  0.73   1.823 -0.65   0.12   0.86   0.126  0.77  -0.73  -0.48  -0.29
 -0.16   0.577  0.59   0.31  -0.6    0.27  -0.27   0.46  -0.93   0.02
 -0.66  -0.32   0.24   0.7   -0.92   0.6    0.42   0.7   -0.17  -0.06
 -0.65   0.68   0.12   0.59  -0.08   0.3    0.04   0.2   -0.58   0.77
  0.08  -0.18   0.46  -0.44  -0.32   0.51   0.86   0.9    0.52  -0.58
  0.23   0.71  -0.05   0.48   0.65   0.95  -0.36   0.87   0.26  -0.664][-0.81  -1.616  1.787  0.73  -0.57   0.97   0.08   0.33  -0.96   0.78
 -0.04   0.55   0.25  -1.219  0.55   0.225 -0.53  -0.828  0.87  -0.86
  0.476  0.58   0.16   0.31   0.87  -0.16  -0.09   0.093 -0.85  -0.46
  0.73   0.94  -0.65   0.12   0.86   0.126  0.77  -0.599 -0.48  -0.29
 -0.16   0.577  0.59   0.31  -0.6    0.27  -0.27   0.46  -1.75   0.02
 -0.66  -0.32   0.349  0.7   -0.92   0.6    0.42   0.7   -0.17  -0.06
 -0.65   0.68   0.12   0.59  -0.08   0.3    0.04   0.2   -0.58   0.77
  0.08  -0.18   0.46  -0.44  -0.32   0.51   0.86   0.9    0.52  -0.58
  0.23   0.71  -0.05   0.48   0.65   0.95  -0.36   0.87   0.26  -0.75 ][-0.81  -1.616  1.787  0.73  -0.57   0.97   0.08   0.33  -0.96   0.78
 -0.04   0.55  -0.252 -1.219  0.659  0.225 -0.53  -0.828  0.87  -0.86
  0.7    0.58   0.16   0.31   0.87  -0.16  -0.09  -0.65  -0.85  -0.46
  0.73   0.94  -0.65   0.12   0.86   0.126  0.77  -0.73  -0.48  -0.29
 -0.16   0.577  0.59   0.31  -0.962  0.27  -0.27   0.46  -1.75   0.02
 -0.66  -0.32  -0.359  0.7   -0.92   0.6    0.42   0.7   -0.17  -0.06
 -0.65   0.68   0.12   0.59  -0.103  0.3    0.04   0.2   -0.58   0.77
  0.08  -0.18   0.46  -0.44  -0.32   0.51   0.86   0.9    0.52  -0.58
  0.23   0.71  -0.05   0.48   0.65   0.95  -0.36   0.87   0.26  -0.75 ][-0.81  -1.616  1.787  0.73  -0.57   0.97   0.08   0.33  -0.55   0.78
 -0.04   0.55   0.25  -1.219  0.659  0.225 -0.53  -0.828  0.185 -0.86
  0.7    0.58   0.16   0.31   0.87  -0.276 -0.09   0.093 -0.85  -0.46
  0.73   0.94  -0.65   0.12   0.86   0.126  0.77  -0.73  -0.48  -0.29
 -0.16   0.577  0.59   0.31  -0.962  0.27  -0.27   0.46  -0.93   0.02
 -0.66  -0.32   0.24  -0.04  -0.92   0.6    0.42   0.7   -0.17  -0.06
 -0.65   0.68   0.12   0.59  -0.08   0.3    0.04   0.2   -0.58   0.77
  0.08  -0.18   0.46  -0.44  -0.32   0.51   0.86   0.9    0.52  -0.7
  0.23   0.71  -0.05   0.48   0.65   0.95  -0.36   0.87   0.26  -0.75 ][-0.81  -1.098  1.787  0.73  -0.57   0.507  0.08   0.33  -0.96   0.78
 -0.04   0.55   0.25  -1.219  0.659  0.225 -0.53  -0.828  0.87  -0.86
  0.7    0.58   0.16   0.31   0.87  -0.16  -0.09  -0.65  -0.85  -0.46
  0.73   0.94  -0.65   0.12   0.86   0.126  0.77  -0.599 -0.48  -0.29
 -0.16   0.577  0.59   0.31  -0.6    0.27  -0.27   0.46  -1.462  0.02
 -0.66  -0.32   0.24  -0.533 -0.92   0.6    0.42   0.7   -0.17  -0.06
 -0.65   0.68   0.12   0.59  -0.103  0.3    0.04   0.2   -0.58   0.77
  0.08  -0.18   0.46  -0.44  -0.32   0.51   0.86   0.9    0.52  -0.58
  0.23   0.71  -0.05   0.48  -0.111  0.95  -0.36   0.87   0.26  -0.75 ][-0.81  -1.098  1.787  0.73  -0.57   0.97   0.08   0.33  -0.96   0.78
  0.605  0.55   0.25  -0.68   0.659  0.225 -0.53  -0.828  0.87  -0.86
  0.7    0.58   0.16   0.31   0.87  -0.16  -0.09  -0.65  -0.85  -0.208
  0.73   1.823 -0.65   0.12   0.86   0.126  0.77  -0.599 -0.48  -0.29
 -0.16   0.577  0.59  -0.024 -0.6    0.27  -0.27   0.46  -1.462  0.02
 -0.66  -0.32   0.24  -0.533 -0.92   0.6    0.42   0.7   -0.17  -0.06
 -0.65   0.68   0.12   0.59  -0.103  0.3    0.04   0.2   -0.58   0.77
  0.08  -0.18   0.46  -0.44  -0.32   0.51   0.86   0.9    0.52  -0.58
  0.23   0.71  -0.05   0.48   0.65   0.95  -0.36   0.87   0.26  -0.75 ][-0.81  -1.098  1.787  0.73  -0.57   0.97   0.08   0.33  -0.96   0.78
 -0.04   0.55  -0.61  -0.68   0.659  0.225 -0.53  -0.828  0.87  -0.86
  0.476  0.58   0.16   0.31   0.87  -0.16  -0.09  -0.65  -0.85  -0.46
  0.73   0.94  -0.65   0.12   0.86   0.126  0.77  -0.599 -0.48  -0.29
 -0.16   0.577  0.59   0.31  -0.6    0.27  -0.27   0.46  -0.93   0.02
 -0.66  -0.32   0.24  -0.533 -0.92   0.6    0.42   0.7   -0.17  -0.06
 -0.65   0.68   0.12   0.59  -0.08   0.3    0.04   0.2   -0.58   0.77
  0.08  -0.18   0.46  -0.44  -0.492  0.51   0.86   0.9    0.52  -0.58
  0.23   0.71  -0.05   0.48  -0.307  0.95  -0.36   0.87   0.26  -0.75 ][-0.81  -1.616  1.787  0.73  -0.57   0.97   0.08   0.33  -0.96   0.78
 -0.04   0.55   0.25  -0.68   0.659  0.225 -0.53  -0.828  0.87  -0.86
  0.476  0.58   0.16   0.31   0.87  -0.16  -0.09  -0.65  -0.85  -0.208
  0.73   1.823 -0.65   0.12   0.86   0.126  0.77  -0.599 -0.48  -0.29
 -0.16   0.577  0.59   0.31  -0.6    0.27  -0.27   0.46  -1.75   0.02
 -0.66  -0.32   0.24  -0.04  -0.92   0.6    0.42   0.7   -0.17  -0.06
 -0.65   0.68   0.12   0.59  -0.08   0.3    0.04   0.2   -0.58   0.77
  0.08  -0.18   0.313 -0.44  -0.474  0.51   0.86   0.9    0.52  -0.58
  0.707  0.71  -0.05   0.142  0.65   0.95  -0.36   0.87   0.26  -0.75 ][-0.81  -1.616  1.787  0.73  -0.57   0.97   0.08   0.33  -0.96   0.78
 -0.04   0.55   0.25  -0.68   0.55   0.225 -0.53  -0.828  0.87  -0.86
  0.7    0.58   0.16   0.31   0.87  -0.16  -0.09  -0.65  -0.85  -1.056
  0.73   1.823 -0.65   0.12   0.86   0.126  0.77  -0.599 -0.48  -0.29
 -0.16   0.577  0.59   0.31  -0.6    0.27  -0.27   0.46  -1.75  -0.103
 -0.66  -0.32   0.24   0.7   -0.92   0.6    0.42   0.619 -0.17  -0.06
 -0.65   0.68   0.12   0.59  -0.08   0.3    0.04   0.2   -0.58   0.77
  0.08  -0.18   0.46  -0.44  -0.474  0.51   0.86   0.9    0.52  -0.58
  0.23   0.71  -0.05   0.48   0.65   0.95  -0.36   0.87   0.26  -0.664][-0.81  -1.616  1.787  0.73  -0.57   0.97   0.08   0.33  -1.709  0.78
 -0.04   0.55   0.25  -1.219  0.55   0.225 -0.53  -0.828  1.385 -0.86
  0.476  0.58   0.16   0.31   0.48  -0.16  -0.09  -0.65  -0.85  -0.46
  0.73   0.94  -0.65   0.12   0.86   0.126  0.77  -0.599 -0.48  -0.29
 -0.16   0.577  0.59   0.31  -0.6    0.27  -0.27   0.46  -1.75   0.02
 -0.66  -0.32   0.24   0.548 -0.92   0.6    0.42   0.7   -0.17  -0.06
 -0.65   0.68   0.12   0.59  -0.08   0.3    0.04   0.2   -0.58   0.77
  0.08  -0.18   0.46  -0.44  -0.32   0.51   0.86   0.9    0.52  -0.7
  0.23   0.71  -0.05   0.48   0.65   0.95  -0.36   0.87   0.26  -0.75 ][-0.81  -1.098  1.787  0.73  -0.57   0.97   0.08   0.33  -0.96   0.78
 -0.04   0.55   0.25  -0.68   0.659  0.225 -0.53  -0.828  0.87  -0.86
  0.7    0.58   0.16   0.31   0.87  -0.16  -0.09  -0.65  -0.85  -0.46
  0.73   0.94  -0.65   0.12   0.86   0.126  0.77  -0.73  -0.48  -0.29
 -0.16   0.577  0.59  -0.024 -0.962  0.27  -0.27   0.46  -1.75   0.02
 -0.66  -0.32   0.24  -0.04  -0.92   0.6    0.42   0.7   -0.17  -0.06
 -0.65   0.155  0.12   0.59  -0.103  0.3    0.04   0.2   -0.58   0.77
  0.08  -0.18   0.46  -0.44  -0.32   0.51   0.86   0.9    0.52  -0.7
  0.707  0.71  -0.05   0.48   0.65   0.95  -0.36   0.87   0.26  -0.75 ][-0.81  -1.098  1.787  0.73  -1.501  0.97   0.08   0.33  -0.96   0.78
 -0.04   0.55   0.25  -0.68   0.659  0.225 -0.53  -0.828  0.87  -0.86
  0.7    0.58   0.16   0.31   0.87  -0.16  -0.09  -0.65  -0.85  -0.208
  0.73   1.823 -0.65   0.12   0.86   0.126  0.77  -0.599 -0.48  -0.29
 -0.16   0.577  0.59  -0.024 -0.506  0.27  -0.27   0.46  -1.75  -0.103
 -0.66  -0.32   0.24  -0.04  -0.92   0.6    0.42   0.7   -0.17  -0.06
 -0.65   0.68   0.12   0.59  -0.103  0.3    0.04   0.2   -0.58   0.77
  0.08  -0.18   0.46  -0.44  -0.32   0.51   0.86   0.9    0.52  -0.58
  0.707  0.71   0.006  0.48   0.65   0.95  -0.36   0.87   0.26  -0.664][-0.81  -2.057  1.787  0.73  -0.57   0.97   0.08   0.33  -0.96   0.78
 -0.04   0.55   0.25  -0.68   0.55   0.225 -0.53  -0.828  0.87  -0.86
  0.476  0.58   0.16   0.31   0.87  -0.16  -0.09  -0.65  -0.85  -0.46
  0.787  0.94  -0.65   0.12   0.86   0.126  0.77  -0.599 -0.48  -0.933
 -0.16   0.577  0.59   0.31  -0.6    0.27  -0.27   0.46  -1.75   0.02
 -0.66  -0.32   0.24  -0.04  -0.92   0.6    0.42   0.7   -0.17  -0.06
 -0.65   0.68   0.12   0.59  -0.08   0.3    0.04   0.2   -0.58   0.77
  0.08  -0.18   0.46  -0.44  -0.474  0.51   0.86   0.9    0.52  -0.869
  0.23   0.71  -0.05   0.48   0.65   0.95  -0.36   0.87   0.26  -0.75 ][-0.81  -1.098  1.787  0.73  -0.57   0.97  -0.579  0.33  -0.96   0.78
 -0.04   0.55   0.25  -0.455  0.55   0.225 -0.53  -0.828  0.87  -0.86
  0.7    0.58   0.16   0.31   0.87  -0.16  -0.09  -0.65  -0.85  -0.208
  0.73   1.823 -0.65   0.12   0.86   0.126  0.77  -0.599 -0.48  -0.29
 -0.16   0.577  0.59   0.31  -0.6    0.27  -0.27   0.46  -0.93   0.02
 -0.66  -0.32   0.24  -0.533 -0.92   0.6    0.42   0.7   -0.17  -0.06
 -0.65   0.68   0.12   0.59  -0.08   0.3    0.04   0.2   -0.58   0.77
  0.731 -0.18   0.46  -0.44  -0.32   0.51   0.86   0.9    0.52  -0.7
  0.23   0.71  -0.05   0.48   0.65   0.95  -0.36   0.87   0.26  -0.75 ][-0.81  -1.098  0.86   0.73  -0.57   0.97   0.08   0.07  -0.96   0.78
 -0.04   0.55   0.25  -0.68   0.55   0.225 -0.53  -0.828  0.327 -0.86
  0.476  0.58   0.16   0.31   0.87  -0.16  -0.489 -0.65  -0.85  -0.46
  0.73   1.823 -0.65   0.12   0.86   0.126  0.77  -0.73  -0.48  -0.29
 -0.16   0.577  0.59   0.31  -0.6    0.27  -0.27   0.46  -1.75   0.02
 -0.66  -0.32   0.24  -0.04  -0.92   0.6    0.42   0.7   -0.17  -0.06
 -0.65   0.68   0.12   0.59  -0.08   0.3    0.04   0.2   -0.58   0.77
  0.08  -0.18   0.46  -0.44  -0.32   0.51   0.86   0.9    0.52  -0.7
  0.23   0.71  -0.05   0.48   0.65   0.95  -0.36   0.87   0.26  -0.75 ][-0.81  -1.098  1.787  0.73  -0.294  0.97   0.08   0.33  -0.96   0.78
 -0.04   0.55   0.25  -0.68   0.659  0.225 -0.53  -0.828  1.385 -0.86
  0.7    0.58   0.16   0.31   0.87  -0.16  -0.09  -0.65  -0.85  -1.056
  0.73   1.823 -0.65   0.12   0.86   0.126  0.77  -0.599 -0.48  -0.29
 -0.16   0.577  0.59   0.31  -0.6    0.27  -0.27   0.46  -0.93  -0.103
 -0.602 -0.32   0.24  -0.533 -0.92   0.6    0.42   0.7   -0.17  -0.06
 -0.65   0.68   0.12   0.59  -0.08   0.3    0.04   0.2   -0.58   0.77
  0.08  -0.18   0.46  -0.44  -0.32   0.51   0.86   0.9    0.52  -0.58
  0.23   0.71   0.006  0.48   0.65   0.95  -0.36   0.87   0.26  -0.75 ][-0.81  -1.098  1.787  0.73  -0.57   0.97   0.08   0.33  -0.96   0.78
 -0.04   0.55   0.25  -1.219  0.55   0.225 -0.53  -0.828  0.185 -0.86
  0.476  0.58   0.16   0.31   0.87  -0.16  -0.09   0.093 -0.85  -0.46
  0.73   0.94  -0.65   0.12   0.86   0.126  0.77  -0.73  -0.48  -0.29
 -0.16   0.577  0.59   0.31  -0.6    0.27  -0.27   0.46  -1.75   0.02
 -0.66  -0.32   0.24  -0.04  -0.92   0.6    0.42   0.7   -0.17  -0.06
 -0.65   0.68   0.12   0.59  -0.08   0.3    0.04   0.2   -0.58   0.77
 -0.239 -0.18   0.46  -0.44  -0.32   0.51   0.86   0.9    0.52  -0.58
  0.23   0.71  -0.05   0.48   0.65   0.95  -0.36   0.87   0.26  -0.75 ][-0.81  -1.098  0.86   0.73  -0.57   0.97   0.08   0.33  -0.96   0.78
 -0.04   0.55   0.25  -1.219  0.55   0.225 -0.53  -0.828  0.87  -0.86
  0.476  0.58   0.16   0.362  0.87  -0.16  -0.09  -0.65  -0.85  -0.46
  0.73   1.823 -0.65   0.12   0.86   0.126  0.77  -0.73  -0.48  -0.29
 -0.16   0.577  0.59   0.31  -0.6    0.27  -0.27   0.46  -1.75   0.02
 -0.66  -0.32   0.24  -0.533 -0.92   0.6    0.42   0.7   -0.17  -0.06
 -0.65   0.68   0.12   0.59  -0.08   0.3    0.308  0.2   -0.58   0.77
  0.08  -0.18   0.583 -0.44  -0.474  0.51   0.86   0.9    0.52  -0.58
  0.23   0.71  -0.05   0.48   0.65   0.95  -0.36   0.87   0.26  -0.75 ][-0.81  -1.616  1.787  0.73  -0.57   1.638  0.08   0.33  -0.96   0.78
 -0.04   0.55   0.25  -0.68   0.55   0.225 -0.53  -0.828  1.385 -0.86
  0.7    0.58   0.16   0.31   0.87  -0.16  -0.09  -0.65  -0.978 -0.46
  0.787  0.94  -0.65   0.12   0.86   0.126  0.77  -0.599 -0.48  -0.933
 -0.16   0.577  0.59   0.31  -0.6    0.27  -1.048  0.46  -1.75   0.02
 -0.66  -0.32   0.24   0.7   -0.92   0.6    0.42   0.143 -0.17  -0.06
 -0.65   0.68   0.12   0.59  -0.08   0.3    0.04   0.2   -0.58   0.77
  0.08  -0.18   0.46  -0.44  -0.32   0.51   0.86   0.9    0.52  -0.7
  0.23   0.71  -0.05   0.48   0.65   0.95  -0.36   0.87   0.26  -0.75 ][-0.81  -1.098  1.787  0.73  -0.57   0.97   0.08   0.33  -1.848  0.78
 -0.04   0.55   0.25  -0.68   0.659  0.225 -0.53  -0.828  0.87  -0.86
  0.7    0.58   0.16   0.31   0.87  -0.276 -0.09  -0.65  -0.85  -0.46
  0.73   0.94  -0.65   0.12   0.86   0.126  0.77  -0.73  -0.48  -0.29
 -0.16   0.577  0.59   0.31  -0.6    0.27  -0.27   0.46  -0.93   0.02
 -0.66  -0.32   0.24  -0.04  -0.92   0.6    0.42   0.7   -0.17  -0.06
 -0.65   0.68   0.12   0.59  -0.103  0.3    0.04   0.2   -0.58   0.77
  0.08  -0.18   0.46  -0.44  -0.32   0.51   0.86   0.9    0.52  -0.58
  0.707  0.71  -0.05   0.48   0.65   0.95  -0.36   0.87   0.26  -0.75 ][-0.81  -1.098  0.86   0.73  -0.57   0.97   0.08   0.33  -0.96   0.78
 -0.04   0.55   0.25  -1.219  0.55   0.225 -0.53  -0.828  0.87  -0.86
  0.7    0.58   0.16   0.31   0.87  -0.16  -0.09  -0.65  -0.85  -0.208
  0.73   1.823 -0.65   0.12   0.86   0.126  0.77  -0.599 -0.48  -0.29
 -0.16   0.577  0.59   0.31  -0.6    0.27  -0.27   0.46  -0.851  0.02
 -0.66  -0.32   0.24  -0.04  -0.92   0.6    0.42   0.7   -0.17  -0.06
 -0.65   0.68   0.12   0.59  -0.103  0.3    0.04   0.2   -0.58   0.77
  0.08  -0.18   0.46  -0.44  -0.32   0.51   0.86   0.9    0.52  -0.7
  0.23   0.71  -0.05   0.48   0.65   0.95  -0.36   0.87   0.26  -0.75 ][-0.81  -1.098  1.787  0.73  -0.57   0.97   0.08   0.33  -0.96   0.78
 -0.04   0.55   0.25  -0.68   0.55   0.225 -0.53  -0.828  0.87  -0.86
  0.476  0.58   0.16   0.31   0.87  -0.16  -0.09  -0.65  -0.85  -0.46
  0.73   0.94  -0.65   0.12   0.86   0.126  0.77  -0.599 -0.48  -0.29
 -0.16   0.577  0.59   0.31  -0.6    0.27  -0.27   0.46  -0.93  -0.103
 -0.66  -0.32  -0.686 -0.04  -0.92   0.6    0.42   0.7   -0.17  -0.06
 -0.65   0.68   0.12   0.59  -0.08   0.3    0.04   0.2   -0.58   0.77
  0.08  -0.18   0.46  -0.44  -0.32   0.51   0.86   0.9    0.52  -0.58
  0.23   0.71  -0.05   0.48   0.65   0.95  -0.36   0.87   0.26  -0.664][-0.81  -1.098  0.86   0.73  -0.57   0.97  -0.579  0.33  -1.709  0.78
 -0.04   0.55  -0.61  -0.68   0.55   0.225 -0.53  -0.828  0.87  -0.86
  0.7    0.58   0.16   0.31   0.87  -0.16  -0.09  -0.65  -0.85  -0.46
  0.73   0.94  -0.65   0.12   0.86   0.126  0.77  -0.73  -0.48  -0.29
 -0.16  -0.341  0.59   0.31  -0.6    0.27  -0.27   0.46  -0.93   0.02
 -0.66  -0.32   0.24  -0.533 -0.92   0.6    0.42   0.7   -0.17  -0.06
 -0.65   0.68   0.12   0.59  -0.08   0.3    0.04   0.2    0.62   0.77
  0.08  -0.18   0.46  -0.44  -0.32   0.51   0.86   0.9    0.52  -0.58
  0.23   0.71  -0.05   0.48   0.65   0.95  -0.36   0.87   0.26  -0.75 ][-0.81  -1.098  0.86   0.73  -1.501  0.97   0.08   0.33  -1.073  0.78
 -0.04   0.55   0.25  -1.219  0.55   0.225 -0.53  -0.828  0.87  -0.86
  0.7    0.58   0.16   0.31   0.87  -0.276 -0.09  -0.65  -0.85  -0.208
  0.73   1.823 -0.65   0.12   0.86   0.126  0.77  -0.599 -0.48  -0.351
 -0.16   0.577  0.59   0.31  -0.6    0.27  -0.27   0.46  -1.75   0.02
 -0.66  -0.32   0.24  -0.533 -0.92   0.6    0.42   0.7   -0.17  -0.06
 -0.65   0.68   0.12   0.59  -0.08   0.3    0.04   0.2   -0.58   0.77
  0.08  -0.18   0.46  -0.44  -0.32   0.51   0.86   0.9    0.52  -0.7
  0.23   1.556 -0.05   0.48   0.65   0.95  -0.36   0.87   0.26  -0.75 ][-0.81  -1.616  1.787  0.73  -0.57   0.97   0.08   0.33  -0.96   0.78
 -0.04   0.55   0.25  -1.219  0.659  0.225 -0.53  -0.828  0.185 -0.043
  0.476  0.58   0.16   0.362  0.87  -0.16  -0.09   0.093 -0.85  -0.46
  0.73   1.823 -0.65   0.12   0.86   0.126  0.77  -0.73  -0.48  -0.29
 -0.16   0.577  0.59   0.31  -0.6    0.27  -0.27   0.46  -0.93   0.02
 -0.66  -0.32   0.24   0.7   -0.92   0.6    0.42   0.7   -0.17  -0.06
 -0.65   0.68   0.12   0.59  -0.08   0.3    0.04   0.2   -0.58   0.77
  0.08  -0.18   0.46  -0.44  -0.32   0.51   0.86   0.9    0.52  -0.7
  0.23   0.71  -0.05   0.48   0.65   0.95  -0.36   0.87   0.26  -0.75 ][-0.81  -1.098  1.787  0.73  -0.57   0.97   0.08   0.33  -0.96   0.78
 -0.04   0.55  -0.61  -1.219  0.55   0.225 -0.53  -0.828  0.87  -0.86
  0.7    0.58   0.16   0.31   0.87  -0.16  -0.782 -0.65  -0.85  -0.46
  0.787  1.823 -0.65   0.12   0.86   0.126  0.77  -0.599  0.378 -0.29
 -0.16   0.577  0.59   0.31  -0.962  0.27  -0.27   0.46  -0.93   0.02
 -0.66  -0.32   0.24  -0.04  -0.92   0.6    0.42   0.7   -0.17  -0.06
 -0.65   0.68   0.12   0.59  -0.103  0.3    0.04   0.2   -0.58   0.77
  0.08  -0.18   0.46  -0.44  -0.32   0.51   0.86   0.9    0.52  -0.58
  0.23   0.71  -0.05   0.48   0.65   0.95  -0.36   0.87   0.26  -0.75 ][-0.81  -1.098  1.787  0.73  -0.294  0.97  -0.579  0.33  -0.96   0.78
 -0.04   0.55  -0.61  -0.68   0.55   0.225 -0.53  -0.828  0.87  -0.86
  0.7    0.58   0.16   0.31   0.87  -0.16  -0.09  -0.65  -0.85  -1.056
  0.73   1.823 -0.65   0.12   0.86   0.126  0.77  -0.599 -0.48  -0.29
 -0.16   0.577  0.59   0.31  -0.6    0.27  -0.27   0.46  -0.93   0.02
 -0.281 -0.32   0.24  -0.533 -0.92   0.6    0.42   0.7   -0.17  -0.06
 -0.65   0.68   0.12   1.46  -0.08   0.3    0.04   0.2   -0.58   0.77
  0.08  -0.18   0.46  -0.44  -0.492  0.51   0.86   0.9    0.52  -0.58
  0.23   0.71  -0.05   0.48   0.65   0.95  -0.36   0.87   0.26  -0.75 ][-0.81  -1.098  0.86   0.73  -0.57   0.97  -0.579  0.33  -0.96   0.78
 -0.04   0.55   0.25  -0.68   0.55   0.225 -0.53  -0.828  0.87  -0.86
  0.7    0.58   0.16   0.31   0.87  -0.16  -0.09  -0.65  -0.85  -1.056
  0.787  1.823 -0.65   0.12   0.86   0.126  0.77  -0.599 -0.48  -0.29
 -0.16   1.522  0.59   0.31  -0.6    0.27  -0.27   0.46  -1.75   0.02
 -0.66  -0.32   0.24  -0.04  -0.92   0.6    0.42   0.7   -0.17  -0.06
 -0.65   0.68   0.12   0.59  -0.08   0.3    0.04   0.2   -0.58   0.77
  0.08  -0.18   0.313 -0.44  -0.32   0.51   0.86   0.9    0.52  -0.58
  0.707  0.71  -0.05   0.48   0.65   0.95  -0.36   0.87   0.26  -0.664][-0.81  -1.098  1.787  0.73  -0.57   0.97   0.08   0.07  -0.96   0.78
 -0.04   0.55   0.25   0.158  0.55   0.225 -0.53  -0.828  0.87  -0.86
  0.476  0.58   0.16   0.31   0.87  -0.16  -0.09  -0.65  -0.85  -0.46
  0.73   0.94  -0.65   0.12   0.86   0.126  0.77  -0.599 -0.48  -0.29
 -0.16   0.577  0.59   0.31  -0.6    0.27  -0.27   0.46  -0.93  -0.103
 -0.66  -0.32   0.24  -0.04  -0.92   0.6    0.42   0.7   -0.17  -0.06
 -0.65   0.68   0.12   0.59  -0.08   0.3    0.04   0.2   -0.58   0.77
  0.08  -0.18   0.46  -0.44  -0.32   0.51   0.86   0.9    0.52  -0.58
  0.707  0.71  -0.05   0.48   0.65   0.95  -0.36   0.87   0.26  -0.664][-0.81  -1.098  1.787  0.73  -0.57   0.97   0.08   0.33  -0.96   0.78
 -0.04   0.55   0.25  -0.68   0.659  0.225 -0.53  -0.828  0.87  -0.86
  0.476  0.58   0.16   0.31   1.612 -0.16  -0.09  -0.65  -0.85  -0.208
  0.73   0.94  -0.65   0.12   0.86   0.126  0.77  -0.599 -0.48  -0.29
 -0.16   0.577  0.59   0.31  -0.6    0.27  -0.27   0.46  -1.75   0.02
 -0.66  -0.32   0.24  -0.04  -0.92   0.6    0.42   0.7   -0.17  -0.06
 -0.65   0.68   0.12   0.59  -0.103  0.3    0.04   0.2   -0.58   0.77
  0.08  -0.18   0.46  -0.44  -0.32   0.51   0.86   0.9    0.52  -0.58
  0.23   0.71  -0.05   0.48   0.65   0.95  -0.36   0.87   0.26  -0.75 ][-0.81  -1.098  1.787  0.73  -0.57   0.97   0.08   0.33  -0.96   0.78
 -0.04   0.55   0.738 -1.219  0.55   0.225 -0.53  -0.828  0.87  -0.86
  0.7    0.58   0.16   0.31   0.87  -0.16  -0.09  -0.65  -0.85  -0.46
  0.73   0.94  -0.65   0.12   0.86   0.126  0.77  -0.599 -0.48  -0.29
 -0.16   0.577  0.59   0.31  -0.6    0.27  -0.27   0.46  -1.75   0.02
 -0.66  -0.32   0.24   0.7   -0.92   0.6    0.42   0.7   -0.17  -0.06
 -0.65   0.68   0.12   0.59  -0.08   0.3    0.04   0.2   -0.58   0.77
  0.08  -0.18   0.46  -0.44  -0.32   0.51   0.86   0.9    0.52  -0.58
  0.23   0.71  -0.05   0.48   0.65   0.95  -0.36   0.87   0.26  -0.75 ][-0.81  -1.098  0.86   0.73  -0.57   0.97   0.08   0.33  -0.96   0.78
 -0.04   0.55   0.25  -1.219  0.55   0.225 -0.53  -0.828  0.87  -0.86
  0.7    0.58   0.16   0.362  0.87  -0.256 -0.09  -0.65  -0.85  -0.208
  0.73   1.823 -0.65   0.12   0.86   0.126  0.77  -0.599 -0.48  -0.29
 -0.16   0.577  0.59   0.31  -0.6    0.27  -0.27   0.46  -1.75   0.02
 -0.66  -0.32   0.24  -0.04  -0.92   0.6    0.42   0.7   -0.17  -0.06
 -0.65   0.68   0.12   0.59  -0.103  0.3    0.04   0.2   -0.58   0.77
  0.08  -0.18   0.313 -0.44  -0.32   0.51   0.86   0.9    0.52  -0.7
  0.23   0.71  -0.05   0.48   0.65   0.95  -0.36   0.87   0.26  -0.75 ][-0.81  -1.616  1.787  0.73  -0.57   0.97   0.08   0.33  -0.96   0.78
 -0.04   0.55   0.25  -0.68   0.55   0.225 -0.53  -0.828  0.87  -0.86
  0.697  0.58   0.16   0.31   0.87  -0.16  -0.09  -0.65  -0.85  -0.46
  0.73   0.94  -0.65   0.12   0.86   0.126  0.77  -0.599 -0.48  -0.29
 -0.16   0.577  0.59   0.31  -0.6    0.27  -0.27   0.46  -1.75   0.02
 -0.66  -0.32   0.24   0.7   -0.92   0.6    0.42   0.7   -0.17  -0.06
 -0.65   0.68   0.12   1.46  -0.08   0.3    0.04   0.2   -0.58   0.77
  0.08  -0.18   0.46  -0.44  -0.492  0.51   0.86   0.9    0.52  -0.58
  0.23   0.71  -0.05   0.48   0.65   0.95  -0.36   0.87   0.26  -0.75 ][-0.81  -1.098  1.787  0.73  -0.57   0.507  0.08   0.33  -0.96   0.78
 -0.04   0.55   0.25  -1.219  0.659  0.225 -0.53  -0.828  1.385 -0.86
  0.7    0.58   0.16   0.31   0.87  -0.276 -0.09  -0.65  -0.85  -0.46
  0.73   0.94  -0.65   0.12   0.86   0.126  0.77  -0.599 -0.48  -0.29
 -0.16   0.577  0.791  0.31  -0.6    0.27  -0.27   0.46  -1.75   0.02
 -0.66  -0.32   0.24  -0.533 -0.92   0.6    0.42   0.7   -0.17  -0.06
 -0.65   0.68   0.12   0.59  -0.103  0.3    0.04   0.2   -0.58   0.77
  0.08  -0.18   0.46  -0.44  -0.32   0.51   0.86   0.9    0.52  -0.58
  0.23   0.71  -0.05   0.48   0.65   0.95  -0.36   0.87   0.26  -0.75 ][-0.81  -1.098  2.744  0.73  -0.57   0.97   0.08   0.07  -0.96   0.78
 -0.04   0.55   0.25  -0.68   0.659  0.225 -0.53  -0.828  0.87  -0.86
  0.476  0.58   0.16   0.31   0.87  -0.16  -0.09  -0.65  -0.85  -0.46
  0.73   0.94  -0.65   0.12   0.86   0.126  0.77  -0.599 -0.48  -0.29
 -0.16   0.577  0.59   0.31  -0.6    0.27  -0.27   0.46  -1.75   0.02
 -0.66  -0.32   0.24  -0.04  -0.92   0.6    0.42   0.7   -0.17  -0.06
 -0.65   0.68   0.12   0.59  -0.08   0.3    0.04   0.2   -0.58   0.77
  0.08  -0.18   0.46  -0.44  -0.32   0.51   0.86   0.9    0.52  -0.58
  0.23   0.71  -0.05   0.48   0.65   0.95  -0.36   0.87   0.26  -0.75 ][-0.81  -1.079  1.787  0.73  -0.57   0.97   0.08   0.33  -0.96   0.78
 -0.04   0.55  -0.252 -1.219  0.55   0.225 -0.53  -0.828  0.185 -0.86
  0.7    0.58   0.16   0.31   0.87  -0.276 -0.09  -0.65  -0.85  -0.46
  0.73   0.94  -0.65   0.12   0.86   0.126  0.77  -0.73  -0.48  -0.29
 -0.16   0.577  0.59   0.31  -0.962  0.27  -0.27   0.46  -0.93   0.02
 -0.66  -0.32   0.24  -0.04  -0.92   0.6    0.42   0.7   -0.17  -0.06
 -0.65   0.68   0.12   0.59  -0.08   0.3    0.04   0.2   -0.58   0.77
  0.08  -0.18   0.46  -0.44  -0.32   0.51   0.86   0.9    0.52  -0.58
  0.23   0.71  -0.05   0.48   0.65   0.95  -0.36   0.87   0.26  -0.75 ][-0.81  -1.098  1.787  0.73  -1.501  0.97   0.08   0.33  -0.96   0.78
 -0.04   0.55  -0.61  -0.68   0.55   0.225 -0.53  -0.828  0.87  -0.86
  0.7    0.58   0.16   0.31   0.87  -0.16  -0.09  -0.65  -0.85  -0.46
  0.73   1.823 -0.65   0.12   0.86   0.126  0.77  -0.599 -0.48  -0.29
 -0.16   0.577  0.59   0.31  -0.6    0.27  -0.27   0.46  -0.93   0.02
 -0.66  -0.32   0.24  -0.533 -0.92   0.6    0.42   0.915 -0.17  -0.06
 -0.65   0.68   0.12   1.46  -0.08   0.3    0.04   0.2   -0.58   0.77
  0.08  -0.18   0.46  -0.44  -0.32   0.51   0.86   0.9    0.52  -0.58
  0.23   0.71  -0.05   0.48   0.65   0.95  -0.36   0.87   0.26  -0.664][-0.81  -1.616  1.787  0.73  -0.57   0.97   0.08   0.33  -0.96   0.78
 -0.04   0.55   0.25  -1.219  0.55   0.225 -0.53  -0.828  0.185 -0.86
  0.476  0.58   0.16   0.31   0.87  -0.16  -0.09   0.093 -0.85  -0.46
  0.73   0.94  -0.65   0.12   0.86   0.126  0.77  -0.599 -0.48  -0.29
 -0.16   0.577  0.59   0.31  -0.677  0.27  -0.27   0.46  -1.75   0.02
 -0.66  -0.32   0.24  -0.04  -0.92   0.6    0.42   0.7   -0.17  -0.06
 -0.65   0.68   0.12   0.59  -0.08   0.3    0.04   0.2   -0.58   0.77
  0.08  -0.18   0.46  -0.44  -0.32   0.51   0.86   0.9    0.52  -0.58
  0.23   0.71  -0.05   0.48   0.65   0.95  -0.36   0.87   0.26  -0.75 ][-0.81  -1.098  1.787  0.73  -0.57   1.638 -0.579  0.33  -0.96   0.78
 -0.04   0.55   0.25  -1.219  0.55   0.225 -0.53  -0.828  0.327 -0.86
  0.476  0.58   0.16  -0.431  0.87  -0.16  -0.09  -0.65  -0.85  -0.46
  0.73   1.823 -0.65   0.12   0.86   0.126  0.77  -0.73  -0.48  -0.29
 -0.16   0.577  0.59   0.31  -0.6    0.27  -0.27   0.46  -1.75   0.02
 -0.66  -0.32   0.24  -0.533 -0.92   0.6    0.42   0.7   -0.17  -0.06
 -0.65   0.68   0.12   0.59  -0.08   0.3    0.04   0.2   -0.58   0.77
  0.08  -0.18   0.46  -0.44  -0.492  0.51   0.86   0.9    0.52  -0.7
  0.23   0.71  -0.05   0.48   0.65   0.95  -0.36   0.87   0.26  -0.75 ][-0.81  -1.098  1.787  0.73  -0.57   0.97   0.08   0.33  -0.96   0.78
 -0.04   0.55  -0.252 -1.219  0.659  0.225 -0.53  -0.828  0.87  -0.86
  0.7    0.58   0.16   0.31   0.87  -0.16  -0.09  -0.65  -1.645 -0.46
  0.73   0.94  -0.65   0.12   0.86   0.126  0.77  -0.73  -0.48  -0.29
 -0.16   0.577  0.59   0.31  -0.962  0.27  -0.27   0.46  -1.75   0.02
 -0.66  -0.32   0.24  -0.04  -0.92   0.6    0.42   0.143 -0.17  -0.06
 -0.65   0.68   0.12   0.59  -0.103  0.3    0.04   0.2   -0.58   0.77
  0.08  -0.18   0.46  -0.44  -0.474  0.51   0.86   0.9    0.52  -0.7
  0.23   0.71  -0.05   0.48   0.65   0.95  -0.36   0.87   0.26  -0.75 ][-0.81  -1.616  0.86   0.73  -0.57   0.97  -0.579  0.33  -0.96   0.78
 -0.04   0.55  -0.61  -1.219  0.55   0.225 -0.53  -0.828  0.87  -0.86
  0.7    0.58   0.16   0.31   0.87  -0.16  -0.782 -0.65  -0.85  -0.46
  0.787  1.823 -0.65  -0.499  0.86   0.126  0.77  -0.599 -0.48  -0.29
 -0.16   0.577  0.59   0.31  -0.6    0.27  -0.27   0.46  -1.75   0.02
 -0.66  -0.32   0.24   0.7   -0.92   0.6    0.42   0.7   -0.17  -0.06
 -0.65   0.68   0.12   0.59  -0.08   0.3    0.04   0.2   -0.58   0.77
  0.731 -0.18   0.46  -0.44  -0.32   0.51   0.86   0.9    0.52  -0.7
  0.23   0.71  -0.05   0.48   0.65   0.95  -0.36   0.87   0.26  -0.75 ][-0.81  -1.616  0.86   0.73  -0.57   0.97   0.08   0.33  -0.96   0.78
 -0.04   0.55  -1.081 -1.219  0.55   0.225 -0.53  -0.828  0.87  -0.86
  0.7    0.58   0.16   0.31   0.87  -0.16  -0.09  -0.65  -0.85  -1.056
  0.73   1.823 -0.65   0.12   0.86   0.126  0.77  -0.599 -0.48  -0.29
 -0.16   0.577  0.59   0.31  -0.6    0.27  -0.27   0.46  -0.93   0.02
 -0.66  -0.32   0.24   0.7   -0.92   0.6    0.42   0.7   -0.17  -0.06
 -0.65   0.68   0.12   0.59  -0.08   0.076  0.04   0.2   -0.58   0.77
  0.08  -0.18   0.46  -0.44  -0.32   0.51   0.86   0.9    0.52  -0.7
  0.23   0.71  -0.05   0.48   0.65   0.95  -0.36   0.87   0.26  -0.75 ][-0.81  -1.098  1.787  0.73  -1.501  0.97   0.08   0.33  -0.96   0.78
 -0.04   0.55   0.25  -0.68   0.659  0.225 -0.53  -0.828  0.87  -0.86
  0.7    0.58   0.16   0.31   0.87  -0.16  -0.09  -0.65  -0.85  -0.46
  0.73   0.94  -0.65   0.12   0.86   0.126  0.77  -0.599 -0.48  -0.29
 -0.16   0.577  0.59   0.31  -0.6    0.27  -0.27   0.46  -1.75   0.02
 -0.66  -0.32   0.24  -0.04  -0.92   0.6    0.42   0.7   -0.17  -0.06
 -0.65   0.68   0.12   0.59  -0.08   0.3    0.04   0.2   -0.58   0.77
  0.08  -0.18   0.382 -0.44  -0.32   0.51   0.86   0.9    0.52  -0.58
  0.23   0.71  -0.05   0.48   0.65   0.95  -0.36   0.87   0.26  -0.75 ][-0.81  -1.098  1.787  0.73  -0.57   0.97   0.08   0.07  -0.96   0.78
 -0.04   0.55   0.25  -0.68   0.659  0.225 -0.53  -0.828  0.87  -0.86
  0.476  0.58   0.16   0.31   0.87  -0.16  -0.09  -0.65  -0.85  -0.46
  0.73   1.823 -0.65   0.12   0.86   0.126  0.77  -0.599 -0.48  -0.29
 -0.16   0.577  0.59   0.31  -0.6    0.27  -0.27  -0.187 -1.75   0.02
 -0.66  -0.32   0.24  -0.04  -0.92   0.6    0.42   0.7   -0.17  -0.06
 -0.65   0.68   0.12   0.59  -0.08   0.3    0.04   0.2   -0.58   0.77
  0.08  -0.18   0.46  -0.44  -0.32   0.51   0.86   0.9    0.52  -0.58
  0.23   0.71  -0.05   0.48   0.65   0.95  -0.36   0.87   0.26  -0.75 ][-0.81  -1.098  1.787  0.73  -0.57   1.638  0.08   0.33  -0.96   0.78
 -0.04   0.55   0.25  -0.68   0.55   0.225 -0.53  -0.828  1.385 -0.86
  0.476  0.58   0.16   0.31   0.87  -0.16  -0.09  -0.65  -0.85  -0.46
  0.787  0.928 -0.65   0.12   0.86   0.126  0.77  -0.599 -0.48  -0.29
 -0.16   0.577  0.59   0.31  -0.6    0.27  -0.27   0.46  -1.75   0.02
 -0.66  -0.32   0.24   0.7   -0.92   0.6    0.42   0.7   -0.17  -0.06
 -0.65   0.68   0.12   0.59  -0.08   0.3    0.04   0.2   -0.58   0.77
  0.08  -0.18   0.46  -0.44  -0.32   0.51   0.86   0.9    0.52  -0.869
  0.23   0.71  -0.05   0.48   0.65   0.95  -0.36   0.87   0.26  -0.75 ][-0.81  -1.098  1.787  0.73  -0.57   0.97   0.08   0.33  -1.073  0.78
 -0.04   0.55   0.25  -0.68   0.659  0.225 -0.53  -0.828  0.87  -0.86
  0.476  0.58   0.16   0.31   0.87  -0.16  -0.09  -0.65  -0.85  -0.46
  0.787  0.94  -0.65   0.12   0.86   0.126  0.77  -0.599 -0.48  -0.29
 -0.174  0.577  0.59   0.31  -0.6    0.27  -0.27   0.46  -1.75   0.02
 -0.66  -0.32   0.24  -0.533 -0.92   0.6    0.42   0.7   -0.17  -0.06
 -0.65   0.68   0.12   0.59  -0.08   0.3    0.04   0.2   -0.58   0.77
  0.08  -0.18   0.46  -0.44  -0.32   0.51   0.86   0.9    0.52  -0.58
  0.23   0.71  -0.05   0.48   0.65   0.95  -0.36   0.87   0.26  -0.664]