[ 0.003 -1.079  1.787  0.73  -0.57   0.97  -0.449  0.33  -0.96   1.05
 -0.04   0.55   0.25  -1.219  0.659  0.225 -0.53  -0.828  1.385 -0.86
  0.7    1.077  0.16   0.31   0.87  -0.16  -0.09  -0.65  -0.85  -0.46
  0.73   0.94  -0.65   0.12   0.86   0.126  0.77  -0.599 -0.48  -0.29
 -0.16   0.577  0.791  0.31  -0.835  0.27  -0.27   0.46  -1.75   0.02
 -0.66  -0.32   0.24  -0.533 -0.92   0.6    0.42   0.7   -0.17  -0.06
 -0.65   0.68   0.12   0.59  -0.08   0.3   -0.539  0.2   -0.664  0.77
  0.08  -0.18   0.46  -0.44  -0.32   0.51   0.86   0.9    0.52  -0.58
  0.23   0.71  -0.05   0.48   0.65   0.95  -0.36   0.87   0.26  -0.75 ][-0.81  -1.689  1.787  0.73  -0.57   0.97  -0.449  0.33  -0.96   1.05
 -0.04   0.55   0.25  -1.219  0.659  0.225 -0.53  -0.828  1.385 -0.86
  0.7    1.077  0.16   0.31   0.87  -0.16  -0.09   0.317 -0.85  -0.46
  0.73   0.94  -0.65   0.12   0.86   0.126  0.77  -0.599 -0.48  -0.29
 -0.16   0.577  0.791  0.31  -0.835  0.27  -0.27  -0.287 -1.75   0.02
 -0.66  -0.32   0.24  -0.533 -0.92   0.6    0.42   0.7   -0.17  -0.06
 -0.65   0.68   0.12   0.59  -0.08   0.3   -0.539  0.2   -0.58   0.77
  0.08  -0.18   0.46  -0.44  -0.32   0.51   0.86   0.9    0.52  -0.58
  0.23   0.71  -0.05   0.48   0.65   0.95  -0.36   0.87   0.26  -0.75 ][-0.81  -1.098  1.787  0.73  -0.529  0.97   0.08   0.33  -0.96   0.78
 -0.04   0.55   0.25  -0.68   0.659  0.315 -0.53  -0.828  1.385 -0.86
  0.476  0.58   0.16   0.31   0.87  -0.276 -0.992 -0.65  -0.85  -0.46
  0.73   0.94  -0.65  -0.22   0.86   0.126  0.77  -0.599 -0.48  -0.29
 -0.16   0.577  0.791  0.31  -0.962  0.27  -0.27  -0.287 -1.75  -0.168
 -0.66  -0.32   0.24  -0.533 -0.92   0.6    0.42   0.7   -0.17  -0.06
 -0.65   0.68   0.12   0.59  -0.08   0.3    0.04   0.2   -0.58   0.77
  0.08  -0.18   0.46  -0.44  -0.32   0.51   0.86   0.9    0.52  -0.58
  0.23   0.71  -0.05   0.48   0.65   0.95  -0.36   0.87   0.26  -0.664][-0.689 -1.098  1.787  0.73  -0.529  0.97   0.08   0.33  -0.96   0.708
 -0.04   0.55   0.25  -1.219  0.659  0.225 -0.53  -0.828  1.385 -0.86
  0.476  1.068 -0.78   0.31   0.87  -0.276 -0.09  -0.243 -0.699 -0.46
  0.73   1.823 -0.65   0.12   0.86   0.126  0.77  -0.599 -0.48  -0.29
 -0.89   0.577  0.791  0.31  -0.835  0.27  -0.27  -0.287 -1.326 -0.168
 -0.66  -0.32   0.139 -0.533 -0.92   0.6    0.42   0.7   -0.17  -0.06
 -0.65   0.68   0.12   0.59  -0.08   0.3    0.04   0.2   -0.58   0.77
  0.08  -0.18   0.46  -0.44  -0.32   0.51   0.86   0.9    0.725 -0.58
  0.23   0.71  -0.05   0.48   0.65   0.95  -0.36   0.87   0.26  -0.664][-0.81  -1.079  1.787  0.73  -0.57   0.97  -0.449  0.33  -0.96   0.78
 -0.04   0.55   0.25  -0.51   0.659  0.225 -0.53  -0.828  0.87  -0.86
  0.476  0.58   0.16   0.31   0.87  -0.276 -0.489  0.333 -0.85  -0.46
  0.73   0.94  -0.65   0.12   0.86   0.126  0.77  -0.599 -0.48  -0.29
 -0.89   0.577  0.791  0.31  -0.962  0.27  -0.27  -0.287 -1.75   0.701
 -0.66  -0.32   0.24  -0.533 -0.92   0.6    0.42   0.7   -0.17  -0.06
 -0.65   0.68   0.12   0.59  -0.08   0.43   0.04   0.2   -0.58   0.77
  0.08  -0.18   0.46  -0.44  -0.32   0.51   0.86   0.9    0.52  -0.58
  0.23   0.71  -0.05   0.48   0.65   0.95  -0.36   0.87   0.26  -0.75 ][-0.757 -1.098  1.787  0.73  -0.57   0.97   0.08   0.33  -0.96   0.78
 -0.04   0.55   0.25  -0.68   0.659  0.225 -0.53  -0.828  1.385 -0.86
  0.7    0.58   0.16   0.31   0.87  -0.276 -0.992 -0.65  -0.503 -0.46
  0.73   0.94  -0.65   0.12   0.86   0.126  0.77  -0.599 -0.48  -0.29
  0.804  0.577  0.791 -0.024 -0.962  0.27  -0.27   0.46  -1.75   0.701
 -0.66  -0.32   0.139 -0.533 -0.92   0.285  0.42   0.7   -0.17  -0.06
 -0.728  0.68   0.12   0.59  -0.103  0.3    0.04   0.2   -0.58   0.77
  0.08  -0.18   0.46  -0.44  -0.32   0.51   0.86   0.9    0.52  -0.58
  0.23   0.71   0.006  0.48   0.65   0.95  -0.36   0.87   0.26  -0.664][-0.689 -1.098  1.787  0.73  -0.529  0.97   0.08   0.33  -0.96   0.78
 -0.04   0.55   0.25  -0.51   0.659  0.315 -0.53  -0.828  1.385 -0.86
  0.476  0.58   0.16   0.31   0.87  -0.276 -0.09  -0.65  -0.85  -0.46
  0.73   0.94  -0.65   0.12   0.86   0.126  0.77  -0.599 -0.48  -0.29
 -0.89   0.577  0.839  0.31  -0.962  0.27  -0.27  -0.287 -1.326 -0.168
 -0.66  -0.32   0.24  -0.533 -0.92   0.6    0.42   0.7   -0.17  -0.06
 -0.65   0.68   0.12   0.59  -0.08   0.3    0.04   0.2   -0.58   0.77
  0.08  -0.18   0.46  -0.44  -0.32   0.51   0.86   0.9    0.52  -0.58
  0.23   0.71  -0.05   0.48   0.65   0.95  -0.36   0.87   0.26  -0.664][-0.689 -1.098  1.787  0.73  -0.57   1.849 -0.449  0.33  -0.96   0.78
 -0.04   0.55   0.25  -1.219  0.659  0.225 -0.53  -0.828  1.385 -0.86
  0.7    1.077  0.16   0.31   0.87  -0.16  -0.992 -0.65  -0.85  -0.46
  0.73   0.94  -0.65   0.12   0.86   0.126  0.77  -0.599 -0.48  -0.29
 -0.89   0.577  0.791 -0.024 -0.962  0.27  -0.27  -0.287 -1.75   0.02
 -0.66  -0.32   0.24   0.026 -0.92   0.6    0.42   0.7   -0.17  -0.06
 -0.65   0.68   0.12   0.59  -0.08   0.3    0.04   0.2   -0.664  0.77
  0.08  -0.18   0.46  -0.44  -0.32   0.51   0.86   0.9    0.52  -0.58
  0.23   0.71  -0.05   0.48   0.65   0.95  -0.36   0.87   0.26  -0.75 ][-0.81  -1.689  1.787  0.73  -0.57   0.97  -0.449  0.33  -0.96   1.05
 -0.04   0.55   0.25  -1.219  0.659  0.225 -0.53  -0.828  1.385 -0.86
  0.7    1.077  0.16   0.31   0.87  -0.16  -0.09   0.317 -0.85  -0.46
  0.73   0.94  -0.65   0.12   0.869  0.126  0.77  -0.599 -0.48  -0.29
 -0.16   0.577  0.791  0.31  -0.986  0.27  -0.27  -0.287 -1.75   0.02
 -0.66  -0.32   0.24  -0.533 -0.92   0.6    0.42   0.7   -0.17  -0.06
 -0.728  0.68   0.12  -0.185 -0.08   0.3    0.04   0.2   -0.58   0.77
  0.08  -0.18   0.46  -0.44  -0.32   0.51   0.86   0.9    0.52  -0.58
  0.23   0.71  -0.05   0.48   0.65   0.95  -0.36   0.87   0.26  -0.664][-0.757 -1.098  1.787  0.73  -0.529  0.97  -0.449  0.33  -0.96   1.05
 -0.04   0.55   0.25  -0.68   0.659  0.225 -0.53  -0.828  1.385 -0.86
  0.476  1.291  0.16   0.31   0.87  -0.276 -0.992 -0.65  -0.699 -0.46
  0.73   1.823 -0.65   0.12   0.86   0.126  0.77  -0.599 -0.48  -0.29
 -0.16   0.577  0.791  0.31  -0.835  0.27  -0.27  -0.287 -1.75  -0.168
 -0.66  -0.32   0.24  -0.04  -0.92   0.6    0.42   0.7   -0.17  -0.06
 -0.65   0.68   0.12   0.59  -0.08   0.3    0.04   0.2   -0.58   1.312
  0.08  -0.18   0.46  -0.44  -0.32   0.51   0.86   0.9    0.52  -0.58
  0.23   0.71  -0.05   0.48   0.65   0.95  -0.36   0.87   0.26  -0.664][-0.81  -1.079  1.787  0.73  -0.57   0.97  -0.449  0.33  -0.96   1.05
 -0.04   0.55   0.25  -1.219  0.659  0.225 -0.53  -0.828  1.385 -0.86
  0.7    1.291 -0.078  0.31   0.87  -0.16  -0.992 -0.243 -0.699 -0.46
  0.73   1.823 -0.65   0.12   0.86   0.126  0.77  -0.599 -0.48  -0.29
 -0.16   0.577  0.791 -0.024 -0.835  0.018 -0.27  -0.287 -1.75   0.02
 -0.66  -0.32   0.24  -0.533 -0.92   0.6    0.42   0.7   -0.17  -0.06
 -0.65   0.68   0.12   0.59  -0.08   0.3    0.04   0.2   -0.58   0.77
  0.08  -0.18   0.46  -0.44  -0.32   0.51   0.86   0.9    0.52  -0.58
  0.23   0.71  -0.05   0.48   0.65   0.95  -0.36   0.87   0.26  -0.664][-0.81  -1.079  1.787  0.73  -0.57   0.97   0.08   0.33  -0.96   1.05
 -0.04   0.55   0.25  -1.219  0.659  0.225 -0.53  -0.828  1.385 -0.86
  0.7    0.58  -0.78   0.31   0.87  -0.16  -0.992  0.317 -0.85  -0.46
  0.73   0.94  -0.65   0.12   0.86   0.126  0.77  -0.599 -0.48  -0.29
 -0.16   0.577  0.791  0.31  -0.835  0.27  -0.27  -0.287 -1.439 -0.168
 -0.66  -0.32   0.139 -0.533 -0.92   0.6    0.42   0.7   -0.17  -0.06
 -0.65   0.68   0.12   0.59  -0.08   0.3    0.04   0.2   -0.58   0.77
  0.08  -0.18   0.46  -0.44  -0.32   0.51   0.86   0.9    0.52  -0.58
  0.23   0.71  -0.05   0.48   0.65   0.95  -0.36   0.87   0.26  -0.75 ][-0.81  -1.098  1.787  0.73  -0.57   0.97  -0.449  0.33  -0.96   0.78
 -0.04   0.55   0.25  -0.68   0.659  0.315 -0.53  -0.828  1.385 -0.86
  0.7    0.58   0.16   0.31   0.87  -0.16  -0.992  0.317 -0.503 -0.46
  0.73   0.94  -0.65   0.12   0.86   0.126  0.77  -0.599 -0.48  -0.29
 -0.16   0.577  0.791  0.31  -0.962  0.27  -0.27   0.46  -1.75   0.02
 -0.66  -0.32   0.24  -0.533 -0.92   0.6    0.42   0.7   -0.17  -0.06
 -0.728  0.68   0.12   0.59  -0.103  0.3   -0.539  0.2   -0.58   0.77
  0.08  -0.18   0.46  -0.44  -0.32   0.51   0.86   0.9    0.52  -0.58
  0.711  0.71  -0.05   0.48   0.65   0.95  -0.36   0.87   0.26  -0.75 ][-0.81  -1.079  1.787  0.73  -0.57   0.97  -0.449  0.33  -0.96   0.78
 -0.04   0.55   0.25  -1.219  0.602  0.225 -0.53  -0.828  0.87  -0.86
  0.7    1.291 -0.078  0.31   2.384 -0.16  -0.09  -0.111 -0.85  -0.46
  0.73   1.823 -0.65   0.12   0.869  0.126  0.77  -0.599 -0.48  -0.29
 -0.16   0.577  0.839  0.31  -0.835  0.27  -0.27  -0.287 -1.75   0.02
 -0.66  -0.32   0.24  -0.533 -0.92   0.6    0.42   0.7   -0.17  -0.06
 -0.65   0.68   0.12  -0.185 -0.08   0.3   -0.539  0.2   -0.664  0.77
  0.08  -0.18   0.46  -0.44  -0.32   0.51   0.86   0.9    0.52  -0.58
  0.23   0.71  -0.05   0.48   0.65   0.95  -0.36   0.87   0.26  -0.664][-0.757 -1.098  1.787  0.73  -0.529  0.97  -0.449  0.33  -0.96   1.05
 -0.04   0.55   0.25  -1.219  0.659  0.225 -0.53  -0.828  1.385 -0.86
  0.476  1.291  0.16   0.31   0.87  -0.16  -0.09  -0.243 -0.699 -0.46
  0.73   1.823 -0.65   0.12   0.869  0.126  0.77  -0.599 -0.48  -0.29
 -0.251  0.577  0.791 -0.024 -0.835  0.27  -0.27  -0.287 -1.75   0.02
 -0.66  -0.32   0.24  -0.04  -0.92   0.6    0.42   0.7   -0.17  -0.06
 -0.728  0.68   0.12   0.59  -0.08   0.3    0.04   0.2   -0.58   0.77
  0.08  -0.18   0.46  -0.44  -0.32   0.51   0.86   0.9    0.52  -0.58
  0.23   0.71  -0.05   0.48   0.65   0.95  -0.36   0.87   0.26  -0.664][ 0.003 -1.079  1.787  0.73  -0.57   0.97  -0.449  0.33  -0.96   1.05
 -0.04   0.55   0.25  -1.219  0.659  0.225 -0.53  -0.828  1.385 -0.86
  0.7    1.077  0.16   0.31   0.87  -0.16  -0.09  -0.65  -0.85  -0.46
  0.73   0.94  -0.65   0.12   1.77   0.126  0.77  -0.599 -0.48  -0.29
 -0.16   0.577  0.791  0.31  -0.835  0.27  -0.27  -0.287 -1.75   0.701
 -0.66  -0.32   0.24  -0.533 -0.92   0.6    0.42   0.7   -0.17  -0.06
 -0.65   0.68   0.12   0.59  -0.08   0.3   -0.539  0.2   -0.664  0.77
  0.08  -0.18   0.46  -0.44  -0.32   0.51   0.86   0.9    0.52  -0.58
  0.23   0.71  -0.05   0.48   0.65   0.95  -0.36   0.87   0.26  -0.664][-0.81  -1.098  1.787  0.73  -0.529  0.97   0.08   0.33  -0.96   1.05
 -0.384  0.55   0.25  -0.68   0.659  0.315 -0.53  -0.828  1.385 -0.86
  0.476  0.58   0.16   0.31   0.87  -0.276 -0.992  0.333 -0.85  -0.46
  0.73   0.94  -0.65   0.12   0.86   0.126  0.77  -0.599 -0.48  -0.29
 -0.16   0.577  0.791  0.31  -0.962  0.27  -0.27  -0.287 -1.75   0.701
 -0.66  -0.32   0.24  -0.533 -0.92   0.6    0.42   0.7   -0.17  -0.06
 -0.65   0.68   0.12   0.59  -0.08   0.3    0.04   0.2   -0.58   0.77
  0.08  -0.18   0.46  -0.44  -0.32   0.51   0.86   0.9    0.52  -0.58
  0.23   0.71  -0.05   0.48   0.65   0.95  -0.36   0.87   0.26  -0.664][-0.757 -1.079  1.787  0.73  -0.529  0.97  -0.449  0.33  -0.96   0.78
 -0.04   0.55   0.25  -0.51   0.659  0.225 -0.53  -0.828  1.385 -0.86
  0.7    0.58  -0.78  -0.037  0.87  -0.276 -0.992  0.317 -0.503 -0.46
  0.73   1.344 -0.65   0.12   0.86   0.126  0.77  -0.599 -0.48  -0.29
  0.804  0.577  0.791  0.31  -0.962  0.27  -0.27  -0.287 -1.326  0.701
 -0.66  -0.32   0.139 -0.533 -0.92   0.6    0.42   0.7   -0.17  -0.06
 -0.65   0.68   0.12   0.59  -0.08   0.3    0.04   0.2   -0.58   0.77
  0.08  -0.18   0.46  -0.44  -0.32   0.51   0.86   0.9    0.52  -0.58
  0.23   0.71   0.006  0.48   0.65   0.95  -0.36   0.87   0.26  -0.664][-0.81  -1.079  1.787  0.73  -0.57   0.97   0.08   0.33  -0.96   1.05
 -0.04   0.55   0.729 -1.219  0.659  0.225 -0.53  -0.828  1.385 -0.86
  0.7    0.58   0.16   0.31   0.87  -0.16  -0.992  0.317 -0.85  -0.46
  0.73   1.344 -0.65   0.12   0.86   0.126  0.77  -0.599 -0.48  -0.29
 -0.16   0.577  0.791  0.31  -0.835  0.27  -0.27  -0.287 -1.75  -0.168
 -0.66  -0.32   0.139 -0.533 -0.92   0.6    0.42   0.7   -0.17  -0.06
 -0.728  0.68   0.12   0.59  -0.484  0.3    0.04   0.2   -0.58   0.77
  0.08  -0.18   0.46  -0.44  -0.32   0.51   0.86   0.9    0.52  -0.58
  0.23   0.71  -0.05   0.48   0.65   0.95  -0.36   0.87   0.26  -0.75 ][-0.81  -1.079  1.787  0.73  -0.529  0.97  -0.449  0.33  -0.96   1.05
 -0.04   0.55   0.25  -1.219  0.659  0.225 -0.53  -0.828  1.385 -0.86
  0.7    0.58   0.16   0.31   0.87  -0.276 -0.09   0.317 -0.85  -0.46
  0.73   0.94  -0.65   0.12   0.86   0.126  0.77  -0.599 -0.48  -0.29
 -0.16   0.577  0.791  0.31  -0.835  0.27  -0.27  -0.287 -1.75  -0.168
 -0.66  -0.32   0.24  -0.533 -0.92   0.6    0.42   0.7   -0.17  -0.06
 -0.65   0.68   0.12   0.59   0.417  0.3    0.04   0.2   -0.58   0.77
  0.08  -0.18   0.46  -0.44  -0.32   0.51   0.86   0.9    0.52  -0.58
  0.23   0.71  -0.05   0.48   0.65   0.95  -0.36   0.87   0.26  -0.664][-0.81  -1.098  1.787  1.719 -0.529  0.97  -0.449  0.33  -0.96   1.05
 -0.04   0.55   0.25  -0.68   0.659  0.225 -0.53  -0.828  1.385 -0.86
  0.476  0.58   0.16   0.31   0.87  -0.276 -0.992 -0.65  -0.699 -0.46
  0.73   1.823 -0.65  -0.22   0.86   0.126  0.77  -0.599 -0.48  -0.29
 -0.16   0.577  0.791  0.31  -0.962  0.27  -0.27  -0.287 -1.75  -0.168
 -0.66  -0.32   0.24  -0.533 -0.92   0.6    0.42   0.7   -0.17  -0.06
 -0.65   0.68   0.12   0.59  -0.08   0.3    0.04   0.2   -0.58   1.312
  0.08  -0.18   0.46  -0.44  -0.32   0.51   0.86   0.9    0.52  -0.58
  0.23   0.71  -0.05   0.48   0.65   0.95  -0.36   0.87   0.26  -0.664][-0.757 -1.098  1.787 -0.166 -0.57   0.97   0.08   0.33  -0.96   1.05
 -0.04   0.55   0.25  -0.68   0.659  0.225 -0.53  -0.828  1.385 -0.86
  0.7    0.58   0.16   0.31   0.87  -0.276 -0.992 -0.65  -0.503 -0.46
  0.73   0.94  -0.65   0.12   0.86   0.126  0.77  -0.599 -0.48  -0.29
  0.804  0.577  0.791  0.31  -0.962  0.27  -0.27  -0.287 -1.75   0.701
 -0.66  -0.32   0.139 -0.533 -0.92   0.285  0.42   0.7   -0.17  -0.06
 -0.65   0.68   0.12   0.59  -0.08   0.3    0.04   0.2   -0.58   0.77
  0.08  -0.18   0.46  -0.44  -0.32   0.51   0.86   0.9    0.52  -0.58
  0.23   0.71  -0.05   0.48   0.65   0.95  -0.36   0.87   0.26  -0.664][-0.81  -1.079  1.787  0.73  -0.57   0.97  -0.449  0.33  -0.96   0.78
 -0.04   0.55   0.25  -1.219  0.659  0.225 -0.53  -0.828  0.87  -0.86
  0.7    1.291  0.16   0.31   0.87  -0.276 -0.09  -0.111 -0.85  -0.46
  0.73   0.94  -0.65   0.12   0.86   0.126  0.77  -0.599 -0.48  -0.29
 -0.89   0.577 -0.192  0.31  -0.835  0.27  -0.27  -0.287 -1.75   0.02
 -0.66  -0.32   0.24  -0.533 -0.92   0.6    0.42   0.7   -0.17  -0.06
 -0.65   0.68   0.12  -0.185 -0.08   0.43   0.04   0.2   -0.664  0.77
  0.08  -0.18   0.46  -0.44  -0.32   0.51   0.86   0.9    0.52  -0.58
  0.23   0.71  -0.05   0.48   0.65   0.95  -0.36   0.87   0.26  -0.75 ][-0.81  -1.689  1.787  0.73  -0.57   0.97  -0.449  0.33  -0.96   1.05
 -0.04   0.55   0.25  -1.219  0.659  0.225 -0.53  -0.828  1.385 -0.86
  0.7    0.58  -0.109  0.31   0.87  -0.16  -0.09   0.317 -0.85  -0.46
  0.73   0.94  -0.65   0.12   0.86   0.126  0.77  -0.599 -0.48  -0.29
 -0.16   0.577  0.791  0.31  -0.835  0.27  -0.27  -0.287 -1.75   0.02
 -0.66  -0.32   0.139 -0.533 -0.92   0.6    0.42   0.7   -0.17  -0.06
 -0.728  0.68   0.12   0.59  -0.08   0.3   -0.539  0.2   -0.58   0.77
  0.08  -0.18   0.46  -0.44  -0.32   0.51   0.86   0.9    0.52  -0.58
  0.23   0.71  -0.05   0.48   0.65   0.95  -0.36   0.87   0.26  -0.75 ][-0.81  -1.079  1.787  0.73  -0.529  0.97   0.08   0.33  -0.96   1.05
 -0.04   0.55   0.25  -1.219  0.659  0.315 -0.53  -0.828  1.385 -0.86
  0.7    0.58  -0.78   0.31   0.87  -0.16  -0.992 -0.65  -0.343 -0.46
  0.73   0.94  -0.65   0.12   0.86   0.126  0.77  -0.599 -0.48  -0.29
 -0.16   0.577  0.791  0.31  -0.962  0.27  -0.27  -0.287 -1.439 -0.168
 -0.66  -0.32   0.139 -0.533 -0.92   0.6    0.42   0.7   -0.17  -0.06
 -0.65   0.68   0.12   0.59  -0.08   0.3    0.04   0.2   -0.58   0.77
  0.08  -0.18   0.46  -0.44  -0.32   0.51   0.86   0.9    0.52  -0.58
  0.23   0.71  -0.05   0.48   0.65   0.95  -0.36   0.87   0.26  -0.75 ][-0.757 -1.098  1.787  0.73  -0.529  0.97  -0.449  0.33  -0.96   1.05
 -0.04   0.55   0.25  -1.219  0.659  0.225 -0.519 -0.828  1.385 -0.86
  0.476  0.58   0.16   0.31   0.87  -0.276 -0.09  -0.65  -0.85  -0.46
  0.73   0.94  -0.65   0.12   0.86   0.126  0.77  -0.599 -0.48  -0.29
 -0.16   0.577  0.791  0.31  -0.835  0.27  -0.27  -0.287 -1.75  -0.168
 -0.66  -0.32   0.24  -0.533 -0.92   0.6    0.42   0.7   -0.17  -0.06
 -0.65   0.68   0.12   0.59   0.417  0.3    0.04   0.2   -0.58   1.312
  0.08  -0.18   0.46  -0.44  -0.32   0.51   0.86   0.9    0.52  -0.58
  0.23   0.71  -0.05   0.48   0.65   0.95  -0.36   0.87   0.26  -0.664][-0.81  -1.079  1.787  0.73  -0.57   0.97  -0.449  0.33  -0.96   0.78
 -0.04   0.55   0.25  -1.219  0.659  0.315 -0.53  -0.828  1.385 -0.86
  0.7    1.077  0.16   0.31   0.87  -0.16  -0.09   0.317 -0.503 -0.46
  0.73   0.94  -0.65   0.12   0.86   0.126  0.77  -0.599 -0.48  -0.29
 -0.16   0.577  0.791  0.31  -0.962  0.27  -0.27   0.46  -1.75   0.02
 -0.66  -0.32   0.24  -0.533 -0.92   0.6   -0.538  0.7   -0.17  -0.06
 -0.728  0.68   0.12   0.59  -0.103  0.3   -0.539  0.2   -0.58   0.77
  0.08  -0.18   0.46  -0.44  -0.32   0.51   0.86   0.9    0.52  -0.58
  0.23   0.71  -0.05   0.48   0.65   0.95  -0.36   0.87   0.26  -0.75 ][-0.689 -1.079  1.787  0.73  -0.529  0.97  -0.449  0.33  -0.96   1.05
 -0.04   0.55   0.25  -1.219  0.659  0.225 -0.53  -0.828  1.385 -0.86
  0.476  1.068  0.16   0.31   0.87  -0.276 -0.09   0.317 -0.699 -0.46
  0.73   1.823 -0.65   0.12   0.86   0.126  0.77  -0.599 -0.48  -0.29
 -0.89   0.577  0.791  0.31  -0.835  0.27  -0.27  -0.287 -1.326 -0.168
 -1.416 -0.32   0.139 -0.533 -0.92   0.6    0.42   0.7   -0.17  -0.06
 -0.65   0.68   0.12   0.59  -0.08   0.3    0.04   0.2   -0.58   0.77
  0.08  -0.18   0.46  -0.44  -0.32   0.51   0.86   0.9    0.725 -0.58
  0.23   0.71  -0.05   0.48   0.65   0.95  -0.36   0.87   0.26  -0.664][ 0.003 -1.098  1.787  0.73  -0.57   0.97  -0.449  0.33  -0.96   1.05
 -0.04   0.55  -0.353 -1.219  0.659  0.225 -0.53  -0.828  1.385 -0.86
  0.7    1.077  0.16   0.31   0.87  -0.276 -0.992 -0.65  -0.503 -0.46
  0.73   0.94  -0.65   0.12   0.86   0.126  0.77  -0.599 -0.48  -0.29
  0.804  0.577  0.791 -0.024 -0.962  0.27  -0.27   0.46  -1.75   0.02
 -0.66  -0.32   0.24  -0.533 -0.92   0.6    0.42   0.7   -0.17  -0.06
 -0.65   0.68   0.12   0.59  -0.08   0.3   -0.539  0.2   -0.58   0.77
  0.08  -0.18   0.46  -0.44  -0.32   0.51   0.86   0.9    0.52  -0.58
  0.23   0.71  -0.05   0.48   0.65   0.95  -0.36   0.87   0.26  -0.75 ][-0.689 -1.098  1.787  0.73  -0.529  1.849  0.08   0.588 -0.96   0.78
 -0.04   0.55   0.25  -0.51   0.659  0.315 -0.53  -0.828  1.385 -0.86
  0.476  1.077  0.16   0.31   0.87  -0.276 -0.09  -0.65  -0.85  -0.46
  0.73   0.94  -0.65   0.12   0.86   0.126  0.77  -0.599 -0.48  -0.29
 -0.89   0.577  0.791  0.31  -0.962  0.27  -0.27  -0.287 -1.75  -0.168
 -0.66  -0.32   0.24   0.026 -0.92   0.6    0.42   0.7   -0.17  -0.06
 -0.65   0.68   0.12   0.59  -0.08   0.3    0.04   0.2   -0.664  0.77
  0.08  -0.18   0.46  -0.44  -0.32   0.51   0.86   0.9    0.52  -0.58
  0.23   0.71  -0.05   0.48   0.65   0.95  -0.36   0.87   0.26  -0.664][-0.81  -1.079  1.787  0.73  -0.57   0.97  -0.449  0.33  -0.96   1.05
 -0.04   0.55   0.25  -1.935  0.659  0.225 -0.53  -0.828  1.385 -0.86
  0.7    1.291 -0.078  0.31   0.87  -0.16  -0.992 -0.243 -0.85  -0.46
  0.73   1.823 -0.65   0.12   0.86   0.126  0.77  -0.599 -0.48  -0.29
 -0.16   0.577  0.839 -0.024 -0.835  0.27  -0.27  -0.287 -1.75   0.02
 -0.66  -0.32   0.24  -0.533 -0.92   0.6    0.42   0.7   -0.17  -0.06
 -0.65   0.68   0.12  -0.185 -0.08   0.3    0.04   0.2   -0.58   0.77
  0.08  -0.18   0.46  -0.44  -0.32   0.51   0.86   0.9    0.52  -0.58
  0.23   0.71  -0.05   0.48   0.65   0.95  -0.36   0.87   0.26  -0.664][ 0.003 -1.079  1.787  0.73  -0.57   0.97  -0.449  0.33  -0.96   1.05
 -0.04   0.55   0.25  -1.219  0.659 -0.054 -0.53  -0.828  1.385 -0.86
  0.7    1.077 -0.78   0.31   0.87  -0.16  -0.992  0.317 -0.85  -0.46
  0.73   0.94  -0.65   0.12   0.86   0.126  0.77  -0.599 -0.48  -0.29
 -0.16   0.577  0.791  0.31  -0.835  0.27  -0.27  -0.287 -1.439  0.02
 -0.66  -0.32   0.139 -0.533 -0.92   0.6    0.42   0.7   -0.17  -0.06
 -0.65   0.68   0.12   0.59  -0.08   0.3    0.04   0.2   -0.664  0.77
  0.08  -0.18   0.46  -0.44  -0.32   0.51   0.86   0.9    0.52  -0.58
  0.23   0.71  -0.05   0.48   0.65   0.95  -0.36   0.87   0.26  -0.75 ][-0.81  -1.689  1.787  0.73  -0.57   0.97  -0.449  0.33  -0.96   1.05
 -0.04   0.55   0.25  -1.219  0.659  0.225 -0.53  -0.828  1.385 -0.86
  0.7    1.077  0.16   0.31   0.87  -0.16  -0.09  -0.65  -0.85  -0.46
  0.73   0.94  -0.65   0.12   1.77   0.126  0.77  -0.599 -0.48  -0.29
 -0.16   0.577  0.791  0.31  -0.835  0.27  -0.27  -0.287 -1.75   0.02
 -0.66  -0.32   0.24  -0.533 -0.92   0.6    0.42   0.7   -0.17  -0.06
 -0.728  0.68   0.12   0.737 -0.08   0.3    0.04   0.2   -0.58   0.77
  0.08  -0.18   0.46  -0.44  -0.32   0.51   0.86   0.9    0.52  -0.58
  0.23   0.71  -0.05   0.48   0.65   0.95  -0.36   0.87   0.26  -0.664][-1.063 -1.098  1.787  0.73  -0.57   0.97  -0.449  0.33  -0.96   1.05
 -0.04   0.55   0.25  -1.219  0.659  0.225 -0.53  -0.828  1.385 -0.86
  0.7    1.077  0.16   0.31   0.87  -0.16  -0.09  -0.243 -0.85  -0.46
  0.73   1.823 -0.65   0.12   0.869  0.126  0.77  -0.599 -0.48  -0.29
 -0.251  0.577  0.791  0.31  -0.986  0.27  -0.27  -0.287 -1.75   0.02
 -0.66  -0.32   0.24  -0.533 -0.92   0.6    0.42   0.7   -0.17  -0.06
 -0.728  0.68   0.12   0.59  -0.08   0.3    0.04   0.2   -0.58   0.77
  0.08  -0.18   0.46  -0.44  -0.32   0.51   0.86   0.9    0.52  -0.58
  0.23   0.71  -0.05   0.48   0.65   0.95  -0.36   0.87   0.26  -0.664][-0.81  -1.098  1.787  0.73  -0.57   0.97   0.08   0.33  -0.96   0.78
 -0.04   0.55   0.25  -0.68   0.659  0.225 -0.53  -0.828  1.385 -0.86
  0.7    0.58   0.16   0.31   0.87  -0.16  -0.09   0.333 -0.85  -0.46
  0.73   0.94  -0.65   0.12   0.869  0.126  0.77  -0.599 -0.48  -0.29
 -0.16   0.577  0.791  0.31  -0.962  0.27  -0.27  -0.287 -1.75   0.701
 -0.66  -0.32   0.24  -0.533 -0.92   0.6    0.42   0.7   -0.17  -0.06
 -0.65   0.68   0.12  -0.185 -0.08   0.3   -0.539  0.2    0.074  0.77
  0.08  -0.18   0.46  -0.44  -0.32   0.51   0.86   0.9    0.52  -0.58
  0.23   0.71  -0.05   0.48   0.65   0.95  -0.36   0.87   0.26  -0.664][-0.757 -1.098  1.787  0.73  -0.57   1.849 -0.449  0.33  -0.96   0.78
 -0.04   0.55   0.25  -0.68   0.659  0.225 -0.53  -0.828  1.385 -0.86
  0.7    0.58   0.16   0.31   0.87  -0.16  -0.992 -0.65  -0.85  -0.46
  0.73   0.94  -0.65   0.12   0.86   0.126  0.77  -0.599 -0.48  -0.29
 -0.89   0.577  0.791 -0.024 -0.962  0.27  -0.27  -0.287 -1.75   0.701
 -0.66  -0.32   0.139 -0.533 -0.92   0.6    0.42   0.7   -0.17  -0.06
 -0.728  0.68   0.12   0.59  -0.103  0.3    0.04   0.2   -0.664  0.77
  0.08  -0.18   0.46  -0.44  -1.037  0.51   0.86   0.9    0.52  -0.58
  0.23   0.71   0.006  0.48   0.65   0.95  -0.36   0.87   0.26  -0.75 ][-0.81  -1.079  1.787  0.73  -0.57   0.97  -0.128  0.33  -0.96   1.05
 -0.04   0.55   0.25  -1.219  0.659  0.225 -0.53  -0.828  1.385 -0.86
  0.7    0.58   0.16   0.31   0.87  -0.16  -0.09   0.317 -0.85  -0.46
  0.73   0.94  -0.65   0.12   0.86   0.126  0.77  -0.599 -0.48  -0.29
 -0.16   0.577  0.791  0.31  -0.835  0.27  -0.27  -0.287 -1.439 -0.168
 -0.66  -0.32   0.24  -0.533 -0.92   0.6    0.42   0.7   -0.17  -0.06
 -0.65   0.68   0.12   0.59  -0.08   0.3    0.04   0.2   -0.58   0.77
  0.08  -0.18   0.46  -0.44  -0.32   0.51   0.86   0.9    0.52  -0.58
  0.23   0.71  -0.05   0.48   0.65   0.95  -0.36   0.87   0.26  -0.75 ][-0.81  -1.079  1.787  0.73  -0.57   0.97  -0.449  0.33  -0.96   0.78
 -0.04   0.55   0.25  -0.51   0.602  0.225 -0.53  -0.828  0.87  -0.86
  0.476  1.291 -0.078  0.31   0.87  -0.16  -0.09  -0.65  -0.85  -0.46
  0.73   0.94  -0.65   0.12   0.869  0.126  0.77  -0.599 -0.48  -0.29
 -0.89   0.577  0.839  0.31  -0.835  0.27  -0.27  -0.287 -1.326  0.02
 -0.66  -0.32   0.24  -0.533 -0.92   0.6    0.42   0.7   -0.17  -0.06
 -0.65   0.68   0.12   0.59  -0.08   0.3   -0.539  0.2   -0.58   0.77
  0.08  -0.18   0.46  -0.44  -0.32   0.51   0.86   0.9    0.52  -0.58
  0.23   0.71  -0.05   0.48   0.65   0.95  -0.36   0.87   0.26  -0.551][-0.81  -1.098  1.787  1.389 -0.529  0.97   0.08   0.33  -0.96   0.78
 -0.384  0.55   0.25  -0.68   0.659  0.315 -0.53  -0.828  1.385 -0.86
  0.476  0.58   0.16   0.31   0.87  -0.276 -0.992 -0.65  -0.85  -0.46
  0.73   0.94  -0.65   0.12   0.86   0.126  0.77  -0.599 -0.48  -0.29
 -0.16   0.577  0.791  0.31  -0.962  0.27  -0.27  -0.287 -1.75  -0.168
 -0.66  -0.32   0.24  -0.533 -0.92   0.6    0.42   0.7   -0.17  -0.06
 -0.65   0.68   0.12   0.59  -0.08   0.3    0.04   0.2   -0.58   0.77
  0.08  -0.18   0.46  -0.44  -0.32   0.51   0.86   0.9    0.52  -0.58
  0.23   0.71  -0.05   0.48   0.65   0.95  -0.36   0.87   0.26  -0.664][-0.81  -1.689  1.787  0.73  -0.57   0.97  -0.449  0.33  -0.96   1.05
 -0.04   0.55   0.25  -1.219  0.659  0.225 -0.53  -0.828  1.385 -0.86
  0.7    1.077  0.16   0.31   0.87  -0.16  -0.09  -0.077 -0.85  -0.46
  0.73   0.94  -0.65   0.12   0.869  0.126  0.77  -0.599 -0.48  -0.29
 -0.16   0.577  0.791  0.31  -0.986  0.27  -0.27  -0.287 -1.75   0.02
 -0.66  -0.32   0.24  -0.533 -0.92   0.6    0.42   0.7   -0.17  -0.06
 -0.65   0.68   0.12  -0.185 -0.08   0.3    0.04   0.2   -0.58   0.77
  0.08  -0.18   0.46  -0.44  -0.32   0.51   0.86   0.9    0.52  -0.58
  0.23   0.71  -0.05   0.48   0.65   0.95  -0.36   0.87   0.26  -0.75 ][-0.81  -1.079  1.787  0.73  -0.57   0.97  -0.449  0.33  -0.96   0.78
 -0.04   0.55   0.25  -0.68   0.659  0.225 -0.53  -0.828  1.385 -0.86
  0.7    1.291  0.16   0.31   2.384 -0.16  -0.992  0.929 -0.85  -0.46
  0.73   0.94  -0.65   0.12   0.86   0.126  0.77  -0.599 -0.48  -0.29
 -0.16   0.577  0.791  0.31  -0.835  0.27  -0.27   0.46  -1.75   0.02
 -0.66  -0.32   0.24  -0.533 -0.92   0.6    0.42   0.7   -0.17  -0.06
 -0.728  0.68   0.12   0.59  -0.103  0.3   -0.539  0.2   -0.58   0.77
  0.08  -0.18   0.46  -0.44  -0.32   0.51   0.86   0.9    0.52  -0.58
  0.711  0.71  -0.05   0.48   0.65   0.95  -0.36   0.87   0.26  -0.75 ][-0.81  -1.098  1.787  0.73  -0.529  1.049  0.08   0.33  -0.96   0.78
 -0.04   0.55   0.25  -0.68   0.659  0.225 -0.53  -0.828  1.385 -0.86
  0.476  0.58   0.16   0.31   0.87  -0.276 -0.09  -0.65  -0.699 -0.46
  0.73   0.94  -0.65  -0.22   0.86   0.126  0.77  -0.599 -0.48  -0.29
 -0.16   0.577  0.791  0.31  -0.835  0.27  -0.27  -0.287 -1.75  -0.168
 -0.66  -0.32   0.139 -0.533 -0.92   0.6    0.42   0.7   -0.17  -0.06
 -0.65   0.68   0.12   0.59  -0.08   0.3    0.04   0.2   -0.58   0.77
  0.08  -0.18   0.46  -0.44  -0.32   0.51   0.86   0.9    0.725 -0.58
  0.23   0.71  -0.05   0.48   0.65   0.95  -0.36   0.87   0.26  -0.664][-0.757 -1.079  1.787  0.73  -0.57   0.97   0.08   0.33  -0.96   1.05
 -0.04   0.55   0.25  -1.219  0.659  0.225 -0.53  -0.828  1.385 -0.86
  0.7    0.58   0.16   0.31   0.87  -0.276 -0.992 -0.65  -0.85  -0.46
  0.73   0.94  -0.65   0.12   0.86   0.126  0.77  -0.599 -0.48  -0.29
  0.804  0.577  0.791 -0.024 -0.835  0.27  -0.27  -0.287 -1.75   0.701
 -0.66  -0.32   0.24  -0.804 -0.92   0.6    0.42   0.7   -0.17  -0.06
 -0.728  0.68   0.12   0.59  -0.103  0.3    0.04   0.2   -0.58   0.77
  0.08  -0.18   0.46  -0.44  -0.32   0.51   0.86   0.9    0.52  -0.58
  0.23   0.71   0.006  0.48   0.65   0.95  -0.36   0.87   0.26  -0.664][-0.689 -1.689  1.787  0.73  -0.529  0.97  -0.449  0.33  -0.96   1.05
 -0.04   0.55   0.25  -0.51   0.659  0.225 -0.53  -0.828  1.385 -0.86
  0.7    1.077  0.16   0.31   0.87  -0.16  -0.09   0.317 -0.85  -0.46
  0.73   0.94  -0.65   0.12   0.869  0.126  0.77  -0.599 -0.48  -0.29
 -0.16   0.577  0.839 -0.023 -0.986  0.27  -0.27  -0.287 -1.75  -0.168
 -0.66  -0.32   0.24  -0.533 -0.92   0.6    0.42   0.7   -0.17  -0.06
 -0.728  0.68   0.12  -0.185 -0.08   0.3    0.04   0.2   -0.58   0.77
  0.08  -0.18   0.46  -0.44  -0.32   0.51   0.86   0.9    0.52  -0.58
  0.23   0.71  -0.05   0.48   0.65   0.95  -0.36   0.87   0.26  -0.664][-0.81  -1.079  1.787  0.73  -0.57   0.97  -0.449  0.33  -0.96   1.05
 -0.04   0.55   0.25  -1.219  0.659  0.225 -0.53  -0.828  1.385 -0.86
  0.7    0.58   0.16   0.31   0.87  -0.16  -0.992  0.317 -0.85  -0.46
  0.73   0.94  -0.65   0.12   0.86   0.126  0.77  -0.599 -0.48  -0.29
 -0.16   0.577  0.791  0.31  -0.835  0.27  -0.27  -0.287 -1.75  -0.168
 -0.66  -0.32   0.139 -0.533 -0.92   0.6    0.42   0.7   -0.17  -0.06
 -0.65   0.68   0.12   0.59  -0.08   0.3    0.04   0.2   -0.58   0.77
  0.08  -0.18   0.46  -0.44  -0.32   0.51   0.86   0.9    0.52   0.15
  0.23   0.71  -0.05   0.48   0.65   0.95  -0.36   0.87   0.26  -0.664][-0.757 -1.098  1.787  0.73  -0.57   0.97   0.08   0.33  -0.96   0.78
 -0.04   0.55   0.25  -0.68   0.659  0.315 -0.53  -0.828  1.385 -0.86
  0.476  0.58   0.16   0.31   0.87  -0.716 -0.992  0.333 -0.503 -0.46
  0.73   0.94  -0.65   0.12   0.86   0.126  0.77  -0.599 -0.48  -0.29
  0.804  0.577  0.791 -0.024 -0.962  0.27  -0.27  -0.287 -1.75   0.701
 -0.66  -0.32   0.139 -0.533 -0.92   0.6    0.42   0.7   -0.17  -0.06
 -0.728  0.68   0.12   0.59  -0.08   0.3    0.04   0.2   -0.58   0.77
  0.08  -0.18   0.46  -0.44  -0.32   0.51   0.86   0.9    0.52  -0.58
  0.23   0.71  -0.05   0.48   0.65   0.95  -0.36   0.87   0.26  -0.664][-0.81  -1.079  1.787  0.73  -0.57   0.97  -0.449  0.33  -0.96   1.05
 -0.04   0.55   0.25  -1.219  0.659  0.225 -0.53  -0.828  0.87  -0.86
  0.7    0.58   0.16   0.31   0.87  -0.276 -0.489  0.317 -0.85  -0.46
  0.73   0.94  -0.65   0.12   0.86   0.126  0.77  -1.21  -0.48  -0.29
 -0.16   0.577  0.791  0.31  -0.962  0.27  -0.27  -0.287 -1.75   0.701
 -0.66  -0.32   0.24  -0.533 -0.92   0.6    0.42   0.7   -0.17  -0.06
 -0.65   0.68   0.12   0.59   0.417  0.3    0.04   0.2   -0.58   0.77
  0.08  -0.18   0.46  -0.44  -0.32   0.51   0.86   0.9    0.52  -0.58
  0.23   0.71  -0.05   0.48   0.65   0.95  -0.36   0.87   0.26  -0.75 ][ 0.003 -1.098  1.787  0.73  -0.57   0.97   0.08   0.33  -0.96   1.05
 -0.04   0.55   0.25  -0.68   0.659  0.225 -0.53  -0.828  1.385 -0.86
  0.7    0.58   0.16   0.31   0.87  -0.16  -0.09  -0.65  -0.85  -0.46
  0.185  0.94  -0.65   0.12   0.86   0.126  0.77  -0.599 -0.48  -0.29
  0.804  0.577  0.791  0.31  -0.835  0.27  -0.27   0.46  -1.75   0.701
 -0.66  -0.32   0.24  -0.533 -0.92   0.6    0.42   0.7   -0.17  -0.06
 -0.65   0.68   0.12   0.59  -0.08   0.3   -0.539  0.2   -0.664  0.77
  0.08  -0.18   0.46  -0.44  -0.32   0.51   0.86   0.9    0.52  -0.58
  0.23   0.71   0.006  0.48   0.65   0.95  -0.36   0.87   0.26  -0.664][-0.689 -1.098  1.787  0.73  -0.529  0.97   0.08   1.085 -0.96   0.708
 -0.04   0.55   0.25  -0.68   0.659  0.315 -0.53  -0.828  1.385 -0.86
  0.476  1.068 -0.78   0.31   0.87  -0.276 -0.09  -0.65  -0.85  -0.46
  0.73   1.823 -0.65  -0.22   0.86   0.126  0.77  -0.599 -0.48  -0.29
 -0.16   0.577  0.791  0.31  -0.962  0.27  -0.27  -0.287 -1.75  -0.168
 -0.66  -0.32   0.139 -0.533 -0.92   0.6    0.42   0.7   -0.17  -0.06
 -0.65   0.68   0.12   0.59  -0.08   0.3    0.04   0.2   -0.58   0.77
  0.08  -0.18   0.46  -0.44  -0.32   0.51   0.86   0.9    0.52  -0.58
  0.23   0.71  -0.05   0.48   0.65   0.95  -0.36   0.87   0.26  -0.664][-0.81  -1.079  1.787  0.73  -0.529  0.97   0.08   0.33  -0.96   1.847
 -0.04   0.55   0.729 -1.219  0.659  0.315 -0.53  -0.828  1.385 -0.86
  0.476  0.58   0.16   0.31   0.87  -0.276 -0.992  0.333 -0.85  -0.46
  0.73   1.344 -0.65   0.12   0.86   0.126  0.77  -0.599 -0.48  -0.29
 -0.16   0.577  0.791  0.31  -0.835  0.27  -0.27  -0.287 -1.75  -0.168
 -0.66  -0.32   0.139 -0.533 -0.92   0.6    0.42   0.7   -0.17  -0.06
 -0.65   0.68   0.12   0.59  -0.08   0.3    0.04   0.2   -0.58   0.77
  0.08  -0.18   0.46  -0.44  -0.32   0.51   0.86   0.9    0.52  -0.58
  0.23   0.71  -0.05   0.48   0.65   0.95  -0.36   0.87   0.26  -0.75 ][-0.81  -1.098  1.787  0.73  -0.57   0.97   0.08   0.33  -0.96   0.78
 -0.384  0.55   0.25  -0.68   0.659  0.315 -0.53  -0.828  1.385 -0.86
  0.476  0.58   0.16   0.31   0.87  -0.276 -0.992  0.333 -0.503 -0.46
  0.73   0.94  -0.65   0.12   0.86   0.126  0.77  -0.599 -0.48  -0.29
 -0.16   0.577  0.791 -0.024 -0.962  0.27  -0.27  -0.287 -1.75   0.701
 -0.66  -0.32   0.139 -0.533 -0.92   0.6    0.42   0.7   -0.17  -0.06
 -0.728  0.68   0.12   0.59  -0.08   0.3    0.04   0.2   -0.58   0.77
  0.08  -0.18   0.46  -0.44  -0.32   0.51   0.86   0.9    0.635 -0.58
  0.23   0.71  -0.05   0.48   0.65   0.95  -0.36   0.87   0.26  -0.664][-0.81  -1.079  1.787  0.73  -0.529  0.97   0.08   0.33  -0.96   1.05
 -0.384  0.55   0.25  -0.68   0.659  0.315 -0.53  -0.828  1.385 -0.86
  0.476  0.58   0.16   0.31   0.87  -0.276 -0.992  0.317 -0.503 -0.46
  0.73   0.94  -0.65   0.12   0.86   0.126  0.77  -0.599 -0.48  -0.29
  0.804  0.577  0.791  0.31  -0.962  0.27  -0.27  -0.287 -1.326  0.701
 -0.66  -0.32   0.139 -0.533 -0.92   0.6    0.42   0.7   -0.17  -0.06
 -0.65   0.68   0.12   0.59  -0.08   0.3    0.04   0.2   -0.58   0.77
  0.08  -0.131  0.46  -0.44  -0.32   0.51   0.86   0.9    0.52  -0.58
  0.23   0.71   0.006  0.48   0.65   0.95  -0.36   0.87   0.26  -0.664][-0.81  -1.098  1.787  0.73  -0.57   0.97  -0.449  0.33  -0.96   0.708
 -0.04   0.55   0.25  -1.219  0.659  0.225 -0.53  -0.828  0.87  -0.86
  0.476  1.291 -0.078  0.31   2.384 -0.276 -0.09  -0.243 -0.85  -0.46
  0.73   1.823 -0.65   0.12  -0.053  0.126  0.77  -0.599 -0.48  -0.29
 -0.89   0.577  0.839  0.31  -0.835  0.27  -0.27  -0.287 -1.75  -0.168
 -0.66  -0.32   0.24  -0.533 -0.92   0.6    0.42   0.7   -0.17  -0.06
 -0.65   0.68   0.12   0.59  -0.08   0.3    0.04   0.2   -0.58   0.77
  0.08  -0.18   0.46  -0.44  -0.32   0.51   0.86   0.9    0.52  -0.58
  0.23   0.71  -0.05   0.48   0.65   0.95  -0.36   0.87   0.26  -0.664][-0.81  -1.079  1.787  0.73  -1.075  0.97   0.08   0.33  -0.96   1.05
 -0.04   0.55   0.25  -1.219  0.659  0.225 -0.53  -0.828  1.385 -0.86
  0.7    0.58  -0.78   0.31   0.87  -0.16  -0.992  0.317 -0.85  -0.46
  0.73   1.344 -0.65   0.12   0.86   0.126  0.77  -0.599 -0.48  -0.29
 -0.16   0.577  0.791  0.31  -0.835  0.27  -0.27  -0.287 -1.75  -0.168
 -0.66  -0.32   0.139 -0.533 -0.92   0.6    0.42   0.7   -0.17  -0.06
 -0.728  0.68   0.12   0.59  -0.08   0.3    0.04   0.2   -0.58   0.77
  0.08  -0.18   0.46  -0.44  -0.32   0.51   0.86   0.9    0.52  -0.58
  0.23   0.71  -0.05   0.48   0.65   0.95  -0.36   0.87   0.26  -0.75 ][-0.81  -1.079  1.787  0.73  -0.529  0.97   0.08   0.33  -0.96   1.05
 -0.04   0.55   0.25  -1.959  0.659  0.225 -0.53  -0.828  1.385 -0.86
  0.476  0.58   0.16   0.31   0.87  -0.16  -0.992  0.333 -0.85  -0.46
  0.73   0.94  -0.65   0.12   0.86   0.126  0.77  -0.599 -0.48  -0.29
 -0.16   0.577  0.791  0.31  -0.962  0.27  -0.27  -0.287 -1.75   0.701
 -0.66  -0.32   0.139 -0.533 -0.92   0.6    0.42   0.7   -0.17  -0.06
 -0.65   0.68   0.12   0.59  -0.08   0.3    0.04   0.2   -0.58   0.77
  0.08  -0.18   0.46  -0.44  -0.32   0.51   0.86   0.9    0.52  -0.58
  0.23   0.71  -0.05   0.48   0.65   0.95  -0.36   0.87   0.26  -0.75 ][ 0.003 -1.079  1.408  0.73  -0.57   0.97  -0.449  0.33  -0.96   1.05
 -0.04   0.55   0.25  -0.68   0.659  0.225 -0.53  -0.828  1.385 -0.86
  0.7    0.58   0.16   0.31   0.87  -0.16  -0.992 -0.65  -0.503 -0.46
  0.73   0.94  -0.65   0.12   0.86   0.126  0.77  -0.599 -0.48  -0.29
 -0.16   0.577  0.791  0.31  -0.962  0.27  -0.27   0.46  -1.75   0.02
 -0.66  -0.32   0.24  -0.533 -0.92   0.6    0.42   0.7   -0.17  -0.06
 -0.728  0.68   0.12   0.59  -0.08   0.3   -0.539  0.2   -0.664  0.77
  0.08  -0.18   0.46  -0.44  -0.32   0.51   0.86   0.9    0.52  -0.58
  0.23   0.71  -0.05   0.48   0.65   0.95  -0.36   0.87   0.26  -0.75 ][-0.81  -1.689  1.787  0.73  -0.57   0.97   0.08   0.33  -0.96   1.05
 -0.04   0.55   0.729 -1.219  0.659  0.225 -0.53  -0.828  1.385 -0.86
  0.7    1.077  0.16   0.611  0.87  -0.16  -0.09   0.317 -0.85  -0.46
  0.73   1.344 -0.65   0.12   0.86   0.126  0.77  -0.599 -0.48  -0.29
 -0.16   0.577  0.791  0.31  -0.835  0.27  -0.27  -0.287 -1.75   0.02
 -0.66  -0.32   0.139 -0.533 -0.92   0.6    0.42   0.7   -0.17  -0.06
 -0.65   0.68   0.12   0.59  -0.484  0.3    0.04   0.2   -0.58   0.77
  0.08  -0.18   0.46  -0.44  -0.32   0.51   0.86   0.9    0.52  -0.58
  0.23   0.71  -0.05   0.48   0.65   0.95  -0.36   0.87   0.26  -0.75 ][-0.689 -1.098  1.787  0.73  -0.529  0.97   0.08   0.33  -0.96   1.05
 -0.04   0.55   0.25  -0.51   0.659  0.315 -0.53  -0.828  1.385 -0.86
  0.476  0.58   0.16   0.31   0.87  -0.276 -0.09   0.333 -0.85  -0.46
  0.73   0.94  -0.65   0.12   0.86   0.126  0.77  -0.599 -0.48  -0.29
 -0.16   0.577  0.839  0.31  -0.962  0.27  -0.27  -0.287 -1.75   0.701
 -0.66  -0.32   0.24  -0.533 -0.92   0.6    0.42   0.7   -0.17  -0.06
 -0.65   0.68   0.12   0.59  -0.287  0.3    0.04   0.2   -0.58   0.77
  0.08  -0.18   0.46  -0.44  -0.32   0.51   0.86   0.9    0.52  -0.58
  0.23   0.71  -0.05   0.48   0.65   0.95  -0.36   0.87   0.26  -0.664][-0.689 -1.098  1.787  0.73  -0.529  0.97   0.08   0.33  -0.96   1.05
 -0.04   0.55   0.25  -1.219  0.659  0.225 -0.53  -0.828  1.385 -0.86
  0.7    0.58  -0.78   0.31   0.87  -0.276 -0.992  0.317 -0.699 -0.46
  0.73   1.823 -0.65   0.12   0.86   0.126  0.77  -0.599 -0.48  -0.29
 -0.16   0.577  0.791  0.31  -0.835  0.27  -0.27  -0.287 -1.326 -0.168
 -0.66  -0.32   0.139 -0.533 -0.92   0.6    0.42   0.7   -0.17  -0.06
 -0.65   0.68   0.12   0.59  -0.08   0.3    0.04   0.2   -0.58   0.77
  0.08  -0.18   0.46  -0.44  -0.32   0.51   0.86   0.9    0.725 -0.58
  0.23   0.71  -0.05   0.48   0.65   0.95  -0.36   0.87   0.26  -0.75 ][-0.689 -1.098  1.787  0.73  -0.57   0.97   0.08   0.33  -0.96   1.05
 -0.04   0.55   0.25  -1.219  0.659  0.225 -0.53  -0.828  1.385 -0.86
  0.476  1.077  0.16   0.31   0.87  -0.16  -0.992  0.333 -0.85  -0.46
  0.73   0.94  -0.65   0.12   0.86   0.126  0.77  -0.738 -0.48  -0.29
 -0.89   0.577  0.791  0.31  -0.962  0.27  -0.27  -0.287 -1.75   0.701
 -0.66  -0.32   0.24  -0.533 -0.92   0.6    0.42   0.7   -0.17  -0.06
 -0.65   0.68   0.12   0.59  -0.08   0.3    0.04   0.2   -0.58   0.77
  0.08  -0.18   0.46  -0.44  -0.32   0.51   0.86   0.9    0.52  -0.58
  0.23   0.71  -0.05   0.48   0.65   0.95  -0.36   0.87   0.26  -0.664][-0.81  -1.098  1.787  0.73  -0.57   0.97   0.08   0.33  -0.96   1.05
 -0.04   0.55   0.25  -1.219  0.659  0.225 -0.53  -0.828  1.385 -0.86
  0.7    0.58   0.16   0.31   0.87  -0.16  -0.09  -0.65  -0.503 -0.46
  0.73   0.94  -0.65   0.12   0.86   0.126  0.77  -0.599 -0.48  -0.29
 -0.16   0.577  0.791  0.31  -0.835  0.27  -0.353 -0.287 -1.75   0.02
 -0.66  -0.32   0.24  -0.533 -0.92   0.6    0.42   0.7   -0.17  -0.06
 -0.65   0.68   0.12   0.59  -0.103  0.3    0.04   0.2   -0.58   0.77
  0.08  -0.18   0.46  -0.44  -0.32   0.51   0.86   0.9    0.52  -0.58
  0.23   0.71   0.006  0.48   0.65   0.95  -0.36   0.87   0.26  -0.75 ][-0.81  -1.689  1.787  0.73  -0.57   0.97  -0.449  0.33  -0.96   1.05
 -0.04   0.55   0.25  -1.219  0.659  0.225 -0.53  -0.828  1.385 -0.86
  0.7    1.146  0.16   0.31   0.87  -0.16  -0.09   0.317 -0.85  -0.46
  0.73   0.94  -0.65   0.12   0.86   0.126  0.77  -0.599 -0.48  -0.29
 -0.16   0.577  0.791  0.31  -0.835  0.27  -0.27   0.46  -1.75   0.02
 -0.66  -0.32   0.24  -0.533 -0.92   0.6    0.42   0.7   -0.17  -0.06
 -0.65   0.68   0.12   0.59  -0.08   0.3   -0.539  0.2   -0.664  0.77
  0.08  -0.18   0.46  -0.44  -0.32   0.51   0.86   0.9    0.52  -0.58
  0.23   0.71  -0.05   0.48   0.65   0.95  -0.36   0.87   0.26  -0.75 ][-0.689 -1.098  1.787  0.73  -0.529  0.97   0.08   0.33  -0.96   1.05
 -0.04   0.55   0.25  -1.219  1.578  0.225 -0.53  -0.828  1.385 -0.86
  0.476  1.291  0.16   0.31   0.87  -0.16  -0.09  -0.243 -0.699 -0.46
  0.73   1.823 -0.65   0.12   0.869  0.126  0.77  -0.599 -0.48  -0.29
 -0.251  0.577  0.791  0.31  -0.835  0.27  -0.27  -0.287 -1.75   0.02
 -0.66  -0.32   0.139 -0.533 -0.92   0.6    0.42   0.7   -0.17  -0.06
 -0.728  0.68   0.12   0.59  -0.08   0.3    0.04   0.2   -0.58   0.77
  0.08  -0.18   0.46  -0.44  -0.32   0.51   0.86   0.9    0.725 -0.58
  0.23   0.71  -0.05   0.48   0.65   0.95  -0.36   0.87   0.26  -0.664][-0.81  -1.098  1.787  0.73  -0.57   0.97   0.08   0.33  -0.96   0.78
 -0.04   0.55   0.25  -0.51   0.659  0.315 -0.53  -0.828  0.87  -0.86
  0.476  0.58   0.16   0.31   0.87  -0.276 -0.992  0.333 -0.85  -0.46
  0.73   0.94  -0.65  -0.22   0.86   0.126  0.77  -0.599 -0.48  -0.29
 -0.16   0.577  0.791  0.31  -0.962  0.27  -0.27  -0.287 -1.75   0.701
 -0.66  -0.32   0.24  -0.533 -0.92   0.6    0.42   0.7   -0.17  -0.06
 -0.65   0.68   0.12   0.59  -0.08   0.3    0.04   0.2   -0.58   0.77
  0.08  -0.18   0.46  -0.44  -0.32   0.51   1.817  0.9    0.52  -0.58
  0.23   0.71  -0.05   0.48   0.65   0.95  -0.36   0.87   0.26  -0.664][-0.757 -1.098  1.787  0.73  -0.57   0.97  -0.449  0.33  -0.96   1.05
 -0.04   0.55   0.25  -1.219  0.659  0.225 -0.53  -0.828  1.385 -0.86
  0.476  1.077  0.16   0.31   0.87  -0.16  -0.09  -0.65  -0.85  -0.46
  0.73   1.823 -0.65   0.12   0.869  0.126  0.77  -0.837 -0.48  -0.29
 -0.251  0.577  0.791  0.31  -0.835  0.27  -0.27  -0.287 -1.75   0.02
 -0.66  -0.32   0.24  -0.533 -0.92   0.6    0.42   0.7   -0.17  -0.06
 -0.728  0.68   0.12   0.59  -0.08   0.3    0.04   0.2   -0.664  0.77
  0.08  -0.18   0.46  -0.44  -0.32   0.51   0.86   0.9    0.52  -0.58
  0.23   0.71  -0.05   0.48   0.65   0.95  -0.36   0.87   0.26  -0.75 ][ 0.003 -1.079  1.787  0.73  -0.529  0.97  -0.449  0.33  -0.176  1.05
 -0.04   0.55   0.25  -0.68   0.659  0.315 -0.53  -0.828  1.385 -0.86
  0.476  0.58   0.16   0.31   0.87  -0.276 -0.992  0.333 -0.85  -0.46
  0.73   0.94  -0.65   0.12   0.86   0.126  0.77  -0.599 -0.48  -0.29
 -0.16   0.577  0.791  0.31  -0.835  0.27  -0.27  -0.287 -1.75   0.701
 -0.66  -0.32   0.24  -0.533 -0.92   0.6    0.42   0.7   -0.17  -0.06
 -0.65   0.68   0.12   0.59  -0.08   0.3   -0.539  0.2   -0.58   0.77
  0.08  -0.18   0.46  -0.44  -0.32   0.51   0.86   0.9    0.52  -0.58
  0.23   0.71  -0.05   0.48   0.65   0.95  -0.36   0.87   0.26  -0.664][-0.81  -1.079  1.787  0.73  -0.529  0.97  -0.449  0.33  -0.96   1.05
 -0.04   0.55   0.25  -1.219  0.659  0.225 -0.53  -0.677  1.385 -0.86
  0.7    1.291  0.16   0.31   0.87  -0.16  -0.09  -0.243 -0.699 -0.46
  0.73   1.823 -0.65   0.12   0.86   0.126  0.77  -0.599 -0.48  -0.29
 -0.251  0.577  0.791  0.31  -0.835  0.27  -0.27  -0.287 -1.75   0.02
 -0.66  -0.32   0.24  -0.533 -0.92   0.6    0.42   0.7   -0.17  -0.06
 -0.728  0.68   0.12   0.59   0.417  0.3    0.04   0.2   -0.58   0.77
  0.08  -0.18   0.46  -0.44  -0.32   0.51   0.86   0.9    0.52  -0.58
  0.23   0.71  -0.05   0.48   0.65   0.95  -0.36   0.87   0.26  -0.664][-0.81  -1.098  1.787  0.73  -0.529  1.849  0.08   0.33  -0.96   0.78
 -0.04   0.55   0.25  -1.219  0.659  0.225 -0.53  -0.828  1.385 -0.86
  0.7    0.58   0.16   0.31   0.87  -0.16  -0.992 -0.65  -0.85  -0.46
  0.73   0.94  -0.65  -0.22   0.86   0.126  0.77  -0.599 -0.48  -0.29
 -0.16   0.577  0.791  0.31  -0.962  0.27  -0.27  -0.287 -1.75   0.02
 -0.66  -0.32   0.24   0.026 -0.92   0.6    0.42   0.7    0.179 -0.06
 -0.65   0.68   0.12   0.59  -0.08   0.3    0.04   0.2   -0.664  0.77
  0.08  -0.18   0.46  -0.44  -0.32   0.51   0.86   0.9    0.52  -0.58
  0.23   0.71  -0.05   0.48   0.65   0.95  -0.36   0.87   0.26  -0.75 ][-0.757 -1.098  1.787  0.73  -0.529  0.97  -0.449  0.33  -0.96   0.78
 -0.04   0.55   0.25  -0.68   0.659  0.315 -0.53  -0.828  1.385 -0.86
  0.476  1.291  0.16   0.31   0.87  -0.16  -0.992 -0.65  -0.503 -0.46
  0.73   0.94  -0.65   0.12   0.86   0.126  0.77  -0.599 -0.48  -0.29
 -0.16   0.577  0.791  0.31  -0.835  0.27  -0.27   0.46  -1.75  -0.168
 -0.66  -0.32   0.24  -0.533 -0.92   0.6    0.42   0.7   -0.17  -0.06
 -0.65   0.68   0.12   0.59  -0.08   0.3    0.04   0.344 -0.58   1.312
  0.08  -0.18   0.46  -0.44  -0.32   0.51   0.86   0.9    0.52  -0.58
  0.23   0.71  -0.05   0.48   0.65   0.95  -0.36   0.87   0.26  -0.75 ][ 0.003 -1.079  1.787  0.73  -0.57   0.97  -0.449  0.174 -0.96   1.05
 -0.04   0.55   0.25  -1.219  0.659  0.225 -0.53  -0.828  1.385 -0.86
  0.7    1.077  0.16   0.31   0.87  -0.276 -0.09   0.317 -0.85  -0.46
  0.73   0.94  -0.65   0.12   1.77   0.126  0.77  -0.599 -0.48  -0.29
 -0.16   0.577  0.791  0.31  -0.835  0.27  -0.27  -0.287 -1.75  -0.168
 -0.66  -0.32   0.24  -0.533 -0.92   0.6    0.42   0.7   -0.17  -0.06
 -0.65   0.68   0.12   0.59   0.417  0.3    0.04   0.2   -0.664  0.77
  0.08  -0.18   0.46  -0.44  -0.32   0.51   0.86   0.9    0.52  -0.58
  0.23   0.71  -0.05   0.48   0.65   0.95  -0.36   0.87   0.26  -0.664][-0.81  -1.079  1.787  0.73  -0.57   0.97  -0.449  0.33  -0.96   0.78
 -0.04   0.55   0.25  -1.219  0.659  0.225 -0.53  -0.828  1.385 -0.86
  0.7    0.58  -0.078  0.151  2.384 -0.16  -0.09  -0.111 -0.85  -0.46
  0.73   0.94  -0.65   0.12   0.86   0.126  0.77  -0.599 -0.48  -0.29
 -0.16   0.577  0.791  0.31  -0.835  0.27  -0.27  -0.287 -1.75  -0.168
 -0.66  -0.32   0.24  -0.533 -0.92   0.6    0.42   0.7   -0.17  -0.06
 -0.65   0.68   0.12  -0.185 -0.08   0.3    0.04   0.2   -0.58   0.77
  0.08  -0.18   0.46  -0.44  -0.32   0.51   0.86   0.9    0.52  -0.58
  0.23   0.71  -0.05   0.48   0.65   0.95  -0.36   0.87   0.26  -0.664][-0.689 -1.098  1.787  0.73  -0.529  0.97   0.08   0.33  -0.96   0.78
 -0.04   0.55   0.25  -0.51   0.659  0.225 -0.53  -0.828  1.385 -0.86
  0.7    1.077  0.16   0.31   0.87  -0.276 -0.09  -0.65  -0.85  -0.46
  0.73   0.94  -0.65   0.12   0.86   0.126  0.77  -0.599 -0.48  -0.29
 -0.89   0.577  0.839  0.31  -0.962  0.27  -0.27  -0.287 -1.75  -0.168
 -0.66  -0.32   0.24   0.026 -0.92   0.6    0.42   0.7   -0.17  -0.06
 -0.65   1.017  0.12   0.59  -0.08   0.3    0.04   0.2   -0.58   0.77
  0.08  -0.18   0.46  -0.44  -0.32   0.51   0.86   0.9    0.52  -0.58
  0.23   0.71  -0.05   0.48   0.65   0.95  -0.36   0.87   0.26  -0.664][ 0.003 -1.079  1.787  0.73  -1.391  0.97  -0.449  0.33  -0.96   1.05
 -0.04   0.55   0.25  -1.219  0.659  0.225 -0.53  -0.828  1.385 -0.86
  0.7    1.077  0.16   0.31   0.87  -0.16  -0.09   0.317 -0.85  -0.46
  0.73   0.94  -0.65   0.12   0.86   0.126  0.77  -0.599 -0.48  -0.29
 -0.16   0.577  0.791  0.31  -0.835  0.27  -0.27   0.46  -1.75  -0.168
 -0.66  -0.32   0.24  -0.533 -0.92   0.6    0.42   0.7   -0.17  -0.06
 -0.65   0.68   0.12   0.59  -0.08   0.3   -0.539  0.2   -0.58   0.77
  0.08  -0.18   0.46  -0.44  -0.32   0.51   0.86   0.9    0.52  -0.58
  0.23   0.71  -0.05   0.48   0.65   0.95  -0.36   0.87   0.26  -0.75 ][ 0.003 -1.079  1.787  0.73  -0.57   0.97  -0.894  0.33  -0.96   0.78
 -0.04   0.55   0.25  -1.219  0.659  0.225 -0.53  -0.828  1.385 -0.86
  0.7    1.077  0.16   0.31   0.87  -0.16  -0.992 -0.65  -0.85  -0.46
  0.73   0.94  -0.65   0.12   0.86   0.126  0.77  -0.599 -0.48  -0.29
  0.804  0.577  0.791  0.31  -0.835  0.27  -0.27   0.46  -1.75   0.701
 -0.66  -0.32   0.24  -0.533 -0.92   0.6    0.42   0.7   -0.17  -0.06
 -0.65   0.68   0.12   0.59  -0.103  0.3    0.04   0.2   -0.664  0.77
  0.08  -0.18   0.46  -0.44  -0.32   0.51   0.86   0.9    0.52  -0.58
  0.23   0.71   0.006  0.48   0.65   0.95  -0.36   0.87   0.26  -0.75 ][-0.81  -1.079  1.787  0.73  -0.57   0.97  -0.449  0.33  -0.96   1.05
 -0.04   0.55   0.25  -1.219  0.659  0.225 -0.53  -0.828  1.385 -0.86
  0.7    1.077  0.16   0.31   0.87  -0.16  -0.992 -0.243 -0.85  -0.46
  0.73   0.94  -0.65   0.12   0.86   0.126  0.77  -0.599 -0.48  -0.29
 -0.16   0.577  0.791  0.31  -0.835  0.27  -0.27  -0.287 -1.75   0.02
 -0.66  -0.32   0.24  -0.533 -0.92   0.6    0.42   0.7   -0.17  -0.06
 -0.65   0.68   0.12   0.59  -0.08   0.3   -0.539  0.2   -0.58   0.77
  0.08  -0.18   0.46  -0.44  -0.32   0.51   0.86   0.9    0.52  -0.58
  0.23   0.71  -0.05   0.48   0.65   0.95  -0.36   0.87   0.26  -0.798]