[ 0.003 -1.098  1.787  0.73  -0.566  0.97  -0.449  0.33  -0.96   1.05
 -0.04   0.55  -0.376 -1.935  1.054  0.225 -0.53  -0.995  1.385 -0.86
  0.7    1.291  0.085  0.31   0.87  -0.16  -0.09   0.317 -0.85  -0.46
  0.73   0.94  -0.65   0.12   0.86   0.126  0.77  -0.599 -0.48  -0.29
 -0.16   0.577  0.791  0.31  -0.835  0.27  -0.27  -0.287 -1.439  0.02
 -0.66  -0.32   0.139 -0.533 -0.92   0.6    0.42   0.7   -0.17  -0.06
 -0.65   0.68   0.12   0.59  -0.08   0.3    0.04   0.2   -0.664  0.77
  0.08  -0.18   0.46  -0.44  -0.32   0.51   0.86   0.831  0.52  -0.58
  0.23   0.71  -0.05   0.48   0.65   0.95  -0.36   0.87   0.26  -0.75 ][ 0.003 -1.098  1.787  0.73  -0.57   0.97  -0.449  0.33  -0.96   1.05
 -0.04   0.55   0.25  -1.219  0.659  0.225 -0.53  -0.828  1.385 -0.86
  0.7    1.291 -0.78   0.31   0.87  -0.276 -0.09  -0.243 -0.85  -0.46
  0.73   0.94  -0.671  0.12   0.86   0.126  0.77  -0.599 -0.48  -0.29
 -0.16   0.577  0.791  0.31  -0.835  0.27  -0.27  -0.287 -1.439  0.02
 -0.66  -0.32   0.139 -0.533 -1.363  0.6    0.42   0.7   -0.17  -0.06
 -0.65   0.68   0.12   0.59  -0.103  0.3    0.04   0.2   -0.58   0.77
  0.08  -0.18   0.46  -0.44  -0.32   0.51   0.86   0.831  0.52  -0.58
  0.23   0.71  -0.05   0.48   0.65   0.95  -0.36   0.87   0.26  -0.75 ][ 0.003 -1.098  1.787  0.73  -0.57   0.97   0.08   0.33  -0.96   1.05
 -0.04   0.55   0.25  -0.51   0.659  0.225 -0.53  -0.828  1.385 -0.86
  0.476  1.077 -0.78  -0.012  0.87  -0.16  -0.992  0.317 -0.98  -0.46
  0.73   0.94  -0.65  -0.225  0.86   0.126  0.77  -0.599 -0.48  -0.29
 -0.16   0.577  0.791  0.31  -0.835  0.27  -0.27  -0.287 -1.439  0.02
 -0.66  -0.32   0.139 -0.533 -0.92   0.6    0.649  0.7   -0.17  -0.06
 -0.65   0.289  0.12   0.59  -0.103  0.3    0.04   0.2   -0.58   0.77
  0.382 -0.18   0.46  -0.44  -0.32   0.51   0.86   0.9    0.52  -0.58
  0.23   0.71  -0.05   0.48   0.65   0.95  -0.36   0.87   0.26  -0.75 ][ 0.003 -1.079  1.787  0.73  -0.529  0.97  -0.319  0.33  -0.96   1.05
 -0.04   0.55   0.25  -1.219  0.659 -0.054 -0.788 -0.828  1.385 -0.86
  0.7    0.58   0.085  0.31   0.87  -0.16  -0.09  -0.243 -0.85  -0.46
  0.73   0.94  -0.65   0.12   0.86   0.126  0.77  -0.599 -0.48  -0.29
 -0.16   0.577  0.791  0.31  -0.835  0.27  -0.27  -0.287 -1.75   0.02
 -0.66  -0.32   0.139 -0.533 -0.92   0.6    0.42   0.7   -0.17  -0.06
 -0.65   0.289  0.12   0.59  -0.08   0.3    0.04   0.2   -0.664  0.77
  0.08  -0.18   0.46  -0.44  -0.32   0.471  0.86   0.9    0.52  -0.58
  0.23   0.71  -0.027  0.48   0.65   0.95  -0.36   0.87   0.26  -0.75 ][ 0.003 -1.079  1.787  0.73  -0.529  0.97   0.08   0.33  -0.96   1.05
 -0.04   0.55   0.25  -1.935  0.659  0.225 -0.53  -0.828  1.385 -0.86
  0.7    1.291  0.085  0.31   0.87  -0.276 -0.09   0.317 -0.85  -0.46
  0.73   0.94  -0.65   0.12   0.86   0.126  0.77  -0.599 -0.48  -0.29
 -0.16   0.577  0.791  0.31  -0.835  0.27  -0.27  -0.287 -1.439  0.02
 -0.66  -0.32   0.139 -0.533 -0.92   0.6    0.42   0.7   -0.17  -0.06
 -0.65   0.289  0.12   0.59  -0.08   0.3    0.04   0.2   -0.664  0.77
  0.08  -0.18   0.46  -0.44  -0.32   0.51   0.86   0.9    0.52  -0.58
  0.23   0.71  -0.05   0.48   0.65   0.95  -0.36   0.85   0.26  -0.75 ][-0.986 -1.079  1.787  0.73  -0.529  0.97   0.08   0.33  -0.96   1.05
 -0.04   0.55   0.25  -0.51   0.659 -0.054 -0.53  -0.828  1.385 -0.86
  0.476  1.291 -0.078  0.31   0.87  -0.16  -0.992 -0.243 -0.85  -0.46
  0.73   0.94  -0.65   0.12   0.86   0.126  0.77  -0.599 -0.48  -0.29
 -0.16   0.577  0.423  0.31  -0.835  0.27  -0.27  -0.287 -1.439  0.02
 -0.66  -0.32   0.139 -0.533 -0.92   0.6    0.42   0.7   -0.17  -0.06
 -0.65   0.68   0.12   0.59  -0.08   0.3    0.04   0.2   -0.664  0.77
  0.08  -0.18   0.46  -0.44  -0.32   0.51   0.86   0.831  0.52  -0.58
  0.23   0.71  -0.05   0.48   0.65   0.95  -0.36   0.87   0.26  -0.75 ][ 0.003 -1.098  1.787  0.73  -1.045  0.97  -0.319  0.33  -0.96   1.05
 -0.04   1.342 -0.376 -1.219  1.054 -0.054 -0.788 -0.828  1.385 -0.86
  0.7    1.291 -0.078  0.31   0.87  -0.16  -0.992  0.317 -0.85  -0.46
  0.73   0.94  -0.65   0.12   0.86   0.126  0.77  -0.599 -0.48  -0.29
 -0.16   0.577  0.791  0.31  -0.835  0.27  -0.27  -1.076 -1.439  0.02
 -0.66  -0.32   0.139 -0.533 -0.92   0.707  0.42   0.632 -0.17  -0.06
 -0.65   0.68   0.12   0.59  -0.08   0.3    0.04   0.2   -0.58   0.77
  0.08   0.339  0.46  -0.44  -0.32   0.471  0.86   0.831  0.52  -0.58
  0.23   0.71  -0.05   0.48   0.65   0.95  -0.36   0.87   0.26  -0.75 ][ 0.003 -1.098  1.787  0.73  -0.566  0.97  -0.449  0.33  -0.96   1.05
 -0.04   0.55   0.25  -2.52   1.054  0.225 -0.53  -0.995  1.385 -0.86
  0.476  1.291  0.16   0.31   0.87  -0.16  -0.09  -0.65  -0.85  -0.46
 -0.085  0.94  -0.65   0.12   1.498  0.126  0.77  -0.599 -0.48  -0.29
 -0.16   0.577  0.791  0.31  -0.835  0.27  -1.217 -0.287 -1.439  0.02
 -0.66  -0.32   0.139 -0.533 -0.92   0.6    0.42   0.7   -0.17  -0.06
 -0.65   0.68   0.12   0.393 -0.08   0.3    0.04   0.2   -0.664  0.77
  0.08  -0.18   0.46  -0.44  -0.32   0.51   0.86   0.9    0.52  -0.58
  0.23   0.71  -0.05   0.48   0.65   0.95  -0.36   0.87   0.26  -0.441][-0.81  -1.079  1.787  0.73  -0.566  0.97  -0.449  0.33  -0.96   1.05
 -0.04   0.55   0.25  -1.219  1.054 -0.054 -0.53  -0.995  1.385 -0.86
  0.7    1.291 -0.147  0.31   0.87  -0.16  -0.09   0.317 -0.85  -0.46
  0.73   0.94  -0.65   0.12   0.86   0.126  0.77  -0.599 -0.48  -0.29
 -0.16   0.577  0.791  0.839 -0.835  0.27  -0.27  -0.287 -1.439  0.02
 -0.66  -0.32   0.139 -0.9   -0.92   0.6    0.42   0.632 -0.136 -0.06
 -0.65   0.68   0.12  -0.185 -0.08   0.3    0.04   0.2   -0.664  0.77
  0.08  -0.18   0.46  -0.44  -0.32   0.51   0.86   0.9    0.52  -0.58
  0.23   0.71  -0.05   0.48   0.65   0.95  -0.36   0.87   0.26  -0.75 ][ 0.003 -1.098  1.787  0.73  -0.529  0.97   0.08   0.33  -0.96   1.05
 -0.04   0.55   0.25  -1.219  0.659  0.225 -0.53  -0.828  1.385 -0.86
  0.476  0.58  -0.78   0.31   0.87  -0.16  -0.992  0.317 -0.85  -0.46
  0.73   0.94  -0.65   0.12   0.86   0.126  0.77  -0.599 -0.48  -0.29
 -0.16   0.577  0.791  0.31  -0.835  0.27  -0.27  -0.287 -1.439  0.02
 -0.66  -0.32   0.139 -0.533 -0.92   0.6    0.649  0.7   -0.17  -0.06
 -0.65   0.289  0.12   0.59  -0.103  0.3    0.04   0.2   -0.58   0.77
  0.382 -0.18   0.46  -0.44  -0.32   0.51   0.86   0.9    0.52  -0.58
  0.23   0.71  -0.05   0.48   0.65   0.95  -0.36   0.87   0.26  -0.75 ][-0.81  -1.079  1.787  0.73  -0.57   0.97  -0.449  0.33  -0.96   1.05
 -0.04   0.55   0.25  -1.219  0.659  0.225 -0.53  -0.828  1.385 -0.86
  0.7    1.291 -0.078  0.31   0.87  -0.16  -0.992 -0.243 -0.85  -0.46
  0.73   0.94  -0.65   0.12   0.86   0.126  0.77  -0.599 -0.48  -0.29
 -0.16   0.577  0.791  0.839 -0.835  0.27  -0.27  -0.287 -1.75   0.02
 -0.66  -0.32   0.139 -0.9   -0.92   0.6    0.42   0.632 -0.136 -0.06
 -0.65   0.68   0.12  -0.185 -0.08   0.3    0.04   0.2   -0.664  0.77
  0.08  -0.18   0.46  -0.44  -0.32   0.51   0.86   0.9    0.52  -0.58
  0.23   0.71  -0.05   0.48   0.65   0.95  -0.36   0.87   0.26  -0.75 ][ 0.433 -1.098  1.787  0.73  -0.529  0.97  -0.449  0.33  -0.96   1.05
 -0.04   0.55   0.25  -0.51   0.659  0.225 -0.53  -0.828  1.385 -0.86
  0.476  1.077 -0.78   0.31   0.87  -0.16  -0.992  0.317 -0.98  -0.46
  0.73   0.94  -0.65  -0.225  0.86   0.126  0.77  -0.599 -0.48  -0.29
 -0.16   0.577  0.791  0.31  -0.835  0.27  -0.27  -0.287 -1.439 -0.168
 -0.66  -0.32   0.139 -0.533 -0.92   0.6    0.649  0.7   -0.17  -0.06
 -0.65   0.289  0.12   0.59  -0.103  0.3    0.04   0.2   -0.58   0.77
  0.382 -0.18   0.46  -0.44  -0.32   0.51   0.86   0.9    0.52  -0.58
  0.23   0.71  -0.05   0.48   0.65   0.95  -0.36   0.87   0.26  -0.75 ][-0.323 -1.098  1.787  0.73  -0.529  0.97  -0.449  0.33  -0.96   1.05
 -0.04   0.55   0.25  -1.219  0.659  0.225 -0.53  -0.828  1.385 -0.86
  0.7    1.077  0.16   0.31   0.87  -0.276 -0.09   0.317 -0.85  -0.46
  0.73   0.94  -0.65   0.12   0.86   0.126  0.77  -0.599 -0.48  -0.29
  0.068  0.577  0.791  0.31  -0.835  0.27  -0.27  -0.287 -1.439  0.02
 -0.66  -0.32   0.139 -0.533 -0.92   0.6    0.42   0.7   -0.17  -0.06
 -0.65   0.289  0.12   0.59  -0.08   1.003  0.04   0.2   -0.58   0.77
  0.08  -0.18   0.46  -0.44  -0.32   0.51   0.86   0.9    0.52  -0.58
  0.23   0.71  -0.05   0.48   0.65   0.95  -0.36   0.87   0.26  -0.75 ][ 0.003 -1.079  1.787  0.73  -0.57   0.97  -0.449  0.33  -0.96   1.05
 -0.04   0.55   0.25  -1.219  0.659  0.225 -0.53  -0.828  1.385 -0.86
  0.7    0.58   0.085  0.31   0.87  -0.16  -0.992 -0.243 -0.85  -0.46
  0.73   0.94  -0.65   0.12   0.86   0.126  0.77  -0.599 -0.48  -0.29
 -0.16   0.577  0.325  0.31  -0.835  0.27  -0.27  -0.287 -2.009  0.02
 -0.66  -0.32   0.139 -0.533 -0.92   0.6    0.42   0.7   -0.17  -0.06
 -0.65   0.68   0.12  -0.185 -0.08   0.3    0.04   0.2   -0.664  0.77
  0.08  -0.18   0.46  -0.44  -0.32   0.471  0.86   0.9    0.52  -0.58
  0.23   0.71  -0.05   0.48   0.65   0.95  -0.36   0.87   0.26  -0.75 ][-0.81  -1.079  1.787  0.73  -0.57   0.97  -0.449  0.33  -0.96   1.05
 -0.04   1.342  0.25  -0.68   0.659  0.225 -0.53  -0.828  1.385 -0.86
  0.7    1.291  0.085  0.31   0.87   0.529 -0.09   0.317 -0.85  -0.46
  0.73   0.94  -0.65   0.12   0.86   0.126  0.77  -0.599 -0.48  -0.29
 -0.16   0.577  0.791 -0.024 -0.835  0.27  -0.27  -0.287 -2.315  0.02
 -0.66  -0.32   0.139 -0.533 -0.92   0.6    0.42   0.7   -0.17  -0.06
 -0.65   0.68   0.12  -0.185 -0.08   0.3    0.04   0.2   -0.103  0.77
  0.531 -0.18   0.46  -0.44  -0.32   0.51   0.86   0.831  0.52  -0.58
  0.23   0.71  -0.05   0.48   0.65   0.95  -0.36   0.87   0.26  -0.75 ][ 0.003 -1.098  1.787  0.73  -0.57   0.97   0.08   0.33  -0.96   1.05
 -0.04   0.55   0.25  -0.51   0.659  0.225 -0.53  -0.828  1.385 -0.86
  0.476  1.077  0.16   0.31   0.87  -0.276 -0.992 -0.65  -0.85  -0.46
  0.73   0.94  -0.65  -0.225  0.86   0.126  0.77  -0.599 -0.48  -0.29
 -0.16   0.577  0.791  0.31  -0.835  0.27  -0.27  -0.287 -1.439 -0.168
 -0.66  -0.32   0.139 -0.533 -0.92   0.6    0.42   0.7   -0.17  -0.06
 -0.65   0.289  0.12   0.59  -0.08   0.3    0.04   0.2   -0.58   0.77
  0.08  -0.18   0.46  -0.44  -0.32   0.51   0.86   0.9    0.52  -0.58
  0.23   0.677 -0.05   0.48   0.65   0.95  -0.36   0.87   0.26  -0.75 ][ 0.003 -1.079  1.787  0.73  -0.529  0.97  -0.449  0.33  -0.96   1.05
 -0.04   0.354  0.25  -0.68   0.659  0.225 -0.53  -0.828  1.385 -0.86
  0.7    1.291  0.085  0.31   0.87  -0.16  -0.992  0.317 -0.85  -0.46
  0.73   0.94  -0.65   0.12   0.86   0.126  0.77  -0.599 -0.48  -0.29
 -0.16   0.577  0.791  0.31  -0.835  0.27  -0.27  -0.287 -1.439 -0.168
 -0.66  -0.32   0.139 -0.533 -0.92   0.6    0.42   0.7   -0.17  -0.06
 -0.65   0.289  0.12  -0.185 -0.08   0.3    0.04   0.2   -0.664  0.77
  0.531 -0.18   0.46  -0.44  -0.32   0.51   0.86   0.831  0.52  -0.58
  0.23   0.71  -0.05   0.48   0.65   0.95  -0.36   0.87   0.26  -0.75 ][ 0.003 -1.098  1.787  0.73  -0.57   0.97  -0.449  0.588 -0.96   1.05
 -0.04   0.55   0.25  -0.51   0.659  0.225 -0.53  -0.828  1.385 -0.86
  0.476  1.077  0.16   0.31   0.87  -0.276 -0.09  -0.65  -0.98   0.14
  0.73   0.94  -0.65   0.12   0.86   0.126  0.77  -0.599 -0.48  -0.29
  0.068  0.577  0.791  0.31  -0.835  0.27  -0.27  -0.287 -1.439 -0.168
 -0.66  -0.32   0.139 -0.533 -0.92   0.466  0.649  0.7   -0.17  -0.06
 -0.65   0.289  0.12   0.59  -0.103  0.3    0.04   0.2   -0.58   0.77
  0.08  -0.18   0.46  -0.44  -0.32   0.51   0.86   0.9    0.52  -0.58
  0.23   0.71  -0.05   0.48   0.65   0.95  -0.36   0.87   0.26  -0.75 ][ 0.003 -1.098  1.787  0.73  -0.529  0.97   0.08   0.33  -0.96   1.05
 -0.04  -0.079  0.25  -0.51   0.659  0.225 -0.53  -0.828  1.385 -0.86
  0.476  1.077  0.16   0.31   0.87  -0.16  -0.992 -0.65  -0.85  -0.46
  0.73   0.94  -0.65  -0.225  0.86   0.126  0.77  -0.599 -0.48  -0.29
 -0.16   0.577  0.791  0.31  -0.835  0.27  -0.27  -0.287 -1.439 -0.168
 -0.66  -0.32   0.139 -0.533 -0.92   0.6    0.42   0.7   -0.17  -0.06
 -0.65   0.289  0.12   0.59  -0.08   0.3    0.04   0.2   -0.664  0.77
  0.08  -0.18   0.46  -0.44  -0.32   0.51   0.86   0.9    0.52  -0.58
  0.23   0.71  -0.05   0.48   0.65   0.95  -0.36   0.87   0.26  -0.75 ][ 0.003 -1.079  1.787  0.73  -0.57   0.97  -0.449  0.588 -0.96   1.05
 -0.04   0.55   0.25  -1.219  0.659  0.225 -0.53  -0.828  1.385 -0.86
  0.7    0.58  -0.78   0.31   0.87  -0.16  -0.992  0.317 -0.451 -0.46
  0.73   0.94  -0.65   0.12   0.86   0.126  0.77  -0.599 -0.48  -0.29
 -0.16   0.577  0.791  0.31  -0.835  0.27  -0.27  -0.287 -1.439  0.02
 -0.66  -0.32   0.139 -0.533 -0.92   0.6    0.42   0.7   -0.17  -0.06
 -0.65   0.68   0.12   0.59  -0.08   1.003  0.04   0.2   -0.58   0.77
  0.08  -0.18   0.46  -0.44  -0.32   0.51   0.86   0.831  0.52  -0.58
  0.23   0.71  -0.05   0.48   0.65   0.95  -0.36   0.87   0.26  -0.75 ][ 0.003 -1.098  1.787  0.73  -0.57   0.97  -0.449  0.33  -0.96   1.05
 -0.04   0.55   0.25  -1.219  0.659  0.225 -0.53  -0.828  1.385 -0.86
  0.7    1.291 -0.027  0.31   0.87  -0.276 -0.09  -0.243 -0.85  -0.46
  0.73   0.94  -0.671  0.12   0.86   0.126  0.77  -0.599 -0.48  -0.29
 -0.16   0.577  0.791  0.31  -0.835  0.27  -0.27  -0.287 -2.009  0.02
 -0.66  -0.32   0.139 -0.533 -0.92   0.6    0.42   0.7   -0.17  -0.06
 -0.65   0.68   0.12  -0.185 -0.08   0.3    0.04   0.2   -0.58   0.77
  0.08  -0.18   0.46  -0.44  -0.32   0.51   0.86   0.831  0.52  -0.58
  0.23   0.71  -0.05   0.48   0.65   0.95  -0.36   0.87   0.26  -0.75 ][ 0.003 -1.079  1.787  0.73  -0.57   0.97  -0.449  0.588 -0.96   1.05
 -0.04   0.55   0.25  -1.219  0.659  0.225 -0.53  -0.828  1.385 -0.86
  0.7    0.58  -0.78   0.31   0.87  -0.16  -0.992  0.317 -0.451 -0.46
  0.73   0.94  -0.65  -0.225  0.86   0.126  0.77  -0.599 -0.48  -0.29
 -0.16   0.577  0.791  0.31  -0.835  0.27  -0.27   0.15  -1.439  0.02
 -0.66  -0.32   0.139 -0.533 -0.92   0.6    0.42   0.7   -0.17  -0.06
 -0.65   0.68   0.12   0.59  -0.08   1.003  0.04   0.2   -0.58   0.77
  0.08  -0.18   0.46  -0.44  -0.32   0.51   0.86   0.831  0.52  -0.58
  0.23   0.71  -0.05   0.48   0.65   0.95  -0.36   0.87   0.26  -0.75 ][-0.81  -1.079  1.787  0.73  -0.57   0.97  -0.319  0.33  -0.96   1.05
 -0.04   0.55   0.25  -1.219  0.659  0.225 -0.788 -0.828  1.385 -0.86
  0.7    0.58   0.085  0.31   0.87  -0.16  -0.09   0.317 -0.85  -0.46
  0.73   0.94  -0.65   0.12   0.86   0.126  0.77  -0.599 -0.48  -0.29
 -0.16   0.577  0.791 -0.024 -0.835  0.27  -0.27  -0.287 -1.75   0.02
 -0.66  -0.32   0.139 -0.533 -0.92   0.6    0.42   0.7   -0.17  -0.06
 -0.65   0.68   0.12  -0.185 -0.08   0.3    0.02   0.2   -0.664  0.77
  0.08  -0.18   0.46  -0.44  -0.32   0.51   0.86   0.831  0.52  -0.58
  0.23   0.71  -0.05   0.48   0.65   0.95  -0.36   0.87   0.26  -0.75 ][-0.81  -1.098  1.787  0.73  -0.57   0.97  -0.449  0.33  -0.96   1.05
 -0.04   0.55   0.25  -1.219  0.659  0.225 -0.53  -0.828  1.385 -0.86
  0.7    1.291 -0.078  0.31   0.87  -0.16  -0.992 -0.243 -0.85  -0.46
  0.73   0.94  -0.671  0.12   0.86   0.126  0.77  -0.599 -1.12  -0.29
 -0.16   0.577  0.791  0.31  -0.835  0.27  -0.27  -0.287 -1.75   0.02
 -0.66  -0.32   0.139 -0.9   -1.363  0.6    0.42   0.632 -0.17  -0.06
 -0.65   0.68   0.12   0.59  -0.103  0.3    0.04   0.2   -0.664  0.77
  0.08  -0.18   0.46  -0.44  -0.32   0.51   0.86   0.831  0.52  -0.58
  0.23   0.71  -0.05   0.48   0.65   0.95  -0.36   0.87   0.26  -0.75 ][-0.81  -1.079  1.787  0.73  -0.566  0.97  -0.449  0.33  -0.96   1.05
 -0.04   0.55   0.25  -1.219  1.054  0.225 -0.53  -0.995  1.358 -0.86
  0.7    1.291 -0.147  0.31   0.87  -0.276 -0.09  -0.243 -0.85  -0.46
  0.73   0.94  -0.671  0.12   0.86   0.126  0.77  -0.599 -0.48  -0.29
 -0.16   0.577  0.791  0.31  -0.835  0.27  -0.27  -0.287 -1.439  0.02
 -0.66  -0.32   0.139 -0.533 -1.363  0.6    0.42   0.7   -0.136 -0.06
 -0.65   0.68   0.12  -0.185 -0.103  0.3    0.04   0.2   -0.58   0.77
  0.08  -0.18   0.46  -0.44  -0.32   0.51   0.86   0.9    0.52  -0.58
  0.23   0.71  -0.05   0.48   0.65   0.95  -0.36   0.87   0.26  -0.75 ][-0.81  -1.079  1.787  0.73  -0.57   0.97  -0.449  0.33  -0.96   1.05
 -0.04   0.55   0.25  -1.219  0.659  0.225 -0.53  -0.828  1.385 -0.86
  0.7    1.291 -0.78   0.31   0.87  -0.16  -0.992 -0.243 -0.85  -0.46
  0.73   0.94  -0.65   0.12   0.86   0.126  0.77  -1.44  -0.48  -0.29
 -0.16   0.577  0.791  0.839 -0.835  0.27  -0.27  -0.287 -1.439  0.02
 -0.66  -0.32   0.139 -0.533 -0.92   0.6    0.42   0.7   -0.17  -0.06
 -0.65   0.68   0.12   0.59  -0.08   0.3    0.04   0.2   -0.664  0.77
  0.08  -0.18   0.46  -0.44  -0.32   0.51   0.86   0.9    0.52  -0.58
  0.23   0.71  -0.05   0.48   0.65   0.95  -0.36   0.87   0.26  -0.75 ][ 0.003 -1.079  1.787  0.73  -0.57   0.97   0.08   0.588 -0.96   1.05
 -0.04   0.55   0.25  -1.219  0.659  0.225 -0.53  -0.828  1.385 -0.86
  0.7    0.58   0.085  0.31   0.87  -0.16  -0.09   0.317 -0.451 -0.46
  0.73   0.94  -0.65   0.12   0.86   0.126  0.77  -0.599 -0.48  -0.29
 -0.16   0.577  0.791  0.31  -0.835  0.27  -0.27  -0.287 -1.439  0.02
  0.012 -0.32   0.139 -0.533 -0.92   0.6    0.42   0.7   -0.17  -0.06
 -0.65   0.68   0.12   0.59  -0.08   0.3    0.04   0.2   -0.58   0.77
  0.08  -0.18   0.46  -0.44  -0.32   0.51   0.86   0.831  0.52  -0.58
  0.23   0.71  -0.05   0.48   0.65   0.95  -0.36   0.85   0.26  -0.75 ][ 0.003 -1.098  1.787  0.73  -0.57   0.97  -0.319  0.33  -0.96   1.05
 -0.04   0.55   0.25  -0.51   0.659  0.225 -0.53  -0.828  1.385 -0.86
  0.7    0.58   0.085 -0.012  0.695 -0.16  -0.09   0.317 -0.85  -0.46
  0.73   0.94  -0.65  -0.225  0.86   0.126  0.77  -0.599 -0.48  -0.29
 -0.16   0.577  0.791  0.31  -0.835  0.27  -0.27  -0.287 -1.75   0.02
 -0.66  -0.32   0.139 -0.533 -0.92   0.6    0.42   0.7   -0.17  -0.06
 -0.65   0.289  0.12   0.59  -0.103  0.3    0.04   0.2   -0.664  0.77
  0.08  -0.18   0.46  -0.44  -0.32   0.51   0.86   0.9    0.52  -0.58
  0.23   0.71  -0.027  0.48   0.65   0.95  -0.36   0.87   0.26  -0.75 ][ 0.003 -1.079  1.787  0.73  -0.529  0.97  -0.449  0.33  -0.96   1.05
 -0.04   0.354  0.25  -0.68   0.659  0.225 -0.53  -0.828  1.385 -0.86
  0.476  1.291 -0.078  0.31   0.87  -0.16  -0.992  0.317  0.026 -0.46
  0.73   0.94  -0.65   0.12   0.86   0.126  0.77  -0.599 -0.48  -0.29
 -0.16   0.577  0.791  0.31  -0.835  0.27  -0.27  -0.287 -1.439 -0.168
 -0.66  -0.32   0.139 -0.533 -0.92   0.6    0.42   0.7   -0.17  -0.06
 -0.65   0.289  0.12   0.59  -0.08   0.3    0.04   0.2   -0.664  0.77
  0.08  -0.18   0.46  -0.44  -0.32   0.51   0.86   0.831  0.52  -0.58
  0.23   0.71  -0.05   0.48   0.65   0.95  -0.36   0.87   0.26  -0.75 ][-0.81  -1.079  1.787  0.73  -0.566  0.97   0.08   0.33  -0.96   1.05
 -0.04   0.55   0.25  -0.51   0.659 -0.054 -0.53  -0.828  1.385 -0.86
  0.476  1.291 -0.147  0.31   0.87  -0.16  -0.992 -0.243 -0.85  -0.46
  0.73   0.94  -0.65   0.12   0.86   0.126  0.77  -0.599 -0.48  -0.29
 -0.16   0.577  0.423  0.839 -0.835  0.27  -0.27  -0.287 -1.439  0.02
 -0.66  -0.209  0.139 -0.9   -0.92   0.6    0.42   0.632 -0.17  -0.06
 -0.65   0.68   0.12   0.59  -0.08   0.3    0.04   0.2   -0.664  0.77
  0.08  -0.18   0.46  -0.44  -0.32   0.51   0.86   0.9    0.52  -0.58
  0.23   0.71  -0.05   0.48   0.65   0.95  -0.36   0.87   0.26  -0.75 ][ 0.003 -1.098  1.787  0.73  -0.566  0.97  -0.449  0.33  -0.96   1.05
 -0.04   0.55   0.25  -0.51   0.659  0.225 -0.53  -0.995  1.385 -0.86
  0.476  1.291  0.16   0.31   0.87  -0.276 -0.992 -0.65  -0.85  -0.46
 -0.085  0.94  -0.65   0.12   1.498  0.126  0.77  -0.599 -0.48  -0.29
 -0.16   0.577  0.791  0.31  -1.822  0.27  -1.217 -0.287 -1.439 -0.168
 -0.66  -0.32   0.139 -0.533 -0.92   0.6    0.42   0.7   -0.17  -0.06
 -0.65   0.68   0.12   0.393 -0.08   0.3    0.04   0.2   -0.58   0.77
  0.08  -0.18   0.46  -0.44  -0.32   0.51   0.86   0.9    0.52  -0.58
  0.23   0.677 -0.05   0.48   0.65   0.95  -0.36   0.87   0.26  -0.75 ][-0.112 -1.098  1.787  0.73  -0.57   0.97  -0.449  0.588 -0.96   1.05
 -0.04   0.55   0.25  -1.219  0.659  0.225 -0.53  -0.828  1.385 -0.86
  0.476  1.077 -0.78   0.31   0.87  -0.16  -0.992  0.317 -0.451 -0.46
  0.73   0.94  -0.65  -0.225  0.86   0.126  0.77  -0.599 -0.48  -0.29
 -0.16   0.577  0.791  0.31  -0.835  0.27  -0.27  -0.287 -1.439  0.02
 -0.66  -0.32   0.139 -0.533 -0.92   0.6    0.42   0.7   -0.17  -0.06
 -0.65   0.68   0.12   0.59  -0.103  1.003  0.04   0.2   -0.58   0.77
  0.08  -0.18   0.46  -0.44  -0.32   0.51   0.86   0.831  0.52  -0.58
  0.23   0.71  -0.05   0.48   0.65   0.95  -0.36   0.87   0.26  -0.75 ][ 0.003 -1.098  1.787  0.73  -0.57   0.97  -0.449  0.33  -0.96   1.05
 -0.04   0.55   0.25  -1.219  0.659  0.225 -0.53  -0.828  1.385 -0.86
  0.7    1.291  0.16   0.31   0.87  -0.276 -0.09   0.317 -0.85  -0.46
  0.73   0.94  -0.671  0.12   0.86   0.126  0.77  -0.599 -0.48  -0.29
 -0.16   0.577  0.791  0.31  -0.835  0.27  -0.27  -0.287 -1.439  0.02
 -0.66  -0.32   0.139 -0.533 -0.92   0.6    0.42   0.7   -0.17  -0.06
 -0.65   0.289  0.12  -0.042 -0.103  1.003  0.04   0.2   -0.58   0.77
  0.08  -0.18   0.46  -0.44  -0.32   0.51   0.86   0.9    0.52  -0.58
  0.23   0.71  -0.05   0.48   0.65   0.95  -0.36   0.87   0.26  -0.75 ][ 0.003 -1.098  1.787  0.73  -0.57   0.97   0.08   0.33  -0.96   1.05
 -0.04   0.55   0.25  -0.51   1.054  0.225 -0.53  -0.828  1.385 -0.86
  0.476  1.291  0.16   0.31   0.87  -0.16  -0.09   0.317 -0.98  -0.46
 -0.085  0.94  -0.65  -0.225  0.86   0.126  0.77  -0.599 -0.48  -0.29
 -0.16   0.577  0.791  0.31  -0.835  0.27  -0.27  -0.287 -1.882  0.02
 -0.66  -0.32   0.139 -0.533 -0.92   0.6    0.42   0.7   -0.17  -0.06
 -0.65   0.68   0.12   0.393 -0.08   0.3    0.04   0.2   -0.58   0.77
  0.08  -0.18   0.46  -0.44  -0.32   0.51   0.86   0.9    0.52  -0.58
  0.23   0.71  -0.05   0.48   0.65   0.95  -0.36   0.87   0.26  -0.75 ][ 0.003 -1.079  1.787  0.73  -0.566  0.97  -0.449  0.33  -0.96   1.05
 -0.04   0.55   0.25  -1.219  1.054 -0.054 -0.53  -0.828  1.385 -0.86
  0.7    1.291 -0.78   0.31   0.87  -0.16  -0.09   0.317 -0.85  -0.46
  0.73   0.94  -0.671  0.12   0.86   0.126  0.77  -0.599 -0.48  -0.29
 -0.16   0.577  0.791  0.839 -0.835  0.27  -0.27  -0.287 -1.439  0.02
 -0.66  -0.863  0.139 -0.9   -1.363  0.6    0.42   0.632 -0.17  -0.06
 -0.65   0.68   0.12   0.59  -0.103  0.3    0.04   0.2   -0.58   0.77
  0.08  -0.18   0.46  -0.44  -0.32   0.51   0.86   0.831  0.52  -0.58
  0.23   0.71  -0.05   0.48   0.65   0.95  -0.36   0.87   0.26  -0.75 ][ 0.003 -1.079  1.787  0.73  -0.57   0.97   0.08   0.33  -0.96   1.05
 -0.04   0.55   0.25  -0.51   0.659  0.225 -0.53  -0.828  1.385 -0.86
  0.476  1.077  0.085  0.31   0.87  -0.16  -0.992  0.317 -0.85  -0.46
  0.73   1.852 -0.65  -0.225  0.86   0.126  0.77  -0.599 -0.48  -0.29
 -0.16   0.577  0.791  0.31  -0.835  0.27  -0.27  -0.287 -1.439 -0.168
 -0.66  -0.32   0.139 -0.533 -0.92   0.6    0.42   0.7   -0.17  -0.06
 -0.65   0.289  0.12  -0.185 -0.08   0.3    0.04   0.2   -0.664  0.77
  0.531 -0.18   0.46  -0.44  -0.32   0.51   0.86   0.831  0.52  -0.58
  0.23   0.71  -0.05   0.48   0.65   0.95  -0.36   0.87   0.26  -0.75 ][ 0.433 -1.098  1.787  0.73  -0.57   0.97  -0.449  0.33  -0.483  1.05
 -0.04   0.55   0.25  -0.51   0.659  0.225 -0.53  -0.828  1.385 -0.86
  0.476  1.077 -0.78  -0.012  0.87  -0.16  -0.992  0.317 -0.98  -0.46
  0.73   0.94  -0.65  -0.225  0.86   0.126  0.77  -0.599 -0.48  -0.29
 -0.16   0.577  0.791  0.31  -0.835  0.27  -0.27  -0.287 -1.439  0.02
 -0.66  -0.32   0.139 -0.533 -0.92   0.6    0.649  0.7   -0.17  -0.06
 -0.65   0.289  0.12   0.59  -0.103  0.3    0.04   0.2   -0.58   0.77
  0.382 -0.18   0.46  -0.44  -0.32   0.51   0.86   0.9    0.52  -0.58
  0.23   0.71  -0.05   0.48   0.65   0.95  -0.36   0.87   0.26  -0.75 ][ 0.003 -1.079  1.787  0.73  -0.529  0.97  -0.449  0.33  -0.96   1.05
 -0.04   0.55   0.25  -1.219  0.659  0.225 -0.788 -0.828  1.385 -0.86
  0.7    0.58  -0.78   0.31   0.87  -0.16  -0.09  -0.243 -0.451 -0.46
  0.73   0.94  -0.65   0.12   0.86   0.126  0.77  -0.599 -0.899 -0.29
 -0.16   0.577  0.791  0.31  -0.835  0.27  -0.27  -0.287 -1.439  0.02
 -0.66  -0.32   0.139 -0.533 -0.92   0.6    0.42   0.7   -0.17  -0.06
 -0.65   0.68   0.12   0.59  -0.08   1.003  0.04   0.2   -0.58   0.77
  0.08  -0.18   0.46  -0.44  -0.32   0.51   0.86   0.831  0.52  -0.58
  0.23   0.71  -0.05   0.48   0.65   0.95  -0.36   0.87   0.26  -0.75 ][ 0.003 -1.079  1.787  0.73  -0.566  0.97  -0.449  0.33  -0.96   1.05
 -0.04   0.55   0.25  -1.219  1.054  0.225 -0.788 -0.828  1.385 -0.86
  0.476  1.291  0.085  0.31   0.87  -0.16  -0.09  -0.243 -0.85  -0.46
  0.73   0.94  -0.65   0.12   0.86   0.126  0.77  -0.599 -0.48  -0.29
 -0.16   0.577  0.791  0.31  -0.835  0.27  -0.27  -0.287 -1.439  0.02
 -0.66  -0.847  0.139 -0.533 -0.92   0.6    0.42   0.7   -0.17  -0.06
 -0.65   0.289  0.12   0.59  -0.08   0.3    0.04   0.2   -0.664  0.77
  0.08  -0.18   0.46  -0.44  -0.32   0.51   0.86   0.9    0.52  -0.58
  0.23   0.71  -0.05   0.48   0.65   0.95  -0.36   0.87   0.26  -0.75 ][ 0.003 -1.079  1.787  0.339 -0.529  0.97  -0.449  0.33  -0.96   1.05
 -0.04   0.55   0.25  -1.935  1.054 -0.054 -0.53  -0.828  1.385 -0.86
  0.7    1.291 -0.147  0.31   0.87  -0.16  -0.09   0.317 -0.85  -0.46
  0.73   0.94  -0.65   0.12   0.86   0.126  0.77  -0.599 -0.48  -0.29
 -0.16   0.577  0.791  0.839 -0.835  0.27  -0.27  -0.287 -1.439  0.02
 -0.66  -0.32   0.139 -0.533 -0.92   0.6    0.42   0.7   -0.136 -0.06
 -0.65   0.289  0.12  -0.185 -0.08   0.3    0.04   0.2   -0.664  0.77
  0.08  -0.18   0.46  -0.44  -0.32   0.51   0.86   0.9    0.52  -0.58
  0.23   0.71  -0.05   0.48   0.65   0.95  -0.36   0.87   0.26  -0.75 ][ 0.003 -0.457  1.787  0.73  -0.529  0.97   0.08   0.33  -0.96   1.05
 -0.04   0.55   0.25  -1.219  0.659  0.225 -0.53  -0.828  1.385 -0.86
  0.7    1.291 -0.78   0.31   0.87  -0.276 -0.992  0.317 -0.451 -0.46
  0.73   0.94  -0.65   0.12   0.86   0.126  0.77  -0.599 -0.48  -0.29
 -0.16   0.577  0.791  0.31  -0.835  0.27  -0.27  -0.287 -1.439  0.02
 -0.66  -0.32   0.139 -0.533 -0.92   0.6    0.42   0.7   -0.17  -0.06
 -0.65   0.289  0.12   0.59  -0.08   0.3    0.04   0.2   -0.664  0.77
  0.08  -0.18   0.46  -0.44  -0.32   0.51   0.86   0.831  0.52  -0.58
  0.23   0.71  -0.05   0.48   0.65   0.95  -0.36   0.87   0.26  -0.75 ][ 0.003 -1.098  1.787  0.73  -0.529  0.97   0.08   0.33  -0.96   1.05
 -0.04   0.55   0.25  -0.51   0.659  0.225 -0.53  -0.828  1.385 -0.86
  0.476  1.291 -0.078  0.31   0.87  -0.16  -0.992 -0.243 -0.85  -0.46
  0.73   0.94  -0.65  -0.225  0.86   0.126  0.77  -0.599 -0.48  -0.29
 -0.16   0.577  0.791  0.31  -0.835  0.27  -0.27  -0.287 -1.439  0.02
 -0.66  -0.32   0.139 -0.533 -0.92   0.6    0.42   0.7   -0.17  -0.06
 -0.65   0.68   0.12   0.59  -0.08   0.3    0.04   0.2   -0.664  0.77
  0.08  -0.18   0.46  -0.44  -0.32   0.51   0.86   0.9    0.52  -0.58
  0.23   0.71  -0.05   0.48   0.65   0.95  -0.36   0.87  -0.525 -0.75 ][-0.986 -1.098  1.787  0.73  -0.57   0.97   0.08   0.33  -0.96   1.05
 -0.04   0.55   0.25  -0.51   0.659 -0.054 -0.53  -0.828  1.385 -0.86
  0.476  1.291  0.16   0.31   0.87  -0.276 -0.992 -0.243 -0.85  -0.46
  0.73   0.94  -0.65   0.12   0.86  -0.182  0.77  -0.599 -0.48  -0.29
 -0.16   0.577  0.423  0.31  -0.835  0.27  -0.27  -0.287 -1.439 -0.168
 -0.66  -0.32   0.139 -0.533 -0.92   0.6    0.42   0.7   -0.17  -0.06
 -0.65   0.289  0.12   0.59  -0.08   0.3    0.04   0.2   -0.58   0.77
  0.08  -0.18   0.46  -0.44  -0.32   0.51   0.86   0.9    0.52  -0.58
  0.23   0.677 -0.05   0.48   0.65   0.95  -0.36   0.87   0.26  -0.75 ][-0.81  -1.079  1.787  0.73  -0.529  0.97   0.08  -0.598 -0.96   1.05
 -0.04   1.342  0.25  -1.935  0.659  0.225 -0.53  -0.828  1.385 -0.86
  0.7    1.291  0.085  0.31   0.87   0.529 -0.09   0.317 -0.85  -0.46
  0.73   0.94  -0.65   0.12   0.86   0.126  0.77  -0.599 -0.48  -0.29
 -0.16   0.577  0.791 -0.024 -0.835  0.27  -0.27  -0.287 -1.439  0.02
 -0.66  -0.32   0.139 -0.533 -0.92   0.6    0.42   0.7   -0.17  -0.06
 -0.65   0.289  0.12   0.59  -0.08   0.3    0.04   0.2   -0.103  0.77
  0.08  -0.18   0.46  -0.44  -0.32   0.51   0.86   0.9    0.52  -0.58
  0.23   0.71  -0.05   0.48   0.65   0.95  -0.36   0.85   0.26  -0.75 ][ 0.003 -1.079  1.787  0.73  -0.566  0.97  -0.449  0.33  -0.96   1.05
 -0.04   0.55   0.25  -2.52   1.054  0.225 -0.53  -0.995  1.385 -0.86
  0.476  1.291 -0.147  0.31   0.87  -0.16  -0.09  -0.65  -0.85  -0.46
  0.73   0.94  -0.65   0.12   0.86   0.126  0.77  -0.599 -0.48  -0.29
 -0.16   0.577  0.791  0.839 -0.835  0.27  -1.217 -0.287 -1.439  0.02
 -0.66  -0.32   0.139 -0.9   -0.92   0.6    0.42   0.632 -0.136 -0.06
 -0.65   0.68   0.12  -0.185 -0.08   0.3    0.04   0.2   -0.664  0.77
  0.08  -0.18   0.46  -0.44  -0.32   0.51   0.86   1.193  0.52  -0.58
  0.23   0.71  -0.05   0.48   0.65   0.95  -0.36   0.87   0.26  -0.441][ 0.003 -1.098  1.787  0.73  -0.57   0.97  -0.449  0.588 -0.96   1.05
 -0.04   0.55   0.25  -1.219  0.659  0.225 -0.53  -0.828  1.385 -0.86
  0.7    1.291 -0.78   0.31   0.87  -0.276 -0.09  -0.243  0.015 -0.46
  0.73   0.94  -0.65   0.12   0.86   0.126  0.77  -0.599 -0.48  -0.29
  0.068  0.577  0.791  0.31  -0.835  0.27  -0.27  -0.287 -1.439 -0.168
 -0.66  -0.32   0.139 -0.533 -0.92   0.6    0.42   0.7   -0.17  -0.06
 -0.65   0.289  0.12   0.59  -0.103  0.3    0.04   0.2   -0.58   0.77
  0.08  -0.18   0.46  -0.44  -0.32   0.51   0.86   0.831  0.52  -0.58
  0.23   0.71  -0.05   0.48   0.65   0.95  -0.36   0.87   0.26  -0.75 ][-0.967 -1.098  1.787  0.73  -0.529  0.97   0.08   0.33  -0.96   1.05
 -0.04   0.55   0.25  -1.935  0.659  0.225 -0.53  -0.828  1.385 -0.86
  0.7    1.077  0.085  0.31   0.87  -0.276 -0.09   0.317 -0.85  -0.46
  0.73   0.94  -0.65   0.12   0.86   0.126  0.77  -0.599 -0.48  -0.29
 -0.16   0.577  0.791  0.31  -0.835  0.27  -0.27  -0.287 -1.439  0.02
 -0.66  -0.32   0.139 -0.533 -0.92   0.6    0.42   0.7   -0.17  -0.06
 -0.65   0.289  0.12   0.59  -0.08   0.3    0.04   0.2   -0.58   0.77
  0.08  -0.18   0.46  -0.44  -0.32   0.51   0.86   0.9    0.52  -0.58
  0.23   0.71  -0.05   0.48   0.65   0.95  -0.36   0.85   0.26  -0.75 ][ 0.003 -1.098  1.787  0.73  -0.57   0.97  -0.449  0.33  -0.96   1.05
 -0.04   0.55   0.25  -0.444  1.054  0.225 -0.53  -0.995  1.385 -0.86
  0.7    1.291  0.085  0.31   0.87  -0.16  -0.09   0.317 -0.85  -0.46
  0.73   0.94  -0.671  0.12   0.86   0.126  0.77  -0.599 -0.48  -0.29
 -0.16   0.577  0.791  0.31  -0.835  0.27  -0.27  -0.287 -1.439  0.02
 -0.66  -0.32   0.139 -0.533 -0.92   0.6    0.42   0.7   -0.17  -0.06
 -0.65   0.68   0.12   0.59  -0.103  0.3    0.04   0.2   -0.58   0.77
  0.08  -0.18   0.46  -0.44  -0.32   0.51   0.86   0.831  0.52  -0.58
  0.23   0.71  -0.05   0.48   0.65   0.95  -0.36   0.87   0.26  -0.75 ][ 0.003 -1.098  1.787  0.73  -0.566  0.97  -0.449  0.33  -0.96   1.05
 -0.04   0.55   0.25  -1.219  1.054  0.225 -0.53  -0.828  1.385 -0.86
  0.476  1.291 -0.78   0.31   0.87  -0.16  -0.992 -0.65  -0.451 -0.46
 -0.085  0.94  -0.65   0.12   0.86   0.126  0.77  -0.599 -0.48  -0.29
 -0.16   0.577  0.791  0.31  -0.835  0.27  -0.27  -0.287 -1.439  0.02
 -0.66  -0.32   0.139 -0.533 -0.92   0.6    0.42   0.7   -0.17  -0.734
 -0.65   0.68   0.12   0.59  -0.08   0.3    0.04   0.2   -0.58   0.77
  0.08  -0.18   0.46  -0.44  -0.32   0.51   0.86   0.831  0.52  -0.58
  0.23   0.71  -0.05   0.48   0.65   0.95  -0.36   0.87   0.26  -0.441][ 0.003 -1.079  1.787  0.73  -0.57   0.97  -0.449  0.588 -0.96   1.05
 -0.04   0.55   0.25  -1.219  0.659  0.225 -0.53  -0.828  1.385 -0.86
  0.7    0.58  -0.78   0.31   0.87  -0.276 -0.09   0.317 -0.85  -0.46
  0.73   0.94  -0.671  0.12   0.86   0.126  0.77  -0.599 -0.48  -0.29
 -0.16   0.577  0.791  0.31  -0.835  0.27  -0.27  -0.287 -1.165  0.02
 -0.66  -0.32   0.139 -0.533 -0.92   0.6    0.42   0.7   -0.17  -0.06
 -0.65   0.68   0.12   0.59  -0.08   0.3    0.04   0.2   -0.58   0.77
  0.08  -0.18   0.46  -0.44  -0.32   0.51   0.86   0.831  0.52  -0.58
  0.23   0.71  -0.05   0.48   0.65   0.95  -0.36   0.87   0.26  -0.75 ][ 0.003 -1.098  1.787  0.73  -0.529  0.97   0.08   0.33  -0.96   1.05
 -0.04   0.55   0.25  -0.51   0.659  0.225 -0.53  -0.828  1.385 -1.694
  0.476  1.077  0.16   0.31   0.87  -0.16  -0.992  0.317 -0.85  -0.46
  0.73   0.94  -0.65  -0.225  0.86   0.126  0.77  -0.599 -0.48  -0.29
 -0.16   0.577  0.791  0.31  -0.835  0.27  -0.27  -0.287 -1.439 -0.168
 -0.66  -0.32   0.139 -0.533 -0.92   0.6    0.42   0.7   -0.17  -0.06
 -0.65   0.289  0.12   0.59  -0.103  0.3    0.04   0.2   -0.58   0.77
  0.382 -0.18   0.46  -0.44  -0.32   0.51   0.86   0.9    0.52  -0.58
  0.23   0.71  -0.05   0.48   0.65   0.95  -0.36   0.87   0.26  -0.75 ][-0.431 -1.098  1.787  0.73  -0.57   0.97   0.08   0.33  -0.96   1.05
 -0.04   0.55   0.25  -1.219  0.659  0.225 -0.53  -0.828  1.385 -0.86
  0.476  1.291 -0.78  -0.012  0.87  -0.276 -0.09   0.317 -0.85  -0.46
  0.73   0.94  -0.65   0.12   0.86   0.126  0.77  -0.599 -0.48  -0.29
 -0.16   0.577  0.791  0.31  -0.835  0.27  -0.27  -0.287 -1.439  0.02
 -0.66  -0.32   0.139 -0.533 -1.363  0.6    0.42   0.7   -0.17  -0.06
 -0.65   0.289  0.12   0.59  -0.103  0.3    0.04   0.2   -0.58   0.77
  0.382 -0.18   0.46  -0.44  -0.32   0.51   0.86   0.9    0.52  -0.58
  0.23   0.71  -0.05   0.48   0.65   0.95  -0.36   0.87   0.26  -0.75 ][ 0.003 -1.079  1.787  0.73  -0.57   0.97   0.08   0.33  -0.96   1.05
 -0.04   0.55   0.25  -0.51   0.659  0.225 -0.53  -0.828  1.385 -0.86
  0.7    1.744 -0.78   0.31   0.87  -0.16  -0.992  0.317 -0.85  -0.46
  0.73   0.94  -0.65   0.12   0.86   0.126  0.77  -0.599 -0.48  -0.29
 -0.16   0.577  0.791  0.31  -0.835  0.27  -0.27  -0.287 -1.439  0.02
 -0.66  -0.32   0.139 -0.533 -0.92   0.6    0.42   0.7   -0.17  -0.06
 -0.65   0.289  0.12   0.59  -0.08   0.3    0.04   0.2   -0.664  0.77
  0.08  -0.18   0.46  -0.44  -0.32   0.51   0.86   0.9    0.52  -0.58
  0.23   0.71  -0.05   0.48   0.65   0.95  -0.36   0.87   0.26  -0.75 ][-0.81  -1.079  1.787  0.73  -0.529  0.97  -0.449  0.33  -0.96   1.05
 -0.04   0.55   0.25  -1.935  0.659  0.225 -0.53  -0.828  1.385 -0.86
  0.7    1.291  0.085  0.31   0.87  -0.276 -0.09   0.317 -0.85  -0.46
  0.73   0.94  -0.65   0.12   0.86   0.126  0.77  -0.599 -0.48  -0.29
 -0.16   0.577  0.791  0.839 -0.835  0.27  -0.27  -0.287 -1.439  0.02
 -0.66  -0.32   0.139 -0.533 -0.92   0.6    0.42   0.7   -0.136 -0.06
 -0.65   0.289  0.12   0.59  -0.08   0.3    0.04   0.2   -0.664  0.77
  0.08  -0.18   0.46  -0.44  -0.32   0.51   0.86   0.9    0.52  -0.58
  0.23   0.71  -0.05   0.48   0.65   0.95  -0.36   0.87   0.26  -0.204][ 0.003 -1.079  1.787  0.73  -0.57   0.97   0.08   0.33  -0.96   1.05
 -0.04   0.55   0.25  -0.51   0.659 -0.054 -0.53   0.013  1.385 -0.86
  0.476  1.077 -0.78  -0.012  0.87  -0.16  -0.992  0.317 -0.85  -0.46
  0.73   0.94  -0.65   0.12   0.86   0.126  0.77  -0.599 -0.48  -0.29
 -0.16   0.577  0.791  0.31  -0.835  0.27  -0.27  -0.287 -1.439  0.02
 -0.66  -0.32   0.139 -0.533 -0.92   0.6    0.649  0.7   -0.17  -0.06
 -0.65   0.289  0.12   0.59  -0.103  0.3    0.04   0.2   -0.664  0.77
  0.08  -0.18   0.46  -0.44  -0.32   0.51   0.86   0.9    0.52  -0.58
  0.23   0.71  -0.05   0.48   0.65   0.95  -0.36   0.87   0.26  -0.75 ][ 0.003 -1.098  1.787  0.73  -0.566  0.97   0.08   0.33  -0.96   1.05
 -0.04   0.55   0.25  -1.219  1.054  0.225 -0.53  -0.995  1.385 -0.86
  0.476  1.291  0.16   0.31   0.87  -0.16  -0.992 -0.65  -0.85  -0.46
  0.73   0.94  -0.65   0.12   1.498  0.126  0.77  -0.599 -0.48  -0.29
 -0.16   0.577  0.791  0.31  -0.835  0.27  -0.27  -0.287 -1.439  0.02
 -0.66  -0.32   0.139 -0.533 -0.92   0.6    0.649  0.7   -0.17  -0.06
 -0.65   0.289  1.009  0.393 -0.08   0.3    0.04   0.2   -0.58   0.77
  0.382 -0.18   0.46  -0.44  -0.32   0.51   0.86   0.9    0.52  -0.58
  0.23   0.71  -0.05   0.48   0.65   0.95  -0.36   0.87   0.26  -0.441][ 0.003 -1.079  1.787  0.73  -0.57   0.97  -0.319  0.33  -0.96   1.05
 -0.04   0.55   0.25  -1.219  0.659  0.225 -0.788 -0.828  1.385 -0.86
  0.7    0.58  -0.78   0.31   0.87  -0.16  -0.09  -0.243 -0.85  -0.46
  0.73   0.94  -0.65   0.12   0.86   0.126  0.77  -0.599 -0.48  -0.29
 -0.16   0.577  0.791  0.31  -0.835  0.27  -0.27  -0.287 -1.439  0.02
 -0.66  -0.32   0.139 -0.533 -0.92   0.6    0.42   0.7   -0.17  -0.06
 -0.65   0.68   0.12  -0.407 -0.08   1.003  0.04   0.2   -0.58   0.77
  0.08  -0.18   0.46  -0.44  -0.32   0.51   0.86   0.831  0.52  -0.58
  0.23   0.71  -0.027  0.48   0.65   0.95  -0.36   0.87   0.26  -0.75 ][ 0.003 -1.098  1.787  0.73  -1.045  0.97  -0.319  0.33  -0.96   1.05
 -0.04   0.55  -0.376 -1.219  1.054 -0.054 -0.53  -0.995  1.385 -0.86
  0.7    1.291  0.16   0.31   0.87  -0.16  -0.992  0.317 -0.85  -0.46
  0.73   0.94  -0.65   0.12   0.86   0.126  0.77  -0.599 -0.48  -0.29
 -0.16   0.577  0.791  0.31  -0.835  0.27  -1.217 -0.287 -1.439  0.02
 -0.66  -0.32   0.139 -0.533 -0.92   0.707  0.42   0.7   -0.17  -0.06
 -0.65   0.68   0.12   0.393 -0.08   0.3    0.04   0.2   -0.244  0.77
  0.08   0.339  0.46  -0.44  -0.32   0.51   0.86   0.831  0.52  -0.58
  0.23   0.71  -0.05   0.48   0.65   0.95  -0.36   0.87   0.26  -0.75 ][ 0.003 -1.079  1.787  0.73  -0.566  0.97  -0.449  0.33  -0.96   1.05
 -0.04   0.354  0.25  -2.52   1.054  0.225 -0.53  -0.828  1.385 -0.86
  0.7    1.291  0.085  0.31   0.87  -0.16  -0.992  0.317 -0.85  -0.46
 -0.085  0.94  -0.65   0.12   1.498  0.126  0.77  -0.599 -0.48  -0.29
 -0.16   0.577  0.791  0.31  -0.835  0.27  -0.27  -0.287 -1.439  0.02
 -0.66  -0.32   0.139 -0.533 -0.92   0.6    0.42   0.7   -0.17  -0.06
 -0.65   0.68   0.12   0.393 -0.08   0.3    0.04   0.2   -0.664  0.77
  0.08  -0.18   0.46  -0.44  -0.32  -0.295  0.86   0.9    0.52  -0.58
  0.23   0.71  -0.05   0.48   0.65   0.95  -0.36   0.87   0.26  -0.75 ][ 0.003 -1.098  1.787  0.73  -0.566  0.97  -0.319  0.33  -0.96   1.05
 -0.04   0.55   0.25  -1.219  1.054  0.225 -0.788 -0.995  1.385 -0.86
  0.7    1.291 -0.078  0.31   0.87  -0.16  -0.09   0.317 -0.85  -0.46
  0.73   0.94  -0.65   0.12   1.498  0.126  0.77  -0.599 -0.48  -0.29
 -0.16   0.577  0.791  0.31  -0.835  0.27  -1.217 -1.076 -1.439  0.02
 -0.66  -0.32   0.139 -0.533 -0.92   0.6    0.42   0.7   -0.17  -0.06
 -0.65   0.68   0.12   0.59  -0.08   0.3    0.04   0.2   -0.58   0.77
  0.08   0.339  0.46  -0.44  -0.32  -0.245  0.86   0.9    0.52  -0.58
  0.23   0.71  -0.05   0.48   0.65   0.95  -0.36   0.87   0.26  -0.441][ 0.003 -0.834  1.787  0.73  -0.529  0.97  -0.449  0.33  -0.96   1.05
 -0.04   0.55   0.25  -1.219  0.659  0.225 -0.788 -0.828  1.385 -0.86
  0.7    0.58   0.085  0.31   0.87  -0.16  -0.992 -0.243 -0.85  -0.46
  0.73   0.94  -0.65   0.12   0.86   0.126  0.77  -0.599 -0.48  -0.29
 -0.16   0.577  0.325  0.31  -0.835  0.27  -0.27  -0.287 -1.75   0.02
 -0.66  -0.32   0.139 -0.533 -0.92   0.6    0.42   0.7   -0.17  -0.06
 -0.65   0.68   0.12   0.59  -0.08   0.3    0.04   0.2   -0.664  0.77
  0.08  -0.18   0.46  -0.44  -0.32   0.471  0.86   0.9    0.52  -0.58
  0.23   0.71  -0.05   0.48   0.65   0.95  -0.36   0.87   0.26  -0.75 ][ 0.003 -1.098  1.787  0.73  -0.566  0.97  -0.449  0.588 -0.96   1.05
 -0.04   0.55   0.25  -0.51   1.054  0.225 -0.53  -0.828  1.385 -0.86
  0.476  1.291  0.16   0.31   0.87  -0.276 -0.09  -0.65  -0.85  -0.46
 -0.085  0.94  -0.65   0.12   0.86   0.126  0.77  -0.599 -0.48  -0.29
  0.068  0.577  0.791  0.31  -0.835  0.27  -1.217 -0.287 -0.82   0.02
 -0.66  -0.32   0.139 -0.533 -0.92   0.466  0.42   0.7   -0.17  -0.06
 -0.65   0.289  0.12   0.393 -0.103  0.3    0.04   0.2   -0.58   0.77
  0.08  -0.18   0.46  -0.44  -0.32   0.51   0.86   0.9    0.52  -0.58
  0.23   0.71  -0.05   0.48   0.65   0.95  -0.36   0.87   0.26  -0.441][ 0.003 -1.098  1.787  0.73  -0.57   0.97  -0.449  0.588 -0.96   1.05
 -0.04   0.55   0.25  -1.219  0.659  0.225 -0.53  -0.828  1.385 -0.86
  0.7    0.58   0.16   0.31   0.87  -0.276 -0.09  -0.65  -0.451 -0.46
  0.73   0.94  -0.65   0.12   1.125  0.126  0.77  -0.599 -0.48  -0.29
 -0.16   0.577  0.791  0.31  -0.835  0.27  -0.27  -0.287 -1.439 -0.168
 -0.66  -0.32   0.139 -0.533 -0.92   0.466  0.42   0.7   -0.17  -0.06
 -0.65   0.289  0.12   0.59  -0.08   0.3    0.04   0.2   -0.58   0.77
  0.08  -0.18   0.46  -0.44  -0.32   0.51   0.86   0.9    0.52  -0.58
  0.23   0.71  -0.05   0.48   0.65   0.95  -0.36   0.87   0.26  -0.75 ][ 0.003 -1.079  0.795  0.73  -0.529  0.97  -0.449  0.33  -0.96   1.05
 -0.04   0.55   0.25  -1.219  0.659  0.225 -0.53  -0.828  1.385 -0.86
  0.7    1.291 -0.78   0.31   0.87  -0.16  -0.09  -0.243 -0.85  -0.46
  0.73   0.94  -0.65   0.12   0.86   0.126  0.77  -0.599 -0.48  -0.29
 -0.16   0.577  0.791  0.31  -0.835  0.27  -0.27  -0.287 -1.75   0.02
 -0.66  -0.32   0.139 -0.533 -1.363  0.6    0.42   0.7   -0.17  -0.06
 -0.65   0.289  0.12   0.59  -0.08   0.3    0.04   0.2   -0.58   0.77
  0.08  -0.18   0.46  -0.44  -0.32   0.471  0.86   0.831  0.52  -0.58
  0.23   0.71  -0.027  0.48   0.65   0.95  -0.36   0.87   0.26  -0.75 ][ 0.003 -1.098  1.787  0.73  -0.529  0.97  -0.449  0.588 -0.96   1.05
 -0.04   0.55   0.25  -0.51   0.659 -0.054 -0.788 -0.828  1.385 -0.86
  0.7    0.58   0.085  0.31   0.87  -0.276 -0.09  -0.243 -0.98  -0.46
  0.73   0.94  -0.65   0.12   0.86   0.126  0.77  -0.599 -0.48  -0.207
 -0.16   0.577  0.791  0.31  -0.835  0.27  -0.27  -0.287 -1.439  0.02
 -0.66  -0.32   0.139 -0.533 -0.92   0.6    0.42   0.7   -0.17  -0.06
 -0.65   0.289  0.12   0.59  -0.08   0.3    0.04   0.2   -0.58   0.77
  0.08  -0.18   0.46  -0.44  -0.32   0.471  0.86   0.9    0.52  -0.58
  0.23   0.71  -0.027  0.48   0.65   0.95  -0.36   0.87   0.26  -0.75 ][-0.986 -1.079  1.787  0.73  -0.529  0.97  -0.449  0.33  -0.96   1.05
 -0.04   0.354  0.25  -0.68   0.659  0.225 -0.53  -0.828  1.385 -0.86
  0.7    1.291  0.085  0.31   0.87  -0.16  -0.992 -0.243 -0.85  -0.46
  0.73   0.94  -0.65   0.12   0.86   0.126  0.77  -0.599 -0.48  -0.29
 -0.16   0.577  0.423  0.31  -0.835  0.27  -0.27  -0.287 -1.439  0.02
 -0.66  -0.32   0.139 -0.533 -0.92   0.6    0.42   0.7   -0.17  -0.06
 -0.65   0.289 -0.814  0.59  -0.08   0.3    0.04   0.2   -0.664  0.77
  0.08  -0.18   0.46  -0.44  -0.32   0.51   0.86   0.831  0.52  -0.58
  0.23   0.71  -0.05   0.48   0.65   0.95  -0.36   0.87   0.26  -0.75 ][-0.986 -1.079  1.787  0.73  -0.529  0.97   0.08   0.33  -0.96   1.05
 -0.04   0.55   0.25  -0.51   0.659 -0.054 -0.788 -0.828  1.385 -0.86
  0.476  1.291  0.085  0.31   0.87  -0.16  -0.09  -0.243 -0.85  -0.46
  0.73   0.94  -0.65   0.12   0.86   0.126  0.77  -0.599 -0.48  -0.29
 -0.16   0.577  0.791  0.31  -0.835  0.27  -0.27  -0.287 -1.439  0.02
 -0.66  -0.32   0.139 -0.533 -0.92   0.6    0.42   0.7   -0.17  -0.06
 -0.65   0.68   0.12   0.59  -0.08   0.3    0.04   0.2   -0.664  0.77
  0.08  -0.18   0.46  -0.44  -0.32   0.51   0.86   0.9    0.52  -0.58
  0.23   0.71  -0.05   0.48   0.65   0.16  -0.36   0.87   0.26  -0.75 ][ 0.003 -1.098  1.787  0.73  -0.566  0.97   0.08   0.33  -0.96   1.05
 -0.04   0.55  -0.376 -1.935  1.054 -0.054 -0.53  -0.828  1.385 -0.86
  0.476  1.291  0.085  0.31   0.87  -0.16  -0.992  0.317 -0.85  -0.46
  0.73   0.94  -0.65   0.12   0.86   0.126  0.77  -0.599 -0.48  -0.29
 -0.16   0.577  0.423  0.31  -0.835  0.27  -0.27  -0.287 -1.439  0.02
 -0.66  -0.32   0.139 -0.533 -0.92   0.6    0.42   0.7   -0.17  -0.06
 -0.65   0.415  0.12   0.59  -0.08   0.3    0.04   0.2   -0.664  0.77
  0.08  -0.18   0.46  -0.44  -0.32   0.51   0.86   0.831  0.52  -0.58
  0.23   0.71  -0.05   0.48   0.65   0.95  -0.36   0.87   0.26  -0.75 ][ 0.003 -1.098  1.787  0.73  -0.57   0.97  -0.449  0.33  -0.96   1.05
 -0.04   0.55   0.25  -1.219  0.659  0.225 -0.53  -0.828  1.385 -0.86
  0.7    1.291  0.16   0.31   0.87  -0.276 -0.09  -0.65  -0.85  -0.46
  0.73   0.94  -0.65   0.12   1.498 -0.104  0.77  -0.599 -0.48  -0.29
 -0.16   0.577  0.791  0.31  -0.835  0.27  -1.217 -0.287 -1.439  0.02
 -0.66  -0.32   0.139 -0.533 -0.92   0.6    0.42   0.7   -0.17  -0.06
 -0.65   0.68   0.12   0.393 -0.08   0.3    0.04   0.2   -0.58   0.77
  0.08  -0.18   0.46  -0.44  -0.32   0.51   0.86   0.9    0.52  -0.58
  0.23   0.71  -0.05   0.48   0.65   0.95  -0.36   0.87   0.26  -0.441][ 0.003 -1.098  1.787  0.73  -0.57   0.97   0.08   0.33  -0.96   1.05
 -0.04   0.55   0.25  -0.51   0.659 -0.202 -0.53  -0.828  1.385 -0.86
  0.476  1.077  0.16   0.31   0.87  -0.16  -0.09  -0.65  -0.98   0.14
  0.73   0.94  -0.65   0.12   0.86   0.126  0.77  -0.599 -0.48  -0.29
  0.068  0.577  0.791  0.31  -0.835  0.27  -0.27  -0.287 -1.439  0.02
 -0.66  -0.32   0.139 -0.533 -0.92   0.6    0.649  0.7   -0.17  -0.06
 -0.65   0.68   0.12   0.59  -0.08   0.3    0.04   0.2   -0.58   0.77
  0.08  -0.18   0.46  -0.44  -0.32   0.51   0.86   0.9    0.52  -0.58
  0.23   0.71  -0.05   0.48   0.65   0.95  -0.36   0.87   0.26  -0.75 ][ 0.003 -1.098  1.787  0.73  -0.566  0.97   0.08   0.33  -0.96   1.05
 -0.04   0.55   0.25  -2.52   1.054  0.225 -0.53  -0.995  1.385 -0.86
  0.476  1.077  0.16   0.31   0.87  -0.16  -0.992 -0.65  -0.85  -0.46
 -0.085  0.94  -0.65   0.12   1.498  0.126  0.77  -0.599 -0.48  -0.29
 -0.16   0.577  0.791  0.31  -0.835  0.27  -1.217 -0.287 -1.439  0.02
 -0.66  -0.32   0.139 -0.533 -0.92   0.273  0.42   0.7   -0.17  -0.06
 -0.65   0.289  0.12   0.59  -0.08   0.3    0.04   0.2   -0.664  0.77
  0.08  -0.18   0.46  -0.44  -0.32   0.51   0.86   0.9    0.52  -0.58
  0.23   0.71  -0.05   0.48   0.65   0.95  -0.36   0.87   0.26  -0.441][-0.323 -1.098  1.787  0.73  -0.529  0.97  -0.449  0.33  -0.96   1.05
 -0.04   0.55   0.25  -1.219  0.659  0.225 -0.53  -0.828  1.385 -0.86
  0.7    1.291 -0.078  0.31   0.87  -0.16  -0.09   0.317 -0.85  -0.46
  0.73   0.94  -0.65   0.12   0.86   0.126  0.77  -0.599 -0.48  -0.29
 -0.16   0.577  0.423  0.31  -0.835  0.27  -0.27  -0.287 -1.439  0.02
 -0.66  -0.32   0.139 -0.533 -0.92   0.6    0.42   0.7   -0.17  -0.06
 -0.65   0.68   0.12   0.59  -0.08   1.003  0.04   0.2   -0.664  0.77
  0.08  -0.18   0.46  -0.44  -0.32   0.51   0.86   0.831  0.52  -0.58
  0.23   0.71  -0.05   0.48   0.65   0.95  -0.36   0.87   0.26  -0.081][ 0.003 -1.098  1.787  0.73  -0.57   0.562 -0.449  0.588 -0.96   1.05
 -0.04   0.55   0.25  -1.219  0.659  0.225 -0.53  -0.828  1.385 -0.86
  0.476  1.077  0.16   0.31   0.87  -0.276 -0.09  -0.243 -0.85  -0.46
  0.73   0.94  -0.65   0.12   0.86   0.126  0.77  -0.599 -0.48  -0.29
  0.068  0.577  0.791  0.31  -0.835  0.27  -0.27  -0.287 -1.439  0.02
 -0.66  -0.32   0.139 -0.533 -1.363  0.6    0.649  0.7   -0.17  -0.06
 -0.65   0.289  0.12   0.59  -0.103  0.3    0.04   0.2   -0.58   0.77
  0.08  -0.18   0.46  -0.44  -0.32   0.51   0.86   0.831  0.52  -0.58
  0.23   0.71  -0.05   0.48   0.65   0.95  -0.36   0.87   0.26  -0.75 ][ 0.003 -1.098  1.787  0.73  -0.566  0.97  -0.449  0.33  -0.96   1.05
 -0.04   0.55   0.25  -1.219  1.054  0.225 -0.53  -0.828  1.385 -0.86
  0.7    1.291  0.16   0.31   0.87  -0.16  -0.992 -0.65  -0.85  -0.46
 -0.085  0.94  -0.65   0.12   0.86   0.126  0.77  -0.599 -0.48  -0.29
 -0.16   0.577  0.791  0.839 -0.835  0.27  -1.217 -0.287 -1.75   0.02
 -0.66  -0.32   0.139 -0.9   -0.92   0.6    0.42   0.632 -0.17  -0.06
 -0.65   0.68   0.12   0.393 -0.08   0.3    0.04   0.2   -0.664  0.77
 -0.444 -0.18   0.46  -0.44  -0.32   0.51   0.86   0.9    0.52  -0.58
  0.23   0.71  -0.05   0.48   0.65   0.95  -0.36   0.87   0.26  -0.441][ 0.003 -1.079  1.787  0.73   0.161  0.97  -0.319  0.33  -0.96   1.05
 -0.04   0.55   0.25  -0.51   0.659 -0.054 -0.53  -0.828  1.385 -0.86
  0.476  0.58   0.085 -0.012  0.87  -0.16  -0.09  -0.243 -0.85  -0.46
  0.73   0.94  -0.65  -0.225  0.86   0.126  0.77  -0.599 -0.48  -0.29
 -0.16   0.577  0.791  0.31  -0.835  0.27  -0.27  -0.287 -1.75   0.02
 -0.66  -0.32   0.139 -0.533 -0.92   0.6    0.42   0.7   -0.17  -0.06
 -0.65   0.289  0.12   0.59  -0.103  0.3    0.04   0.2   -0.58   0.77
  0.08  -0.18   0.46  -0.44  -0.32   0.471  0.86   0.9    0.52  -0.58
  0.23   0.71  -0.027  0.48   0.65   0.95  -0.36   0.87   0.26  -0.75 ]