[-0.81  -1.098  0.86   0.73  -0.57   0.97   0.08   0.33  -0.96   0.78
 -0.04   0.55   0.25  -0.68   0.55   0.78  -0.53  -0.828  0.87  -0.86
  0.7    0.58   0.16   0.31   0.87  -0.276 -0.09  -0.65  -0.85  -0.46
  0.73   0.94  -0.65   0.12   0.86   0.521  0.77  -0.599 -0.48  -0.29
 -0.16   0.577  0.59   0.31  -0.6    0.27  -0.27   0.46  -0.93   0.02
 -0.66  -0.32   0.24  -0.04  -0.92   0.6    0.42   0.7   -0.17  -0.06
 -0.65   0.68   0.12   0.59  -0.103  0.3    0.04   0.2   -0.58   0.77
  0.08  -0.18   0.46  -0.44  -0.32   0.51   0.86   0.9    0.52  -0.7
  0.23   0.71  -0.05   0.48   0.65   0.95  -0.36   0.87   0.26  -0.75 ][-0.81  -1.098  0.86   0.73  -0.57   0.97   0.08   0.33  -0.96   0.78
 -0.04   0.55   0.25  -1.219  0.55   0.225 -0.53  -0.828  0.87  -0.86
  0.7   -0.21   0.16   0.31   0.87  -0.16  -0.09  -1.541 -0.85  -0.46
  0.73   0.94  -0.65   0.12   0.86   0.126  0.77  -0.73  -0.48  -0.29
 -0.16   0.577  0.59   0.31  -0.6    0.27  -0.27   0.46  -0.93   0.02
 -0.66  -0.32   0.24  -0.533 -0.92   0.6    0.42   0.7   -0.17  -0.06
 -0.65   0.68   0.12   0.59  -0.08   0.3    0.04   0.2   -0.58   0.77
  0.08  -0.18   0.46  -0.44  -0.32   0.51   0.86   0.9    0.52  -0.7
  0.707  0.71  -0.05   0.48   0.65   0.95  -0.36   0.87   0.26  -0.75 ][-0.81  -1.098  1.787  0.73  -0.57   0.97   0.08   0.33  -0.96   0.78
 -0.04   0.55   0.25  -0.68   0.55   0.78  -0.53  -0.828  0.87  -0.86
  0.7    0.58   0.16   0.31   0.87  -0.16  -0.09  -0.65  -0.85  -0.327
  0.73   0.94  -0.65   0.12   0.86   0.56   0.77  -0.599 -0.48  -0.29
 -0.16   0.577  0.59   0.31  -0.6    0.27  -0.27   0.46  -0.93   0.02
 -1.113 -0.32   0.24  -0.533 -0.92   0.6    0.05   0.7   -0.17  -0.06
 -0.65   0.68   0.12   0.59  -0.08   0.3    0.04   0.2    0.62   0.77
  0.08  -0.18   0.46  -0.44  -0.32   0.51   0.86   0.9    0.52  -0.58
  0.23   0.71  -0.05   0.48   0.65   0.95  -0.36   0.87   0.26  -0.75 ][-0.81  -1.098  0.86   0.73  -0.57   0.97   0.08   0.33  -0.96   0.78
 -0.04   0.55   0.25  -0.68   0.334  0.225 -0.53  -0.828  0.87  -0.86
  0.7    0.58   0.16   0.31   0.87  -0.16  -0.782 -0.65  -0.85  -0.46
  0.73   1.823 -0.65   0.12   0.86   0.126  0.77  -0.73  -0.48  -0.29
 -0.16   0.577  0.59   0.31  -0.6    0.27  -0.27   0.46  -0.93   0.02
 -0.66  -0.32   0.24  -0.04  -0.92   0.6    0.42   0.7   -0.17  -0.06
 -0.65   0.68   0.12   0.59  -0.08   0.3    0.04   0.2   -0.58   0.77
  0.08  -0.18   0.46  -0.44  -0.32   0.51   0.86   0.9    0.52  -0.7
  0.23   0.71  -0.05   0.48   0.65   0.95  -0.36   0.87   0.26  -0.75 ][-0.81  -1.098  1.787  0.73  -0.57   0.97  -0.579  0.33  -0.96   0.78
 -0.04   0.55   0.25  -0.68   0.55   0.225 -0.53  -0.828  0.87  -0.86
  0.7   -0.21   0.16   0.31   0.87  -0.16  -0.09  -0.65  -0.85  -1.056
  0.73   0.94  -0.65   0.12   0.86   0.126  0.77  -0.599 -0.48  -0.29
 -0.16   0.577  0.59   0.31  -0.6    0.27  -0.27   0.46  -0.93   0.02
 -0.66  -0.32   0.24  -0.04  -0.92   0.6    0.42   0.7   -0.17  -0.06
 -0.65   0.68   0.12   0.59  -0.08   0.3    0.04  -0.052 -0.58   0.77
  0.08  -0.18   0.46  -0.44  -0.32   0.51   0.86   0.9    0.52  -0.7
  0.23   0.71  -0.05   0.48   0.65   0.95  -0.36   0.87   0.26  -0.75 ][-0.81  -1.098  0.86   0.73  -0.57   0.97  -0.579  0.33  -0.96   0.78
 -0.04   0.55   0.25  -0.68   0.55   0.78  -0.53  -0.828  0.87  -0.86
  0.7   -0.21   0.16   0.31   0.87  -0.16  -0.09  -0.65  -0.85  -0.327
  0.73   0.94  -0.65   0.12   0.86   0.419  0.77  -0.599 -0.48  -0.29
 -0.16   0.577  0.59   0.31  -0.6    0.27  -0.27   0.46  -0.93   0.02
 -0.66  -0.32   0.24  -0.533 -0.92   0.6    0.05   0.7   -0.17  -0.06
 -0.65   0.68   0.12   0.59  -0.08   0.3    0.04   0.2    0.62   0.77
  0.08  -0.18   0.46  -0.44  -0.32   0.51   0.86   0.9    0.52  -0.58
  0.23   0.71  -0.05   0.48   0.65   0.95  -0.36   0.87   0.26  -0.75 ][-0.81  -1.098  0.86   0.73  -0.57   0.97  -0.579  0.33  -0.96   0.78
 -0.04   0.55   0.25  -0.68   0.55   0.225 -0.53  -0.828  0.87  -0.86
  0.476  1.115  0.16   0.31   0.87  -0.16  -0.09  -1.514 -0.85  -1.056
  0.73   0.94  -0.65   0.12   0.86   0.126  0.77  -0.599 -0.48  -0.29
 -0.16   0.577  0.59   0.31  -0.6    0.27  -0.27   0.46  -0.93   0.02
 -0.66  -0.32   0.24  -0.04  -0.92   0.6    0.42   0.7   -0.17  -0.06
 -0.747  0.68   0.12   0.59  -0.08   0.3    0.04   0.2   -0.58   0.77
  0.08  -0.18   0.46  -0.44  -0.474  0.51   0.86   0.9    0.52  -0.7
  0.23   0.71  -0.05   0.48   0.65   0.95  -0.36   0.87   0.26  -0.75 ][-0.81  -1.098  0.86   0.73  -0.57   0.97   0.08   0.33  -0.96   0.78
 -0.04   0.55   0.25  -0.68   0.55   0.225 -0.53  -0.34   1.323 -0.86
  0.7    0.58   0.16   0.31   0.102 -0.16  -0.09  -0.65  -0.85  -0.46
  0.73   0.94  -0.65   0.12   0.86   0.56   0.77  -1.06  -0.48  -0.29
 -0.16   0.577  0.59   0.31  -0.6    0.27  -0.27   0.46  -1.75   0.02
 -0.66  -0.32  -0.253 -0.533 -0.92   0.6    0.42   0.7   -0.17  -0.06
 -0.65   0.68   0.12   0.59  -0.08   0.3    0.04   0.2   -0.58   0.77
  0.08  -0.18   0.46  -0.44  -0.32   0.51   0.86   0.9    0.52  -0.58
  0.23   0.71  -0.05   0.48   0.65   0.95  -0.36   0.87   0.26  -0.75 ][-0.81  -1.098  1.844  0.73  -0.57   0.97   0.08   0.33  -0.96   0.78
 -0.04   0.55   0.25  -0.68   0.55   0.78  -0.53  -0.828  0.87  -0.86
  0.476  0.58   0.16   0.31   0.87  -0.16  -0.09  -1.514 -0.85  -0.327
  0.73   0.94  -0.65   0.12   0.86   0.521  0.77  -0.599 -0.48  -0.29
 -0.16   0.23   0.59   0.31  -0.6    0.27  -0.27   0.46  -0.93   0.02
 -0.66  -0.32   0.24  -0.04  -0.92   0.6    0.42   0.7   -0.17  -0.06
 -0.65   0.68   0.12   0.59  -0.103  0.3    0.04   0.2   -0.58   0.77
  0.08  -0.18   0.46  -0.44  -0.32   0.51   0.86   0.9    0.52  -0.7
  0.23   0.71  -0.05   0.48   0.65   0.95  -0.36   0.87   0.26  -0.75 ][-0.81  -1.098  0.86   0.73  -0.57   0.034  0.08   0.33  -0.96   0.78
 -0.04   0.482  0.25  -0.68   0.55   0.225 -0.53  -0.828  0.87  -0.86
  0.7    0.58   0.16   0.31   0.87  -0.16  -0.09  -0.65  -0.85  -1.056
  0.73   0.94  -0.65   0.12   0.86   0.126  0.77  -0.599 -0.48  -0.29
 -0.16   0.577  0.59   0.31  -0.6    0.27  -0.27   0.46  -0.93   0.02
 -1.113 -0.32   0.24  -0.533 -0.92   0.6    0.05   0.7   -0.17  -0.06
 -0.65   0.68   0.12   0.59  -0.08   0.3    0.676  0.2   -0.58   0.77
  0.08  -0.18   0.46  -0.44  -0.32   0.51   0.86   0.9    0.52  -0.58
  0.23   0.71  -0.05   0.48   0.65   0.95  -0.36   0.87   0.26  -0.75 ][-0.81  -1.098  1.787  0.73  -0.57   0.97   0.08   0.33  -0.96   0.78
 -0.04   0.55   0.25  -0.68   0.334  0.225 -0.53  -0.828  0.87  -0.86
  0.7    0.58   0.16   0.391  0.87  -0.16  -0.09  -0.65  -0.85  -0.327
  0.73   0.94  -0.65   0.12   0.86   0.126  0.77  -0.73  -0.48  -0.29
 -0.16   0.577  0.59   0.31  -0.6    0.27  -0.27   0.46  -0.93   0.02
 -0.66  -0.32   0.24  -0.04  -0.92   0.6    0.42   0.7   -0.17  -0.06
 -0.65   0.68   0.12   0.59  -0.08   0.3    0.04   0.2   -0.58   0.77
  0.08  -0.18   0.46  -0.44  -0.32   0.51   0.86   0.9    0.52  -0.7
  0.23   0.71  -0.05   0.48   0.65   0.95  -0.36   0.87   0.26  -0.75 ][-0.81  -1.098  0.86   0.73  -0.57   0.97   0.08   0.33  -1.709  0.78
 -0.04   0.55   0.25  -0.68   0.55   0.86  -0.53  -0.34   0.87  -0.86
  0.7    0.58   0.16   0.31   0.87  -0.16  -0.09  -0.65  -0.85  -0.251
  0.73   0.94  -0.65   0.12   0.86   0.56   0.77  -0.73  -0.48  -0.29
 -0.16   0.577  0.59   0.31  -0.6    0.27  -0.27   0.46  -0.93   0.02
 -0.66  -0.32  -0.253 -0.533 -0.92   0.6    0.42   0.7   -0.17  -0.06
 -0.65   0.68   0.12   0.59  -0.08   0.3    0.04   0.2    0.62   0.77
  0.08  -0.18   0.46  -0.44  -0.32   0.51   0.86   0.9    0.52  -0.7
  0.23   0.71  -0.05   0.48   0.65   0.95  -0.36   0.87   0.076 -0.75 ][-0.81  -1.098  1.787  0.73  -0.57   0.97   0.08   0.33  -0.96   0.78
 -0.04   0.55   0.25  -0.68   0.55   0.225 -0.53  -0.828  0.87  -0.86
  0.7   -0.21   0.16   0.31   0.87  -0.16  -0.09  -0.65  -0.85  -0.46
  0.73   0.94  -0.65   0.12   0.86   0.126  0.77  -0.73  -0.48  -0.29
 -0.16   0.577  0.59   0.31  -0.6    0.27  -0.27   0.46  -0.93   0.02
 -0.66  -0.32   0.24  -0.04  -0.92   0.6    0.42   0.7   -0.17  -0.06
 -0.65   0.68   0.12   0.59  -0.08   0.3    0.04   0.2   -0.58   0.77
  0.08  -0.18   0.46  -0.44  -0.32   0.51   0.86   0.9    0.52  -0.7
  0.707  0.71  -0.05   0.48   0.65   0.95  -0.36   0.87   0.26  -0.75 ][-0.81  -1.098  1.787  0.73  -0.57   0.97   0.08   0.33  -0.96   0.78
 -0.04   0.55   0.25  -0.68   0.334  0.225 -0.53  -0.828  1.385 -0.86
  0.7    0.58   0.16   0.31   0.87  -0.16  -0.09  -0.65  -0.85  -0.327
  0.73   0.94  -0.65   0.12   0.86   0.126  0.77  -0.599 -0.48  -0.29
 -0.16   0.577  0.59   0.31  -0.6    0.27  -0.27   0.46  -0.93   0.02
 -0.66  -0.32   0.24  -0.04  -0.92   0.6    0.42   0.7   -0.17  -0.06
 -0.65   0.68   0.12   0.59  -0.08   0.3    0.04   0.2   -0.58   0.77
  0.08  -0.18   0.46  -0.44  -0.32   0.51   0.86   0.9    0.52  -0.7
  0.23   0.71  -0.05   0.48   0.65   0.95  -0.36   0.87   0.26  -0.75 ][-0.81  -1.098  0.86   0.73  -0.57   0.97   0.08   0.33  -0.96   0.78
 -0.04   0.55   0.25  -0.68   0.55   0.78  -0.53  -0.422  0.87  -0.86
  0.476 -0.21   0.16   0.31   0.87  -0.16  -0.09  -0.65  -0.85  -0.46
  0.73   0.94  -0.593  0.12   0.86   0.521  0.77  -0.599 -0.48  -0.29
 -0.16   0.577  0.59   0.31  -0.6    0.27  -0.27   0.46  -0.93   0.02
 -0.66  -0.32   0.24  -0.04  -0.92   0.6    0.42   0.7   -0.17  -0.06
 -0.747  0.68   0.12   0.59  -0.103  0.3    0.04   0.2   -0.58   0.77
  0.08  -0.18   0.46  -0.44  -0.474  0.51   0.86   0.9    0.52  -0.7
  0.23   0.71  -0.05   0.48   0.65   0.95  -0.36   0.87   0.26  -0.75 ][-0.81  -1.098  1.787  0.73  -0.57   0.97   0.08   0.33  -0.96   0.78
 -0.04   0.55   0.25  -0.68   0.55   0.78  -0.53  -0.828  0.87  -0.86
  0.476  0.58   0.16   0.31   0.87  -0.16  -0.09  -0.096 -0.85  -0.327
  0.73   0.94  -0.65   0.12   0.86   0.521  0.77  -0.73  -0.48  -0.29
 -0.16   0.577  0.59   0.31  -0.6    0.27  -0.27   0.46  -0.93   0.02
 -0.66  -0.32   0.24  -0.04  -0.92   0.6    0.42   0.7   -0.17  -0.06
 -0.65   0.68   0.12   0.59  -0.08   0.3    0.04   0.2   -0.58   0.77
  0.08  -0.18   0.46  -0.44  -0.32   0.51   0.86   0.9    0.52  -0.7
  0.23   0.71  -0.05   0.48   0.65   0.95  -0.36   0.87   0.26  -0.75 ][-0.81  -1.098  0.86   0.73  -0.57   0.97   0.08   0.33  -0.96   0.78
 -0.04   0.55   0.25  -0.68   0.55   0.86  -0.53  -0.34   0.87  -0.86
  0.7    0.58   0.16   0.31   0.87  -0.16  -0.09  -0.65  -0.85  -0.46
  0.73   0.94  -0.65   0.12   0.86   0.56   0.77  -0.73  -0.48  -0.626
 -0.16   0.577  0.59   0.31  -0.6    0.27  -0.665  0.46  -0.93   0.02
 -0.66  -0.32  -0.253 -0.533 -0.92   0.6    0.42   0.7   -0.17  -0.06
 -0.65   0.68   0.12   0.59  -0.08   0.3    0.04   0.2   -0.58   0.77
  0.08  -0.18   0.46  -0.44  -0.32   0.51   0.86   0.9    0.52  -0.7
  0.23   0.71  -0.05   0.48   0.65   0.95  -0.626  0.87   0.26  -0.75 ][-0.81  -1.098  0.86   0.73  -0.57   0.97  -0.579  1.2   -0.96   0.78
 -0.04   0.55   0.25  -0.68   0.55   0.78  -0.53  -0.828  0.35  -0.86
  0.7    0.58   0.16   0.31   0.87  -0.16  -0.09  -0.65  -0.85  -0.46
  0.73   1.823 -0.65   0.12   0.86   0.126  0.77  -0.73  -0.48  -0.29
 -0.16   0.577  0.59   0.31  -0.6    0.27  -0.27   0.46  -0.93   0.02
 -0.66  -0.641  0.24  -0.04  -0.92   0.6    0.42   0.7   -0.17  -0.06
 -0.65   0.68   0.12   0.59  -0.08   0.3    0.04   0.2   -0.58   0.77
  0.08  -0.18   0.46  -0.44  -0.32   0.51   0.86   0.9    0.52  -0.7
  0.23   0.71  -0.05   0.48   0.65   0.95  -0.36   0.87   0.26  -0.75 ][-0.81  -1.098  0.86   0.73  -0.57   0.97   0.08   0.33  -0.96   0.78
 -0.04   0.55   0.25  -0.68   0.55   0.225 -0.53  -0.828  0.87  -0.86
  0.7    0.58   0.16   0.31   0.87  -0.16  -0.09  -0.65  -0.85  -0.46
  0.73   1.823 -0.65   0.12   0.86   0.126  0.77  -0.599 -0.48  -0.29
 -0.16   0.577  0.59   0.31  -0.6    0.27  -0.27   0.46  -0.93   0.02
 -0.66  -0.32   0.24  -0.04  -0.92   0.6    0.42   0.7   -0.17  -0.06
 -0.65   0.68   0.12   0.59  -0.08   0.3    0.04   0.2   -0.58   0.77
  0.08  -0.18   0.46  -0.44  -0.32   0.51   0.86   0.9    0.52  -0.7
  0.23   0.71  -0.05   0.48   0.65   0.95  -0.36   0.87   0.26  -0.75 ][-0.81  -1.098  0.86   0.73  -0.57   0.97   0.08   0.33  -1.709  0.78
 -0.04   0.55   0.25  -0.68   0.55   0.225 -0.53  -0.422  0.87  -0.86
  0.476  0.58   0.16   0.31   0.87  -0.16  -0.09  -1.514 -0.85  -0.027
  0.73   0.94  -0.65   0.12   0.86   0.521  0.77  -1.463 -0.48  -0.29
 -0.16   0.577  0.59   0.31  -0.6    0.27  -0.27   0.46  -1.75   0.02
 -0.66  -0.32   0.24  -0.04  -0.92   0.6    0.42   0.7   -0.17  -0.06
 -0.65   0.68   0.12   0.59  -0.08   0.3    0.04   0.2    0.62   0.77
  0.08  -0.18   0.46  -0.44  -0.474  0.51   0.86   0.9    0.52  -0.58
  0.23   0.71  -0.05   0.48   0.65   0.95  -0.36   0.87   0.26  -0.75 ][-0.81  -1.098  0.86   0.73  -0.57   0.97   0.08   0.33  -0.96   0.78
 -0.04   0.55   0.25  -0.68   0.55   0.86  -0.53  -0.34   0.87  -0.86
  0.7   -0.21   0.16   0.31   0.87  -0.16  -0.09  -1.541 -0.85  -0.251
  0.73   0.94  -0.65   0.12   0.86   0.56   0.77  -0.73  -0.48  -0.29
 -0.16   0.577  0.59   0.31  -0.6    0.27  -0.27   0.46  -0.93   0.02
 -0.66  -0.32  -0.253 -0.533 -0.92   0.6    0.42   0.7   -0.17  -0.06
 -0.65   0.68   0.12   0.59  -0.08   0.3    0.04   0.2   -0.58   0.77
  0.08  -0.18   0.46  -0.44  -0.32   0.51   0.275  0.9    0.52  -0.7
  0.707  0.71  -0.05   0.48   0.65   0.95  -0.36   0.87   0.076 -0.75 ][-0.81  -1.098  0.86   0.73  -0.57   0.97   0.08   0.33  -0.96   0.78
 -0.04   0.482  0.25  -0.68   0.55   0.225 -0.53  -0.828  0.87  -0.86
  0.7    0.58   0.16   0.31   0.87  -0.16  -0.09  -0.65  -0.85  -1.056
  0.73   1.585 -0.65   0.12   0.86   0.126  0.77  -0.599 -0.48  -0.29
 -0.16   0.577  0.59   0.31  -0.6    0.27  -0.27   0.46  -0.93   0.02
 -1.113 -0.32   0.24  -0.533 -0.92   0.6    0.05   0.7   -0.17  -0.06
 -0.65   0.68   0.12   0.59  -0.08   0.3    0.676  0.2   -0.58   0.77
  0.08  -0.18   0.46  -0.44  -0.32   0.51   0.86   0.9    0.52  -0.7
  0.707  0.71  -0.05   0.48   0.65   0.95  -0.36   0.87   0.26  -0.75 ][-0.81  -1.098  0.86   0.73  -0.57   0.97   0.08   0.33  -1.709  0.78
 -0.04   0.55   0.25  -0.68   0.55   0.86  -0.53  -0.34   1.323 -0.86
  0.7    0.58   0.16   0.31   0.102 -0.16  -0.09  -0.65  -0.85  -0.251
  0.73   0.94  -0.65   0.12   0.86   0.56   0.77  -0.73  -0.48  -0.472
 -0.16   0.577  0.59   0.31  -0.6    0.27  -0.27   0.46  -0.93   0.02
 -0.66  -0.32  -0.253 -0.533 -0.92   0.6    0.42   0.7   -0.17  -0.06
 -0.65   0.68   0.12   0.59  -0.08   0.3    0.04   0.2   -0.58   0.77
  0.08  -0.18   0.46  -0.44  -0.32   0.51   0.86   0.9    0.52  -0.58
  0.23   0.71  -0.05   0.48   0.65   0.95  -0.36   0.87   0.26  -0.75 ][-0.81  -1.098  1.787  0.73  -0.57   0.97   0.08   0.33  -0.96   0.78
 -0.04   0.55   0.25  -0.68   0.55   0.78  -0.53  -0.34   1.323 -0.86
  0.7    0.58   0.16   0.31   0.102 -0.16  -0.09  -0.65  -0.85  -0.327
  0.73   0.94  -0.65   0.12   0.86   0.56   0.77  -1.06  -0.48  -0.29
 -0.16   0.577  0.59   0.31  -0.6    0.27  -0.27   0.46  -1.75   0.02
 -0.66  -0.32  -0.253 -0.533 -0.92   0.6    0.05   0.7   -0.17  -0.06
 -0.65   0.68   0.12   0.59  -0.08   0.3    0.04   0.2   -0.58   0.77
  0.08  -0.18   0.46  -0.44  -0.32   0.51   0.203  0.9    0.52  -0.58
  0.23   0.71  -0.05   0.48   0.65   0.95  -0.36   0.87   0.26  -0.75 ][-0.81  -1.098  0.86   0.73  -0.57   0.97   0.08   0.33  -0.96   0.78
 -0.04   0.55   0.25  -0.68   0.55   0.225 -0.53  -0.422  0.87  -0.86
  0.476 -0.21   0.16   0.31   0.87  -0.16   0.325 -0.65  -0.85  -0.46
  0.73   0.94  -0.65   0.12   0.86   0.126  0.77  -1.463 -0.48  -0.29
 -0.16   0.577  0.59   0.31  -0.6    0.27  -0.27   0.46  -1.75   0.02
 -0.66  -0.32   0.24  -0.04  -0.92   0.6    0.42   0.7   -0.17  -0.06
 -0.65   0.68   0.12   0.59  -0.08   0.3    0.04   0.2   -0.58   0.77
  0.08  -0.18   0.46  -0.44  -0.32   0.51   0.86   0.9    0.52  -0.7
  0.23   0.71  -0.05   0.48   0.65   0.95  -0.36   0.87   0.26  -0.75 ][-0.81  -1.098  0.86   0.73  -0.57   0.97   0.08   0.33  -0.96   0.78
 -0.04   0.55   0.25  -0.68   0.55   0.78  -0.53  -0.985  0.87  -0.86
  0.7    0.58   0.16   0.31   0.87  -0.276 -0.09  -0.65  -0.85  -0.46
  0.73   0.94  -0.65   0.12   0.86   0.521  0.77  -0.599 -0.48  -0.29
 -0.16   0.577  0.59   0.31  -0.6    0.27  -0.27   0.46  -0.93   0.02
 -0.66  -0.32   0.24  -0.04  -0.92   0.6    0.42   0.7   -0.17  -0.06
 -0.65   0.68   0.12   0.59  -0.08   0.3    0.04   0.2    0.62   0.77
  0.08  -0.18   0.46  -0.44  -0.32   0.51   0.86   0.9    0.52  -0.7
  0.23   0.71  -0.05   0.48   0.65   0.95  -0.36   0.87   0.26  -0.75 ][-0.81  -1.098  0.86   0.73  -0.57   1.149  0.08   0.33  -0.96   0.78
 -0.04   0.55   0.25  -0.68   0.55   0.225 -0.53  -0.422  0.87  -0.86
  0.476  0.58   0.16   0.31   0.87  -0.16  -0.09  -0.65  -0.85  -0.46
  0.73   1.823 -0.65   0.12   0.86   0.126  0.77  -0.599 -0.48  -0.29
 -0.16   0.577  0.59   0.31  -0.6    0.27  -0.27   0.46  -1.75   0.02
 -0.66  -0.32   0.24  -0.04  -0.92   0.6    0.42   0.7   -0.17  -0.06
 -0.65   0.68   0.12   0.59  -0.08   0.3    0.04   0.2    0.62   0.77
  0.08  -0.18   0.46  -0.44  -0.32   0.51   0.86   0.9    0.52  -0.58
  0.23   0.71  -0.05   0.48   0.65   0.95  -0.36   0.87   0.26  -0.75 ][-0.81  -1.098  1.787  0.73  -0.57   0.97   0.08   0.33  -1.709  0.78
 -0.04   0.55   0.25  -0.68   0.55   0.78  -0.53  -0.828  0.87  -0.86
  0.7    0.58   0.16   0.31   0.87  -0.16  -0.09  -0.65  -0.978 -0.327
  0.73   0.94  -0.65   0.12   0.86   0.521  0.77  -1.463 -0.48  -0.29
 -0.16   0.577  0.59   0.31  -0.6    0.27  -0.27   0.46  -0.93   0.02
 -1.113 -0.32   0.24  -0.04  -0.92   0.6    0.42   0.7   -0.17  -0.06
 -0.65   0.68   0.12   0.59  -0.08   0.3    0.04   0.2    0.62   0.77
  0.08  -0.18   0.46  -0.44  -0.32   0.51   0.86   0.9    0.52  -0.58
  0.23   0.71  -0.05   0.48   0.65   0.95  -0.36   0.87   0.26  -0.75 ][-0.81  -1.098  1.787  0.73  -0.57   0.97   0.08   0.33  -0.96   0.78
 -0.04   0.55   0.25  -0.68   0.55   0.225 -0.53  -0.828  0.87  -0.86
  0.7   -0.21   0.16   0.31   0.87  -0.16  -0.09  -0.65  -0.85  -1.056
  0.73   0.94  -0.65   0.12   0.86   0.126  0.77  -0.599 -0.48  -0.29
 -0.16   0.577  0.59   0.31  -0.6    0.27  -0.27   0.46  -0.93   0.02
 -0.66  -0.32   0.24  -0.04  -0.92   0.6    0.42   0.7   -0.17  -0.06
 -0.65   0.68   0.12   0.59  -0.08   0.3    0.04  -0.052 -0.58   0.77
  0.08   0.271  0.46  -0.44  -0.32   0.51   0.86   0.9    0.52  -0.7
  0.23   0.71  -0.05   0.48   0.65   0.95  -0.36   0.87   0.26  -0.75 ][-0.81  -1.098  0.86   0.73  -0.57   0.97   0.08   0.33  -1.709  0.78
 -0.04   0.55   0.25  -0.68   0.55   0.86  -0.53  -0.828  0.87  -0.86
  0.7   -0.21   0.16   0.31   0.87  -0.16  -0.09  -0.65  -0.85  -0.46
  0.73   0.94  -0.65   0.12   0.86   0.126  0.77  -0.73  -0.48  -0.719
 -0.16   0.577  0.59   0.31  -0.6    0.27  -0.27   0.46  -0.93   0.02
 -0.66  -0.32  -0.253 -0.533 -0.92   0.6    0.42   0.7   -0.17  -0.06
 -0.65   0.68   0.12   0.59  -0.08   0.3    0.04   0.2    0.62   0.77
  0.08  -0.18   0.46  -0.44  -0.32   0.51   0.86   0.9    0.52  -0.7
  0.707  0.71  -0.05   0.48   0.65   0.95  -0.36   0.87   0.26  -0.75 ][-0.81  -1.098  0.86   0.73  -0.57   0.97   0.08   0.33  -0.96   0.78
 -0.04   0.55   0.25  -0.68   0.55   0.225 -0.53  -0.422  0.87  -0.86
  0.7    0.58   0.16   0.391  0.87  -0.16  -0.09  -1.514 -0.85  -0.327
  0.73   0.94  -0.65   0.12   0.86   0.521  0.77  -0.73  -0.48  -0.29
 -0.16   0.577  0.59   0.31  -0.6    0.27  -0.27   0.46  -1.75   0.02
 -0.66  -0.32   0.24  -0.04  -0.92   0.6    0.42   0.7   -0.17  -0.06
 -0.65   0.68   0.12   0.59  -0.08   0.3    0.04   0.645 -0.58   0.77
  0.08  -0.18   0.46  -0.44  -0.474  0.51   0.86   0.9    0.52  -0.58
  0.23   0.71  -0.05   0.48   0.65   0.95  -0.36   0.87   0.26  -0.75 ][ 0.012 -1.098  1.844  0.73  -0.57   0.97   0.08   0.33  -0.96   0.78
 -0.04   0.55   0.25  -0.68   0.55   0.225 -0.53  -0.828  1.385 -0.86
  0.476  0.58   0.16   0.31   0.87  -0.16  -0.09  -0.65  -0.85  -0.327
  0.73   0.94  -0.65   0.12   0.86   0.521  0.77  -0.599 -0.48  -0.29
 -0.16   0.23   0.59   0.31  -0.6    0.27  -0.27   0.46  -0.93   0.02
 -0.66  -0.32   0.24  -0.04  -0.92   0.6    0.42   0.7   -0.17  -0.06
 -0.65   0.68   0.12   0.59  -0.103  0.3    0.04   0.2   -0.58   0.77
  0.08  -0.18   0.46  -0.44  -0.32   0.51   0.86   0.9    0.52  -0.7
  0.23   0.71  -0.05   0.48   0.65   0.95  -0.36   0.87   0.26  -0.75 ][-0.81  -1.098  1.787  0.73  -0.57   0.97   0.08   0.33  -0.96   0.78
 -0.04   0.55   0.25  -0.68   0.334  0.225 -0.53  -0.828  0.87  -0.86
  0.7    0.58   0.16   0.31   0.87  -0.16  -0.09  -0.65  -0.85  -0.327
  0.73   0.94  -0.65   0.12   0.86   0.126  0.77  -0.73  -0.48  -0.29
 -0.16   0.577  0.59   0.31  -0.6    0.27  -0.27   0.46  -0.93   0.02
 -0.66  -0.32   0.24  -0.533 -0.92   0.727  0.05   0.7   -0.17  -0.06
 -0.65   0.68   0.12   0.59  -0.08   0.3    0.04   0.2   -0.58   0.77
  0.08  -0.18   0.46  -0.44  -0.32   0.51   0.86   0.9    0.52  -0.7
  0.23   0.71  -0.05   0.48   0.65   0.95  -0.36   0.87   0.26  -0.75 ][-0.838 -1.098  1.844  0.73  -0.57   0.034  0.08   0.33  -0.96   0.78
 -0.04   0.55   0.25  -0.68   0.55   0.78  -0.53  -0.828  0.87  -0.86
  0.476  0.58   0.16   0.31   0.87  -0.16  -0.09  -1.514 -0.85  -0.327
  0.73   0.94  -0.65   0.12   0.86   0.521  0.77  -0.599 -0.48  -0.29
 -0.16   0.23   0.59   0.31  -0.6    0.27  -0.27   0.46  -0.93   0.02
 -0.66  -0.32   0.24  -0.04  -0.92   0.6    0.05   0.7   -0.17  -0.06
 -0.65   0.68   0.12   0.59  -0.08   0.3    0.676  0.2   -0.58   0.77
  0.08  -0.18   0.46  -0.44  -0.32   0.51   0.86   0.9    0.52  -0.7
  0.23   0.71  -0.05   0.48   0.65   0.95  -0.36   0.87   0.26  -0.75 ][-0.81  -1.098  0.86   0.73  -0.57   0.97   0.08   0.33  -0.96   0.78
 -0.04   0.55   0.25  -0.68   0.334  0.225 -0.53  -0.828  0.87  -0.86
  0.7    0.58   0.16   0.31   0.87  -0.276 -0.782 -0.65  -0.85  -0.46
  0.73   1.823 -0.65   0.12   0.86   0.126  0.77  -0.73  -0.48  -0.29
 -0.16   0.577  0.59   0.31  -0.6    0.27  -0.27   0.46  -0.93   0.02
 -0.66  -0.32   0.24  -0.04  -0.92   0.6    0.42   0.7   -0.17  -0.06
 -0.65   0.68   0.12   0.59  -0.103  0.3    0.04   0.2   -0.58   0.77
  0.08  -0.18   0.46  -0.44  -0.32   0.51   0.86   0.9    0.52  -0.7
  0.23   0.71  -0.05   0.48   0.65   0.95  -0.36   0.87   0.26  -0.244][-0.81  -1.098  0.86   0.73  -0.57   0.97   0.08   0.33  -1.709  0.78
 -0.04   0.55   0.25  -0.68   0.55   0.225 -0.53  -0.828  0.87  -0.86
  0.7    0.58   0.16   0.31   0.87  -0.276 -0.09  -1.514 -0.409 -0.027
  0.73   0.94  -0.65   0.12   0.86   0.521  0.77  -1.463 -0.48  -0.29
 -0.16   0.577  0.59   0.31  -0.6    0.27  -0.27   0.46  -1.75   0.02
 -0.66  -0.32   0.24  -0.04  -0.92   0.6    0.42   0.7   -0.17  -0.06
 -0.65   0.68   0.12   0.59  -0.103  0.3    0.04   0.2   -0.58   0.77
  0.08  -0.18   0.46  -0.44  -0.474  0.51   0.86   0.9    0.52  -0.58
  0.23   0.71  -0.05   0.48   0.65   0.95  -0.36   0.87   0.26  -0.75 ][-0.81  -1.098  0.86   0.73  -0.57   0.97   0.08   0.33  -0.96   0.78
 -0.04   0.55   0.25  -0.68   0.55   0.225 -0.53  -0.828  0.87  -0.86
  0.7   -0.21   0.16   0.31   0.87  -0.16  -0.09  -0.65  -0.85  -0.46
  0.73   1.823 -0.65   0.12   0.86   0.521  0.77  -0.599 -0.48  -0.29
 -0.16   0.577  0.59   0.31  -0.6    0.27  -0.27   0.46  -0.93   0.02
 -0.66  -0.32   0.24   0.958 -0.92   0.6    0.42   0.7   -0.17  -0.06
 -0.747  0.68   0.12   0.59  -0.103  0.3    0.04   0.2   -0.58   0.77
  0.08  -0.18   0.46  -0.44  -0.32   0.51   0.86   0.9    0.52  -0.7
  0.23   0.71  -0.05   0.48   0.65   0.95  -0.36   0.87   0.26  -0.75 ][-0.81  -1.098  0.86   0.73  -0.57   0.97   0.08   0.33  -0.96   0.78
 -0.04   0.55   0.25  -0.68   0.55   1.069 -0.53  -0.828  0.87  -0.86
  0.7   -0.21   0.16   0.31   0.87  -0.16  -0.09  -0.65  -0.85  -0.46
  0.73   0.94  -0.65   0.12   0.86   0.126  0.77  -0.73  -0.48  -0.29
 -0.16   0.577  0.59   0.31  -0.6    0.27  -0.665  0.46  -0.93   0.02
 -0.66  -0.32  -0.253 -0.533 -0.92   0.6    0.42   0.7   -0.17  -0.06
 -0.65   0.68   0.12   0.59  -0.08   0.3    0.04   0.2   -0.58   0.77
  0.08  -0.18   0.46  -0.44  -0.32   0.51   0.86   0.9    0.52  -0.7
  0.707  0.71  -0.05   0.48   0.65   0.95  -0.36   0.87   0.26  -0.75 ][-0.81  -1.098  1.787  0.73  -0.57   0.97   0.08   0.33  -0.96   0.78
 -0.04   0.55   0.25  -0.68   0.55   0.86  -0.53  -0.34   0.87  -0.86
  0.7    0.58   0.16   0.31   0.87  -0.16  -0.09  -0.65  -0.85  -0.46
  0.73   0.94  -0.65   0.12   0.86   0.56   0.77  -0.473 -0.48  -0.626
 -0.16   0.577  0.59   0.31  -0.6    0.27  -0.665  0.46  -0.93   0.02
 -0.66  -0.32  -0.253 -0.04  -0.92   0.6    0.42   0.7   -0.17  -0.06
 -0.65   0.68   0.12   0.59  -0.08   0.3    0.04   0.2   -0.58   0.77
  0.08  -0.18   0.46  -0.44  -0.32   0.51   0.86   0.9    0.52  -0.7
  0.23   0.71  -0.05   0.48   0.65   0.95  -0.36   0.87   0.26  -0.75 ][-0.81  -1.098  1.787  0.73  -0.57   0.97   0.08   0.33  -0.96   0.78
 -0.04   0.55   0.25  -0.68   0.55   0.78  -0.53  -0.828  0.87  -0.86
  0.7   -0.21   0.16   0.31   0.87  -0.16  -0.09  -0.65  -0.85  -0.46
  0.73   0.94  -0.65   0.12   0.86   0.126  0.77  -0.599 -0.48  -0.29
 -0.944  0.577  0.59   0.31  -0.6    0.27  -0.27   0.46  -0.93   0.02
 -0.66  -0.32   0.24  -0.04  -0.92   0.6    0.42   0.7   -0.17  -0.06
 -0.65   0.68   0.12   0.59  -0.08   0.3    0.04   0.2   -0.58   0.77
  0.08  -0.18   0.46  -0.44  -0.32   0.51   0.86   0.9    0.52  -0.7
  0.707  0.71  -0.05   0.48   0.65   0.95  -0.36   0.87   0.26  -0.75 ][-0.81  -1.098  0.86   0.73  -0.57   0.97   0.08   0.33  -1.709  0.78
 -0.04   0.55   0.25  -0.68   0.55   0.225 -0.53  -0.422  0.87  -0.86
  0.476  0.58   0.16   0.31   0.87  -0.16  -0.09  -1.514 -0.85  -0.46
  0.73   0.94  -0.65   0.12   0.86   0.521  0.77  -1.855 -0.48  -0.29
 -0.16   0.577  0.59   0.31  -0.6    0.27  -0.27   0.46  -0.93   0.02
 -0.66  -0.32   0.24  -0.04  -0.92   0.6    0.42   0.7   -0.17  -0.06
 -0.65   0.68   0.12   0.59  -0.08   0.3    0.04   0.2   -0.58   0.77
  0.08  -0.18   0.46  -0.44  -0.474  0.51   0.86   0.9    0.52  -0.7
  0.23   0.71  -0.05   0.48   0.65   0.95  -0.36   0.87   0.26  -0.75 ][-0.81  -1.098  0.86   0.73  -0.57   0.97   0.08   0.33  -0.96   0.78
 -0.04   0.55   0.25  -0.68   0.55   0.78  -0.53  -0.828  0.87  -0.86
  0.476  1.115  0.16   0.31   0.87  -0.276 -0.09  -0.65  -0.85  -0.46
  0.73   0.94  -0.65   0.12   1.353  0.126  0.77  -0.599 -0.48  -0.29
 -0.16   0.577  0.59   0.31  -0.6    0.27  -0.27   0.46  -0.93   0.02
 -0.66  -0.32   0.24  -0.04  -0.92   0.6    0.42   0.7   -0.17  -0.06
 -0.747  0.68   0.12   0.59  -0.08   0.3    0.04   0.2   -0.58   0.77
  0.08  -0.18   0.46  -0.44  -0.474  0.51   0.86   0.9    0.52  -0.7
  0.23   0.71  -0.05   0.48   0.65   0.95  -0.36   0.87   0.26  -0.75 ][-0.81  -1.098  0.86   0.73  -0.57   0.97   0.08   0.33  -0.96   0.78
 -0.04   0.55   0.25  -0.68   0.55   0.78  -0.53  -0.828  0.87  -0.86
  0.7    0.58   0.16   0.31   0.87  -0.16  -0.09  -0.65  -0.85  -0.327
  0.73   0.94  -0.65   0.12   0.86   0.521  0.77  -0.599 -0.48  -0.29
 -0.16   0.577  0.59   0.31  -0.6    0.27  -0.27   0.46  -0.93   0.02
 -0.66  -0.32   0.24  -0.04  -0.92   0.6    0.42   0.7   -0.17  -0.06
 -0.65   0.68   0.12   0.59  -0.103  0.3    0.04   0.601 -0.58   0.77
  0.08  -0.18   0.46  -0.44  -0.32   0.51   0.86   0.9    0.52  -0.7
  0.23   0.71  -0.05   0.48   0.65   0.95  -0.36   0.87   0.26  -0.75 ][-1.002 -1.098  1.787  0.73  -0.57   0.97   0.08   0.33  -0.96   0.78
 -0.04   0.55   0.25  -0.68   0.55   0.78  -0.53  -0.422  0.87  -0.86
  0.476  0.58   0.16   0.31   0.87  -0.16  -0.09  -1.514 -0.85  -0.327
  0.73   0.94  -0.65   0.12   0.86   0.521  0.77  -1.463 -0.48  -0.29
 -0.16   0.577  0.59   0.31  -0.6    0.27  -0.27   0.46  -1.75   0.02
 -0.66  -0.32   0.24  -0.533 -0.92   0.6    0.42   0.7   -0.17  -0.06
 -0.65   0.68   0.12   0.59  -0.08   0.3    0.04   0.2    0.62   0.77
  0.08  -0.18   0.46  -0.44  -0.474  0.51   0.86   0.9    0.52  -0.58
  0.23   0.71  -0.05   0.48   0.65   0.95  -0.36   0.87   0.26  -0.75 ][-0.81  -0.928  0.86   0.73  -0.57   0.97   0.08   0.33  -0.96   0.78
 -0.04   0.55   0.25  -0.68   0.55   0.78  -0.53  -0.828  0.87  -0.86
  0.7    0.58   0.16   0.31   0.87  -0.16  -0.09  -0.65  -0.85  -0.46
  0.73   0.94  -0.65   0.12   0.86   0.56   0.77  -0.73  -0.48  -0.29
 -0.16   0.577  0.59   0.31  -0.6    0.27  -0.27   0.46  -0.93   0.02
 -0.66  -0.32   0.24  -0.533 -0.92   0.6    0.05   0.7   -0.17  -0.06
 -0.65   0.68   0.12   0.59  -0.08   0.3    0.04   0.2   -0.58   0.77
  0.08  -0.18   0.46  -0.44  -0.32   0.51   0.86   0.9    0.52  -0.58
  0.23   0.71  -0.05   0.48   0.65   0.95  -0.36   0.87   0.26  -0.75 ][-0.81  -1.098  0.86   0.73  -0.57   0.97   0.08   0.33  -0.96   0.78
 -0.04   0.55   0.25  -0.68   0.55   0.225 -0.53  -0.828  0.87  -0.86
  0.7    1.115  0.16   0.31   0.87  -0.16  -0.09  -1.514 -0.85  -1.056
  0.73   0.94  -0.65   0.12   0.86   0.126  0.77  -0.599 -0.48  -0.29
 -0.16   0.577  0.59   0.31  -0.6    0.27  -0.27   0.46  -0.93   0.02
 -0.66  -0.32   0.24  -0.533 -0.92   0.6    0.42   0.7   -0.17  -0.06
 -0.65   0.68   0.12   0.59  -0.598  0.3    0.04   0.2   -0.58   0.77
  0.08  -0.18   0.46  -0.44  -0.32   0.51   0.86   0.9    0.52  -0.7
  0.707  0.71  -0.05   0.48   0.65   0.95  -0.36   0.87   0.26  -0.75 ][-0.81  -1.098  0.86   0.73  -0.57   0.97   0.08   0.33  -0.96   0.78
 -0.04   0.55   0.25  -0.45   0.55   0.78  -0.53  -0.828  0.35  -0.86
  0.7    0.58   0.16   0.31   0.87  -0.16  -0.09  -0.65  -0.85  -0.46
  0.73   0.94  -0.65   0.12   0.86   0.126  0.77  -0.599 -0.48  -0.29
 -0.16   0.577  0.59   0.31  -0.6    0.27  -0.27   0.46  -0.93   0.02
 -0.66  -0.641  0.24  -0.04  -0.92   0.6    0.42   0.7   -0.17  -0.06
 -0.65   0.68   0.12   0.59  -0.08   0.3    0.04   0.2   -0.58   0.77
  0.08  -0.18   0.46  -0.44  -0.32   0.51   0.86   0.9    0.52  -0.7
  0.23   0.71  -0.05   0.48   0.65   0.95  -0.36   0.87   0.26  -0.75 ][-0.81  -1.098  0.86   0.73  -0.57   0.97   0.08   0.33  -1.709  0.78
 -0.04   0.55   0.25  -0.68   0.55   0.225 -0.53  -0.34   0.87  -0.86
  0.621  0.58   0.16   0.31   0.87  -0.16  -0.09  -0.65  -0.85  -0.251
  0.73   0.94  -0.65   0.12   0.86   0.56   0.77  -0.73  -0.48  -0.29
 -0.16   0.577  0.59   0.31  -0.6    0.27  -0.27   0.46  -0.93   0.02
 -0.66  -0.32  -0.253 -0.533 -0.92   0.6    0.42   0.7   -0.17  -0.06
 -0.65   0.68   0.12   0.59  -0.08   0.3    0.04   0.2    0.62   0.77
  0.08  -0.18   0.46  -0.44  -0.32   0.51   0.86   0.9    0.52  -0.7
  0.23   0.71  -0.05   0.48   0.65   0.95  -0.36   0.87   0.076 -0.75 ][-0.81  -1.098  0.86   0.73  -0.57   0.97   0.08   0.33  -0.96   0.78
 -0.04   0.55   0.25  -1.219  0.55   0.78  -0.53  -0.828  0.87  -0.86
  0.7   -0.21   0.16   0.31   0.87  -0.16  -0.09  -1.541 -0.85  -0.46
  0.73   0.94  -0.65   0.12   0.86   0.521  0.77  -0.599 -0.48  -0.29
 -0.16   0.577  0.59   0.31  -0.6    0.27  -0.27   0.46  -0.93   0.02
 -0.66  -0.171  0.24  -0.04  -0.92   0.6    0.42   0.7   -0.17  -0.06
 -0.65   0.68   0.12   0.59  -0.103  0.3    0.04   0.2   -0.58   0.77
  0.08  -0.18   0.46  -0.44  -0.32   0.51   0.86   0.9    0.52  -0.7
  0.23   0.71  -0.05   0.48   0.65   0.95  -0.36   0.87   0.26  -0.75 ][-0.81  -1.098  0.86   0.73  -0.57   0.97   0.08   0.33  -0.96   0.78
 -0.04   0.55   0.25  -0.68   0.55   0.78  -0.53  -0.828  0.87  -0.86
  0.7    0.58   0.16   0.31   0.87  -0.16  -0.09  -0.65  -0.85  -0.327
  0.73   0.94  -0.65   0.12   0.86   0.521  0.77  -0.599 -0.48  -0.29
 -0.16   0.577  0.59   0.31  -0.6    0.27  -0.27   0.46  -0.93   0.02
 -0.66  -0.32   0.24  -0.04  -0.92   0.6    0.42   0.7   -0.17  -0.06
 -0.65   0.68   0.12   0.59  -0.08   0.3    0.04   0.2   -0.58   0.77
  0.08  -0.18   0.46  -0.552 -0.32   0.51   0.86   0.9    0.52  -0.58
  0.23   0.71  -0.05   0.48   0.65   0.95  -0.36   0.87   0.26  -0.75 ][-0.81  -1.098  0.86   0.73  -0.57   0.97   0.08   0.33  -0.96   0.78
 -0.04   0.55   0.25  -1.219  0.55  -0.026 -0.53  -0.828  0.87  -0.86
  0.7    0.58   0.16   0.31   0.87  -0.16  -0.09  -1.514 -0.85  -0.027
  0.73   0.94  -0.65   0.12   0.86   0.521  0.77  -0.73  -0.48  -0.29
 -0.16   0.577  0.59   0.31  -0.6    0.27  -0.27   0.46  -0.93   0.02
 -0.66  -0.32   0.24  -0.04  -0.92   0.6    0.42   0.7   -0.17  -0.06
 -0.65   0.68   0.12   0.59  -0.08   0.3    0.04   0.2   -0.58   0.77
  0.08  -0.18   0.46  -0.44  -0.474  0.51   0.86   0.9    0.52  -0.58
  0.707  0.71  -0.05   0.48   0.65   0.95  -0.36   0.87   0.26  -0.75 ][-0.81  -1.098  0.86   0.73  -0.57   0.97   0.08   0.33  -0.96   0.78
 -0.04   0.55   0.25  -0.68   0.334  0.78  -0.53  -0.828  0.87  -0.86
  0.7    0.58   0.16   0.31   0.87  -0.276 -0.782 -0.65  -0.85  -0.46
  0.73   0.94  -0.65   0.12   0.86   0.521  0.77  -0.73  -0.48  -0.29
 -0.16   0.577  0.59   0.721 -0.6    0.27  -0.27   0.46  -0.93   0.02
 -0.66  -0.32   0.24  -0.04  -0.92   0.6    0.42   0.7   -0.17  -0.06
 -0.65   0.68   0.12   0.59  -0.103  0.3    0.04   0.2   -0.58   0.77
  0.08  -0.18   0.46  -0.44  -0.32   0.51   0.86   0.9    0.52  -0.7
  0.23   0.71  -0.05   0.48   0.65   0.95  -0.36   0.87   0.26  -0.75 ][-0.81  -1.098  0.86   0.73  -0.57   0.97  -0.579  0.33  -0.96   0.78
 -0.04   0.55   0.25  -0.68   0.334  0.225 -0.53  -0.828  0.87  -0.63
  0.476  1.115  0.16   0.31   0.87  -0.16  -0.09  -1.514 -0.85  -1.056
  0.73   1.823 -0.65   0.12   0.86   0.126  0.77  -0.73  -0.48  -0.29
 -0.16   0.577  0.59   0.31  -0.6    0.27  -0.27   0.46  -0.93   0.02
 -0.66  -0.32   0.24  -0.04  -0.92   0.6    0.42   0.7   -0.17  -0.06
 -0.747  0.68   0.12   0.59  -0.08   0.3    0.04   0.2   -0.58   0.77
  0.08  -0.18   0.46  -0.44  -0.32   0.51   0.86   0.9    0.52  -0.7
  0.23   0.71  -0.05   0.48   0.65   0.95  -0.36   0.87   0.26  -0.75 ][-0.81  -1.098  0.86   0.73  -0.57   0.97   0.08   0.33  -0.96   0.78
 -0.04   0.55   0.25  -1.219  0.55   0.225 -0.53  -0.828  0.87  -0.86
  0.476  0.58   0.16   0.31   0.87  -0.16  -0.09  -1.347 -0.85  -0.327
  0.73   0.94  -0.65   0.12   0.86   0.521  0.77  -0.73  -0.48  -0.29
 -0.16   0.577  0.59   0.31  -0.6    0.27  -0.27   0.46  -0.93   0.02
 -0.66  -0.32   0.24  -0.04  -0.92   0.6    0.42   0.7   -0.17  -0.06
 -0.65   0.68   0.12   0.59  -0.08   0.3    0.04   0.2   -0.58   0.77
  0.08  -0.18   0.46  -0.44  -0.32   0.51   0.86   0.9    0.52  -0.7
  0.23   0.71  -0.05   0.48   0.65   0.95  -0.36   0.87   0.26  -0.75 ][-0.81  -1.098  1.787  0.73  -0.57   0.97   0.08   0.33  -0.96   0.78
 -0.04   0.55   0.25  -0.68   0.55   0.225 -0.53  -0.828  1.323 -0.86
  0.7    0.58   0.16   0.31   0.102 -0.16  -0.09  -0.65  -0.85  -0.327
  0.73   0.94  -0.65   0.12   0.86   0.126  0.77  -0.73  -0.48  -0.29
 -0.16   0.577  0.59   0.31  -0.6    0.27  -0.27   0.46  -0.93   0.02
 -0.66  -0.32   0.24  -0.533 -0.92   0.6    0.42   0.7   -0.17  -0.06
 -0.65   0.68   0.12   0.59  -0.08   0.3    0.04   0.2   -0.58   0.77
  0.08  -0.18   0.46  -0.44  -0.32   0.51   0.86   0.133  0.52  -0.7
  0.23   0.71  -0.05   0.48   0.65   0.95  -0.36   0.87   0.26  -0.75 ][-0.81  -1.098  0.86   0.73  -0.57   0.97  -0.579  1.2   -0.96   0.78
 -0.04   0.55   0.25  -1.219  0.55   0.78  -0.53  -0.828  0.35  -0.86
  0.7   -0.21   0.16   0.31   0.87  -0.16  -0.09  -0.65  -0.85  -0.46
  0.73   1.823 -0.65   0.12   0.97   0.126  0.77  -0.73  -0.48  -0.29
 -0.16   0.577  0.59   0.31  -0.6    0.27  -0.27   0.46  -0.93   0.02
 -0.66  -0.641  0.24  -0.04  -0.92   0.6    0.42   0.7   -0.17  -0.06
 -0.65   0.68   0.12   0.59  -0.08   0.3    0.04   0.2   -0.58   0.77
  0.08  -0.18   0.46  -0.44  -0.32   0.51   0.86   0.9    0.52  -0.7
  0.23   0.71  -0.05   0.48   0.65   0.95  -0.36   0.87   0.26  -0.75 ][-0.81  -1.098  0.86   0.73  -0.57   0.97  -0.579  0.33  -0.96   0.78
 -0.04   0.55   0.25  -0.68   0.55   0.78  -0.53  -0.828  0.87  -0.86
  0.7   -0.21   0.16   0.31   0.87  -0.276 -0.09  -0.65  -0.85  -0.46
  1.509  0.94  -0.65   0.12   0.86   0.521  0.77  -0.599 -0.48  -0.29
 -0.16   0.577  0.59   0.31  -0.6    0.27  -0.27   0.46  -0.93   0.02
 -0.66  -0.32   0.24  -0.04  -0.92   0.6    0.42   0.7   -0.17  -0.06
 -0.65   0.68   0.12   0.59  -0.103  0.3    0.04  -0.052 -0.58   0.77
  0.08  -0.18   0.46  -0.44  -0.32   0.51   0.86   0.9    0.52  -0.7
  0.23   0.71  -0.05   0.48   0.65   0.95  -0.36   0.87   0.26  -0.75 ][-0.81  -1.098  1.787  0.73  -0.57   0.149 -0.579  0.33  -0.96   0.78
 -0.04   0.55   0.25  -0.68   0.55   0.225 -0.53  -0.828  0.87  -0.86
  0.7    0.58   0.16   0.31   0.87  -0.16  -0.09  -0.65  -0.85  -0.327
  0.73   0.94  -0.65   0.12   0.86   0.126  0.77  -0.599 -0.48  -0.29
 -0.16   0.577  0.59   0.31  -0.6    0.27  -0.27   0.46  -0.93   0.02
 -0.66  -0.32   0.24  -0.533 -0.92   0.6    0.05   0.7   -0.17  -0.06
 -0.65   0.68   0.12   0.59  -0.08   0.3    0.04  -0.052 -0.58   0.77
  0.08  -0.18   0.46  -0.44  -0.32   0.51   0.86   0.9    0.52  -0.7
  0.23   0.71  -0.05   0.48   0.65   0.95  -0.36   0.87   0.26  -0.75 ][-0.81  -1.098  0.86   0.73  -0.57   0.97   0.08   0.33  -1.709  0.78
 -0.04   0.55   0.25  -0.68   0.55   0.86  -0.53  -0.422  0.87  -0.86
  0.476  0.58   0.16   0.31   0.87  -0.16  -0.09  -0.303 -0.85  -0.027
  0.73   0.94  -0.65   0.12   0.86   0.521  0.77  -1.463 -0.48  -0.29
 -0.16   0.577  0.59   0.31  -0.6    0.27  -0.27   0.46  -1.75   0.02
 -0.66  -0.32   0.24  -0.04  -0.92   0.6    0.42   0.7   -0.17  -0.06
 -0.65   0.68   0.12   0.59  -0.08   0.3    0.04   0.2    0.62   0.77
  0.08  -0.18   0.46  -0.44  -0.32   0.51   0.86   0.9    0.52  -0.58
  0.23   0.71  -0.05   0.48   0.65   0.95  -0.36   0.87   0.076 -0.75 ][-0.81  -1.098  0.86   0.73  -0.57   0.97   0.08   0.33  -1.709  0.78
 -0.04   0.55   0.25  -0.68   0.55   0.78  -0.53  -0.422  0.87  -0.86
  0.476  0.58   0.16   0.31   0.87  -0.16  -0.09  -0.65  -0.85  -0.027
  0.73   0.94  -0.928  0.12   0.86   0.521  0.77  -0.599 -0.48  -0.29
 -0.16   0.577  0.59   0.31  -0.6    0.27  -0.27   0.46  -1.75   0.02
 -0.66  -0.32   0.24  -0.04  -0.92   0.6    0.42   0.7   -0.17  -0.06
 -0.747  0.68   0.12   0.59  -0.103  0.3    0.04   0.2   -0.58   0.77
  0.08  -0.18   0.46  -0.44  -0.474  0.51   0.86   0.9    0.52  -0.58
  0.23   0.71  -0.05   0.48   0.65   0.95  -0.36   0.87   0.26  -0.75 ][-0.81  -1.098  0.86   0.73  -0.57   0.97  -0.579  0.33  -0.96   0.78
 -0.04   0.55   0.25  -0.68   0.55   0.86  -0.53  -0.828  0.87  -0.86
  0.476  1.115  0.16   0.31   0.87  -0.16  -0.09  -1.514 -0.85  -0.251
  0.73   0.94  -0.65   0.12   0.86   0.126  0.77  -0.73  -0.48  -0.29
 -0.16   0.577  0.59   0.31  -0.6    0.27  -0.27   0.46  -0.93   0.02
 -0.66  -0.32   0.24  -0.04  -0.92   0.6    0.42   0.7   -0.17  -0.06
 -0.747  0.68   0.12   0.59  -0.08   0.3    0.04   0.2    0.517  0.77
  0.08  -0.18   0.46  -0.44  -0.474  0.51   0.86   0.9    0.52  -0.7
  0.23   0.71  -0.05   0.48   0.65   0.95  -0.36   0.87   0.076 -0.75 ][-1.386 -1.098  0.86   0.73  -0.57   0.97   0.08   0.33  -0.96   0.78
 -0.04   0.55   0.25  -0.68   0.55   0.78  -0.53  -0.828  0.87  -0.86
  0.7   -0.21   0.16   0.31   0.87  -0.276 -0.09  -0.65  -0.85  -0.46
  0.73   0.94  -0.65   0.12   0.86   0.126  0.77  -0.599 -0.48  -0.29
 -0.16   0.577  0.59   0.31  -0.6    0.27  -0.27   0.46  -0.93   0.02
 -0.66  -0.32   0.24  -0.533 -0.92   0.6    0.42   0.7   -0.17  -0.06
 -0.65   0.68   0.12   0.59  -0.08   0.3    0.04   0.2   -0.58   0.77
  0.08  -0.18   0.46  -0.44  -0.32   0.51   0.86   0.9    0.52  -0.7
  0.23   0.71  -0.05   0.48   0.65   0.95  -0.36   0.87   0.26  -0.75 ][-0.81  -1.098  0.86   0.73  -0.57   0.97   0.08   0.33  -0.96   0.78
 -0.04   0.55   0.25  -1.219  0.55   0.225 -0.53  -0.34   1.323 -0.86
  0.7   -0.21   0.16   0.31   0.102 -0.16  -0.09  -0.65  -0.85  -0.46
  0.73   0.94  -0.65   0.12   0.86   0.56   0.77  -1.06  -0.48  -0.29
 -0.16   0.577  0.59   0.31  -0.6    0.27  -0.27   0.46  -1.75   0.02
 -0.66  -0.32  -0.253 -0.533 -0.92   0.6    0.42   0.7   -0.17  -0.06
 -0.65   0.68   0.12   0.59  -0.08   0.3    0.04   0.157 -0.58   0.77
  0.08  -0.18   0.46  -0.44  -0.32   0.51   0.86   0.9    0.52  -0.7
  0.23   0.71  -0.05   0.48   0.65   0.95  -0.36   0.87   0.26  -0.75 ][-0.81  -1.098  0.86   0.73  -0.57   0.97   0.08   1.2   -0.96   0.78
 -0.04   0.55   0.25  -0.68   0.55   0.225 -0.53  -0.34   1.323 -0.86
  0.7    0.58   0.16   0.31   0.87  -0.16  -0.09  -0.65  -0.85  -0.46
  0.73   1.823 -0.65   0.12   0.86   0.126  0.77  -1.06  -0.48  -0.29
 -0.16   0.577  0.59   0.31  -0.6    0.27  -0.27   0.46  -0.93   0.02
 -0.66  -0.641 -0.253 -0.533 -0.92   0.6    0.42   0.7   -0.17  -0.06
 -0.65   0.68   0.12   0.59  -0.08   0.3    0.04   0.2   -0.58   0.77
  0.08  -0.18   0.46  -0.44  -0.32   0.51   0.86   0.9    0.52  -0.7
  0.23   0.71  -0.05   0.48   0.65   0.95  -0.36   0.87   0.428 -0.75 ][-0.81  -1.098  0.86   0.73  -0.57   0.97   0.08   0.33  -0.96   0.78
 -0.04   0.482  0.25  -0.68   0.55   0.225 -0.53  -0.828  0.87  -0.86
  0.7    0.58   0.16   0.31   0.87  -0.16  -0.09  -0.65  -0.85  -1.056
  0.73   0.94  -0.65   0.12   0.86   0.521  0.77  -0.599 -0.48  -0.29
 -0.16   0.577  0.59   0.31  -0.6    0.27  -0.27   0.46  -0.93   0.02
 -0.66  -0.32   0.24  -0.04  -0.92   0.6    0.42   0.7   -0.17  -0.06
 -0.65   0.68   0.12   0.59  -0.08   0.3    0.04   0.2   -0.58   0.77
 -0.263 -0.18   0.46  -0.44  -0.32   0.51   0.86   0.9    0.52  -0.58
  0.23   0.71  -0.05   0.48   0.65   0.95  -0.36   0.87   0.26  -0.75 ][-0.81  -1.098  1.787  0.73  -0.57   0.97  -0.579  0.672 -0.96   0.78
 -0.04   0.55   0.25  -0.68   0.55   0.78  -0.53  -0.828  0.87  -0.86
  0.7    0.58   0.16   0.31   0.87  -0.16  -0.09  -0.65  -0.85  -1.056
  0.73   1.823 -0.65   0.12   0.86   0.126  0.77  -0.599 -0.48  -0.29
 -0.16   0.577  0.59   0.31  -0.6    0.27  -0.27   0.46  -0.93   0.02
 -0.66  -0.32   0.24  -0.04  -0.92   0.6    0.42   0.7   -0.17  -0.06
 -0.65   0.68   0.12   0.59  -0.08   0.3    0.04   0.2   -0.58   0.77
  0.08  -0.18   0.46  -0.44  -0.32   0.51   0.86   0.9    0.52  -0.7
  0.23   0.71  -0.05   0.48   0.65   0.95  -0.36   0.87   0.26  -0.75 ][-0.81  -1.098  1.787  0.73  -0.57   0.97   0.08   0.33  -0.96   0.78
 -0.04   0.55   0.25  -0.68   0.334  0.78  -0.53  -0.828  0.87  -0.86
  0.7   -0.21   0.16   0.391  0.87  -0.16  -0.09  -0.65  -0.85  -0.327
  0.73   0.94  -0.65   0.12   0.86   0.419  0.77  -0.73  -0.48  -0.29
 -0.16   0.577  0.59   1.068 -0.6    0.27  -0.27   0.46  -0.93   0.02
 -0.66  -0.32   0.24  -0.04  -0.92   0.6    0.42   0.7   -0.17  -0.06
 -0.65   0.68   0.12   0.59  -0.08   0.3    0.04   0.2    0.62   0.77
  0.08  -0.18   0.46  -0.44  -0.32   0.51   0.86   0.9    0.52  -0.58
  0.23   0.71  -0.05   0.48   0.65   0.95  -0.36   0.87   0.26  -0.75 ][-0.81  -1.098  0.86   0.73  -0.57   0.97   0.08   0.33  -0.96   0.78
 -0.04   0.55   0.25  -0.68   0.55   0.225 -0.53  -0.828  0.87  -0.86
  0.7    0.58   0.16   0.31   0.87  -0.16  -0.09  -0.65  -0.85  -0.46
  0.73   0.94  -0.65   0.12   0.86   0.521 -0.017 -0.599 -0.48  -0.29
 -0.16   0.577  0.59   0.31  -0.6    0.27  -0.27   0.46  -0.93   0.02
 -0.66  -0.32   0.24  -0.533 -0.92   0.6    0.42   0.7   -0.17  -0.06
 -0.65   0.68   0.12   0.59  -0.08   0.3    0.04   0.2   -0.58   0.77
  0.08  -0.18   0.46  -0.44  -0.32   0.51   0.86   0.9    0.52  -0.7
  0.23   0.71  -0.05   0.48   0.65   0.95  -0.36   0.87   0.26  -0.75 ][-0.81  -1.098  0.86   0.73  -0.57   0.97   0.08   0.33  -0.96   0.78
 -0.04   0.55   0.25  -0.68   0.55   0.78  -0.53  -0.828  0.87  -0.86
  0.7   -0.21   0.16   0.31   0.87  -0.16  -0.09  -0.65  -0.85  -0.327
  0.73   0.94  -0.65   0.12   0.86   0.419  0.77  -1.358 -0.48  -0.29
 -0.16   0.577  0.59   0.31  -0.6    0.27  -0.27   0.46  -0.93   0.02
 -0.66  -0.32   0.24  -0.533 -0.92   0.6    0.42   0.7   -0.17  -0.06
 -0.65   0.68   0.12   0.59  -0.08   0.3    0.04   0.2    0.62   0.77
  0.08  -0.18   0.46  -0.44  -0.32   0.51   0.86   0.9    0.52  -0.7
  0.23   0.71  -0.05   0.48   0.65   0.95  -0.36   0.87   0.26  -0.75 ][-0.81  -1.098  0.86   0.73  -0.57   0.97   0.08   0.33  -0.96   0.78
 -0.04   0.55   0.25  -1.219  0.55   0.225 -0.53  -0.828  0.87  -0.86
  0.7   -0.21   0.16   0.31   0.87  -0.16  -0.09  -1.514 -0.85  -0.46
  0.73   0.94  -0.65   0.12   0.86   0.126  0.77  -1.463 -0.48  -0.29
 -0.16   0.577  0.59   0.31  -0.6    0.27  -0.27   0.46  -0.93   0.02
 -0.66  -0.32   0.24  -0.533 -0.92   0.6    0.42  -0.022 -0.17  -0.06
 -0.65   0.68   0.12   0.59  -0.08   0.3    0.04   0.2   -0.58   0.77
  0.08  -0.18   0.46  -0.44  -0.32   0.51   0.86   0.9    0.52  -0.7
  0.707  0.71  -0.05   0.48   0.65   0.95  -0.36   0.87   0.26  -0.75 ][-0.81  -1.098  1.787  0.73  -0.57   0.034  0.08   0.33  -0.96   0.78
 -0.04   0.55   0.25  -0.68   0.334  0.225 -0.53  -0.828  0.87  -0.86
  0.7    0.58   0.16   0.31   0.87  -0.16  -0.09  -0.65  -0.85  -0.327
  0.73   0.94  -0.65   0.12   0.86   0.126  0.77  -0.599 -0.48  -0.29
 -0.16   0.577  0.59   0.31  -0.6    0.27  -0.27   0.46  -0.93   0.02
 -1.113 -0.32   0.24  -0.533 -0.92   0.6    0.42   0.7   -0.17  -0.06
 -0.65   0.705  0.12   0.59  -0.08   0.3    0.04   0.2   -0.58   0.77
  0.08  -0.18   0.46  -0.44  -0.32   0.51   0.86   0.9    0.52  -0.7
  0.23   0.71  -0.05   0.48   0.65   0.95  -0.36   0.87   0.26  -0.75 ][-0.81  -1.098  1.844  0.73  -0.57   0.97   0.08   0.33  -0.96   0.78
 -0.04   0.55   0.25  -0.707  0.55   0.78  -0.53  -0.422  0.87  -0.86
  0.476  0.58   0.16   0.31   0.87  -0.16  -0.09  -0.65  -0.85  -0.46
  0.73   0.94  -0.65   0.12   0.86   0.521  0.77  -0.599 -0.48  -0.29
 -0.16   0.23   0.59   0.31  -0.6    0.27  -0.27   0.46  -0.93   0.02
 -0.66  -0.32   0.24  -0.04  -0.92   0.6    0.42   0.7   -0.17  -0.06
 -0.747  0.68   0.12   0.59  -0.103  0.3    0.04   0.2   -0.58   0.77
  0.08  -0.18   0.46  -0.44  -0.32   0.51   0.86   0.9    0.52  -0.7
  0.23   0.71  -0.05   0.48   0.65   0.95  -0.36   0.87   0.26  -0.75 ][-0.81  -1.098  0.86   0.73  -0.57   0.97   0.08   0.33  -1.709  0.78
 -0.04   0.55  -0.456 -0.68   0.55   0.86  -0.53  -0.34   0.87  -0.86
  0.476  0.58   0.16   0.31   0.87  -0.16  -0.09  -1.514 -0.85  -0.251
  0.73   0.94  -0.65   0.12   0.86   0.521  0.77  -0.73  -0.48  -0.29
 -0.16   0.577  0.59   0.31  -0.6    0.27  -0.27   0.46  -0.93   0.02
 -0.66  -0.32  -0.253 -0.533 -0.92   0.6    0.42   0.7   -0.17  -0.06
 -0.65   0.68   0.12   0.59  -0.08   0.3    0.04   0.2    0.62   0.77
  0.08  -0.18   0.46  -0.44  -0.32   0.51   0.86   0.9    0.52  -0.58
  0.23   0.71  -0.05   0.48   0.65   0.95  -0.36   0.87   0.076 -0.75 ][-0.81  -1.098  0.86   0.73  -0.57   0.97   0.08   0.33  -1.709  0.78
 -0.981  0.55   0.25  -0.68   0.55   0.225 -0.53  -0.422  0.87  -0.86
  0.476  0.58   0.16   0.31   0.87  -0.16  -0.09  -1.514 -0.85  -0.327
  0.73   0.94  -0.65   0.12   0.86   0.521  0.77  -1.463 -0.48  -0.29
 -0.16   0.577  0.59   0.31  -0.6    0.27  -0.27   0.46  -0.93   0.02
 -0.66  -0.32   0.24  -0.04  -0.92   0.6    0.42   0.7   -0.17  -0.06
 -0.65   0.68   0.12   0.59  -0.08   0.3    0.04   0.2   -0.58   0.77
  0.08  -0.18   0.46  -0.44  -0.32   0.51   0.86   0.9    0.52  -0.7
  0.23   0.71  -0.05   0.48   0.65   0.95  -0.36   0.87   0.26  -0.75 ][-0.81  -1.098  0.86   0.73  -0.57   0.97   0.178  0.33  -0.96   0.78
 -0.04   0.55   0.25  -0.68   0.55   0.225 -0.53  -0.828  1.385 -0.86
  0.7    0.58   0.16   0.31   0.87  -0.16  -0.09  -0.65  -0.85  -0.46
  0.73   1.823 -0.65   0.12   0.86   0.126  0.77  -0.599 -0.48  -0.29
 -0.16   0.577  0.59   0.31  -0.6    0.27  -0.27   0.46  -0.93   0.02
 -0.66  -0.32   0.24  -0.04  -0.92   0.6    0.42   0.7   -0.17  -0.06
 -0.65   0.68   0.12   0.59  -0.08   0.3    0.04   0.2   -0.58   0.77
  0.08  -0.18   0.46  -0.44  -0.32   0.51   0.86   0.9    0.52  -0.7
  0.23   0.71  -0.05   0.48   0.65   0.95  -0.36   0.87   0.26  -0.75 ]