[-8.1000000e-01  3.2000000e-01  5.3000000e-01  7.3000000e-01
 -5.7000000e-01  9.7000000e-01  4.8000000e-01 -3.8000000e-01
 -9.6000000e-01  7.8000000e-01 -4.0000000e-02  5.5000000e-01
  2.5000000e-01 -6.8000000e-01  5.5000000e-01  7.8000000e-01
 -5.3000000e-01  6.9000000e-01  3.5000000e-01 -8.6000000e-01
  7.0000000e-01  8.8817842e-16  1.6000000e-01  3.1000000e-01
  8.7000000e-01  4.4000000e-01 -9.0000000e-02 -6.5000000e-01
  3.0000000e-02 -4.6000000e-01  7.3000000e-01  4.0000000e-01
 -6.5000000e-01  1.2000000e-01  8.6000000e-01  5.6000000e-01
  7.7000000e-01 -7.3000000e-01 -4.8000000e-01 -2.9000000e-01
 -1.6000000e-01  2.3000000e-01  5.9000000e-01  3.1000000e-01
 -6.0000000e-01  2.7000000e-01 -8.3000000e-01  4.6000000e-01
 -9.3000000e-01  4.3000000e-01 -6.6000000e-01 -7.4000000e-01
  2.4000000e-01  5.6000000e-01 -7.4000000e-01  6.0000000e-01
  4.2000000e-01  7.0000000e-01 -1.7000000e-01 -6.0000000e-02
 -6.5000000e-01  6.8000000e-01  1.2000000e-01  5.9000000e-01
 -8.0000000e-02 -1.7000000e-01  4.0000000e-02  2.0000000e-01
  6.2000000e-01  7.7000000e-01 -1.8000000e-01 -3.0000000e-01
  4.6000000e-01 -4.4000000e-01 -3.2000000e-01  5.1000000e-01
  8.6000000e-01  1.8000000e-01  5.2000000e-01 -7.0000000e-01
  2.3000000e-01  7.1000000e-01 -5.0000000e-02  4.8000000e-01
  6.5000000e-01  9.5000000e-01 -3.6000000e-01  8.7000000e-01
  2.6000000e-01 -7.5000000e-01], 54832005120, 596584398.6266667, 36, 1.3466666666666667