[ 2.6000000e-01 -6.0000000e-01  8.0000000e-02 -2.6000000e-01
 -6.9000000e-01  1.7000000e-01  4.1000000e-01 -4.3000000e-01
 -3.4000000e-01  8.2000000e-01  7.2000000e-01 -6.8000000e-01
  9.2000000e-01 -8.2000000e-01  7.9000000e-01  9.9000000e-01
 -8.7000000e-01  8.8817842e-16  7.6000000e-01  5.0000000e-02
 -8.0000000e-02  4.3000000e-01 -7.3000000e-01  1.7000000e-01
 -3.2000000e-01 -9.2000000e-01  7.3000000e-01 -2.8000000e-01
  5.1000000e-01  8.8817842e-16 -6.2000000e-01  4.2000000e-01
  3.6000000e-01 -4.5000000e-01 -2.7000000e-01  6.1000000e-01
  4.8000000e-01 -5.3000000e-01  6.5000000e-01  2.9000000e-01
 -2.0000000e-02 -5.7000000e-01  1.0000000e-01  3.0000000e-01
 -7.5000000e-01  5.4000000e-01  5.0000000e-01 -1.9000000e-01
  7.3000000e-01 -8.5000000e-01  5.2000000e-01 -2.6000000e-01
 -1.6000000e-01 -2.4000000e-01 -4.5000000e-01 -6.6000000e-01
 -9.8000000e-01 -9.8000000e-01  5.8000000e-01  8.5000000e-01
  1.5000000e-01 -3.0000000e-01  4.6000000e-01  2.0000000e-02
 -6.2000000e-01  7.6000000e-01 -8.1000000e-01 -3.8000000e-01
 -5.5000000e-01 -5.1000000e-01  6.2000000e-01  9.3000000e-01
 -3.0000000e-02  7.2000000e-01  4.8000000e-01  2.8000000e-01
 -4.8000000e-01  5.6000000e-01  2.0000000e-01  2.0000000e-01
 -1.2000000e-01 -1.4000000e-01  9.4000000e-01 -6.5000000e-01
 -2.3000000e-01  3.2000000e-01  1.3000000e-01  7.0000000e-02
  2.0000000e-01  1.3000000e-01], 4142039040, 83269087.13333334, 16, 1.3466666666666667