[ 4.7000000e-01  7.5000000e-01  7.5000000e-01  6.0000000e-02
 -9.6000000e-01  8.1000000e-01 -9.7000000e-01  1.2000000e-01
 -4.5000000e-01 -1.8000000e-01  2.7000000e-01 -2.3000000e-01
 -2.0000000e-02 -7.8000000e-01  3.9000000e-01  1.4000000e-01
  7.9000000e-01 -1.1000000e-01  6.9000000e-01 -6.8000000e-01
 -7.0000000e-02 -6.6000000e-01  5.0000000e-02 -3.0000000e-02
  7.9000000e-01 -7.4000000e-01 -7.2000000e-01 -3.5000000e-01
  3.7000000e-01 -4.0000000e-02  9.5000000e-01 -3.3000000e-01
 -9.8000000e-01 -7.0000000e-02 -7.2000000e-01  3.9000000e-01
 -1.5000000e-01 -8.1000000e-01  7.1000000e-01  8.8817842e-16
  3.0000000e-02  3.0000000e-01 -1.0000000e-01  4.7000000e-01
 -8.0000000e-01 -7.0000000e-01 -1.3060000e+00 -2.8000000e-01
 -4.3000000e-01 -5.5000000e-01  6.5000000e-01  8.1000000e-01
  6.4000000e-01 -8.8000000e-01  4.0000000e-02  3.1000000e-01
 -4.4000000e-01  1.5000000e-01 -6.9000000e-01 -4.3000000e-01
  6.6000000e-01  2.1000000e-01  1.7000000e-01 -6.2000000e-01
  4.6000000e-01  9.3000000e-01 -7.7000000e-01 -1.3000000e-01
 -1.1000000e-01 -1.6000000e-01  8.0000000e-01  9.0000000e-02
  4.4000000e-01  1.8000000e-01 -2.5000000e-01  1.8000000e-01
  4.6000000e-01 -9.8000000e-01 -7.1000000e-01 -6.0000000e-01
 -7.5000000e-01 -3.4000000e-01 -6.2000000e-01 -7.1000000e-01
 -5.5000000e-01 -2.6000000e-01 -1.3000000e-01 -2.8000000e-01
  5.3000000e-01 -8.8000000e-01][ 2.6000000e-01 -6.0000000e-01  8.0000000e-02 -2.6000000e-01
 -6.9000000e-01  1.7000000e-01  4.1000000e-01 -4.3000000e-01
 -3.4000000e-01  8.2000000e-01  7.2000000e-01 -6.8000000e-01
  9.2000000e-01 -8.2000000e-01  7.9000000e-01  9.9000000e-01
 -8.7000000e-01  8.8817842e-16  7.6000000e-01  5.0000000e-02
 -8.0000000e-02  4.3000000e-01 -7.3000000e-01  1.7000000e-01
 -3.2000000e-01 -9.2000000e-01  7.3000000e-01 -2.8000000e-01
  5.1000000e-01  8.8817842e-16 -6.2000000e-01  4.2000000e-01
  3.6000000e-01 -4.5000000e-01 -2.7000000e-01  6.1000000e-01
  4.8000000e-01 -5.3000000e-01  6.5000000e-01  2.9000000e-01
 -2.0000000e-02 -5.7000000e-01  1.0000000e-01  3.0000000e-01
 -7.5000000e-01  5.4000000e-01  5.0000000e-01 -1.9000000e-01
  7.3000000e-01 -8.5000000e-01  5.2000000e-01 -2.6000000e-01
 -1.6000000e-01 -2.4000000e-01 -4.5000000e-01 -6.6000000e-01
 -9.8000000e-01 -9.8000000e-01  5.8000000e-01  8.5000000e-01
  1.5000000e-01 -3.0000000e-01  4.6000000e-01  2.0000000e-02
 -6.2000000e-01  7.6000000e-01 -8.1000000e-01 -3.8000000e-01
 -5.5000000e-01 -5.1000000e-01  6.2000000e-01  9.3000000e-01
 -3.0000000e-02  7.2000000e-01  4.8000000e-01  2.8000000e-01
 -4.8000000e-01  5.6000000e-01  2.0000000e-01  2.0000000e-01
 -1.2000000e-01 -1.4000000e-01  9.4000000e-01 -6.5000000e-01
 -2.3000000e-01  3.2000000e-01  1.3000000e-01  7.0000000e-02
  2.0000000e-01  1.3000000e-01][-7.8000000e-01  6.2000000e-01  8.0000000e-02 -2.6000000e-01
  2.2000000e-01  1.7000000e-01  4.1000000e-01 -4.3000000e-01
 -1.0000000e-02  8.2000000e-01 -2.3900000e-01 -7.5000000e-01
  9.2000000e-01 -9.4000000e-01  7.9000000e-01  5.0000000e-02
  7.0000000e-02  8.8817842e-16  7.2000000e-01  7.7000000e-01
 -8.0000000e-02  4.3000000e-01  7.5000000e-01 -8.9000000e-01
  8.0000000e-01  5.7000000e-01  3.1000000e-01  5.7000000e-01
  5.1000000e-01  5.3000000e-01 -6.2000000e-01  4.2000000e-01
  1.7000000e-01  1.3000000e-01 -2.8000000e-01 -7.5000000e-01
  8.4000000e-01  5.4000000e-01 -7.6000000e-01  6.1000000e-01
 -2.0000000e-02 -5.7000000e-01  1.0000000e-01 -6.7000000e-01
 -4.0000000e-01  5.4000000e-01  5.0000000e-01 -3.2000000e-01
 -2.2000000e-01 -1.8000000e-01 -5.0000000e-01 -2.6000000e-01
 -2.7000000e-01 -2.4000000e-01 -8.5000000e-01 -6.6000000e-01
 -9.8000000e-01 -9.8000000e-01  5.8000000e-01 -7.9000000e-01
 -8.2000000e-01 -3.0000000e-01  4.6000000e-01 -5.7000000e-01
 -6.2000000e-01  2.0000000e-01 -8.1000000e-01 -3.8000000e-01
 -5.5000000e-01 -9.9000000e-01  9.6000000e-01  4.8000000e-01
 -3.0000000e-02  7.2000000e-01  4.8000000e-01  2.8000000e-01
 -4.8000000e-01  5.6000000e-01 -2.0000000e-02  2.0000000e-01
 -1.2000000e-01 -1.4000000e-01 -3.6000000e-01  8.7000000e-01
 -2.3000000e-01 -8.5000000e-01  1.3000000e-01  7.0000000e-02
  2.0000000e-01  1.0000000e-02][ 2.6000000e-01  2.0000000e-01 -9.7000000e-01 -2.6000000e-01
 -6.9000000e-01  1.7000000e-01  4.1000000e-01 -4.3000000e-01
 -3.4000000e-01  9.3000000e-01  7.2000000e-01  7.4000000e-01
 -7.0000000e-02 -8.2000000e-01  7.9000000e-01  9.9000000e-01
 -8.7000000e-01  5.6000000e-01  7.6000000e-01  5.0000000e-02
 -9.1000000e-01  5.5000000e-01 -8.9000000e-01 -2.0000000e-01
  2.3000000e-01 -5.7000000e-01  7.3000000e-01  6.1000000e-01
 -2.7000000e-01  8.8817842e-16 -6.2000000e-01  4.2000000e-01
  3.6000000e-01 -4.5000000e-01 -2.7000000e-01  6.1000000e-01
  4.8000000e-01  1.1000000e-01  8.6000000e-01  3.8000000e-01
 -2.0000000e-02 -5.7000000e-01  1.0000000e-01  3.0000000e-01
 -3.5000000e-01 -7.0000000e-02  5.9000000e-01 -5.2600000e-01
  7.3000000e-01 -8.5000000e-01  5.2000000e-01 -2.6000000e-01
  7.5000000e-01 -2.4000000e-01 -4.5000000e-01  8.1000000e-01
 -3.1000000e-01 -9.8000000e-01 -7.1000000e-01 -9.0000000e-02
  6.0000000e-02 -3.0000000e-01  7.7000000e-01 -1.7000000e-01
 -2.2000000e-01  7.6000000e-01 -8.1000000e-01 -3.8000000e-01
 -6.9000000e-01 -7.2000000e-01  6.2000000e-01  9.3000000e-01
 -3.0000000e-02  5.8000000e-01  3.8000000e-01  1.5000000e-01
 -5.0000000e-02 -9.3000000e-01  2.0000000e-01 -6.8000000e-01
 -6.8000000e-01 -9.1000000e-01  9.4000000e-01  1.0000000e-02
 -2.3000000e-01  5.5000000e-01  1.3000000e-01  7.0000000e-02
  3.4000000e-01  3.0000000e-01][ 2.6000000e-01 -6.0000000e-01 -9.7000000e-01  2.5000000e-01
 -7.8000000e-01  1.7000000e-01 -8.3000000e-01 -4.0000000e-02
  6.0000000e-02  8.2000000e-01  7.2000000e-01  7.4000000e-01
  9.2000000e-01 -6.7000000e-01  8.9000000e-01  9.9000000e-01
 -8.7000000e-01  8.8817842e-16  4.0000000e-01 -2.2000000e-01
 -9.1000000e-01  4.3000000e-01 -8.9000000e-01  1.7000000e-01
 -3.2000000e-01 -9.2000000e-01  7.3000000e-01  6.1000000e-01
  5.1000000e-01 -3.5000000e-01  6.1000000e-01 -3.5000000e-01
  3.6000000e-01 -4.5000000e-01 -3.4000000e-01  6.1000000e-01
  4.8000000e-01  1.1000000e-01  6.5000000e-01  2.9000000e-01
 -2.0000000e-02  9.7000000e-01 -3.0000000e-01  3.0000000e-01
 -3.5000000e-01  5.4000000e-01  5.9000000e-01 -1.9000000e-01
  7.3000000e-01 -8.5000000e-01  5.2000000e-01 -2.6000000e-01
  7.5000000e-01 -2.4000000e-01 -4.5000000e-01 -6.6000000e-01
 -9.8000000e-01 -9.8000000e-01  5.8000000e-01 -9.0000000e-02
  6.0000000e-02  8.0000000e-02  7.7000000e-01  2.0000000e-02
 -6.2000000e-01  7.6000000e-01  3.5000000e-01 -7.9000000e-01
 -5.5000000e-01 -7.2000000e-01  6.2000000e-01  9.3000000e-01
 -3.0000000e-02  5.8000000e-01  3.8000000e-01  1.5000000e-01
 -5.0000000e-02 -9.3000000e-01  6.5000000e-01 -6.8000000e-01
 -6.8000000e-01 -9.1000000e-01 -8.4000000e-01  1.0000000e-02
 -4.3000000e-01  7.5200000e-01  7.1000000e-01 -4.3000000e-01
  2.0000000e-01  1.3000000e-01][ 2.6000000e-01 -6.0000000e-01  7.4000000e-01  9.7000000e-01
  2.2000000e-01  1.7000000e-01 -7.6000000e-01  3.0000000e-02
 -1.0000000e-02 -7.7000000e-01 -3.1000000e-01 -6.8000000e-01
  9.2000000e-01 -8.2000000e-01  9.1000000e-01  9.9000000e-01
  7.0000000e-02  7.6000000e-01  7.2000000e-01  7.7000000e-01
 -8.0000000e-02  4.3000000e-01 -7.3000000e-01  1.7000000e-01
 -3.2000000e-01 -9.2000000e-01  7.3000000e-01  5.7000000e-01
  1.7000000e-01  8.8817842e-16 -6.2000000e-01  4.2000000e-01
  3.6000000e-01  1.3000000e-01 -2.8000000e-01  6.1000000e-01
  4.8000000e-01  5.4000000e-01 -7.6000000e-01  6.1000000e-01
  8.8817842e-16 -5.7000000e-01 -4.0000000e-01 -6.7000000e-01
 -7.5000000e-01  9.3000000e-01  5.0000000e-01 -3.2000000e-01
 -2.2000000e-01 -8.5000000e-01 -5.0000000e-01 -2.6000000e-01
 -1.6000000e-01 -2.4000000e-01 -8.5000000e-01  5.5000000e-01
 -9.8000000e-01 -9.8000000e-01 -6.6000000e-01  8.5000000e-01
  1.5000000e-01 -3.0000000e-01 -6.1000000e-01  2.0000000e-02
 -6.2000000e-01  7.6000000e-01  8.6000000e-01  4.2000000e-01
  1.1000000e-01 -5.1000000e-01  9.6000000e-01  4.8000000e-01
 -3.0000000e-02  7.2000000e-01 -1.0000000e-01  2.8000000e-01
  1.0000000e-01 -8.0000000e-02 -2.0000000e-02  2.0000000e-01
 -5.8000000e-01 -1.4000000e-01 -3.6000000e-01  8.7000000e-01
  7.6000000e-01  3.2000000e-01 -4.0000000e-01  1.3170000e+00
 -1.8000000e-01  1.0000000e-02][ 7.3000000e-01  1.4000000e-01 -7.6000000e-01  2.1000000e-01
  8.1000000e-01 -7.2000000e-01 -8.4000000e-01  2.4000000e-01
  4.4000000e-01  2.7000000e-01  6.9000000e-01  3.9000000e-01
 -7.7000000e-01  9.4000000e-01 -9.8000000e-01 -2.9000000e-01
  4.8000000e-01 -1.2000000e-01  3.5000000e-01  6.5000000e-01
 -7.0000000e-01 -7.2000000e-01 -5.6000000e-01 -3.1000000e-01
  2.9000000e-01 -4.0000000e-01  6.5000000e-01  8.8817842e-16
 -7.1000000e-01 -8.5000000e-01  7.0000000e-01 -3.1000000e-01
 -9.4000000e-01  8.9000000e-01 -1.0000000e+00 -5.3000000e-01
 -6.6000000e-01 -9.6000000e-01  2.9000000e-01  8.7000000e-01
 -4.1000000e-01  1.8000000e-01 -4.4000000e-01 -9.9000000e-01
  3.5000000e-01 -5.0000000e-02  4.5000000e-01  9.4000000e-01
  6.2000000e-01 -2.4000000e-01 -4.5000000e-01 -4.0000000e-01
 -8.4000000e-01 -9.0000000e-01 -6.6000000e-01  3.2000000e-01
  1.5000000e-01 -2.0000000e-01  6.2000000e-01 -9.0000000e-02
  2.5000000e-01  8.7000000e-01 -3.3000000e-01 -1.5000000e-01
  1.8000000e-01 -3.9000000e-01 -7.1000000e-01  7.5000000e-01
  9.2000000e-01 -2.2000000e-01  6.4000000e-01 -1.6000000e-01
  6.4000000e-01 -3.6000000e-01  2.5000000e-01  6.8000000e-01
  2.1000000e-01  3.2000000e-01 -1.6000000e-01 -6.5000000e-01
  9.6000000e-01  3.4000000e-01 -7.1000000e-01  2.4000000e-01
 -1.0000000e-01 -7.8000000e-01 -5.1000000e-01  3.7000000e-01
  4.0000000e-01  7.8000000e-01][ 2.6000000e-01  6.2000000e-01  8.0000000e-02  9.7000000e-01
  2.2000000e-01  1.7000000e-01 -7.6000000e-01  3.0000000e-02
 -1.0000000e-02 -7.7000000e-01 -3.1000000e-01 -6.8000000e-01
 -9.0000000e-01 -8.2000000e-01  9.1000000e-01  5.0000000e-02
  7.0000000e-02  8.8817842e-16  7.6000000e-01  7.7000000e-01
  5.1000000e-01 -8.7000000e-01  7.5000000e-01 -8.9000000e-01
 -3.2000000e-01 -9.2000000e-01  7.3000000e-01 -2.8000000e-01
  5.1000000e-01  5.3000000e-01 -6.4000000e-01 -5.1000000e-01
  1.7000000e-01  1.3000000e-01 -2.8000000e-01  6.1000000e-01
  4.8000000e-01 -5.3000000e-01  6.5000000e-01  2.9000000e-01
  8.8817842e-16 -5.7000000e-01  1.0000000e-01  3.0000000e-01
 -4.0000000e-01  9.3000000e-01  5.0000000e-01 -1.9000000e-01
  7.3000000e-01 -9.3700000e-01 -5.0000000e-01 -2.6000000e-01
 -1.6000000e-01 -2.4000000e-01 -8.5000000e-01  5.5000000e-01
 -1.2000000e-01 -8.9000000e-01 -6.6000000e-01 -7.9000000e-01
  1.5000000e-01 -3.0000000e-01  4.6000000e-01 -5.7000000e-01
 -1.6000000e-01  7.6000000e-01  8.6000000e-01 -3.8000000e-01
  1.1000000e-01 -9.9000000e-01  6.2000000e-01  9.3000000e-01
 -6.2000000e-01  2.2000000e-01  4.8000000e-01  7.7000000e-01
 -4.8000000e-01  5.6000000e-01 -2.0000000e-02 -3.4000000e-01
 -1.2000000e-01 -1.4000000e-01 -3.6000000e-01 -6.5000000e-01
 -2.3000000e-01 -8.5000000e-01 -4.0000000e-01  7.0000000e-02
 -1.8000000e-01  1.3000000e-01][ 0.2  -0.32  0.26  0.58  0.75  0.65 -0.38 -0.02 -0.42  0.8   0.31 -0.9
 -0.72 -0.6  -0.91  0.04 -0.45 -0.77  0.57  0.39  0.17 -0.98  0.55 -0.39
 -0.77 -0.62  0.59 -0.95 -0.1   0.52  0.3   0.54  0.35  0.83  0.24 -0.58
 -0.76 -0.94 -0.1   0.01  0.56  0.81  0.3  -0.8   0.06 -0.13 -0.7   0.44
 -0.06  0.37 -0.54  0.77  0.19 -0.42  0.82  0.58 -0.85 -0.44  0.17 -0.16
  0.8  -0.01  0.94 -0.49 -0.31 -1.   -0.98  0.86  0.89  0.98  0.71  0.65
  0.93 -0.35  0.56  0.07  0.72  0.59  0.81  0.98  0.07 -0.75  0.31  0.14
  0.14  0.34 -0.2   0.6  -0.9   0.32][-2.9000000e-01 -6.0000000e-01 -9.7000000e-01  2.5000000e-01
 -7.8000000e-01 -3.0000000e-01  4.1000000e-01 -4.3000000e-01
  6.0000000e-02  9.3000000e-01  2.0000000e-01 -6.8000000e-01
 -7.0000000e-02 -8.2000000e-01  8.9000000e-01 -4.2000000e-01
 -8.7000000e-01  8.8817842e-16  7.6000000e-01  5.0000000e-02
 -8.0000000e-02  5.5000000e-01 -8.9000000e-01  1.7000000e-01
  2.3000000e-01 -9.2000000e-01  7.3000000e-01  6.1000000e-01
  1.4500000e+00 -3.5000000e-01 -6.2000000e-01  4.2000000e-01
  8.7000000e-01 -3.5000000e-01 -3.4000000e-01  6.1000000e-01
  4.8000000e-01  1.1000000e-01  8.6000000e-01  2.9000000e-01
 -2.0000000e-02 -5.7000000e-01 -3.0000000e-01  3.0000000e-01
 -3.5000000e-01  5.4000000e-01  5.9000000e-01 -1.9000000e-01
  7.3000000e-01  2.2000000e-01 -3.4000000e-01 -2.6000000e-01
  7.5000000e-01 -9.8000000e-01 -4.5000000e-01 -6.6000000e-01
 -3.1000000e-01  6.0000000e-01  5.8000000e-01 -9.0000000e-02
  6.0000000e-02  8.0000000e-02  7.7000000e-01  2.0000000e-02
 -6.2000000e-01  2.5000000e-01  3.5000000e-01 -7.9000000e-01
 -6.9000000e-01 -7.2000000e-01  2.0000000e-02  8.9000000e-01
 -3.0000000e-02  7.2000000e-01  3.8000000e-01  1.5000000e-01
 -4.8000000e-01  5.6000000e-01  2.0000000e-01 -6.8000000e-01
 -6.8000000e-01 -9.1000000e-01 -8.4000000e-01 -6.5000000e-01
 -2.3000000e-01  3.2000000e-01  1.3000000e-01 -4.3000000e-01
  3.4000000e-01  3.0000000e-01][ 0.26   0.2    0.08   0.25   0.22  -0.3   -0.76  -0.04   0.06   0.93
 -0.31  -0.68  -0.9   -0.82   0.89   0.05   0.85   0.56   0.76  -0.22
 -0.91   0.55  -0.89  -0.2   -0.32  -0.92   0.73  -0.28   0.51  -0.35
 -0.64  -0.51   0.87   0.13  -0.34  -0.79   0.48  -0.53   0.86   0.29
 -0.9    0.97  -0.3   -0.78  -0.35  -0.07   0.59  -0.19   0.58  -0.937
 -0.5    0.18  -0.16  -0.98  -0.48   0.81  -0.31   0.6   -0.71  -0.79
  0.06  -0.3    0.46  -0.17  -0.16   0.25   0.35  -0.38   0.11  -0.99
  0.62   0.93  -0.62   0.58   0.38   0.77  -0.48  -1.694  0.65  -0.68
 -0.68  -0.91  -0.84   0.01  -0.43   0.55   0.71  -0.43   0.34   0.13 ][-2.9000000e-01  6.2000000e-01  8.0000000e-02  9.7000000e-01
 -7.8000000e-01 -3.0000000e-01 -8.3000000e-01 -4.0000000e-02
  6.0000000e-02 -7.7000000e-01 -3.1000000e-01 -6.8000000e-01
 -7.0000000e-02 -8.2000000e-01  9.1000000e-01  5.0000000e-02
  8.5000000e-01  8.8817842e-16  4.0000000e-01  7.7000000e-01
  5.1000000e-01  5.5000000e-01  7.5000000e-01 -8.9000000e-01
  2.3000000e-01 -9.2000000e-01  4.0000000e-01 -2.8000000e-01
  5.1000000e-01  5.0000000e-02  6.1000000e-01 -3.5000000e-01
  8.7000000e-01 -3.5000000e-01 -3.4000000e-01  6.1000000e-01
  4.8000000e-01 -5.3000000e-01  8.6000000e-01  3.8000000e-01
  8.8817842e-16 -5.7000000e-01  1.0000000e-01 -7.8000000e-01
 -3.5000000e-01 -7.0000000e-02  5.0000000e-01 -2.0000000e-01
  7.3000000e-01  2.2000000e-01 -3.4000000e-01 -2.6000000e-01
 -1.6000000e-01 -9.8000000e-01 -4.8000000e-01  5.5000000e-01
 -3.1000000e-01 -8.9000000e-01 -6.6000000e-01 -7.9000000e-01
  6.0000000e-02 -3.0000000e-01  7.7000000e-01 -1.7000000e-01
 -1.6000000e-01  7.6000000e-01  3.5000000e-01 -7.9000000e-01
 -6.9000000e-01 -7.2000000e-01  2.0000000e-02  9.3000000e-01
 -6.2000000e-01  2.2000000e-01  3.8000000e-01  7.7000000e-01
 -4.8000000e-01  5.6000000e-01 -2.0000000e-02 -3.4000000e-01
 -6.8000000e-01 -9.1000000e-01 -8.4000000e-01  1.0000000e-02
 -2.3000000e-01 -8.5000000e-01  7.1000000e-01 -4.3000000e-01
 -1.8000000e-01  3.0000000e-01][-0.29  -0.6    0.08   0.25  -0.69   0.17  -0.83  -0.43  -0.34   0.93
  0.2    0.74  -0.07  -0.67   0.89  -0.42  -0.87   0.56   0.4   -0.22
 -0.91   0.55  -0.73  -0.2    0.23  -0.92   0.73   0.61  -0.27  -0.35
 -0.62   0.42   0.87  -0.45  -0.34   0.61   0.48   0.11   0.65   0.38
 -0.9    0.97  -0.3   -0.78  -0.75  -0.07   0.59  -0.19   0.73   0.22
 -0.34  -0.26  -0.16  -0.24  -0.45  -0.66  -0.31  -0.98   0.58  -0.09
  0.06  -0.3    0.77  -0.17  -0.22   0.76  -0.81  -0.38  -0.55  -0.72
  0.02   0.89  -0.03   0.72   0.38   0.15  -0.05  -0.93   0.2    0.2
 -0.68  -0.14  -0.84   0.01  -0.43   0.32   0.71   0.07   0.2   -0.633][-7.8000000e-01  6.2000000e-01  7.4000000e-01  9.7000000e-01
  2.2000000e-01 -9.8000000e-01 -7.6000000e-01  3.0000000e-02
 -1.0000000e-02 -7.7000000e-01 -3.1000000e-01 -7.5000000e-01
 -9.0000000e-01 -9.4000000e-01  9.1000000e-01  5.0000000e-02
  7.0000000e-02  7.6000000e-01  7.2000000e-01  7.7000000e-01
  5.1000000e-01 -8.7000000e-01  7.5000000e-01 -8.9000000e-01
  8.0000000e-01  5.7000000e-01  3.1000000e-01  5.7000000e-01
  1.7000000e-01  5.3000000e-01 -6.4000000e-01 -5.1000000e-01
  1.7000000e-01  1.3000000e-01 -2.8000000e-01 -7.5000000e-01
  8.4000000e-01  5.4000000e-01 -7.6000000e-01  6.1000000e-01
  8.8817842e-16  7.0000000e-02 -4.0000000e-01 -6.7000000e-01
 -4.0000000e-01  9.3000000e-01 -5.8000000e-01 -3.2000000e-01
 -2.2000000e-01 -1.8000000e-01 -5.0000000e-01 -3.8000000e-01
 -2.7000000e-01  3.0000000e-02 -8.5000000e-01  5.5000000e-01
 -1.2000000e-01 -8.9000000e-01 -6.6000000e-01 -7.9000000e-01
 -8.2000000e-01 -4.2000000e-01 -6.1000000e-01 -5.7000000e-01
 -1.6000000e-01  2.0000000e-01  8.6000000e-01  4.2000000e-01
  1.1000000e-01 -9.9000000e-01  9.6000000e-01  4.8000000e-01
 -6.2000000e-01  2.2000000e-01 -1.0000000e-01  7.7000000e-01
  1.0000000e-01 -8.0000000e-02 -2.0000000e-02 -3.4000000e-01
 -5.8000000e-01 -2.0000000e-01 -3.6000000e-01  8.7000000e-01
  7.6000000e-01 -8.5000000e-01 -4.0000000e-01  6.1000000e-01
 -1.8000000e-01  1.0000000e-02][ 1.5000000e-01 -4.1000000e-01 -6.6000000e-01  3.8000000e-01
  5.0000000e-02  8.8817842e-16 -6.9000000e-01  1.1000000e-01
  2.8000000e-01 -3.8000000e-01 -6.3000000e-01  6.0000000e-01
  7.9000000e-01  5.8000000e-01  9.9000000e-01  6.6000000e-01
  5.0000000e-02 -5.0000000e-02  6.9000000e-01  8.0000000e-02
  8.8817842e-16  1.0000000e-01  8.3000000e-01  7.2000000e-01
  2.5000000e-01  5.9000000e-01  2.7000000e-01 -2.2000000e-01
 -8.8000000e-01 -4.3000000e-01 -4.1000000e-01 -7.3000000e-01
  4.3000000e-01 -2.1000000e-01  3.6000000e-01 -7.6000000e-01
 -3.0000000e-01 -6.0000000e-01  2.9000000e-01  9.3000000e-01
 -6.3000000e-01 -9.0000000e-02 -3.0000000e-02 -6.4000000e-01
  8.8000000e-01 -6.6000000e-01  9.7000000e-01  6.2000000e-01
 -8.0000000e-01 -5.8000000e-01 -2.5000000e-01 -2.6000000e-01
 -4.0000000e-02  9.4000000e-01 -7.3000000e-01 -1.8000000e-01
  6.0000000e-01 -2.5000000e-01  4.0000000e-01  2.0000000e-02
  7.9000000e-01  1.5000000e-01  6.1000000e-01 -1.5000000e-01
  5.1000000e-01  6.8000000e-01 -5.5000000e-01 -8.0000000e-02
  1.2000000e-01  8.3000000e-01  5.0000000e-02  5.5000000e-01
  7.0000000e-02  4.7000000e-01 -1.6000000e-01  8.1000000e-01
  3.5000000e-01 -6.5000000e-01 -3.3000000e-01  2.2000000e-01
 -5.2000000e-01 -4.0000000e-01 -9.0000000e-01 -1.7000000e-01
  5.6000000e-01 -6.4000000e-01 -3.8000000e-01 -3.5000000e-01
  3.0000000e-02  9.0000000e-01][ 0.57 -0.59  0.55 -0.62  0.75  0.42 -0.91  0.77 -0.01  0.53 -0.79 -0.17
 -0.62 -0.57  0.81  0.05  0.43  0.06  0.63 -0.15  0.11 -0.47  0.21  0.36
 -0.98 -0.94 -0.76 -0.7  -0.13  0.14  0.71  0.42  0.87 -0.75 -0.79  0.83
  0.75  0.23 -0.8   0.9  -0.47  0.22  0.94  0.12  0.66  0.83 -0.03  0.63
  0.46  0.36  0.47 -0.58  0.73  0.2   0.18 -0.02 -0.27 -0.84 -0.69 -0.94
 -0.83 -0.39 -0.94  0.63  0.77  0.68 -0.2  -0.52  0.74  0.2  -0.88 -0.5
 -0.94 -0.37 -0.98  0.05  0.39  0.97  0.11  0.4   0.05 -0.77 -0.96  0.6
 -0.74  0.02 -0.15 -0.05 -0.48 -0.39][-2.9000000e-01  2.0000000e-01 -9.7000000e-01  2.5000000e-01
 -7.8000000e-01  1.7000000e-01 -7.6000000e-01  3.0000000e-02
  6.0000000e-02  9.3000000e-01 -3.1000000e-01 -6.8000000e-01
 -7.0000000e-02 -6.7000000e-01  8.9000000e-01  5.0000000e-02
  7.0000000e-02  5.6000000e-01  4.0000000e-01 -2.2000000e-01
  5.1000000e-01  5.5000000e-01 -8.9000000e-01 -8.9000000e-01
  2.3000000e-01 -5.7000000e-01  4.0000000e-01 -2.8000000e-01
 -2.7000000e-01 -3.5000000e-01  6.1000000e-01 -5.1000000e-01
  1.7000000e-01  1.3000000e-01 -3.4000000e-01  6.1000000e-01
  5.0000000e-01  1.1000000e-01  6.5000000e-01  3.8000000e-01
  8.8817842e-16  9.7000000e-01  1.0000000e-01  3.0000000e-01
 -4.0000000e-01 -7.0000000e-02  5.0000000e-01 -2.0000000e-01
  5.8000000e-01  2.2000000e-01 -3.4000000e-01  1.8000000e-01
 -3.9000000e-01 -2.4000000e-01 -8.5000000e-01  5.5000000e-01
 -1.2000000e-01 -8.9000000e-01 -6.6000000e-01 -9.0000000e-02
  1.5000000e-01  8.0000000e-02  4.6000000e-01 -5.7000000e-01
 -2.2000000e-01  7.6000000e-01  8.6000000e-01 -7.9000000e-01
  1.1000000e-01 -9.9000000e-01  6.2000000e-01  9.3000000e-01
  3.1000000e-01  5.8000000e-01  4.8000000e-01  7.7000000e-01
 -5.0000000e-02  5.6000000e-01  6.5000000e-01 -6.8000000e-01
 -1.2000000e-01 -9.1000000e-01 -3.6000000e-01 -6.5000000e-01
 -4.3000000e-01 -8.5000000e-01  7.1000000e-01 -4.3000000e-01
  3.4000000e-01  1.3000000e-01][-2.9000000e-01  6.2000000e-01  8.0000000e-02  2.5000000e-01
 -7.8000000e-01  1.7000000e-01 -8.3000000e-01 -4.0000000e-02
 -1.0000000e-02  9.3000000e-01  2.0000000e-01  7.4000000e-01
 -9.0000000e-01 -6.7000000e-01  9.1000000e-01  5.0000000e-02
  8.5000000e-01  8.8817842e-16  4.0000000e-01  7.7000000e-01
  5.1000000e-01 -8.7000000e-01  7.5000000e-01 -8.9000000e-01
  2.3000000e-01 -5.7000000e-01  4.0000000e-01 -2.8000000e-01
 -2.7000000e-01  5.3000000e-01  6.1000000e-01 -5.1000000e-01
  1.7000000e-01 -3.5000000e-01 -3.4000000e-01  6.1000000e-01
  4.8000000e-01 -5.3000000e-01  6.5000000e-01  3.8000000e-01
 -9.0000000e-01 -5.7000000e-01 -3.0000000e-01  3.0000000e-01
 -4.0000000e-01  9.3000000e-01  5.9000000e-01 -2.0000000e-01
  5.8000000e-01  6.6100000e-01 -5.0000000e-01 -2.6000000e-01
  7.5000000e-01 -9.8000000e-01 -8.5000000e-01  8.1000000e-01
 -3.1000000e-01  6.0000000e-01 -6.6000000e-01 -7.9000000e-01
  6.0000000e-02 -3.0000000e-01  7.7000000e-01 -5.7000000e-01
 -1.6000000e-01  2.5000000e-01  3.5000000e-01 -3.8000000e-01
 -6.9000000e-01 -7.2000000e-01  2.0000000e-02  8.9000000e-01
 -6.2000000e-01  2.2000000e-01  3.8000000e-01  7.7000000e-01
 -4.8000000e-01 -9.3000000e-01 -2.0000000e-02 -6.8000000e-01
 -1.2000000e-01 -1.4000000e-01 -8.4000000e-01  1.0000000e-02
 -4.3000000e-01  5.5000000e-01  7.1000000e-01  7.0000000e-02
 -1.8000000e-01  1.3000000e-01][ 2.6000000e-01  6.2000000e-01 -9.7000000e-01  2.5000000e-01
 -7.8000000e-01  1.7000000e-01 -8.3000000e-01  3.0000000e-02
  6.0000000e-02  9.3000000e-01 -3.1000000e-01 -6.8000000e-01
 -7.0000000e-02 -6.7000000e-01  8.9000000e-01  5.0000000e-02
  8.5000000e-01  8.8817842e-16 -1.7500000e-01 -2.2000000e-01
  5.1000000e-01 -8.7000000e-01 -8.9000000e-01 -8.9000000e-01
 -3.2000000e-01 -9.2000000e-01  4.0000000e-01 -2.8000000e-01
  5.1000000e-01  5.3000000e-01  6.1000000e-01 -5.1000000e-01
  1.7000000e-01 -3.5000000e-01 -2.8000000e-01  6.1000000e-01
  4.8000000e-01 -5.3000000e-01  8.6000000e-01  3.8000000e-01
  8.8817842e-16  9.7000000e-01  1.0000000e-01 -7.8000000e-01
 -4.0000000e-01  9.3000000e-01  5.9000000e-01 -1.9000000e-01
  5.8000000e-01  2.2000000e-01 -5.0000000e-01 -2.6000000e-01
  7.5000000e-01 -2.4000000e-01 -4.8000000e-01  8.1000000e-01
 -1.2000000e-01  6.0000000e-01 -7.1000000e-01 -7.9000000e-01
  6.0000000e-02  8.0000000e-02  7.7000000e-01 -1.7000000e-01
 -2.2000000e-01  7.6000000e-01  3.5000000e-01 -7.9000000e-01
 -6.9000000e-01 -9.9000000e-01  6.2000000e-01  8.9000000e-01
  3.1000000e-01  2.2000000e-01  3.8000000e-01  1.5000000e-01
 -4.8000000e-01  5.6000000e-01  6.5000000e-01 -6.8000000e-01
 -1.2000000e-01 -1.4000000e-01 -3.6000000e-01  1.0000000e-02
 -2.3000000e-01  5.5000000e-01  7.1000000e-01 -4.3000000e-01
  3.4000000e-01  3.0000000e-01][-7.8000000e-01 -7.8000000e-01  7.5000000e-01  6.0000000e-02
  2.2000000e-01 -4.6000000e-01 -7.6000000e-01  3.0000000e-02
 -1.0000000e-02 -7.7000000e-01 -3.1000000e-01 -7.5000000e-01
 -9.0000000e-01 -9.4000000e-01  9.1000000e-01 -4.7000000e-01
 -4.1000000e-01  7.6000000e-01  1.9000000e-01 -6.8000000e-01
  7.0000000e-01 -8.7000000e-01  7.5000000e-01 -8.9000000e-01
  8.0000000e-01 -5.8000000e-01  2.2000000e-01  5.7000000e-01
 -6.5000000e-01  1.6000000e-01 -3.0000000e-02  8.5000000e-01
  1.7000000e-01 -3.0000000e-02 -7.2000000e-01  3.9000000e-01
  8.4000000e-01 -8.1000000e-01  7.1000000e-01  6.1000000e-01
  8.8817842e-16 -3.5000000e-01 -4.0000000e-01 -6.7000000e-01
 -4.0000000e-01  9.3000000e-01 -1.0000000e-01 -3.2000000e-01
 -2.2000000e-01 -5.5000000e-01  6.5000000e-01 -3.8000000e-01
 -2.7000000e-01  7.0000000e-02 -8.5000000e-01  5.5000000e-01
 -4.4000000e-01  1.5000000e-01 -6.6000000e-01 -4.3000000e-01
 -8.2000000e-01 -4.2000000e-01 -6.1000000e-01 -5.7000000e-01
 -1.6000000e-01  2.0000000e-01 -7.0000000e-01  4.2000000e-01
  1.0000000e-01 -7.0000000e-02  8.0000000e-01  4.8000000e-01
  4.4000000e-01  2.2000000e-01 -2.5000000e-01  7.7000000e-01
  1.0000000e-01 -8.0000000e-02 -2.0000000e-02  3.5000000e-01
 -5.8000000e-01 -9.1000000e-01 -3.6000000e-01  8.7000000e-01
  1.6000000e-01  6.3000000e-01 -4.0000000e-01 -2.8000000e-01
  4.5000000e-01  1.0000000e-02][-7.8000000e-01 -7.8000000e-01  7.5000000e-01  6.0000000e-02
  2.2000000e-01  1.7000000e-01  4.1000000e-01 -4.3000000e-01
 -1.0000000e-02 -7.7000000e-01 -3.1000000e-01 -7.5000000e-01
  9.2000000e-01 -9.4000000e-01  9.1000000e-01 -4.7000000e-01
 -4.1000000e-01  7.6000000e-01  1.9000000e-01  7.7000000e-01
 -8.0000000e-02  4.3000000e-01  7.5000000e-01 -8.9000000e-01
  8.0000000e-01  5.7000000e-01  3.1000000e-01  5.7000000e-01
  5.1000000e-01  1.6000000e-01 -3.0000000e-02  4.2000000e-01
  1.7000000e-01  1.3000000e-01 -7.2000000e-01 -7.5000000e-01
  8.4000000e-01 -8.1000000e-01 -7.6000000e-01  6.1000000e-01
  8.8817842e-16 -5.7000000e-01 -4.0000000e-01 -6.7000000e-01
 -4.0000000e-01  9.3000000e-01 -1.0000000e-01 -3.2000000e-01
 -2.2000000e-01 -1.8000000e-01 -5.0000000e-01 -2.6000000e-01
 -2.7000000e-01 -2.4000000e-01 -8.5000000e-01  5.5000000e-01
 -4.4000000e-01  1.5000000e-01  5.8000000e-01 -4.3000000e-01
 -8.2000000e-01 -9.5300000e-01  4.6000000e-01 -5.7000000e-01
 -1.6000000e-01  2.0000000e-01 -8.1000000e-01 -3.8000000e-01
 -5.5000000e-01 -9.9000000e-01  8.0000000e-01  4.8000000e-01
 -3.0000000e-02  7.2000000e-01  4.8000000e-01  7.7000000e-01
 -4.8000000e-01 -8.0000000e-02 -2.0000000e-02  2.0000000e-01
 -5.8000000e-01 -1.4000000e-01 -3.6000000e-01  8.7000000e-01
 -2.3000000e-01  6.3000000e-01  1.3000000e-01 -2.8000000e-01
  2.0000000e-01  1.0000000e-02][ 7.3000000e-01  1.4000000e-01  8.0000000e-02  9.7000000e-01
 -7.8000000e-01 -7.2000000e-01 -8.3000000e-01 -4.0000000e-02
  4.4000000e-01  2.7000000e-01  6.9000000e-01 -6.8000000e-01
 -7.7000000e-01  9.4000000e-01 -9.8000000e-01 -2.9000000e-01
  8.5000000e-01  1.1600000e-01  3.5000000e-01  6.5000000e-01
 -7.0000000e-01 -7.2000000e-01 -5.6000000e-01 -3.1000000e-01
  2.9000000e-01 -9.2000000e-01  4.0000000e-01  8.8817842e-16
 -7.1000000e-01  5.0000000e-02  6.1000000e-01 -3.1000000e-01
 -9.4000000e-01  8.9000000e-01 -3.4000000e-01  6.1000000e-01
  4.8000000e-01 -9.6000000e-01  2.9000000e-01  8.7000000e-01
 -4.1000000e-01 -5.7000000e-01  1.0000000e-01 -9.9000000e-01
 -3.5000000e-01 -7.0000000e-02  5.0000000e-01  9.4000000e-01
  7.3000000e-01 -2.4000000e-01 -4.5000000e-01 -4.0000000e-01
 -8.4000000e-01 -9.8000000e-01 -6.6000000e-01  3.2000000e-01
  1.5000000e-01 -2.0000000e-01  6.2000000e-01 -7.9000000e-01
  2.5000000e-01 -3.0000000e-01 -3.3000000e-01 -1.7000000e-01
  1.8000000e-01 -3.9000000e-01  3.5000000e-01 -7.9000000e-01
  9.2000000e-01 -2.2000000e-01  6.4000000e-01  9.3000000e-01
 -6.2000000e-01  2.2000000e-01  2.5000000e-01  7.7000000e-01
  2.1000000e-01  5.6000000e-01 -1.6000000e-01 -3.4000000e-01
  9.6000000e-01  3.4000000e-01 -7.1000000e-01  1.0000000e-02
 -1.0000000e-01 -8.5000000e-01  7.1000000e-01 -4.3000000e-01
  4.0000000e-01  7.8000000e-01][ 4.7000000e-01  7.5000000e-01  8.0000000e-02  6.0000000e-02
 -9.6000000e-01 -3.0000000e-01 -8.3000000e-01  1.2000000e-01
 -4.5000000e-01 -1.8000000e-01  2.7000000e-01 -6.8000000e-01
 -7.0000000e-02 -8.2000000e-01  9.1000000e-01  5.0000000e-02
  7.9000000e-01 -1.1000000e-01  4.0000000e-01 -6.8000000e-01
 -7.0000000e-02  5.5000000e-01  5.0000000e-02 -8.9000000e-01
  7.9000000e-01 -9.2000000e-01  4.0000000e-01 -3.5000000e-01
  5.1000000e-01 -4.0000000e-02  6.1000000e-01 -3.5000000e-01
 -9.8000000e-01 -3.5000000e-01 -3.4000000e-01  3.9000000e-01
  4.8000000e-01 -5.3000000e-01  8.6000000e-01  3.8000000e-01
  8.8817842e-16  3.0000000e-01  1.0000000e-01  4.7000000e-01
 -8.0000000e-01 -7.0000000e-01 -1.3060000e+00 -2.0000000e-01
 -4.3000000e-01 -5.5000000e-01  6.5000000e-01  8.1000000e-01
  6.4000000e-01 -8.8000000e-01 -4.8000000e-01  5.5000000e-01
 -4.4000000e-01  1.5000000e-01 -6.6000000e-01 -7.9000000e-01
  6.6000000e-01 -3.0000000e-01  1.7000000e-01 -1.7000000e-01
  4.6000000e-01  7.6000000e-01 -7.7000000e-01 -1.3000000e-01
 -6.9000000e-01 -7.6100000e-01  8.0000000e-01  9.0000000e-02
  4.4000000e-01  2.2000000e-01  3.8000000e-01  7.7000000e-01
  4.6000000e-01  5.6000000e-01 -7.1000000e-01 -6.0000000e-01
 -6.8000000e-01 -9.1000000e-01 -8.4000000e-01 -7.1000000e-01
 -2.3000000e-01 -2.6000000e-01 -1.3000000e-01 -4.3000000e-01
  5.3000000e-01  3.0000000e-01][-7.8000000e-01 -7.8000000e-01  7.5000000e-01  6.0000000e-02
  2.2000000e-01  1.7000000e-01 -7.6000000e-01 -4.3000000e-01
 -1.0000000e-02 -7.7000000e-01 -2.3900000e-01 -7.5000000e-01
  9.2000000e-01 -9.4000000e-01  9.1000000e-01 -4.7000000e-01
 -4.1000000e-01  8.8817842e-16  1.9000000e-01  7.7000000e-01
  7.0000000e-01  4.3000000e-01  7.5000000e-01 -8.9000000e-01
  8.0000000e-01 -5.8000000e-01  3.1000000e-01  5.7000000e-01
  5.1000000e-01  1.6000000e-01 -3.0000000e-02  8.5000000e-01
  1.7000000e-01 -3.0000000e-02 -2.8000000e-01 -7.5000000e-01
  8.4000000e-01  5.4000000e-01 -7.6000000e-01  6.1000000e-01
 -2.0000000e-02 -5.7000000e-01  1.0000000e-01 -6.7000000e-01
 -4.0000000e-01  5.4000000e-01  5.0000000e-01 -3.2000000e-01
 -2.2000000e-01 -5.5000000e-01  6.5000000e-01 -2.6000000e-01
 -2.7000000e-01 -2.4000000e-01 -8.5000000e-01  5.5000000e-01
 -4.4000000e-01 -9.8000000e-01  5.8000000e-01 -7.9000000e-01
 -8.2000000e-01 -3.0000000e-01 -6.1000000e-01 -5.7000000e-01
 -1.6000000e-01  2.0000000e-01 -8.1000000e-01  4.2000000e-01
  1.0000000e-01 -9.9000000e-01  1.3600000e+00  4.8000000e-01
  4.4000000e-01  2.2000000e-01  4.8000000e-01  2.8000000e-01
 -4.8000000e-01 -8.0000000e-02 -2.0000000e-02  2.0000000e-01
 -5.8000000e-01 -1.4000000e-01 -3.6000000e-01  8.7000000e-01
  1.6000000e-01 -8.5000000e-01 -4.0000000e-01 -2.8000000e-01
  4.5000000e-01  1.0000000e-02][-0.78  -0.78   0.75   0.06  -0.96  -0.46  -0.403  0.12  -0.01  -0.77
 -0.31  -0.23  -0.9   -0.78   0.39   0.14  -0.41   0.76   0.19  -0.68
  0.7   -0.66   0.75  -0.03   0.8   -0.58   0.22  -0.35   0.37   0.16
 -0.03   0.85  -0.98  -0.07  -0.72   0.39   0.84  -0.81   0.71   0.61
  0.03  -0.35  -0.1    0.47  -0.8   -0.7   -0.1   -0.28  -0.43  -0.55
  0.65  -0.38   0.64  -0.88   0.04   0.55  -0.44   0.15  -0.69  -0.43
 -0.82   0.21  -0.61  -0.62  -0.16   0.2   -0.77  -0.13  -0.11  -0.16
  0.8    0.09   0.44   0.18  -0.25   0.18   0.1   -0.98  -0.71   0.35
 -0.75  -0.34  -0.62  -0.71   0.16   0.63  -0.13  -0.28   0.45  -0.88 ][-7.8000000e-01  6.2000000e-01  7.5000000e-01  9.7000000e-01
  2.2000000e-01  1.7000000e-01 -7.6000000e-01  3.0000000e-02
 -1.0000000e-02 -7.7000000e-01 -3.1000000e-01 -6.8000000e-01
 -9.0000000e-01 -9.4000000e-01  9.1000000e-01  5.0000000e-02
 -4.1000000e-01  7.6000000e-01  1.9000000e-01 -6.8000000e-01
  5.1000000e-01 -8.7000000e-01  7.5000000e-01 -8.9000000e-01
 -3.2000000e-01 -9.2000000e-01  2.2000000e-01  5.7000000e-01
  5.1000000e-01  1.6000000e-01 -6.4000000e-01  8.5000000e-01
  1.7000000e-01  1.3000000e-01 -2.8000000e-01  3.9000000e-01
 -4.8000000e-01 -8.1000000e-01  7.1000000e-01  6.1000000e-01
  8.8817842e-16 -3.5000000e-01  1.0000000e-01 -6.7000000e-01
 -4.0000000e-01  9.3000000e-01  5.0000000e-01 -3.2000000e-01
  7.3000000e-01 -5.5000000e-01  6.5000000e-01 -3.8000000e-01
 -2.7000000e-01  7.0000000e-02 -8.5000000e-01  5.5000000e-01
 -1.2000000e-01  1.5000000e-01 -6.6000000e-01 -7.9000000e-01
 -8.2000000e-01 -4.2000000e-01  4.6000000e-01 -5.7000000e-01
 -1.6000000e-01  7.6000000e-01  8.6000000e-01  4.2000000e-01
  1.1000000e-01 -7.0000000e-02  8.0000000e-01  4.8000000e-01
 -6.2000000e-01  2.2000000e-01  4.8000000e-01  7.7000000e-01
 -4.8000000e-01 -8.0000000e-02 -2.0000000e-02 -3.4000000e-01
 -1.2000000e-01 -1.4000000e-01 -3.6000000e-01 -6.5000000e-01
  1.6000000e-01  6.3000000e-01 -4.0000000e-01  7.0000000e-02
 -1.8000000e-01  1.0000000e-02][ 2.6000000e-01  2.0000000e-01  8.0000000e-02 -2.6000000e-01
 -6.9000000e-01  1.7000000e-01  4.1000000e-01 -4.3000000e-01
 -3.4000000e-01  8.2000000e-01  7.2000000e-01 -6.8000000e-01
  9.2000000e-01 -8.2000000e-01  7.9000000e-01  9.9000000e-01
 -8.7000000e-01  8.8817842e-16  7.6000000e-01  5.0000000e-02
 -8.0000000e-02  5.5000000e-01 -7.3000000e-01 -2.0000000e-01
 -3.2000000e-01 -5.7000000e-01  7.3000000e-01 -2.8000000e-01
 -2.7000000e-01  8.8817842e-16 -6.2000000e-01  4.2000000e-01
  3.6000000e-01 -4.5000000e-01 -2.7000000e-01  6.1000000e-01
  4.8000000e-01  1.1000000e-01  8.6000000e-01  3.8000000e-01
 -2.0000000e-02 -5.7000000e-01  1.0000000e-01  3.0000000e-01
 -7.5000000e-01  5.4000000e-01  5.9000000e-01 -1.9000000e-01
  7.3000000e-01 -8.5000000e-01  5.2000000e-01 -2.6000000e-01
 -1.6000000e-01 -2.4000000e-01 -4.5000000e-01  8.1000000e-01
 -9.8000000e-01 -9.8000000e-01 -7.1000000e-01  8.5000000e-01
  1.5000000e-01 -3.0000000e-01  7.7000000e-01 -1.7000000e-01
 -6.2000000e-01  7.6000000e-01 -8.1000000e-01 -3.8000000e-01
 -6.9000000e-01 -7.2000000e-01  3.2100000e-01  9.3000000e-01
 -3.0000000e-02  7.2000000e-01  3.8000000e-01  1.5000000e-01
 -4.8000000e-01 -9.3000000e-01  2.0000000e-01 -6.8000000e-01
 -1.2000000e-01 -9.1000000e-01  9.4000000e-01  1.0000000e-02
 -2.3000000e-01  3.2000000e-01  1.3000000e-01  7.0000000e-02
  2.0000000e-01  1.3000000e-01][ 2.6000000e-01 -6.0000000e-01  7.4000000e-01 -2.6000000e-01
  2.2000000e-01  1.7000000e-01  4.1000000e-01  3.0000000e-02
 -1.0000000e-02  8.2000000e-01 -3.1000000e-01 -7.5000000e-01
  9.2000000e-01 -8.2000000e-01  6.3800000e-01  9.9000000e-01
  7.0000000e-02  7.6000000e-01  7.2000000e-01  7.7000000e-01
 -8.0000000e-02  4.3000000e-01 -7.3000000e-01  1.7000000e-01
 -3.2000000e-01  5.7000000e-01  3.1000000e-01  5.7000000e-01
  5.1000000e-01  8.8817842e-16 -6.2000000e-01  4.2000000e-01
  3.6000000e-01  1.3000000e-01 -2.8000000e-01  6.1000000e-01
  4.8000000e-01  5.4000000e-01 -7.6000000e-01  6.1000000e-01
 -2.0000000e-02 -5.7000000e-01 -4.0000000e-01 -6.7000000e-01
 -4.0000000e-01  9.3000000e-01  5.0000000e-01 -3.2000000e-01
 -2.2000000e-01 -8.5000000e-01 -5.0000000e-01 -2.6000000e-01
 -2.7000000e-01 -2.4000000e-01 -8.5000000e-01  5.5000000e-01
 -9.8000000e-01 -9.8000000e-01  5.8000000e-01  8.5000000e-01
 -8.2000000e-01 -3.0000000e-01 -6.1000000e-01 -5.7000000e-01
 -6.2000000e-01  7.6000000e-01  8.6000000e-01  4.2000000e-01
 -5.5000000e-01 -5.1000000e-01  9.6000000e-01  4.8000000e-01
 -3.0000000e-02  7.2000000e-01  4.8000000e-01  2.8000000e-01
 -4.8000000e-01 -8.0000000e-02 -2.0000000e-02  2.0000000e-01
 -1.2000000e-01 -1.4000000e-01 -3.6000000e-01  8.7000000e-01
 -2.3000000e-01 -8.5000000e-01 -4.0000000e-01  1.3170000e+00
  2.0000000e-01  1.0000000e-02][ 0.26   0.2   -0.97  -0.26  -0.69   0.17   0.41  -0.43  -0.01   0.93
  0.72   0.74   0.92  -0.94   0.79   0.05   0.07   0.56   0.76   0.77
 -0.91   0.43   0.75  -0.2    0.8   -0.57   0.73   0.57   0.51   0.53
 -0.62   0.42   0.17   0.13  -0.28  -0.75   0.84   0.11  -0.76   0.38
 -0.02  -0.57   0.1   -0.67  -0.35   0.54   0.5   -0.32   0.73  -0.85
  0.52  -0.26  -0.27  -0.24  -0.45  -0.66  -0.98  -0.98   0.58  -0.09
 -0.82  -0.3    0.46  -0.57  -0.62   0.2   -0.948 -0.38  -0.69  -0.72
  0.62   0.48  -0.03   0.72   0.48   0.15  -0.48  -0.93  -0.02  -0.68
 -0.12  -0.91  -0.36   0.87  -0.23   0.55   0.13   0.07   0.34   0.3  ][-2.9000000e-01  6.2000000e-01  8.0000000e-02  6.0000000e-02
 -7.8000000e-01 -4.6000000e-01 -7.6000000e-01 -4.0000000e-02
 -1.0000000e-02 -7.7000000e-01 -3.1000000e-01 -7.5000000e-01
 -7.0000000e-02 -8.2000000e-01  9.1000000e-01 -4.7000000e-01
  8.5000000e-01  7.6000000e-01  4.0000000e-01  7.7000000e-01
  5.1000000e-01 -8.7000000e-01  7.5000000e-01 -8.9000000e-01
  2.3000000e-01 -5.8000000e-01  4.0000000e-01  5.7000000e-01
  5.1000000e-01  5.0000000e-02  6.1000000e-01  8.5000000e-01
  1.7000000e-01 -3.0000000e-02 -3.4000000e-01  6.1000000e-01
  8.4000000e-01 -8.1000000e-01  8.6000000e-01  3.8000000e-01
  8.8817842e-16 -3.5000000e-01 -4.0000000e-01 -7.8000000e-01
 -3.5000000e-01 -7.0000000e-02 -1.0000000e-01 -3.2000000e-01
  7.3000000e-01 -5.5000000e-01 -3.4000000e-01 -3.8000000e-01
 -2.7000000e-01 -9.8000000e-01 -8.5000000e-01  5.5000000e-01
 -3.1000000e-01 -8.9000000e-01 -6.6000000e-01 -7.9000000e-01
  6.0000000e-02 -4.2000000e-01  7.7000000e-01 -5.7000000e-01
 -1.6000000e-01  2.0000000e-01  3.5000000e-01 -7.9000000e-01
  1.0000000e-01 -7.0000000e-02  8.0000000e-01  4.8000000e-01
 -6.2000000e-01  2.2000000e-01 -2.5000000e-01  7.7000000e-01
  1.0000000e-01  5.6000000e-01 -2.0000000e-02 -3.4000000e-01
 -6.8000000e-01 -9.1000000e-01 -8.4000000e-01  7.6900000e-01
 -2.3000000e-01  6.3000000e-01 -4.0000000e-01 -4.3000000e-01
  4.5000000e-01  1.0000000e-02][-7.8000000e-01 -6.0000000e-01  8.0000000e-02 -2.6000000e-01
  2.2000000e-01  1.7000000e-01 -2.7100000e-01  3.0000000e-02
 -3.4000000e-01 -7.7000000e-01  7.2000000e-01 -6.8000000e-01
 -9.0000000e-01 -8.2000000e-01  7.9000000e-01 -4.7000000e-01
 -8.7000000e-01  7.6000000e-01  1.9000000e-01  5.0000000e-02
 -8.0000000e-02 -8.7000000e-01  7.5000000e-01 -8.9000000e-01
 -3.2000000e-01 -5.8000000e-01  2.2000000e-01 -2.8000000e-01
 -6.5000000e-01  8.8817842e-16 -6.2000000e-01  8.5000000e-01
  1.7000000e-01 -4.5000000e-01 -7.2000000e-01  6.1000000e-01
  8.4000000e-01 -8.1000000e-01  7.1000000e-01  2.9000000e-01
 -2.0000000e-02 -3.5000000e-01  1.0000000e-01 -6.7000000e-01
 -4.0000000e-01  5.4000000e-01 -1.0000000e-01 -1.9000000e-01
  7.3000000e-01 -5.5000000e-01  6.5000000e-01 -3.8000000e-01
 -1.6000000e-01  7.0000000e-02 -8.5000000e-01 -6.6000000e-01
 -9.8000000e-01  1.5000000e-01  5.8000000e-01 -4.3000000e-01
  1.5000000e-01 -4.2000000e-01 -6.1000000e-01  2.0000000e-02
 -1.6000000e-01  7.6000000e-01 -8.1000000e-01 -3.8000000e-01
 -5.5000000e-01 -7.0000000e-02  8.0000000e-01  9.3000000e-01
 -3.0000000e-02  2.2000000e-01 -2.5000000e-01  7.7000000e-01
 -4.8000000e-01  5.6000000e-01 -2.0000000e-02  2.0000000e-01
 -5.8000000e-01 -1.4000000e-01 -3.6000000e-01  8.7000000e-01
  1.6000000e-01  6.3000000e-01 -4.0000000e-01 -2.8000000e-01
  4.5000000e-01  1.3000000e-01][ 2.6000000e-01 -6.0000000e-01  8.0000000e-02 -2.6000000e-01
 -6.9000000e-01  1.7000000e-01  4.1000000e-01 -4.3000000e-01
 -3.4000000e-01  8.2000000e-01  7.2000000e-01 -7.5000000e-01
  9.2000000e-01 -9.4000000e-01  7.9000000e-01  9.9000000e-01
  7.0000000e-02  8.8817842e-16  7.6000000e-01  7.7000000e-01
 -8.0000000e-02  4.3000000e-01 -7.3000000e-01  1.7000000e-01
 -3.2000000e-01 -9.2000000e-01  3.1000000e-01  5.7000000e-01
  5.1000000e-01  5.3000000e-01 -6.2000000e-01  4.2000000e-01
  1.7000000e-01  1.3000000e-01 -2.8000000e-01  6.1000000e-01
  8.4000000e-01  5.4000000e-01  6.5000000e-01  2.9000000e-01
 -2.0000000e-02 -5.7000000e-01  1.0000000e-01 -6.7000000e-01
 -7.5000000e-01  5.4000000e-01  5.0000000e-01 -3.2000000e-01
  7.3000000e-01 -8.5000000e-01 -5.0000000e-01 -2.6000000e-01
 -1.6000000e-01 -2.4000000e-01 -4.5000000e-01 -6.6000000e-01
 -9.8000000e-01 -9.8000000e-01  5.8000000e-01 -7.9000000e-01
 -8.2000000e-01 -3.0000000e-01  4.6000000e-01  2.0000000e-02
 -6.2000000e-01  2.0000000e-01 -8.1000000e-01 -3.8000000e-01
 -5.5000000e-01 -5.1000000e-01  6.2000000e-01  4.2600000e-01
 -3.0000000e-02  7.2000000e-01  4.8000000e-01  2.8000000e-01
 -4.8000000e-01  5.6000000e-01  2.0000000e-01  2.0000000e-01
 -1.2000000e-01 -1.4000000e-01 -3.6000000e-01  8.7000000e-01
 -2.3000000e-01 -8.5000000e-01  1.3000000e-01  7.0000000e-02
  2.0000000e-01  1.3000000e-01][ 2.6000000e-01 -6.0000000e-01  7.5000000e-01  6.0000000e-02
 -6.9000000e-01  8.1000000e-01 -9.7000000e-01  1.2000000e-01
 -4.5000000e-01 -1.8000000e-01  2.7000000e-01 -2.3000000e-01
  9.2000000e-01 -8.2000000e-01  3.9000000e-01  9.9000000e-01
 -8.7000000e-01  8.8817842e-16  7.6000000e-01  5.0000000e-02
 -8.0000000e-02  4.3000000e-01 -7.3000000e-01  1.7000000e-01
  7.9000000e-01 -7.4000000e-01  7.3000000e-01 -2.8000000e-01
  5.1000000e-01 -4.0000000e-02 -6.2000000e-01  4.2000000e-01
  3.6000000e-01 -4.5000000e-01 -2.7000000e-01  6.1000000e-01
  4.8000000e-01 -5.3000000e-01  6.5000000e-01  8.8817842e-16
  3.0000000e-02 -5.7000000e-01 -1.0000000e-01  3.0000000e-01
 -7.5000000e-01 -7.9000000e-01  5.0000000e-01 -2.8000000e-01
  7.3000000e-01 -8.5000000e-01  6.5000000e-01 -2.6000000e-01
 -1.6000000e-01 -2.4000000e-01 -4.5000000e-01 -6.6000000e-01
 -4.4000000e-01 -9.8000000e-01  5.8000000e-01  8.5000000e-01
  1.5000000e-01 -3.0000000e-01  1.7000000e-01 -6.2000000e-01
 -6.2000000e-01  9.3000000e-01 -7.7000000e-01 -1.3000000e-01
 -5.5000000e-01 -1.6000000e-01  8.0000000e-01  9.3000000e-01
 -3.0000000e-02  7.2000000e-01 -2.5000000e-01  2.8000000e-01
 -4.8000000e-01 -9.8000000e-01 -7.1000000e-01  2.0000000e-01
 -1.2000000e-01 -1.4000000e-01 -6.2000000e-01 -7.1000000e-01
 -2.3000000e-01  3.2000000e-01  1.3000000e-01  7.0000000e-02
  5.3000000e-01 -8.8000000e-01][ 0.15  -0.6    0.08   0.25  -0.69   0.17  -0.83  -0.43  -0.34  -0.38
  0.2    0.6    0.79  -0.67   0.298 -0.42  -0.87   0.56   0.4   -0.22
 -0.91   0.55  -0.73   0.72   0.25   0.59   0.27   0.61  -0.27  -0.35
 -0.41  -0.73   0.87  -0.45  -0.34   0.61  -0.3   -0.6    0.29   0.93
 -0.63  -0.09  -0.03  -0.78  -0.75  -0.07   0.97   0.62   0.73   0.22
 -0.34  -0.26  -0.04   0.94  -0.45  -0.18   0.6   -0.98   0.58   0.02
  0.06   0.15   0.77  -0.17  -0.22   0.68  -0.55  -0.38  -0.55   0.83
  0.02   0.55   0.07   0.47   0.38   0.15   0.35  -0.93  -0.33   0.22
 -0.52  -0.4   -0.9    0.01   0.56  -0.64   0.71  -0.35   0.03   0.9  ][ 4.7000000e-01  7.5000000e-01  7.5000000e-01  6.0000000e-02
  2.2000000e-01  8.1000000e-01 -7.6000000e-01  1.2000000e-01
 -4.5000000e-01 -7.7000000e-01  2.7000000e-01 -7.5000000e-01
 -9.0000000e-01 -9.4000000e-01  9.1000000e-01 -4.7000000e-01
 -4.1000000e-01 -1.1000000e-01  6.9000000e-01 -6.8000000e-01
  7.0000000e-01 -6.6000000e-01  7.5000000e-01 -3.0000000e-02
  8.0000000e-01 -7.4000000e-01 -7.2000000e-01 -3.5000000e-01
 -6.5000000e-01  1.6000000e-01  9.5000000e-01 -3.3000000e-01
 -9.8000000e-01 -7.0000000e-02 -7.2000000e-01  3.9000000e-01
 -1.5000000e-01 -8.1000000e-01  7.1000000e-01  8.8817842e-16
  3.0000000e-02  3.0000000e-01 -1.0000000e-01  4.7000000e-01
 -8.0000000e-01 -7.0000000e-01 -1.3060000e+00 -3.2000000e-01
 -4.3000000e-01 -5.5000000e-01  6.5000000e-01  8.1000000e-01
 -2.7000000e-01 -8.8000000e-01  4.0000000e-02  5.5000000e-01
 -4.4000000e-01  1.5000000e-01 -6.6000000e-01 -4.3000000e-01
 -8.2000000e-01 -4.2000000e-01 -6.1000000e-01 -5.7000000e-01
 -1.6000000e-01  2.0000000e-01 -7.0000000e-01  4.2000000e-01
 -1.1000000e-01 -7.0000000e-02  8.0000000e-01  4.8000000e-01
  4.4000000e-01  1.8000000e-01 -2.5000000e-01  1.8000000e-01
  4.6000000e-01 -9.8000000e-01 -2.0000000e-02  3.5000000e-01
  9.9000000e-02 -9.1000000e-01 -6.2000000e-01 -7.1000000e-01
 -5.5000000e-01  6.3000000e-01 -1.3000000e-01 -2.8000000e-01
  4.5000000e-01 -8.8000000e-01][-7.8000000e-01 -3.2000000e-01  2.6000000e-01  5.8000000e-01
  2.2000000e-01 -4.6000000e-01 -7.6000000e-01 -2.0000000e-02
 -4.2000000e-01  8.0000000e-01 -3.1000000e-01 -9.0000000e-01
 -7.2000000e-01 -1.2030000e+00  9.1000000e-01  4.0000000e-02
 -4.5000000e-01  7.6000000e-01  5.7000000e-01  3.9000000e-01
  1.7000000e-01 -8.7000000e-01  7.5000000e-01 -3.9000000e-01
  8.0000000e-01 -6.2000000e-01  2.2000000e-01  5.7000000e-01
 -6.5000000e-01  5.2000000e-01  3.0000000e-01  5.4000000e-01
  1.7000000e-01 -3.0000000e-02  2.4000000e-01  3.9000000e-01
  8.4000000e-01 -8.1000000e-01 -1.0000000e-01  1.0000000e-02
  8.8817842e-16  8.1000000e-01 -4.0000000e-01 -8.0000000e-01
 -4.0000000e-01  9.3000000e-01 -7.0000000e-01  4.4000000e-01
 -6.0000000e-02 -5.5000000e-01 -5.4000000e-01  7.7000000e-01
 -2.7000000e-01 -4.2000000e-01 -8.5000000e-01  5.8000000e-01
 -8.5000000e-01  1.5000000e-01  1.7000000e-01 -4.3000000e-01
  8.0000000e-01 -4.2000000e-01  9.4000000e-01 -4.9000000e-01
 -3.1000000e-01 -1.0000000e+00 -7.0000000e-01  8.6000000e-01
  8.9000000e-01 -7.0000000e-02  7.1000000e-01  6.5000000e-01
  9.3000000e-01 -3.5000000e-01 -2.5000000e-01  7.0000000e-02
  7.2000000e-01 -8.0000000e-02 -2.0000000e-02  9.8000000e-01
  7.0000000e-02 -7.5000000e-01  3.1000000e-01  8.7000000e-01
  1.4000000e-01  6.3000000e-01 -2.0000000e-01  6.0000000e-01
 -9.0000000e-01  3.2000000e-01][ 4.7000000e-01  7.5000000e-01  8.0000000e-02 -2.6000000e-01
 -9.6000000e-01  8.1000000e-01 -9.7000000e-01  1.2000000e-01
 -4.5000000e-01  8.2000000e-01  2.7000000e-01 -6.8000000e-01
  9.2000000e-01 -8.2000000e-01  3.9000000e-01  9.9000000e-01
 -8.7000000e-01  8.8817842e-16  6.9000000e-01 -6.8000000e-01
 -8.0000000e-02 -6.6000000e-01  5.0000000e-02 -3.0000000e-02
  7.9000000e-01 -7.4000000e-01  7.3000000e-01 -2.8000000e-01
  3.7000000e-01  1.2200000e-01  9.5000000e-01 -3.3000000e-01
  3.6000000e-01 -4.5000000e-01 -7.2000000e-01  6.1000000e-01
  4.8000000e-01 -5.3000000e-01  6.5000000e-01  2.9000000e-01
  3.0000000e-02 -5.7000000e-01 -1.0000000e-01  4.7000000e-01
 -8.0000000e-01 -7.0000000e-01  5.0000000e-01 -1.9000000e-01
  7.3000000e-01 -8.5000000e-01  6.5000000e-01  8.1000000e-01
 -1.6000000e-01 -8.8000000e-01 -4.5000000e-01  3.1000000e-01
 -9.8000000e-01 -9.8000000e-01  5.8000000e-01  8.5000000e-01
  6.6000000e-01  2.1000000e-01  4.6000000e-01 -6.2000000e-01
 -6.2000000e-01  7.6000000e-01 -7.7000000e-01 -3.8000000e-01
 -1.1000000e-01 -1.6000000e-01  6.2000000e-01  9.0000000e-02
 -3.0000000e-02  1.8000000e-01  4.8000000e-01  2.8000000e-01
 -4.8000000e-01  5.6000000e-01  2.0000000e-01  2.0000000e-01
 -7.5000000e-01 -1.4000000e-01 -6.2000000e-01 -6.5000000e-01
 -5.5000000e-01 -2.6000000e-01 -1.3000000e-01 -2.8000000e-01
  2.0000000e-01  1.3000000e-01][ 2.6000000e-01 -7.8000000e-01  8.0000000e-02 -7.3600000e-01
  2.2000000e-01  1.7000000e-01 -7.6000000e-01 -4.3000000e-01
 -3.4000000e-01  8.2000000e-01  7.2000000e-01 -6.8000000e-01
 -9.0000000e-01 -9.4000000e-01  9.1000000e-01  9.9000000e-01
 -4.1000000e-01  8.8817842e-16  7.6000000e-01  5.0000000e-02
 -8.0000000e-02  4.3000000e-01  7.5000000e-01  1.7000000e-01
 -3.2000000e-01 -9.2000000e-01  2.2000000e-01  5.7000000e-01
  5.1000000e-01  8.8817842e-16 -6.2000000e-01  8.5000000e-01
  1.7000000e-01 -3.0000000e-02 -7.2000000e-01  6.1000000e-01
  4.8000000e-01 -8.1000000e-01  6.5000000e-01  6.1000000e-01
  8.8817842e-16 -5.7000000e-01  1.0000000e-01  3.0000000e-01
 -7.5000000e-01  9.3000000e-01  5.0000000e-01 -3.2000000e-01
 -2.2000000e-01 -5.5000000e-01  6.5000000e-01 -3.8000000e-01
 -2.7000000e-01  7.0000000e-02 -8.5000000e-01  5.5000000e-01
 -9.8000000e-01  1.5000000e-01 -6.6000000e-01  8.5000000e-01
  1.5000000e-01 -3.0000000e-01  4.6000000e-01 -5.7000000e-01
 -6.2000000e-01  2.0000000e-01 -7.0000000e-01 -3.8000000e-01
  1.0000000e-01 -5.1000000e-01  6.2000000e-01  4.8000000e-01
 -3.0000000e-02  2.2000000e-01 -2.5000000e-01  2.8000000e-01
 -4.8000000e-01 -8.0000000e-02  2.0000000e-01  2.0000000e-01
 -1.2000000e-01 -9.1000000e-01 -3.6000000e-01  8.7000000e-01
 -2.3000000e-01  3.2000000e-01 -4.0000000e-01 -2.8000000e-01
  2.0000000e-01  1.3000000e-01][-7.4700000e-01  7.5000000e-01  7.5000000e-01  6.0000000e-02
 -9.6000000e-01  8.1000000e-01 -7.6000000e-01  3.0000000e-02
 -4.5000000e-01 -7.7000000e-01 -3.1000000e-01 -7.5000000e-01
 -2.0000000e-02 -7.8000000e-01  9.1000000e-01 -4.7000000e-01
 -4.1000000e-01  7.6000000e-01  6.9000000e-01 -6.8000000e-01
 -7.0000000e-02 -8.7000000e-01  5.0000000e-02 -8.9000000e-01
  7.9000000e-01 -5.8000000e-01  2.2000000e-01  5.7000000e-01
 -6.5000000e-01 -4.0000000e-02 -3.0000000e-02 -3.3000000e-01
 -9.8000000e-01 -3.0000000e-02 -7.2000000e-01  3.9000000e-01
 -1.5000000e-01 -8.1000000e-01  7.1000000e-01  8.8817842e-16
  3.0000000e-02 -3.5000000e-01 -4.0000000e-01 -6.7000000e-01
 -8.0000000e-01 -7.0000000e-01 -1.3060000e+00 -3.2000000e-01
 -4.3000000e-01 -5.5000000e-01  6.5000000e-01 -3.8000000e-01
 -2.7000000e-01 -8.8000000e-01 -8.5000000e-01  5.5000000e-01
 -4.4000000e-01  1.5000000e-01 -6.6000000e-01 -4.3000000e-01
  6.6000000e-01  2.1000000e-01 -6.1000000e-01 -6.2000000e-01
 -1.6000000e-01  9.3000000e-01 -7.7000000e-01  4.2000000e-01
 -1.1000000e-01 -7.0000000e-02  8.0000000e-01  4.8000000e-01
  4.4000000e-01  2.2000000e-01 -2.5000000e-01  1.8000000e-01
  4.6000000e-01 -9.8000000e-01 -7.1000000e-01  3.5000000e-01
 -7.5000000e-01 -9.1000000e-01 -6.2000000e-01  8.7000000e-01
 -5.5000000e-01 -2.6000000e-01 -4.0000000e-01 -2.8000000e-01
  5.3000000e-01 -8.8000000e-01][-7.8000000e-01 -7.8000000e-01  8.0000000e-02  6.0000000e-02
 -6.9000000e-01  1.7000000e-01  4.1000000e-01  3.0000000e-02
 -3.4000000e-01  8.2000000e-01 -3.1000000e-01 -6.8000000e-01
 -9.0000000e-01 -9.4000000e-01  7.9000000e-01  9.9000000e-01
 -8.7000000e-01  8.8817842e-16  1.9000000e-01 -6.8000000e-01
 -8.0000000e-02  4.3000000e-01  7.5000000e-01  1.7000000e-01
  8.0000000e-01 -9.2000000e-01  7.3000000e-01 -2.8000000e-01
 -6.5000000e-01  8.8817842e-16 -3.0000000e-02  8.5000000e-01
  3.6000000e-01 -3.0000000e-02 -7.2000000e-01  6.1000000e-01
  4.8000000e-01 -8.1000000e-01  7.1000000e-01  6.1000000e-01
 -2.0000000e-02 -3.5000000e-01 -4.0000000e-01 -6.7000000e-01
 -4.0000000e-01  9.3000000e-01  5.0000000e-01 -3.2000000e-01
  7.3000000e-01 -8.5000000e-01  5.2000000e-01 -2.6000000e-01
 -2.7000000e-01 -2.4000000e-01 -4.5000000e-01  5.5000000e-01
 -4.4000000e-01 -9.8000000e-01 -6.6000000e-01  8.5000000e-01
 -1.6050000e+00 -4.2000000e-01  4.6000000e-01 -5.7000000e-01
 -6.2000000e-01  2.0000000e-01 -8.1000000e-01 -3.8000000e-01
 -5.5000000e-01 -7.0000000e-02  8.0000000e-01  4.8000000e-01
  4.4000000e-01  2.2000000e-01 -2.5000000e-01  7.7000000e-01
  1.0000000e-01  5.6000000e-01  2.0000000e-01  2.0000000e-01
 -1.2000000e-01 -1.4000000e-01  9.4000000e-01 -6.5000000e-01
 -2.3000000e-01  3.2000000e-01 -4.0000000e-01  7.0000000e-02
  2.0000000e-01  1.0000000e-02][-0.29  -0.6    0.08   0.25  -0.69   0.81  -0.83  -0.43  -0.34  -0.18
  0.2    0.74  -0.02  -0.67   0.89  -0.42   0.79   0.56   0.4   -0.22
 -0.91   0.55   0.05  -0.2    0.79  -0.92  -0.72   0.61  -0.27  -0.35
  0.95  -0.33   0.87  -0.07  -0.72   0.61  -0.15  -0.81   0.65   0.38
 -0.9    0.97  -0.3   -0.78  -0.75  -0.07  -1.306 -0.28   0.73   0.22
  0.65  -0.26   0.64  -0.24   0.04  -0.66  -0.31  -0.98   0.58  -0.09
  0.66   0.21   0.17  -0.62   0.46   0.76  -0.77  -0.13  -0.11  -0.16
  0.8    0.89   0.44   0.72   0.38   0.15  -0.05  -0.98  -0.71   0.2
 -0.75  -0.34  -0.62   0.01  -0.43   0.32   0.71  -0.28   1.18  -0.88 ][-7.8000000e-01 -7.8000000e-01  8.0000000e-02 -2.6000000e-01
  2.2000000e-01  1.7000000e-01 -7.6000000e-01 -4.3000000e-01
 -1.0000000e-02 -7.7000000e-01 -2.3900000e-01 -7.5000000e-01
  9.2000000e-01 -9.4000000e-01  7.9000000e-01  5.0000000e-02
  7.0000000e-02  8.8817842e-16  1.9000000e-01 -6.8000000e-01
  7.0000000e-01  4.3000000e-01  7.5000000e-01 -8.9000000e-01
  8.0000000e-01  5.7000000e-01  3.1000000e-01  5.7000000e-01
  5.1000000e-01  1.6000000e-01 -6.2000000e-01  8.5000000e-01
  1.7000000e-01 -3.0000000e-02 -7.2000000e-01  3.9000000e-01
  8.4000000e-01 -8.1000000e-01  7.1000000e-01  6.1000000e-01
 -2.0000000e-02 -3.5000000e-01 -4.0000000e-01 -6.7000000e-01
 -4.0000000e-01  5.4000000e-01 -1.0000000e-01 -3.2000000e-01
 -2.2000000e-01 -1.8000000e-01 -5.0000000e-01 -2.6000000e-01
 -2.7000000e-01 -2.4000000e-01 -8.5000000e-01 -6.6000000e-01
 -4.4000000e-01  1.5000000e-01 -6.6000000e-01 -4.3000000e-01
 -8.2000000e-01 -4.2000000e-01  4.6000000e-01 -5.7000000e-01
 -1.6000000e-01 -2.2600000e-01 -7.0000000e-01  4.2000000e-01
  1.0000000e-01 -9.9000000e-01  9.6000000e-01  4.8000000e-01
  4.4000000e-01  7.2000000e-01  4.8000000e-01  7.7000000e-01
 -4.8000000e-01 -8.0000000e-02 -2.0000000e-02  3.5000000e-01
 -5.8000000e-01 -9.1000000e-01 -3.6000000e-01  8.7000000e-01
 -2.3000000e-01 -8.5000000e-01  1.3000000e-01  7.0000000e-02
  2.0000000e-01  1.0000000e-02][-7.8000000e-01 -7.8000000e-01  7.5000000e-01  6.0000000e-02
 -9.6000000e-01 -4.6000000e-01 -9.7000000e-01  3.0000000e-02
 -4.5000000e-01 -7.7000000e-01 -3.1000000e-01 -7.5000000e-01
 -2.0000000e-02 -7.8000000e-01  3.9000000e-01 -4.7000000e-01
 -4.1000000e-01  7.6000000e-01  6.9000000e-01 -6.8000000e-01
 -7.0000000e-02 -8.7000000e-01  5.0000000e-02 -3.0000000e-02
  7.9000000e-01 -7.4000000e-01  2.2000000e-01 -3.5000000e-01
  3.7000000e-01  1.6000000e-01  9.5000000e-01 -3.3000000e-01
  1.7000000e-01 -3.0000000e-02 -7.2000000e-01  3.9000000e-01
 -1.5000000e-01 -8.1000000e-01  7.1000000e-01  6.1000000e-01
  8.8817842e-16  3.0000000e-01 -1.0000000e-01  4.7000000e-01
 -8.0000000e-01 -7.0000000e-01 -1.0000000e-01 -2.8000000e-01
 -2.2000000e-01 -5.5000000e-01  6.5000000e-01 -5.9700000e-01
  6.4000000e-01  7.0000000e-02  4.0000000e-02  5.5000000e-01
 -4.4000000e-01  1.5000000e-01 -6.9000000e-01 -4.3000000e-01
 -8.2000000e-01  2.1000000e-01 -6.1000000e-01 -5.7000000e-01
 -1.6000000e-01  2.0000000e-01 -7.0000000e-01  4.2000000e-01
 -1.1000000e-01 -7.0000000e-02  8.0000000e-01  9.0000000e-02
  4.4000000e-01  2.2000000e-01 -2.5000000e-01  7.7000000e-01
  4.6000000e-01 -8.0000000e-02 -7.1000000e-01  3.5000000e-01
 -7.5000000e-01 -3.4000000e-01 -6.2000000e-01 -7.1000000e-01
  1.6000000e-01  6.3000000e-01 -4.0000000e-01 -2.8000000e-01
  5.3000000e-01  1.0000000e-02][-2.9000000e-01  6.2000000e-01  8.0000000e-02 -2.6000000e-01
 -6.9000000e-01 -3.0000000e-01  4.1000000e-01 -4.0000000e-02
 -3.4000000e-01  9.3000000e-01  7.2000000e-01 -6.8000000e-01
 -7.0000000e-02 -8.2000000e-01  7.9000000e-01  5.0000000e-02
  8.5000000e-01  5.6000000e-01  7.6000000e-01  7.7000000e-01
 -9.1000000e-01  5.5000000e-01 -8.9000000e-01 -8.9000000e-01
  2.3000000e-01 -5.7000000e-01  7.3000000e-01 -2.8000000e-01
 -2.7000000e-01  8.8817842e-16 -6.2000000e-01  4.2000000e-01
  8.7000000e-01 -4.5000000e-01 -3.4000000e-01  6.1000000e-01
  4.8000000e-01 -5.3000000e-01  8.6000000e-01  3.8000000e-01
  8.8817842e-16 -5.7000000e-01  1.0000000e-01 -7.8000000e-01
 -3.5000000e-01 -7.0000000e-02  5.9000000e-01 -5.2600000e-01
  7.3000000e-01  2.2000000e-01 -3.4000000e-01 -2.6000000e-01
 -1.6000000e-01 -9.8000000e-01 -4.5000000e-01  8.1000000e-01
 -3.1000000e-01 -8.9000000e-01 -6.6000000e-01 -7.9000000e-01
  6.0000000e-02 -3.0000000e-01  7.7000000e-01 -1.7000000e-01
 -2.2000000e-01  7.6000000e-01  3.5000000e-01 -3.8000000e-01
 -6.9000000e-01 -7.2000000e-01  6.2000000e-01  9.3000000e-01
 -3.0000000e-02  5.8000000e-01  3.8000000e-01  7.7000000e-01
 -4.8000000e-01 -9.3000000e-01 -2.0000000e-02 -3.4000000e-01
 -6.8000000e-01 -9.1000000e-01  9.4000000e-01  1.0000000e-02
 -2.3000000e-01  5.5000000e-01 -3.1500000e-01 -4.3000000e-01
 -1.8000000e-01  3.0000000e-01][ 2.6000000e-01  7.5000000e-01  7.4000000e-01  6.0000000e-02
 -9.6000000e-01  8.1000000e-01 -9.7000000e-01  1.2000000e-01
 -4.5000000e-01 -7.7000000e-01 -3.1000000e-01 -6.8000000e-01
 -2.0000000e-02 -7.8000000e-01  3.9000000e-01  9.9000000e-01
  7.0000000e-02  7.6000000e-01  7.2000000e-01 -6.8000000e-01
 -7.0000000e-02  4.3000000e-01 -7.3000000e-01 -3.0000000e-02
 -1.1580000e+00 -9.2000000e-01  7.3000000e-01  5.7000000e-01
  1.7000000e-01 -4.0000000e-02  9.5000000e-01 -3.3000000e-01
  3.6000000e-01  1.3000000e-01 -7.2000000e-01  6.1000000e-01
 -1.5000000e-01 -8.1000000e-01 -7.6000000e-01  8.8817842e-16
  3.0000000e-02  3.0000000e-01 -1.0000000e-01  4.7000000e-01
 -7.5000000e-01  9.3000000e-01  5.0000000e-01 -3.2000000e-01
 -4.3000000e-01 -8.5000000e-01 -5.0000000e-01  8.1000000e-01
 -1.6000000e-01 -2.4000000e-01  4.0000000e-02  3.1000000e-01
 -9.8000000e-01  1.5000000e-01 -6.6000000e-01 -4.3000000e-01
  6.6000000e-01  2.1000000e-01 -6.1000000e-01 -6.2000000e-01
  4.6000000e-01  7.6000000e-01  8.6000000e-01 -1.3000000e-01
 -1.1000000e-01 -1.6000000e-01  8.0000000e-01  4.8000000e-01
 -3.0000000e-02  1.8000000e-01 -2.5000000e-01  1.8000000e-01
  4.6000000e-01 -9.8000000e-01 -7.1000000e-01  2.0000000e-01
 -5.8000000e-01 -1.4000000e-01 -3.6000000e-01 -7.1000000e-01
  7.6000000e-01 -2.6000000e-01 -1.3000000e-01  1.3170000e+00
  5.3000000e-01  1.0000000e-02][ 2.6000000e-01 -7.8000000e-01  8.0000000e-02  6.0000000e-02
  2.2000000e-01 -4.6000000e-01  4.1000000e-01  3.0000000e-02
 -1.0000000e-02 -7.7000000e-01  7.2000000e-01 -6.8000000e-01
 -9.0000000e-01 -8.2000000e-01  7.9000000e-01  9.9000000e-01
 -4.1000000e-01  8.8817842e-16  1.9000000e-01 -6.8000000e-01
 -8.0000000e-02  4.3000000e-01  7.5000000e-01  1.7000000e-01
  8.0000000e-01 -9.2000000e-01  2.2000000e-01 -2.8000000e-01
  5.1000000e-01  8.8817842e-16 -6.2000000e-01  4.2000000e-01
  1.7000000e-01 -4.5000000e-01 -7.2000000e-01  3.9000000e-01
  8.4000000e-01 -5.3000000e-01  6.5000000e-01  2.9000000e-01
  8.8817842e-16 -3.5000000e-01 -4.0000000e-01 -6.7000000e-01
 -7.5000000e-01  5.4000000e-01 -1.0000000e-01 -3.2000000e-01
  7.3000000e-01 -5.5000000e-01  5.2000000e-01 -2.6000000e-01
 -1.6000000e-01  7.0000000e-02 -8.5000000e-01  5.5000000e-01
 -4.4000000e-01 -9.8000000e-01  5.8000000e-01  8.5000000e-01
 -8.2000000e-01 -4.2000000e-01 -6.1000000e-01 -5.7000000e-01
 -1.6000000e-01  2.0000000e-01 -7.0000000e-01  4.2000000e-01
  1.0000000e-01 -7.0000000e-02  8.0000000e-01  9.3000000e-01
 -3.0000000e-02  2.2000000e-01 -2.5000000e-01  7.7000000e-01
 -4.8000000e-01 -8.0000000e-02  2.0000000e-01  3.5000000e-01
 -1.2000000e-01 -9.1000000e-01  9.4000000e-01 -6.5000000e-01
  1.6000000e-01  3.2000000e-01 -4.0000000e-01 -2.8000000e-01
  4.5000000e-01  3.5100000e-01][-7.8000000e-01  7.5000000e-01  7.5000000e-01  6.0000000e-02
  2.2000000e-01 -4.6000000e-01 -7.6000000e-01  1.2000000e-01
 -1.0000000e-02  4.9400000e-01 -3.1000000e-01 -7.5000000e-01
 -2.0000000e-02 -9.4000000e-01  3.9000000e-01  1.4000000e-01
 -4.1000000e-01 -1.1000000e-01  1.9000000e-01 -6.8000000e-01
  7.0000000e-01 -8.7000000e-01  7.5000000e-01 -3.0000000e-02
  7.9000000e-01 -5.8000000e-01 -7.2000000e-01 -3.5000000e-01
 -6.5000000e-01  1.6000000e-01 -3.0000000e-02  8.5000000e-01
 -9.8000000e-01 -7.0000000e-02 -7.2000000e-01  3.9000000e-01
 -1.5000000e-01 -8.1000000e-01  7.1000000e-01  6.1000000e-01
  8.8817842e-16  3.0000000e-01 -4.0000000e-01 -6.7000000e-01
 -8.0000000e-01 -7.0000000e-01 -1.0000000e-01 -3.2000000e-01
 -2.2000000e-01 -5.5000000e-01  6.5000000e-01  8.1000000e-01
 -2.7000000e-01 -8.8000000e-01 -8.5000000e-01  3.1000000e-01
 -4.4000000e-01  1.5000000e-01 -6.6000000e-01 -4.3000000e-01
  6.6000000e-01 -4.2000000e-01  1.7000000e-01 -6.2000000e-01
  4.6000000e-01  9.3000000e-01 -7.7000000e-01 -1.3000000e-01
 -1.1000000e-01 -1.6000000e-01  8.0000000e-01  9.0000000e-02
  4.4000000e-01  2.2000000e-01 -2.5000000e-01  1.8000000e-01
  1.0000000e-01 -9.8000000e-01 -2.0000000e-02 -6.0000000e-01
 -7.5000000e-01 -3.4000000e-01 -3.6000000e-01  8.7000000e-01
 -5.5000000e-01  6.3000000e-01 -1.3000000e-01 -2.8000000e-01
  4.5000000e-01 -8.8000000e-01][-0.78 -0.78  0.75  0.06  0.22 -0.46 -0.76  0.03 -0.01 -0.18 -0.31 -0.23
 -0.9  -0.78  0.91 -0.47  0.79 -0.11  0.19 -0.68 -0.07 -0.87  0.75 -0.03
  0.79 -0.74 -0.72 -0.35  0.37 -0.13 -0.03  0.85  0.17 -0.07 -0.72  0.39
 -0.15 -0.81  0.71  0.61  0.03 -0.35 -0.1  -0.67 -0.8  -0.7  -0.1  -0.28
 -0.22 -0.55  0.65 -0.38 -0.27 -0.88  0.04  0.31 -0.44  0.15 -0.69 -0.43
  0.66 -0.42  0.17 -0.62  0.46  0.2  -0.7   0.42  0.1  -0.07  0.8   0.09
  0.44  0.22 -0.25  0.77  0.1  -0.08 -0.71  0.35 -0.58 -0.91 -0.36  0.87
  0.16 -0.26 -0.4  -0.28  0.45 -0.88][ 2.6000000e-01 -7.8000000e-01  8.0000000e-02 -2.6000000e-01
  3.2000000e-02  1.7000000e-01 -7.6000000e-01  3.0000000e-02
 -3.4000000e-01 -7.7000000e-01 -3.1000000e-01 -7.5000000e-01
  9.2000000e-01 -9.4000000e-01  7.9000000e-01  9.9000000e-01
 -4.1000000e-01  7.6000000e-01  7.6000000e-01 -6.8000000e-01
  7.0000000e-01 -8.7000000e-01  7.5000000e-01 -8.9000000e-01
 -3.2000000e-01 -9.2000000e-01  2.2000000e-01  5.7000000e-01
 -6.5000000e-01  8.8817842e-16 -6.2000000e-01  8.5000000e-01
  3.6000000e-01 -4.5000000e-01 -2.7000000e-01  6.1000000e-01
  8.4000000e-01 -5.3000000e-01  7.1000000e-01  2.9000000e-01
 -2.0000000e-02 -3.5000000e-01  1.0000000e-01 -6.7000000e-01
 -4.0000000e-01  9.3000000e-01  5.0000000e-01 -1.9000000e-01
  7.3000000e-01 -8.5000000e-01  6.5000000e-01 -2.6000000e-01
 -1.6000000e-01 -2.4000000e-01 -8.5000000e-01  5.5000000e-01
 -9.8000000e-01  1.5000000e-01 -6.6000000e-01 -4.3000000e-01
  1.5000000e-01 -4.2000000e-01 -6.1000000e-01  2.0000000e-02
 -6.2000000e-01  2.0000000e-01 -8.1000000e-01  4.2000000e-01
 -5.5000000e-01 -5.1000000e-01  8.0000000e-01  9.3000000e-01
  4.4000000e-01  2.2000000e-01  4.8000000e-01  7.7000000e-01
  1.0000000e-01 -8.0000000e-02  2.0000000e-01  3.5000000e-01
 -1.2000000e-01 -9.1000000e-01  9.4000000e-01  8.7000000e-01
 -2.3000000e-01  6.3000000e-01  1.3000000e-01 -2.8000000e-01
  4.5000000e-01  1.0000000e-02][-0.78  -0.78   0.75   0.06  -0.96  -0.46  -0.76   0.12  -0.45  -0.18
  0.27  -0.23  -0.02  -0.78   0.39   0.14   0.79   0.76   0.19  -0.68
 -0.07  -0.66   0.75  -0.89   0.79  -0.58   0.22   0.57   0.37   0.16
 -0.03   0.85   0.17  -0.07  -0.72   0.39  -0.15  -0.81   0.71   0.61
  0.03  -0.35  -0.4   -0.67  -0.4   -0.7   -1.306 -0.159 -0.43  -0.55
  0.65   0.81  -0.27  -0.88   0.04   0.55  -0.44   0.15  -0.66  -0.43
 -0.82  -0.42   0.17  -0.57   0.46   0.93  -0.7   -0.13  -0.11  -0.16
  0.8    0.09   0.44   0.22  -0.25   0.77   0.46  -0.98  -0.02   0.35
 -0.58  -0.91  -0.36  -0.71   0.16   0.63  -0.4   -0.28   0.53  -0.88 ][-7.8000000e-01 -6.0000000e-01  8.0000000e-02  6.0000000e-02
 -6.9000000e-01  1.7000000e-01 -7.6000000e-01  3.0000000e-02
 -3.4000000e-01 -7.7000000e-01  7.2000000e-01 -7.5000000e-01
 -9.0000000e-01 -8.2000000e-01  9.1000000e-01 -4.7000000e-01
 -4.1000000e-01  7.6000000e-01  1.9000000e-01 -6.8000000e-01
  7.0000000e-01 -8.7000000e-01  7.5000000e-01  1.7000000e-01
 -3.2000000e-01 -5.8000000e-01  7.3000000e-01  5.7000000e-01
 -6.5000000e-01  1.6000000e-01 -3.0000000e-02  4.2000000e-01
  1.7000000e-01 -4.5000000e-01 -7.2000000e-01  6.1000000e-01
  4.8000000e-01 -5.3000000e-01  7.1000000e-01  6.1000000e-01
  8.8817842e-16 -5.7000000e-01  1.0000000e-01 -6.7000000e-01
 -4.0000000e-01  9.3000000e-01  5.0000000e-01 -3.2000000e-01
  7.3000000e-01 -8.5000000e-01  5.2000000e-01 -3.8000000e-01
 -1.6000000e-01  7.0000000e-02 -4.5000000e-01 -6.6000000e-01
 -9.8000000e-01 -9.8000000e-01  5.8000000e-01 -4.3000000e-01
  1.5000000e-01 -4.2000000e-01  4.6000000e-01  2.0000000e-02
  2.2500000e-01  7.6000000e-01 -7.0000000e-01  4.2000000e-01
 -5.5000000e-01 -7.0000000e-02  6.2000000e-01  9.3000000e-01
 -3.0000000e-02  7.2000000e-01 -2.5000000e-01  7.7000000e-01
  1.0000000e-01 -8.0000000e-02 -2.0000000e-02  2.0000000e-01
 -1.2000000e-01 -1.4000000e-01 -3.6000000e-01  8.7000000e-01
 -2.3000000e-01  3.2000000e-01  1.3000000e-01  7.0000000e-02
  4.5000000e-01  1.3000000e-01][ 7.3000000e-01  9.3400000e-01  7.5000000e-01  2.1000000e-01
  2.2000000e-01 -7.2000000e-01 -8.4000000e-01  3.0000000e-02
  4.4000000e-01  2.7000000e-01  6.9000000e-01 -7.5000000e-01
 -7.7000000e-01 -9.4000000e-01  9.1000000e-01 -4.7000000e-01
 -4.1000000e-01 -1.2000000e-01  3.5000000e-01 -6.8000000e-01
 -7.0000000e-01 -8.7000000e-01 -5.6000000e-01 -8.9000000e-01
  8.0000000e-01 -4.0000000e-01  2.2000000e-01  8.8817842e-16
 -6.5000000e-01 -8.5000000e-01 -3.0000000e-02  8.5000000e-01
  1.7000000e-01 -3.0000000e-02 -7.2000000e-01 -5.3000000e-01
 -6.6000000e-01 -8.1000000e-01  2.9000000e-01  8.7000000e-01
 -4.1000000e-01 -3.5000000e-01 -4.0000000e-01 -9.9000000e-01
 -4.0000000e-01 -5.0000000e-02  4.5000000e-01  9.4000000e-01
 -2.2000000e-01 -2.4000000e-01  6.5000000e-01 -3.8000000e-01
 -2.7000000e-01  7.0000000e-02 -6.6000000e-01  3.2000000e-01
  1.5000000e-01  1.5000000e-01  6.2000000e-01 -9.0000000e-02
  2.5000000e-01  8.7000000e-01 -3.3000000e-01 -1.5000000e-01
 -1.6000000e-01  2.0000000e-01 -7.0000000e-01  7.5000000e-01
  1.0000000e-01 -2.2000000e-01  6.4000000e-01  4.8000000e-01
  4.4000000e-01  2.2000000e-01 -2.5000000e-01  6.8000000e-01
  1.0000000e-01  3.2000000e-01 -2.0000000e-02 -6.5000000e-01
  9.6000000e-01  3.4000000e-01 -3.6000000e-01  8.7000000e-01
 -1.0000000e-01 -7.8000000e-01 -4.0000000e-01  3.7000000e-01
  4.0000000e-01  1.0000000e-02][-7.8000000e-01 -6.0000000e-01  8.0000000e-02 -2.6000000e-01
  2.2000000e-01 -4.6000000e-01  4.1000000e-01  3.0000000e-02
 -3.4000000e-01  8.2000000e-01 -3.1000000e-01 -7.5000000e-01
 -9.0000000e-01 -8.2000000e-01  7.9000000e-01 -4.7000000e-01
 -4.1000000e-01  7.6000000e-01  7.6000000e-01  5.0000000e-02
 -8.0000000e-02 -8.7000000e-01  7.5000000e-01  1.7000000e-01
  8.0000000e-01 -9.2000000e-01  2.2000000e-01  5.7000000e-01
 -6.5000000e-01  1.6000000e-01 -6.2000000e-01  8.5000000e-01
  1.7000000e-01 -3.0000000e-02 -7.2000000e-01  6.1000000e-01
  8.4000000e-01 -5.3000000e-01  6.5000000e-01  6.1000000e-01
  8.8817842e-16 -5.7000000e-01  1.0000000e-01  3.0000000e-01
 -4.0000000e-01  5.4000000e-01 -1.0000000e-01 -3.2000000e-01
 -1.2100000e-01 -5.5000000e-01  6.5000000e-01 -2.6000000e-01
 -1.6000000e-01  7.0000000e-02 -8.5000000e-01 -6.6000000e-01
 -4.4000000e-01  1.5000000e-01  5.8000000e-01  8.5000000e-01
 -8.2000000e-01 -4.2000000e-01 -6.1000000e-01 -5.7000000e-01
 -1.6000000e-01  7.6000000e-01 -8.1000000e-01 -3.8000000e-01
 -5.5000000e-01 -5.1000000e-01  8.0000000e-01  9.3000000e-01
 -3.0000000e-02  2.2000000e-01  4.8000000e-01  2.8000000e-01
  1.0000000e-01  5.6000000e-01  2.0000000e-01  3.5000000e-01
 -1.2000000e-01 -1.4000000e-01  9.4000000e-01  8.7000000e-01
  1.6000000e-01  6.3000000e-01  1.3000000e-01 -2.8000000e-01
  4.5000000e-01  1.3000000e-01][ 4.7000000e-01  7.5000000e-01  7.5000000e-01  6.0000000e-02
 -6.9000000e-01  8.1000000e-01 -9.7000000e-01  1.2000000e-01
 -4.5000000e-01  9.3000000e-01  2.7000000e-01 -2.3000000e-01
 -2.0000000e-02 -8.2000000e-01  7.9000000e-01  1.4000000e-01
 -8.7000000e-01 -1.1000000e-01  7.6000000e-01  5.0000000e-02
 -7.0000000e-02  5.5000000e-01 -8.9000000e-01 -3.0000000e-02
  7.9000000e-01 -7.4000000e-01 -7.2000000e-01  6.1000000e-01
 -2.7000000e-01  8.8817842e-16 -6.2000000e-01  4.2000000e-01
  3.6000000e-01 -4.5000000e-01 -2.7000000e-01  6.1000000e-01
  4.8000000e-01 -8.1000000e-01  7.1000000e-01  8.8817842e-16
  3.0000000e-02 -5.7000000e-01 -1.0000000e-01  3.0000000e-01
 -3.5000000e-01 -7.0000000e-02 -1.3060000e+00 -5.2600000e-01
 -3.4000000e-01 -8.5000000e-01  6.5000000e-01 -2.6000000e-01
  7.5000000e-01 -8.8000000e-01 -4.5000000e-01  8.1000000e-01
 -4.4000000e-01  1.5000000e-01 -6.9000000e-01 -9.0000000e-02
  6.6000000e-01  2.1000000e-01  1.7000000e-01 -1.7000000e-01
 -2.2000000e-01  7.6000000e-01 -8.1000000e-01 -3.8000000e-01
 -6.9000000e-01 -1.6000000e-01  6.2000000e-01  9.0000000e-02
 -3.0000000e-02  5.8000000e-01  3.8000000e-01  1.8000000e-01
 -5.0000000e-02 -9.3000000e-01  2.0000000e-01 -6.0000000e-01
 -7.5000000e-01 -9.1000000e-01  9.4000000e-01  1.0000000e-02
 -5.5000000e-01 -2.6000000e-01  1.3000000e-01  7.0000000e-02
  5.3000000e-01 -8.8000000e-01][ 2.6000000e-01  6.2000000e-01  8.0000000e-02  9.7000000e-01
 -7.8000000e-01  1.7000000e-01 -8.3000000e-01 -4.0000000e-02
  6.0000000e-02  8.2000000e-01  7.2000000e-01 -6.8000000e-01
 -7.0000000e-02 -8.2000000e-01  7.9000000e-01  9.9000000e-01
  8.5000000e-01  8.8817842e-16  7.6000000e-01  5.0000000e-02
  5.1000000e-01  5.5000000e-01 -7.3000000e-01  1.7000000e-01
  2.3000000e-01 -9.2000000e-01  7.3000000e-01 -2.8000000e-01
  5.1000000e-01  8.8817842e-16  6.1000000e-01  4.2000000e-01
  8.7000000e-01 -4.5000000e-01 -2.7000000e-01  6.1000000e-01
  4.8000000e-01 -5.3000000e-01  6.5000000e-01  2.9000000e-01
 -2.0000000e-02 -5.7000000e-01  1.0000000e-01 -7.8000000e-01
 -7.5000000e-01  5.4000000e-01  5.0000000e-01 -2.0000000e-01
  7.3000000e-01  2.2000000e-01 -3.4000000e-01 -2.6000000e-01
 -1.6000000e-01 -9.8000000e-01 -4.8000000e-01  5.5000000e-01
 -9.8000000e-01 -8.9000000e-01  5.8000000e-01  8.5000000e-01
  6.0000000e-02 -3.0000000e-01  7.7000000e-01  2.0000000e-02
 -1.6000000e-01  7.6000000e-01  3.5000000e-01 -7.9000000e-01
 -6.9000000e-01 -7.2000000e-01  2.0000000e-02  9.3000000e-01
 -3.0000000e-02  7.2000000e-01  4.8000000e-01  2.8000000e-01
 -4.8000000e-01  5.3000000e-02  2.0000000e-01  2.0000000e-01
 -6.8000000e-01 -1.4000000e-01 -8.4000000e-01  1.0000000e-02
 -2.3000000e-01  3.2000000e-01  1.3000000e-01  7.0000000e-02
 -1.8000000e-01  3.0000000e-01][-7.8000000e-01  7.5000000e-01  7.5000000e-01  6.0000000e-02
  2.2000000e-01  8.1000000e-01 -7.6000000e-01  1.2000000e-01
 -1.0000000e-02 -1.8000000e-01  2.7000000e-01 -7.5000000e-01
 -2.0000000e-02 -7.8000000e-01  3.9000000e-01  1.4000000e-01
 -4.1000000e-01  7.6000000e-01  1.9000000e-01 -6.8000000e-01
  7.0000000e-01 -8.7000000e-01  5.0000000e-02 -3.0000000e-02
  8.0000000e-01 -7.4000000e-01 -7.2000000e-01  5.7000000e-01
  3.7000000e-01 -4.0000000e-02  9.5000000e-01 -3.3000000e-01
 -9.8000000e-01 -3.0000000e-02 -7.2000000e-01  3.9000000e-01
  8.4000000e-01 -8.1000000e-01  7.1000000e-01  8.8817842e-16
  3.0000000e-02  3.0000000e-01 -1.0000000e-01  4.7000000e-01
 -8.0000000e-01 -7.0000000e-01 -1.0000000e-01 -2.8000000e-01
 -4.3000000e-01 -5.5000000e-01  6.5000000e-01 -3.8000000e-01
 -2.7000000e-01 -8.8000000e-01  4.0000000e-02  3.1000000e-01
 -4.4000000e-01  1.5000000e-01 -6.6000000e-01 -4.3000000e-01
 -8.2000000e-01  2.1000000e-01 -6.1000000e-01 -5.7400000e-01
  4.6000000e-01  9.3000000e-01 -7.0000000e-01 -1.3000000e-01
 -1.1000000e-01 -7.0000000e-02  8.0000000e-01  9.0000000e-02
  4.4000000e-01  2.2000000e-01 -2.5000000e-01  7.7000000e-01
  4.6000000e-01 -9.8000000e-01 -2.0000000e-02 -6.0000000e-01
 -7.5000000e-01 -9.1000000e-01 -3.6000000e-01  8.7000000e-01
  1.6000000e-01 -2.6000000e-01 -4.0000000e-01 -2.8000000e-01
  5.3000000e-01  1.0000000e-02][-7.8000000e-01 -6.0000000e-01  8.0000000e-02 -2.6000000e-01
 -6.9000000e-01  1.7000000e-01  4.1000000e-01 -4.3000000e-01
 -1.0000000e-02  8.2000000e-01 -2.3900000e-01 -6.8000000e-01
 -2.4000000e-02 -9.4000000e-01  7.9000000e-01  5.0000000e-02
 -8.7000000e-01  8.8817842e-16  7.2000000e-01  5.0000000e-02
 -8.0000000e-02  4.3000000e-01  7.5000000e-01 -8.9000000e-01
  8.0000000e-01  5.7000000e-01  7.3000000e-01  5.7000000e-01
  5.1000000e-01  5.3000000e-01 -6.2000000e-01  4.2000000e-01
  1.7000000e-01 -4.5000000e-01 -2.7000000e-01 -7.5000000e-01
  4.8000000e-01  5.4000000e-01 -7.6000000e-01  6.1000000e-01
 -2.0000000e-02 -5.7000000e-01  1.0000000e-01  3.0000000e-01
 -4.0000000e-01  5.4000000e-01  5.0000000e-01 -1.9000000e-01
  7.3000000e-01 -1.8000000e-01  5.2000000e-01 -2.6000000e-01
 -1.6000000e-01 -2.4000000e-01 -4.5000000e-01 -6.6000000e-01
 -9.8000000e-01 -9.8000000e-01  5.8000000e-01  8.5000000e-01
 -8.2000000e-01 -3.0000000e-01  4.6000000e-01 -5.7000000e-01
 -6.2000000e-01  7.6000000e-01 -8.1000000e-01 -3.8000000e-01
 -5.5000000e-01 -5.1000000e-01  6.2000000e-01  4.8000000e-01
 -3.0000000e-02  7.2000000e-01  4.8000000e-01  2.8000000e-01
 -4.8000000e-01  5.6000000e-01  2.0000000e-01  2.0000000e-01
 -1.2000000e-01 -1.4000000e-01 -3.6000000e-01 -6.5000000e-01
 -2.3000000e-01 -8.5000000e-01  1.3000000e-01  7.0000000e-02
  2.0000000e-01  1.0000000e-02][ 0.47   0.75   0.75   0.06  -0.96   0.81  -0.97   0.12  -0.45  -0.77
 -0.31  -0.23  -0.9   -0.78   0.91   0.14   0.79  -0.11   0.69  -0.68
 -0.07  -0.87   0.05  -0.03   0.79  -0.58   0.22   0.57   0.37  -0.04
 -0.03   0.85   0.17  -0.03  -0.72   0.39  -0.15  -0.81   0.71   0.61
  0.03  -0.35  -0.4   -0.67  -0.4   -0.7   -1.651 -0.32  -0.22  -0.55
  0.65  -0.38  -0.27   0.07   0.04   0.31  -0.44   0.15  -0.69  -0.43
 -0.82   0.21  -0.61  -0.57  -0.16   0.2   -0.77   0.42   0.1   -0.07
  0.8    0.09   0.44   0.18  -0.25   0.77   0.1   -0.98  -0.02   0.35
 -0.75  -0.34  -0.36  -0.71   0.16  -0.26  -0.4   -0.28   0.45   0.01 ][-7.8000000e-01 -7.8000000e-01  7.5000000e-01  6.0000000e-02
 -9.6000000e-01 -4.6000000e-01 -8.5100000e-01  1.2000000e-01
 -1.0000000e-02 -7.7000000e-01  2.7000000e-01 -2.3000000e-01
 -2.0000000e-02 -7.8000000e-01  9.1000000e-01 -4.7000000e-01
  7.9000000e-01 -1.1000000e-01  6.9000000e-01 -6.8000000e-01
 -7.0000000e-02 -8.7000000e-01  5.0000000e-02 -8.9000000e-01
  8.0000000e-01 -5.8000000e-01  2.2000000e-01 -3.5000000e-01
 -6.5000000e-01 -4.0000000e-02 -3.0000000e-02  8.5000000e-01
  1.7000000e-01 -3.0000000e-02 -7.2000000e-01  3.9000000e-01
  8.4000000e-01 -8.1000000e-01  7.1000000e-01  8.8817842e-16
  8.8817842e-16 -3.5000000e-01 -4.0000000e-01  4.7000000e-01
 -4.0000000e-01 -7.0000000e-01 -1.0000000e-01 -2.8000000e-01
 -2.2000000e-01 -5.5000000e-01  6.5000000e-01  8.1000000e-01
 -2.7000000e-01 -8.8000000e-01  4.0000000e-02  3.1000000e-01
 -4.4000000e-01  1.5000000e-01 -6.9000000e-01 -4.3000000e-01
  6.6000000e-01  2.1000000e-01 -6.1000000e-01 -5.7000000e-01
  4.6000000e-01  2.0000000e-01 -7.7000000e-01 -1.3000000e-01
 -1.1000000e-01 -7.0000000e-02  8.0000000e-01  9.0000000e-02
  4.4000000e-01  2.2000000e-01 -2.5000000e-01  7.7000000e-01
  4.6000000e-01 -8.0000000e-02 -7.1000000e-01  3.5000000e-01
 -7.5000000e-01 -9.1000000e-01 -6.2000000e-01 -7.1000000e-01
  1.6000000e-01  6.3000000e-01 -1.3000000e-01 -2.8000000e-01
  5.3000000e-01  1.0000000e-02][ 2.6000000e-01 -6.0000000e-01  7.5000000e-01  6.0000000e-02
 -7.8000000e-01  1.7000000e-01 -8.3000000e-01 -4.0000000e-02
 -4.5000000e-01 -1.8000000e-01  7.2000000e-01 -2.3000000e-01
  9.2000000e-01 -7.8000000e-01  3.9000000e-01  9.9000000e-01
  7.9000000e-01 -1.1000000e-01  6.9000000e-01 -2.2000000e-01
 -9.1000000e-01 -6.6000000e-01 -8.9000000e-01 -3.0000000e-02
 -3.2000000e-01 -9.2000000e-01 -7.2000000e-01  6.1000000e-01
  3.7000000e-01 -4.0000000e-02  9.5000000e-01 -3.5000000e-01
  3.6000000e-01 -4.5000000e-01 -7.2000000e-01  6.1000000e-01
  4.8000000e-01  1.1000000e-01  6.5000000e-01  8.8817842e-16
 -2.0000000e-02  3.0000000e-01 -3.0000000e-01  4.7000000e-01
 -3.5000000e-01 -7.0000000e-01 -1.3060000e+00 -1.9000000e-01
  7.3000000e-01 -5.5000000e-01  6.5000000e-01  8.1000000e-01
  7.5000000e-01 -8.8000000e-01 -4.5000000e-01 -6.6000000e-01
 -4.4000000e-01  1.5000000e-01  5.8000000e-01 -9.0000000e-02
  6.6000000e-01  2.1000000e-01  7.7000000e-01  2.0000000e-02
  4.6000000e-01  9.3000000e-01  3.5000000e-01 -1.3000000e-01
 -1.1000000e-01 -7.2000000e-01  8.0000000e-01  9.0000000e-02
 -3.0000000e-02  5.8000000e-01  3.8000000e-01  1.5000000e-01
  7.6800000e-01 -9.8000000e-01  6.5000000e-01 -6.8000000e-01
 -6.8000000e-01 -3.4000000e-01 -6.2000000e-01 -7.1000000e-01
 -4.3000000e-01  7.5200000e-01 -1.3000000e-01 -4.3000000e-01
  2.0000000e-01 -8.8000000e-01][-0.78  -0.78   0.08  -0.26  -0.69  -0.46  -0.76   0.03  -0.34  -0.77
 -0.31  -0.68   0.92  -0.82   0.91  -0.47  -0.41   0.76  -0.447  0.05
 -0.08  -0.87   0.75  -0.89   0.8   -0.58   0.22  -0.28   0.51   0.16
 -0.62   0.42   0.36  -0.45  -0.27   0.61   0.48  -0.81   0.65   0.61
 -0.02  -0.35  -0.4   -0.67  -0.75   0.54  -0.1   -0.32   0.73  -0.85
  0.52  -0.26  -0.16  -0.24  -0.85   0.55  -0.98  -0.98   0.58  -0.43
 -0.82  -0.42  -0.61   0.02  -0.16   0.76  -0.81   0.42   0.1   -0.07
  0.8    0.48   0.44   0.22   0.48   0.28  -0.48  -0.08   0.2    0.2
 -0.58  -0.14  -0.36   0.87  -0.23   0.63  -0.4    0.07   0.2    0.01 ][ 2.6000000e-01 -6.0000000e-01  8.0000000e-02 -6.2000000e-01
  7.5000000e-01  4.2000000e-01  4.1000000e-01  7.7000000e-01
 -1.0000000e-02  8.2000000e-01  7.2000000e-01 -6.8000000e-01
  9.2000000e-01 -5.7000000e-01  8.1000000e-01  9.9000000e-01
  4.3000000e-01  6.0000000e-02  7.6000000e-01  5.0000000e-02
  1.1000000e-01 -4.7000000e-01 -7.3000000e-01  1.7000000e-01
 -3.2000000e-01 -9.4000000e-01  7.3000000e-01 -2.8000000e-01
 -1.3000000e-01  8.8817842e-16  7.1000000e-01  4.2000000e-01
  3.6000000e-01 -1.3920000e+00 -7.9000000e-01  8.3000000e-01
  7.5000000e-01  2.3000000e-01 -8.0000000e-01  9.0000000e-01
 -2.0000000e-02 -5.7000000e-01  1.0000000e-01  3.0000000e-01
  6.6000000e-01  5.4000000e-01 -3.0000000e-02  6.3000000e-01
  4.6000000e-01 -8.5000000e-01  5.2000000e-01 -2.6000000e-01
 -1.6000000e-01  2.0000000e-01  1.8000000e-01 -2.0000000e-02
 -9.8000000e-01 -9.8000000e-01 -6.9000000e-01  8.5000000e-01
  1.5000000e-01 -3.0000000e-01  4.6000000e-01  2.0000000e-02
  7.7000000e-01  6.8000000e-01 -8.1000000e-01 -5.2000000e-01
  7.4000000e-01  2.0000000e-01  6.2000000e-01  9.3000000e-01
 -9.4000000e-01 -3.7000000e-01 -9.8000000e-01  5.0000000e-02
  3.9000000e-01  9.7000000e-01  2.0000000e-01  4.0000000e-01
 -1.2000000e-01 -1.4000000e-01  9.4000000e-01  6.0000000e-01
 -7.4000000e-01  2.0000000e-02 -1.5000000e-01 -5.0000000e-02
  2.0000000e-01  1.3000000e-01][ 0.47   0.75   0.75   0.06  -0.96  -0.46  -0.97   0.12  -0.45  -0.18
 -0.31  -0.75  -0.02  -0.94   0.91  -0.47  -0.41   0.76   0.19  -0.68
 -0.07  -0.87   0.75  -0.89   0.79  -0.58   0.22  -0.35   0.37  -0.04
  0.95  -0.33  -0.98  -0.07  -0.72   0.39  -0.15  -0.81   0.71   0.61
  0.03  -0.35  -0.4    0.47  -0.8    0.93  -0.1   -0.28  -0.22  -0.55
  0.65   0.81  -0.27   0.07   0.04   0.55  -0.44   0.15  -0.66  -0.43
  0.66  -0.42  -1.534 -0.62   0.46   0.2   -0.7    0.42  -0.11  -0.16
  0.8    0.48   0.44   0.22  -0.25   0.18   0.1   -0.08  -0.02   0.35
 -0.58  -0.34  -0.36  -0.71  -0.55  -0.26  -0.13  -0.28   0.53   0.01 ][ 2.6000000e-01 -6.0000000e-01  8.0000000e-02  2.5000000e-01
  2.2000000e-01  1.7000000e-01 -7.6000000e-01 -4.0000000e-02
 -3.4000000e-01  8.2000000e-01 -3.1000000e-01 -6.8000000e-01
 -9.0000000e-01 -8.2000000e-01  7.9000000e-01  9.9000000e-01
 -8.7000000e-01  8.8817842e-16  7.6000000e-01 -2.2000000e-01
 -9.1000000e-01  5.5000000e-01 -8.9000000e-01 -2.0000000e-01
 -3.2000000e-01 -9.2000000e-01  7.3000000e-01 -2.8000000e-01
  5.1000000e-01  8.8817842e-16 -6.4000000e-01 -5.1000000e-01
  8.7000000e-01  1.3000000e-01 -2.7000000e-01  6.1000000e-01
  4.8000000e-01 -5.3000000e-01  6.5000000e-01  2.9000000e-01
 -2.0000000e-02 -5.7000000e-01  1.0000000e-01 -7.8000000e-01
 -3.5000000e-01 -7.0000000e-02  5.0000000e-01 -1.9000000e-01
  7.3000000e-01 -8.5000000e-01 -5.0000000e-01 -2.6000000e-01
 -1.6000000e-01 -2.4000000e-01 -4.8000000e-01 -6.6000000e-01
 -3.1000000e-01  6.0000000e-01  5.8000000e-01 -7.9000000e-01
  1.5000000e-01  4.6900000e-01  4.6000000e-01 -1.7000000e-01
 -1.6000000e-01  2.5000000e-01  3.5000000e-01 -3.8000000e-01
 -5.5000000e-01 -5.1000000e-01  6.2000000e-01  9.3000000e-01
 -3.0000000e-02  5.8000000e-01  3.8000000e-01  2.8000000e-01
 -4.8000000e-01 -1.6940000e+00  6.5000000e-01  2.0000000e-01
 -6.8000000e-01 -9.1000000e-01  9.4000000e-01  1.0000000e-02
 -4.3000000e-01  5.5000000e-01  1.3000000e-01  7.0000000e-02
  2.0000000e-01  1.3000000e-01][ 2.6000000e-01 -6.0000000e-01 -9.7000000e-01 -2.6000000e-01
 -6.9000000e-01  1.7000000e-01  4.1000000e-01 -4.3000000e-01
 -3.4000000e-01  8.2000000e-01  7.2000000e-01  7.4000000e-01
  9.2000000e-01 -8.2000000e-01  7.9000000e-01  9.9000000e-01
 -8.7000000e-01  3.2200000e-01  7.6000000e-01  5.0000000e-02
 -9.1000000e-01  5.5000000e-01 -8.9000000e-01  1.7000000e-01
 -3.2000000e-01 -9.2000000e-01  7.3000000e-01 -2.8000000e-01
  5.1000000e-01  8.8817842e-16 -6.2000000e-01  4.2000000e-01
  3.6000000e-01 -4.5000000e-01 -2.7000000e-01  6.1000000e-01
  4.8000000e-01 -5.3000000e-01  6.5000000e-01  2.9000000e-01
 -2.0000000e-02 -5.7000000e-01  1.0000000e-01  3.0000000e-01
 -3.5000000e-01  5.4000000e-01  5.9000000e-01 -1.9000000e-01
  7.3000000e-01 -8.5000000e-01  5.2000000e-01 -2.6000000e-01
  7.5000000e-01 -2.4000000e-01 -4.5000000e-01 -6.6000000e-01
 -3.1000000e-01 -9.8000000e-01  5.8000000e-01 -9.0000000e-02
  6.0000000e-02 -3.0000000e-01  4.6000000e-01 -1.7000000e-01
 -2.2000000e-01  7.6000000e-01 -8.1000000e-01 -3.8000000e-01
 -6.9000000e-01 -5.1000000e-01  6.2000000e-01  9.3000000e-01
 -3.0000000e-02  7.2000000e-01  3.8000000e-01  2.8000000e-01
 -4.8000000e-01 -9.3000000e-01  2.0000000e-01 -6.8000000e-01
 -1.2000000e-01 -1.4000000e-01  9.4000000e-01 -6.5000000e-01
 -2.3000000e-01  3.2000000e-01  1.3000000e-01  7.0000000e-02
  3.4000000e-01  1.3000000e-01][ 0.26  -0.6    0.75   0.06  -0.96   0.81  -0.76   0.12  -0.01  -0.77
 -0.31  -0.23  -0.02  -0.82   0.91   0.14   0.07  -0.11   0.72   0.77
 -0.07   0.43  -0.73   0.17   0.79  -0.92  -0.72  -0.35   0.37  -0.04
 -0.62   0.42   0.36   0.13  -0.72   0.61   0.48  -0.81  -0.76   0.61
  0.03   0.3   -0.1   -0.67  -0.8   -0.7    0.5   -0.32  -0.22  -0.55
  0.65  -0.26   0.64  -0.88   0.04   0.31  -0.44  -0.98  -0.66   0.85
  0.15  -0.3    0.17  -0.62   0.46   0.93   0.86  -0.13  -0.11  -0.16
 -0.065  0.09  -0.03   0.18  -0.1    0.28   0.1   -0.98  -0.71   0.2
 -0.58  -0.14  -0.62   0.87  -0.55   0.32  -0.4    1.317 -0.18  -0.88 ][-7.8000000e-01  7.5000000e-01  7.5000000e-01  6.0000000e-02
 -9.6000000e-01 -4.6000000e-01 -7.6000000e-01  1.2000000e-01
 -1.0000000e-02 -7.7000000e-01  2.7000000e-01 -7.5000000e-01
 -9.0000000e-01 -9.4000000e-01  9.1000000e-01  1.4000000e-01
 -4.1000000e-01 -1.1000000e-01  1.9000000e-01 -6.8000000e-01
 -7.0000000e-02 -8.7000000e-01  5.0000000e-02 -3.0000000e-02
  7.9000000e-01 -5.8000000e-01 -5.8800000e-01  5.7000000e-01
 -6.5000000e-01 -4.0000000e-02 -3.0000000e-02 -3.3000000e-01
 -9.8000000e-01 -7.0000000e-02 -7.2000000e-01  3.9000000e-01
 -1.5000000e-01 -8.1000000e-01  7.1000000e-01  8.8817842e-16
  3.0000000e-02 -3.5000000e-01 -1.0000000e-01  4.7000000e-01
 -4.0000000e-01 -7.0000000e-01 -1.0000000e-01 -2.8000000e-01
 -2.2000000e-01 -5.5000000e-01  6.5000000e-01 -3.8000000e-01
  6.4000000e-01 -8.8000000e-01 -8.5000000e-01  5.5000000e-01
 -4.4000000e-01  1.5000000e-01 -6.9000000e-01 -4.3000000e-01
 -8.2000000e-01  2.1000000e-01 -6.1000000e-01 -5.7000000e-01
 -1.6000000e-01  9.3000000e-01 -7.7000000e-01 -1.3000000e-01
  1.0000000e-01 -7.0000000e-02  8.0000000e-01  9.0000000e-02
  4.4000000e-01  1.8000000e-01 -2.5000000e-01  1.8000000e-01
  1.0000000e-01 -8.0000000e-02 -7.1000000e-01  3.5000000e-01
 -7.5000000e-01 -9.1000000e-01 -6.2000000e-01  8.7000000e-01
  1.6000000e-01  6.3000000e-01 -1.3000000e-01 -2.8000000e-01
  4.5000000e-01 -8.8000000e-01][-7.8000000e-01 -7.8000000e-01  7.5000000e-01  6.0000000e-02
 -9.6000000e-01  8.1000000e-01 -9.7000000e-01  1.2000000e-01
 -1.0000000e-02 -7.7000000e-01  2.7000000e-01 -2.3000000e-01
 -9.0000000e-01 -9.4000000e-01  3.9000000e-01 -4.7000000e-01
  7.9000000e-01 -1.1000000e-01  6.9000000e-01 -6.8000000e-01
 -7.0000000e-02 -6.6000000e-01  5.0000000e-02 -8.9000000e-01
  7.9000000e-01 -7.4000000e-01 -7.2000000e-01 -3.5000000e-01
  3.7000000e-01  1.6000000e-01  9.5000000e-01 -3.3000000e-01
 -1.1360000e+00 -7.0000000e-02 -7.2000000e-01  3.9000000e-01
 -1.5000000e-01 -8.1000000e-01  7.1000000e-01  8.8817842e-16
  8.8817842e-16  3.0000000e-01 -4.0000000e-01  4.7000000e-01
 -8.0000000e-01 -7.0000000e-01 -1.3060000e+00 -2.8000000e-01
 -4.3000000e-01 -5.5000000e-01  6.5000000e-01 -3.8000000e-01
 -2.7000000e-01 -8.8000000e-01 -8.5000000e-01  5.5000000e-01
 -4.4000000e-01  1.5000000e-01 -6.9000000e-01 -4.3000000e-01
 -8.2000000e-01 -4.2000000e-01  1.7000000e-01 -5.7000000e-01
  4.6000000e-01  2.0000000e-01 -7.0000000e-01 -1.3000000e-01
  1.0000000e-01 -7.0000000e-02  8.0000000e-01  9.0000000e-02
  4.4000000e-01  2.2000000e-01 -2.5000000e-01  7.7000000e-01
  1.0000000e-01 -9.8000000e-01 -2.0000000e-02  3.5000000e-01
 -5.8000000e-01 -9.1000000e-01 -6.2000000e-01  8.7000000e-01
 -5.5000000e-01  6.3000000e-01 -4.0000000e-01 -2.8000000e-01
  4.5000000e-01 -8.8000000e-01][ 4.7000000e-01  6.2000000e-01  7.5000000e-01 -2.6000000e-01
 -9.6000000e-01  1.7000000e-01  4.1000000e-01 -4.3000000e-01
 -1.0000000e-02  8.2000000e-01  2.7000000e-01 -7.5000000e-01
  9.2000000e-01 -7.8000000e-01  3.9000000e-01  1.4000000e-01
  7.9000000e-01  8.8817842e-16  6.9000000e-01 -6.8000000e-01
 -7.0000000e-02 -6.6000000e-01  5.0000000e-02 -8.9000000e-01
  8.0000000e-01 -7.4000000e-01  3.1000000e-01 -3.5000000e-01
  5.1000000e-01  5.3000000e-01 -6.2000000e-01  4.2000000e-01
  1.7000000e-01 -7.0000000e-02 -7.2000000e-01 -7.5000000e-01
 -1.5000000e-01  5.4000000e-01 -7.6000000e-01  6.1000000e-01
  3.0000000e-02  3.0000000e-01  1.0000000e-01 -6.7000000e-01
 -4.0000000e-01 -7.0000000e-01 -1.3060000e+00 -2.8000000e-01
 -2.2000000e-01 -5.5000000e-01  6.5000000e-01  1.7780000e+00
  6.4000000e-01 -2.4000000e-01  4.0000000e-02 -6.6000000e-01
 -9.8000000e-01  1.5000000e-01  5.8000000e-01 -4.3000000e-01
  6.6000000e-01  2.1000000e-01  4.6000000e-01 -6.2000000e-01
 -6.2000000e-01  2.0000000e-01 -8.1000000e-01 -1.3000000e-01
 -5.5000000e-01 -1.6000000e-01  9.6000000e-01  4.8000000e-01
  4.4000000e-01  7.2000000e-01  4.8000000e-01  2.8000000e-01
 -4.8000000e-01  5.6000000e-01 -7.1000000e-01 -6.0000000e-01
 -1.2000000e-01 -3.4000000e-01 -3.6000000e-01 -7.1000000e-01
 -2.3000000e-01 -2.6000000e-01  1.3000000e-01  7.0000000e-02
  5.3000000e-01  1.0000000e-02][ 0.26  -0.6   -0.97   0.06  -0.96   0.17  -0.83   0.12  -0.45  -0.18
  0.27  -0.23  -0.02  -0.78   0.39   0.99  -0.87  -0.11   0.69  -0.22
 -0.91   0.43   0.05  -0.03  -0.32  -0.74  -0.72  -0.35   0.51  -0.04
  0.61  -0.33   0.36  -0.45  -0.34   0.61  -0.15   0.11   0.65   0.29
  0.03   0.97  -0.3    0.47  -0.8    0.54  -1.306 -0.28   0.73  -0.55
  0.65   0.81   0.64  -0.88   0.04  -0.565 -0.98   0.15  -0.69  -0.43
  0.06   0.21   0.77  -0.62   0.46   0.93  -0.77  -0.13  -0.11  -0.72
  0.8    0.93   0.44   0.58   0.38   0.18   0.46  -0.93  -0.71  -0.6
 -0.75  -0.91  -0.84  -0.71  -0.43  -0.26   0.71  -0.43   0.53  -0.88 ][-7.8000000e-01  7.5000000e-01  7.5000000e-01  6.0000000e-02
 -9.6000000e-01 -4.6000000e-01 -7.6000000e-01  3.0000000e-02
 -1.0000000e-02 -7.7000000e-01  2.7000000e-01 -7.5000000e-01
 -9.0000000e-01 -9.4000000e-01  9.1000000e-01  1.4000000e-01
 -4.1000000e-01 -1.1000000e-01  6.9000000e-01 -6.8000000e-01
 -7.0000000e-02 -6.6000000e-01  5.0000000e-02 -8.9000000e-01
  8.0000000e-01 -7.4000000e-01 -7.2000000e-01  5.7000000e-01
  3.7000000e-01 -4.0000000e-02 -3.0000000e-02  8.5000000e-01
  1.7000000e-01 -7.0000000e-02 -7.2000000e-01  3.9000000e-01
 -1.5000000e-01 -8.1000000e-01  7.1000000e-01  8.8817842e-16
  8.8817842e-16 -3.5000000e-01 -4.0000000e-01  4.7000000e-01
 -8.0000000e-01  9.3000000e-01 -1.3060000e+00 -2.8000000e-01
 -2.2000000e-01 -5.5000000e-01  6.5000000e-01  8.1000000e-01
  6.4000000e-01  7.0000000e-02  4.0000000e-02  5.5000000e-01
 -4.4000000e-01  1.5000000e-01 -6.9000000e-01 -4.3000000e-01
 -8.2000000e-01  2.1000000e-01  1.7000000e-01 -5.7000000e-01
  4.6000000e-01  9.3000000e-01 -7.7000000e-01  4.2000000e-01
 -1.1000000e-01 -7.0000000e-02  8.0000000e-01  8.1500000e-01
  4.4000000e-01  2.2000000e-01 -2.5000000e-01  1.8000000e-01
  1.0000000e-01 -8.0000000e-02 -2.0000000e-02 -6.0000000e-01
 -7.5000000e-01 -3.4000000e-01 -3.6000000e-01  8.7000000e-01
  1.6000000e-01 -2.6000000e-01 -4.0000000e-01 -2.8000000e-01
  4.5000000e-01 -8.8000000e-01][-7.8000000e-01  6.2000000e-01  7.5000000e-01  6.0000000e-02
  2.2000000e-01  1.7000000e-01 -9.7000000e-01  1.2000000e-01
 -1.0000000e-02  8.2000000e-01  2.7000000e-01 -2.3000000e-01
 -2.0000000e-02 -7.8000000e-01  7.9000000e-01  5.0000000e-02
  7.0000000e-02  8.8817842e-16  7.2000000e-01 -6.8000000e-01
 -8.0000000e-02 -6.6000000e-01  5.0000000e-02 -8.9000000e-01
  7.9000000e-01  5.7000000e-01 -1.4840000e+00 -3.5000000e-01
  3.7000000e-01  5.3000000e-01 -6.2000000e-01  4.2000000e-01
 -9.8000000e-01 -7.0000000e-02 -2.8000000e-01 -7.5000000e-01
 -1.5000000e-01 -8.1000000e-01  7.1000000e-01  6.1000000e-01
  3.0000000e-02 -5.7000000e-01 -1.0000000e-01 -6.7000000e-01
 -4.0000000e-01  5.4000000e-01  5.0000000e-01 -2.8000000e-01
 -4.3000000e-01 -1.8000000e-01 -5.0000000e-01  8.1000000e-01
  6.4000000e-01 -2.4000000e-01 -8.5000000e-01  3.1000000e-01
 -9.8000000e-01 -9.8000000e-01  5.8000000e-01 -4.3000000e-01
  6.6000000e-01 -3.0000000e-01  4.6000000e-01 -5.7000000e-01
 -6.2000000e-01  2.0000000e-01 -8.1000000e-01 -3.8000000e-01
 -5.5000000e-01 -1.6000000e-01  8.0000000e-01  9.0000000e-02
  4.4000000e-01  1.8000000e-01  4.8000000e-01  2.8000000e-01
  4.6000000e-01  5.6000000e-01 -2.0000000e-02  2.0000000e-01
 -7.5000000e-01 -1.4000000e-01 -6.2000000e-01  8.7000000e-01
 -5.5000000e-01 -8.5000000e-01 -1.3000000e-01 -2.8000000e-01
  2.0000000e-01  1.0000000e-02][ 7.4900000e-01  2.0000000e-01 -9.7000000e-01  9.7000000e-01
 -6.9000000e-01  1.7000000e-01 -8.3000000e-01 -4.0000000e-02
  6.0000000e-02 -7.7000000e-01  7.2000000e-01 -6.8000000e-01
 -7.0000000e-02 -8.2000000e-01  7.9000000e-01  9.9000000e-01
  8.5000000e-01  8.8817842e-16  4.0000000e-01  7.7000000e-01
  5.1000000e-01  5.5000000e-01 -8.9000000e-01 -8.9000000e-01
  2.3000000e-01 -9.2000000e-01  4.0000000e-01  6.1000000e-01
  5.1000000e-01  5.0000000e-02  6.1000000e-01  4.2000000e-01
  8.7000000e-01 -4.5000000e-01 -2.7000000e-01  6.1000000e-01
  4.8000000e-01 -5.3000000e-01  8.6000000e-01  3.8000000e-01
  8.8817842e-16 -5.7000000e-01  1.0000000e-01  3.0000000e-01
 -3.5000000e-01 -7.0000000e-02  5.9000000e-01 -2.0000000e-01
  7.3000000e-01  2.2000000e-01 -3.4000000e-01 -2.6000000e-01
  7.5000000e-01 -9.8000000e-01 -4.8000000e-01  8.1000000e-01
 -3.1000000e-01 -8.9000000e-01 -7.1000000e-01 -7.9000000e-01
  6.0000000e-02 -3.0000000e-01  7.7000000e-01 -1.7000000e-01
 -1.6000000e-01  7.6000000e-01  3.5000000e-01 -3.8000000e-01
 -6.9000000e-01 -7.2000000e-01  6.2000000e-01  9.3000000e-01
 -6.2000000e-01  5.8000000e-01  3.8000000e-01  1.5000000e-01
 -5.0000000e-02 -9.3000000e-01  2.0000000e-01 -6.8000000e-01
 -6.8000000e-01 -9.1000000e-01 -8.4000000e-01  1.0000000e-02
 -2.3000000e-01  5.5000000e-01  7.1000000e-01 -4.3000000e-01
  3.4000000e-01  3.0000000e-01][ 0.47   0.75  -0.97   0.06  -0.78   0.81  -0.97   0.12   0.06  -0.18
  0.27  -0.23   0.92  -0.78   0.39   0.99  -0.87  -0.11   0.4   -0.68
 -0.91   0.43  -0.89  -0.03  -0.32  -0.92   0.73  -0.35   0.51  -0.35
  0.95  -0.35   0.36  -0.45  -0.72   0.39   0.48  -0.81   0.65   0.29
 -0.02   0.97  -0.3    0.47  -0.8   -0.7    0.59  -0.28   0.73  -0.85
  0.65  -0.26   0.64  -0.88   0.04  -0.66  -0.44   0.15  -1.442 -0.43
  0.06   0.21   0.77  -0.62   0.46   0.93   0.35  -0.13  -0.55  -0.72
  0.62   0.93  -0.03   0.18   0.38   0.18   0.46  -0.93   0.65  -0.68
 -0.68  -0.34  -0.62   0.01  -0.55  -0.26   0.71  -0.43   0.53  -0.88 ][ 2.6000000e-01 -6.0000000e-01  8.0000000e-02 -2.6000000e-01
  2.2000000e-01  1.7000000e-01  4.1000000e-01 -4.3000000e-01
 -1.0000000e-02 -7.7000000e-01 -3.1000000e-01 -6.8000000e-01
  9.2000000e-01 -8.2000000e-01  7.9000000e-01 -4.7000000e-01
 -8.7000000e-01  7.6000000e-01  7.6000000e-01  5.0000000e-02
  7.0000000e-01  4.3000000e-01 -7.3000000e-01  1.7000000e-01
 -3.2000000e-01 -5.8000000e-01  2.2000000e-01 -2.8000000e-01
  5.1000000e-01  8.8817842e-16 -6.2000000e-01  4.2000000e-01
  1.7000000e-01 -3.0000000e-02 -2.7000000e-01  6.1000000e-01
  4.8000000e-01 -5.3000000e-01  7.1000000e-01  2.9000000e-01
  8.8817842e-16 -5.7000000e-01  1.0000000e-01  1.0200000e+00
 -4.0000000e-01  5.4000000e-01  5.0000000e-01 -1.9000000e-01
 -2.2000000e-01 -8.5000000e-01  5.2000000e-01 -2.6000000e-01
 -2.7000000e-01 -2.4000000e-01 -4.5000000e-01 -6.6000000e-01
 -9.8000000e-01  1.5000000e-01 -6.6000000e-01  8.5000000e-01
  1.5000000e-01 -3.0000000e-01  4.6000000e-01 -5.7000000e-01
 -1.6000000e-01  7.6000000e-01 -7.0000000e-01  4.2000000e-01
 -5.5000000e-01 -5.1000000e-01  8.0000000e-01  9.3000000e-01
  4.4000000e-01  2.2000000e-01  4.8000000e-01  2.8000000e-01
 -4.8000000e-01  5.6000000e-01 -2.0000000e-02  3.5000000e-01
 -5.8000000e-01 -1.4000000e-01  9.4000000e-01 -6.5000000e-01
  1.6000000e-01  6.3000000e-01 -4.0000000e-01 -2.8000000e-01
  2.0000000e-01  1.3000000e-01]