[ 0.47  -0.59   0.75  -0.62   0.22   0.17  -0.84   0.03  -0.01   0.82
  1.866 -0.68   0.92  -1.397  0.79  -1.127 -0.87  -0.044  0.69  -0.15
 -0.08  -0.346  0.75   0.17  -0.269 -0.94   0.73  -0.035 -0.257  0.16
  0.642  1.102  0.36  -0.45  -0.72   0.665  0.75  -0.53  -0.8    0.29
 -0.02   0.198  0.16  -0.508 -1.425 -0.07  -2.637  0.897 -0.121 -0.85
  0.65  -0.26  -0.16   0.2    0.347  0.81  -0.27  -1.247 -0.595 -0.141
 -0.82   0.21   0.17   0.02  -0.62   0.68  -0.81  -0.031 -0.55   0.2
  0.62  -0.5   -0.03  -0.37  -0.98   0.05  -0.48   1.66   0.2    1.02
 -0.75  -0.14   1.439 -0.65   0.022  0.02   0.13  -0.28   0.2    0.994][ 0.47  -0.59   0.75  -0.62   0.22   0.17  -0.91   0.03  -0.01   0.82
  1.47  -0.68   0.92  -1.397  0.79  -1.127 -0.87  -0.044  0.69  -1.12
 -0.08  -0.346  0.75   0.17  -0.269 -0.94   0.73  -0.28  -0.257  0.16
  0.95   1.102  0.36  -0.45  -0.72   0.665  0.75  -0.53  -0.8    0.29
 -0.02   0.198  1.301 -0.508 -1.425 -0.07  -1.088  0.63  -0.121 -0.85
  0.65  -0.26  -0.16   0.2    0.347  0.81  -0.27  -1.247 -0.69  -0.141
 -0.86   0.21   0.17   0.02  -0.62   0.68  -0.81  -0.031 -0.55   0.441
  0.62  -0.5   -0.03  -0.37  -0.98   0.05  -0.48   1.584  0.2    1.02
 -0.75  -0.14   1.439 -0.65  -0.55   0.02   0.268 -0.28   0.2    0.13 ][ 0.47  -0.59   0.75  -0.62  -0.96   0.17  -0.97  -0.785 -0.01   0.82
  1.866 -0.68   0.92  -1.397  0.888 -1.127 -0.87  -0.044  0.69  -1.622
 -0.08  -0.346  0.75   0.17  -0.269 -0.94   0.73  -0.035 -0.257  0.16
  0.642  1.102  0.36  -0.45  -0.72   0.665  0.75  -0.53  -0.8    0.29
 -0.02   0.198  0.1    0.3   -1.076 -0.07  -1.662  0.63   0.677 -0.85
  0.65  -0.26  -0.16   0.2    0.347  0.81  -0.27  -1.247 -0.69   0.85
 -0.82   0.21  -0.76   0.02  -0.62   0.68  -0.81  -0.031 -0.55   0.2
  0.62  -0.5   -0.03  -0.37  -0.98   0.05  -0.48   1.584  0.2    1.02
 -0.75  -0.14   1.439 -0.65  -0.55   0.02   0.13  -0.28   0.2    0.13 ][ 0.47  -0.59   0.75  -0.62  -0.96   0.17  -0.97  -0.039 -0.01   0.82
  1.866 -0.68   0.92  -1.397  0.888 -1.127 -0.87   0.06   0.69  -1.136
 -0.08  -0.346  0.75   0.17  -0.269 -0.94   0.73  -0.035 -0.257  0.16
  0.642  1.102  0.36  -0.53  -0.72   0.665  0.75  -0.53  -0.8    0.29
 -0.02   0.198  0.1    0.3   -1.425 -0.07  -1.662  0.63   0.677 -0.85
  0.65  -0.26  -0.16   0.2    0.347  0.81  -0.27  -1.247 -0.69  -0.141
 -0.82   0.21   0.17   0.02  -0.62   0.68  -0.81  -0.031 -0.55   0.2
  0.54  -0.5   -0.03  -0.37  -0.98   0.05  -0.48   1.584  0.2    1.02
 -0.75  -0.14   1.439 -0.65  -0.55   0.02   0.268 -0.28   0.2    0.13 ][ 0.504 -0.59   0.75  -0.62  -0.96   0.17  -0.84  -0.785 -0.01   0.82
  1.866 -0.68   0.92  -1.397  0.79  -1.127 -0.87   0.06   0.69  -1.12
 -0.08  -0.346  0.75   0.17  -0.269 -0.94   0.73  -0.28  -0.257  0.16
  0.642  1.102  0.36  -0.45  -0.72   0.665  0.75  -0.53  -0.8    0.29
 -0.02   0.198  0.466 -0.508 -1.076 -0.07  -2.637  0.63  -0.121 -0.85
  0.65  -0.26  -0.16   0.2    0.347  0.81  -0.27  -1.247 -0.595 -0.141
 -0.82   0.21  -0.76   0.02  -0.62   0.68  -0.81  -0.031 -0.55   0.2
  0.62  -0.5   -0.03  -0.37  -0.98   0.05  -0.48   1.66   0.2    1.02
 -0.75  -0.14   1.439 -1.614 -0.55   0.02   0.13  -0.28   0.2    0.994][ 0.504 -0.59   0.75  -0.62   0.22   0.17  -0.84  -0.785 -0.01   0.82
  1.866 -0.68   0.92  -1.397  0.79  -1.127 -0.87   0.06   0.69  -1.136
 -0.08  -0.346  0.75   0.17  -0.269 -0.94   0.73  -0.28  -0.257  0.16
  0.642  1.102  0.36  -0.45  -0.72   0.665  0.75  -0.53  -0.8    0.29
 -0.02   0.198  0.466 -0.508 -1.425 -0.07  -1.673  0.63   0.677 -0.85
  0.65  -0.26  -0.16   0.2   -0.45   0.81  -0.27  -1.247 -0.595 -0.141
 -0.82   0.21   0.17  -0.125 -0.62   0.68  -0.81  -0.143 -0.55   0.2
  0.62  -0.5   -0.03  -0.37  -0.98   0.05  -0.48   1.66   0.2    1.02
 -0.75  -0.14   1.439 -0.65  -0.55   0.02   0.13  -0.28  -0.682  0.994][ 0.504 -0.27   0.75  -0.62  -0.96   0.17  -0.84  -0.785 -0.01   0.82
  1.47  -0.68   0.92  -1.397  0.79  -1.127 -0.87  -0.044  0.69  -1.136
 -0.08  -0.346  0.75   0.17  -0.269 -0.94   0.73  -0.628 -0.257  0.16
  0.642  1.102  0.36  -0.45  -0.72   0.665  0.75  -0.53  -0.8    0.29
 -0.02   0.198  0.466 -0.508 -1.425 -0.07  -1.734  0.63  -0.121 -0.85
  0.65  -0.26  -0.16   0.2    0.347  0.81  -0.27  -1.247 -0.595 -0.141
 -0.82   0.21   0.17   0.02  -0.62   0.68  -0.81  -0.143 -0.55   0.2
  0.62  -0.5   -0.03  -0.37  -0.98   0.05  -0.48   1.584  0.2    1.02
 -0.75  -0.14   1.439 -0.65  -0.55   0.02   0.13  -0.28  -0.682  0.994][ 0.47  -1.476  0.75  -0.62  -0.96   0.17  -0.84  -0.039 -0.01   0.82
  1.47  -0.68   0.92  -1.397  0.888 -1.127 -0.87   0.06   0.69  -1.136
 -0.08  -0.346  0.75   0.17  -0.269 -0.94   0.73  -0.28  -0.257  0.16
  0.642  1.102  0.36  -0.45  -0.72   0.665  0.75  -0.53  -0.8    0.29
 -0.02   0.198  0.466 -0.508 -1.425 -0.07  -1.673  0.63   0.677 -0.85
  0.65  -0.26  -0.16   0.2    0.347  0.81  -0.27  -1.247 -0.69  -0.141
 -0.82   0.21   0.17   0.02  -0.62   0.68  -0.81  -0.031 -0.55   0.2
  0.62  -0.5   -0.03  -0.37  -0.98   0.05  -0.48   1.584  0.2    1.02
 -0.75  -0.14   1.439 -0.65  -0.55   0.02   0.13  -0.28   0.2    0.994][ 0.47  -0.59   0.188 -0.62  -0.96   0.17  -0.84  -0.785 -0.01   0.82
  1.866 -0.68   0.92  -1.397  0.888 -1.127 -0.87  -0.044  0.69  -1.622
 -0.08  -0.346  0.75   0.17  -0.269 -0.94   0.73  -0.28  -0.257  0.16
  0.642  1.102  0.36  -0.45  -0.72   0.665  0.75  -0.53  -0.8    0.29
 -0.02   0.198  0.466 -0.508 -1.076 -0.07  -1.662  0.63   0.677 -0.85
  0.65  -0.26  -0.16   0.2    0.347  0.81  -0.27  -1.247 -0.69  -0.141
 -0.82   0.21   0.17   0.02  -0.62   0.68  -0.81  -0.031 -0.55   0.2
  0.62  -0.5   -0.03  -0.37  -0.98   0.05  -0.48   1.66   0.2    1.02
 -0.75  -0.14   1.439 -0.65  -0.55   0.02   0.13  -0.28   0.2    0.13 ][ 5.04000000e-01 -5.90000000e-01  2.22044605e-16 -6.20000000e-01
 -9.60000000e-01  1.70000000e-01 -8.40000000e-01 -7.85000000e-01
 -1.00000000e-02  8.20000000e-01  1.86600000e+00 -6.80000000e-01
  9.20000000e-01 -1.39700000e+00  7.90000000e-01 -1.12700000e+00
 -8.70000000e-01 -4.40000000e-02  6.90000000e-01 -1.13600000e+00
 -8.00000000e-02 -3.46000000e-01  7.50000000e-01  1.70000000e-01
  1.30000000e-02 -1.63300000e+00  7.30000000e-01 -2.80000000e-01
 -2.57000000e-01  1.60000000e-01  6.42000000e-01  1.10200000e+00
  3.60000000e-01 -4.50000000e-01 -7.20000000e-01  6.65000000e-01
  7.50000000e-01 -5.30000000e-01 -8.00000000e-01  2.90000000e-01
 -2.00000000e-02  1.98000000e-01  4.66000000e-01  3.00000000e-01
 -1.07600000e+00 -7.00000000e-02 -2.63700000e+00  6.30000000e-01
  6.77000000e-01 -8.50000000e-01  6.50000000e-01 -2.60000000e-01
 -1.60000000e-01  2.00000000e-01  3.47000000e-01  8.10000000e-01
 -2.70000000e-01 -1.24700000e+00 -5.95000000e-01 -1.41000000e-01
 -8.20000000e-01  2.10000000e-01 -7.60000000e-01  2.00000000e-02
 -6.20000000e-01  6.80000000e-01 -8.10000000e-01 -3.10000000e-02
 -5.50000000e-01  2.00000000e-01  6.20000000e-01 -5.00000000e-01
 -3.00000000e-02 -3.70000000e-01 -9.80000000e-01  5.00000000e-02
 -4.80000000e-01  1.66000000e+00  2.00000000e-01  1.02000000e+00
 -7.50000000e-01 -1.40000000e-01  1.43900000e+00 -1.61400000e+00
 -5.50000000e-01  2.00000000e-02  1.30000000e-01 -2.80000000e-01
  2.00000000e-01  9.94000000e-01][ 4.70000000e-01 -5.90000000e-01  2.22044605e-16 -6.20000000e-01
 -9.60000000e-01  1.70000000e-01 -8.40000000e-01 -7.85000000e-01
 -1.00000000e-02  8.20000000e-01  1.86600000e+00 -6.80000000e-01
  9.20000000e-01 -1.39700000e+00  7.90000000e-01 -1.12700000e+00
 -8.70000000e-01 -4.40000000e-02  6.90000000e-01 -1.13600000e+00
 -8.00000000e-02 -3.46000000e-01  7.50000000e-01  1.70000000e-01
  1.30000000e-02 -9.40000000e-01  7.30000000e-01 -3.50000000e-02
 -2.57000000e-01  1.60000000e-01  6.42000000e-01  1.10200000e+00
  3.60000000e-01 -4.50000000e-01 -7.20000000e-01  6.65000000e-01
  7.50000000e-01 -5.30000000e-01 -8.00000000e-01  2.90000000e-01
 -2.00000000e-02  1.98000000e-01  4.66000000e-01  3.00000000e-01
 -1.42500000e+00 -7.00000000e-02 -2.63700000e+00  6.30000000e-01
  6.77000000e-01 -8.50000000e-01  6.50000000e-01 -2.60000000e-01
 -1.60000000e-01  2.00000000e-01  3.47000000e-01  8.10000000e-01
 -2.70000000e-01 -1.24700000e+00 -5.95000000e-01 -1.41000000e-01
 -8.20000000e-01  2.10000000e-01  1.70000000e-01  2.00000000e-02
 -6.20000000e-01  6.80000000e-01 -8.10000000e-01 -3.10000000e-02
 -5.50000000e-01  2.00000000e-01  6.20000000e-01 -5.00000000e-01
 -3.00000000e-02 -3.70000000e-01 -9.80000000e-01  5.00000000e-02
 -4.80000000e-01  1.66000000e+00  2.00000000e-01  1.02000000e+00
 -7.50000000e-01 -1.40000000e-01  1.43900000e+00 -6.50000000e-01
  2.20000000e-02  2.00000000e-02  1.30000000e-01 -2.80000000e-01
  2.00000000e-01  9.94000000e-01][ 0.47  -0.59   0.75  -0.369 -0.96   0.17  -0.97  -1.689 -0.01   0.82
  1.866 -0.68   0.92  -1.397  0.888 -1.127 -0.87   0.06   0.69  -0.15
 -0.08  -0.346  0.75   0.17   0.013 -0.94   0.73  -0.035 -0.257  0.16
  0.642  1.102  0.36  -0.45  -0.72   0.665  0.75  -0.53  -0.8    0.29
 -0.02   0.198  0.1    0.3   -1.076 -0.07  -1.662  0.63   0.677 -0.85
  0.65  -0.26  -0.16   0.2    0.347  0.81  -0.27  -1.247 -0.595  0.85
 -0.86   0.21  -0.76   0.02  -0.62   0.68  -0.81  -0.031 -0.55   0.2
  0.62  -0.5   -0.03  -0.37  -0.98   0.05  -0.48   1.584  0.2    1.02
 -0.75  -0.14   1.439 -0.65   0.022  0.02   0.13  -0.28   0.2    0.13 ][ 0.47  -0.59   0.75  -0.62  -0.96   0.17  -1.925 -0.039 -0.01   0.82
  1.866 -0.68   0.92  -1.397  0.888 -1.127 -0.87   0.06   0.69  -1.12
 -0.08  -0.346  0.75   0.17   0.013 -0.94   0.73  -0.28  -0.257  0.16
  0.642  1.102  0.36  -0.45  -0.72   0.665  0.75  -0.53  -0.8    0.29
 -0.02   0.198  0.466 -0.508 -1.425 -0.07  -2.637  0.63   0.677 -0.85
  0.65  -0.26  -0.16   0.2    0.347  0.81  -0.27  -1.247 -0.595 -0.141
 -0.82   0.21   0.17   0.02  -0.62   0.68  -0.81  -0.031 -0.55   0.2
  0.62  -0.5   -0.03  -0.37  -0.98   0.05  -0.48   1.584  0.2    1.02
 -0.75  -0.14   1.439 -0.65  -0.55  -0.576  0.13  -0.28   0.2    0.994][ 0.504 -1.459  0.75  -0.62   0.22   0.17  -0.97   0.03  -0.01   0.82
  1.866 -0.68   0.92  -2.353  0.79  -1.127 -0.87  -0.044  0.69  -1.136
 -0.08  -0.346  0.75   0.17  -0.269 -0.94   0.73  -0.28  -0.257  0.16
  0.642  1.102  0.36  -0.45  -0.72   0.665  0.75  -0.53  -0.8    0.29
 -0.02   0.198  0.466  0.3   -1.076 -0.07  -1.088  0.897 -0.121 -0.85
  0.65  -0.26  -0.16   0.2    0.347  0.81  -0.27  -1.247 -0.69  -0.141
 -0.86   0.21   0.17   0.02  -0.62   0.68  -0.81  -0.031 -0.55   0.2
  0.62  -0.5   -0.03  -0.37  -0.98   0.05  -0.48   1.584  0.2    1.02
 -0.75  -0.14   1.439 -0.65   0.022  0.02   0.268 -0.28   0.2    0.13 ][ 0.47  -0.59   0.75  -0.62  -0.96   0.17  -0.97  -0.785 -0.01   0.82
  1.47  -0.68   0.92  -1.397  0.79  -1.127 -0.87   0.06   0.69  -1.622
 -0.08  -0.346  0.75   0.17  -0.269 -0.94   0.73  -0.28  -0.257  0.16
  0.642  1.102  0.36  -0.45  -0.72   0.665  0.75  -0.53  -0.8    0.29
 -0.02   0.198  0.1   -0.508 -1.076 -0.07  -1.662  0.63   0.677 -0.85
  0.65  -0.26  -0.16   0.2    0.347  0.81  -0.27  -1.247 -0.69  -0.141
 -0.82   0.21  -0.76   0.02  -0.62   0.68  -0.81  -0.031 -0.55   0.2
  0.62  -0.5   -0.03  -0.37  -0.98   0.05  -0.48   1.584  0.2    1.02
 -0.75  -0.14   1.439 -1.035 -0.55   0.02   0.13  -0.28  -0.682  0.13 ][ 0.47  -0.59   0.75  -0.62   0.22   0.17  -0.91  -0.785 -0.01   0.82
  1.866 -0.68   0.92  -1.397  0.79  -1.127 -0.87   0.06   0.69  -1.12
 -0.08  -0.346  0.75   0.17  -1.138 -0.94   0.73  -0.146 -0.257  0.16
  0.642  1.102  0.36  -0.45  -0.72   0.665  0.75  -0.599 -0.8    0.29
 -0.02   0.198  0.466 -0.508 -1.425 -0.07  -2.637  0.63  -0.121 -0.85
  0.65  -0.26  -0.16   0.2    0.347  0.81  -0.27  -1.247 -0.595 -0.141
 -0.86   0.21  -0.175  0.02  -0.62   0.68  -0.81  -0.031 -0.55   0.2
  0.62  -0.5   -0.03  -0.37  -0.98   0.05  -0.48   1.584  0.2    1.02
 -0.75  -0.14   1.439 -0.65  -0.55   0.02   0.268 -0.28   0.2    0.994][ 0.504 -0.27   0.75  -0.603  0.22   0.17  -0.91  -0.785 -0.01   0.82
  0.923 -0.68   0.92  -1.397  0.79  -1.127 -0.87  -0.044  0.69  -1.136
 -0.08  -0.346  0.887  0.17  -0.269 -0.94   1.014 -0.28  -0.257  0.16
  0.642  1.102  0.36  -0.45  -0.72   0.665  0.75  -0.599 -0.8    0.29
 -0.02   0.198  0.466  0.3   -1.076 -0.07  -1.088  0.63  -0.121 -0.85
  0.65  -0.26  -0.16   0.2    0.347  0.81  -0.399 -1.247 -0.69  -0.141
 -0.86   0.21   0.17   0.02  -0.62   0.68  -0.81  -0.031 -0.55   0.441
  0.62  -0.5   -0.03  -0.37  -0.98   0.134 -0.48   1.584  0.2    1.02
 -0.75  -0.14   1.439 -0.65  -0.55   0.02   0.13  -0.28   0.2    0.13 ][ 0.504 -0.59   0.75  -0.62   0.22   0.17  -0.97  -0.785 -0.01   0.82
  0.591 -0.68   0.92  -1.397  0.79  -1.127 -0.87   0.06   0.69  -0.15
 -0.08  -0.346  0.75   0.17   0.013 -0.94   0.73  -0.035 -0.257  0.16
  0.642  1.102  0.36  -0.45  -0.72   0.665  0.75  -0.53  -0.8    0.29
 -0.02   0.198  0.1   -0.508 -1.425 -0.07  -1.088  0.63   0.677 -0.85
  0.65  -0.26  -0.16   0.2    0.347  0.81  -0.27  -1.247 -0.69   0.85
 -0.86   0.21  -0.76   0.02  -0.62   0.68  -0.81  -0.031 -0.55   0.2
  0.62  -0.5   -0.03  -0.37  -0.98   0.05  -0.48   1.623  0.585  1.02
 -0.75  -0.14   1.439 -0.65  -0.55   0.02   0.268 -0.28   0.2    0.13 ][ 0.47  -0.59   0.75  -0.62  -0.96   0.17  -1.925 -0.039 -0.01   0.82
  1.866 -0.68   0.92  -1.397  0.888 -1.127 -0.87   0.06   0.69  -1.136
 -0.08  -0.346  0.75   0.17   0.013 -0.94   0.605 -0.035 -0.257  0.953
  0.642  1.845  0.36  -0.45  -0.72   0.665  0.75  -0.53  -0.8    0.29
 -0.02   0.198  0.1    0.3   -1.425 -0.07  -1.662  0.63   0.677 -0.85
  0.65  -0.26  -0.16   0.2    0.347  0.81  -0.27  -1.247 -0.595 -0.141
 -0.82   0.21   0.17   0.02  -0.62   0.68  -0.81  -0.031 -0.55   0.2
  0.62  -0.5   -0.03  -0.37  -0.98   0.05  -0.48   1.66   0.2    1.02
 -0.75  -0.14   1.439 -0.65   0.022  0.02   0.13  -0.28   0.2    0.994][ 0.47  -0.59   0.75  -0.62  -0.96   0.17  -0.84  -0.785 -0.01   0.82
  1.866 -0.68   0.92  -1.397  0.79  -1.127 -0.87  -0.044  0.69  -1.12
 -0.08  -0.346  0.75   0.17  -0.269 -0.94   0.73  -0.035 -0.257  0.16
  0.642  1.102  0.36  -0.45  -0.72   0.665  0.75  -0.53  -0.8    0.29
 -0.02   0.198  0.466 -0.508 -1.425 -0.07  -2.637  0.63   0.677 -0.85
  0.65  -0.26  -0.16   0.2    0.347  0.81  -0.27  -1.247 -0.595 -0.141
 -0.82   0.21   0.17   0.02  -0.62   0.68  -0.81  -0.031 -0.55   0.2
  0.62  -0.5   -0.03  -0.37  -0.98   0.05  -0.147  1.66   0.2    1.02
 -0.75  -0.14   1.439 -0.65  -0.55   0.02   0.13  -0.28   0.2    0.994][ 0.504 -0.59   0.75  -0.62  -0.96   0.17  -0.97  -0.785 -0.01   0.82
  1.168 -0.68   0.92  -1.397  0.79  -1.127 -0.87   0.06   0.69  -1.136
 -0.08  -0.346  0.75   0.17  -0.269 -0.94   0.73  -0.28  -0.257  0.16
  0.642  1.102  0.36  -0.45  -0.72   0.665  0.75  -0.53  -0.8    0.29
 -0.02   0.198  0.466 -0.508 -1.425 -0.07  -1.734  0.63   0.677 -0.85
  0.65  -0.26  -0.16   0.2    0.347  0.81  -0.27  -1.247 -0.595 -0.141
 -0.82   0.21  -0.76   0.02  -0.62   0.68  -0.81  -0.031 -0.55   0.2
  0.62  -0.5   -0.03  -0.37  -0.98   0.05  -0.48   1.584  0.2    1.02
 -0.75  -0.14   1.439 -0.65  -0.55   0.02   0.13  -0.28  -0.682  0.994][ 0.47  -0.59   0.75  -0.62  -0.96   0.17  -0.84  -0.785 -0.01   0.82
  1.866 -0.68   0.92  -1.397  0.888 -1.127 -0.87  -0.044  0.69  -1.12
 -0.08  -0.346  0.75   0.17  -0.269 -0.94   0.73  -0.28  -0.257  0.16
  0.642  1.102  0.36  -0.45  -0.72   0.665  0.75  -0.53  -0.8    0.29
 -0.02   0.198  0.466 -0.508 -1.076 -0.07  -2.637  0.63   0.677 -0.85
  0.65  -0.26  -0.16   0.2    0.347  0.81  -0.27  -0.691 -0.595 -0.141
 -0.82   0.21   0.17   0.02  -0.62   0.68  -0.81  -0.031 -0.55   0.2
  0.62  -0.5   -0.03  -0.37  -0.98   0.05  -0.48   1.66   0.2    1.02
 -0.75  -0.14   1.439 -0.65  -0.55   0.02   0.13  -0.28   0.2    0.994][ 0.504 -0.59   0.75  -0.603  0.22   0.17  -0.84  -0.785 -0.01   0.82
  0.923 -0.68   0.92  -1.397  0.79  -1.127 -0.87  -0.044  0.69  -1.12
 -0.08  -0.346  0.887  0.17  -0.269 -0.94   0.73  -0.035 -0.257  0.16
  0.642  1.102  0.36  -0.45  -0.72   0.665  0.75  -0.53  -0.8    0.29
 -0.02   0.198  0.466  0.3   -1.425 -0.07  -1.088  0.63   0.677 -0.85
  0.65  -0.26  -0.16   0.2    0.347  0.81  -0.399 -1.247 -0.595 -0.141
  0.171  0.21   0.17   0.02  -0.62   0.68  -0.81  -0.031 -0.55   0.441
  0.62  -0.5   -0.03  -0.37  -0.98   0.134 -0.147  1.584  0.2    1.02
 -0.75  -0.14   1.439 -0.65  -0.55   0.02   0.13  -0.28   0.2    0.13 ][ 0.504  0.401  0.75  -0.62  -0.96   0.17  -0.97  -0.785 -0.01   0.82
  0.591 -0.68   0.92  -1.397  0.79  -1.127 -0.87   0.06   0.69  -0.15
 -0.08  -0.346  0.75   0.17   0.013 -0.94   0.73  -0.28  -0.257  0.16
  0.642  1.102  0.36  -0.45  -0.72   0.665  0.75  -0.53  -0.8    0.29
 -0.02   0.198  0.466 -0.508 -1.076 -0.07  -1.088  0.63  -0.121 -0.85
  0.65  -0.26  -0.16   0.2    0.347  0.81  -0.27  -1.247 -0.595 -0.141
 -0.86   0.21  -0.76   0.02  -0.62   0.68  -0.81  -0.031 -0.55   0.2
  0.62  -0.5   -0.03  -0.37  -0.98   0.05  -0.48   1.66   0.2    1.02
 -0.75  -0.14   1.439 -1.614 -0.55   0.02   0.13  -0.28   0.2    0.13 ][ 0.504 -0.59   0.75  -0.62   0.22   0.17  -0.84  -0.785 -0.01   0.82
  1.866 -0.68   0.92  -1.397  0.79  -1.127 -0.87   0.06   0.69  -1.12
 -0.08  -0.346  0.75   0.17  -1.138 -0.94   0.73  -0.28  -0.257  0.16
  0.642  1.102  0.36  -0.45  -0.72   0.665  0.75  -0.53  -0.8    0.29
 -0.02   0.198  0.466 -0.508 -1.425 -0.07  -2.637  0.63  -0.121 -0.85
  0.65  -0.26  -0.16   0.2    0.347  0.81  -0.27  -1.247 -0.595 -0.141
 -0.82   0.21  -0.175  0.02  -0.62   0.68  -0.81  -0.031 -0.55   0.2
  0.62  -0.5   -0.03  -0.37  -0.98   0.05  -0.48   1.584 -0.45   1.02
 -0.75  -0.14   1.439 -0.65  -0.55   0.02   0.13  -0.28   0.2    0.994][ 0.47  -0.59   0.75  -0.62   0.22   0.17  -0.91   0.03  -0.01   0.82
  1.866 -0.68   0.92  -1.397  0.79  -1.127 -0.87  -0.044  0.69  -0.15
 -0.08  -0.346  0.75   0.17  -0.269 -0.94   0.73  -0.035 -0.257  0.16
  0.642  1.102  0.36  -0.45  -0.72   0.665  0.75  -0.53  -0.8    0.29
 -0.02   0.198  0.16  -0.508 -1.425 -0.07  -1.088  0.897 -0.121 -0.85
  0.65  -0.26  -0.16   0.2    0.347  0.81  -0.27  -1.247 -0.69  -0.141
 -0.86   0.21   0.17   0.02  -0.62   0.68  -0.81  -0.031 -0.55   0.2
  0.62  -0.5    0.5   -0.37  -0.98   0.05  -0.48   1.66   0.2    1.02
 -0.75  -0.14   1.439 -0.65   0.022  0.02   0.268 -0.28   0.2    0.13 ][ 0.47  -0.59   0.75  -0.62   0.22   0.17  -0.91   0.03  -0.01   0.82
  1.47  -0.68   0.92  -1.397  0.888 -1.127 -0.87  -0.044  0.69  -1.622
 -0.08  -0.346 -0.12   0.17  -0.269 -0.94   0.73  -0.035 -0.257  0.16
  0.95   1.102  0.36  -0.45  -0.72   0.665  0.75  -0.53  -0.8    0.29
 -0.02   0.198  0.1   -0.508 -1.425 -0.07  -1.088  0.63  -0.121 -0.85
  0.65  -0.26  -0.16   0.2    0.347  0.81  -0.27  -1.247 -0.69   0.85
 -0.82   0.21  -0.76   0.02  -0.62   0.68  -0.81  -0.031 -0.55   0.441
  0.62  -0.5   -0.03  -0.37  -0.98   0.05  -0.48   1.584  0.2    1.02
 -0.75  -0.14   1.439 -0.65  -0.55   0.02   0.268 -0.28   0.2    0.13 ][ 0.47  -0.59   0.75  -0.62  -0.96   0.17  -0.84  -0.785 -0.01   0.82
  1.866 -0.68   0.92  -1.397  0.79  -1.127 -0.87  -0.044  0.69  -1.622
 -0.08  -0.346  0.75   0.17  -0.269 -0.94   0.73  -0.035 -0.257  0.16
  0.642  1.102  0.36  -0.45  -0.72   0.665  0.75  -0.53  -0.8    0.29
 -0.02   0.198  0.208 -0.508 -1.425 -0.07  -2.637  0.63   0.677 -0.85
  0.65  -0.26  -0.16   0.2    0.347  0.81  -0.27  -1.247 -0.69   0.85
 -0.82   0.21   0.17   0.02  -0.62   0.68  -0.81  -0.031 -0.55   0.2
  0.62  -0.5   -0.03  -0.37  -0.98   0.05  -0.48   1.584  0.2    1.02
 -0.75  -0.14   1.439 -0.65  -0.55   0.02   0.13  -0.28   0.2    0.13 ][ 0.47  -0.59   0.75  -0.62  -0.96   0.17  -0.91   0.03  -0.01   0.82
  1.47  -0.68   0.92  -1.397  0.79  -1.127 -0.87  -0.044  0.69  -1.12
 -0.08  -0.346  0.75   0.17  -0.269 -0.94   0.73  -0.28  -0.257  0.16
  0.95   1.102  0.36  -0.45  -0.72   0.665  0.75  -0.53  -0.8    0.29
 -0.02   0.198  0.466 -0.508 -1.425 -0.07  -2.637  0.63  -0.121 -0.85
  0.65  -0.26  -0.16   0.2    0.347  0.81  -0.27  -1.247 -0.595 -0.141
 -0.86   0.21   0.17   0.02  -0.62   0.68  -0.81  -0.031 -0.55   0.2
  0.62  -0.5   -0.03  -0.37  -0.98   0.05  -0.48   1.66   0.2    1.02
 -0.75  -0.14   1.439 -0.65  -0.55   0.02   0.268 -0.28  -0.573  0.13 ][ 5.04000000e-01 -2.70000000e-01  2.22044605e-16 -6.20000000e-01
 -9.60000000e-01  1.70000000e-01 -8.40000000e-01 -7.85000000e-01
 -1.00000000e-02  8.20000000e-01  1.47000000e+00 -6.80000000e-01
  9.20000000e-01 -1.39700000e+00  7.90000000e-01 -1.12700000e+00
 -8.70000000e-01 -4.40000000e-02  6.90000000e-01 -1.13600000e+00
 -8.00000000e-02 -3.46000000e-01  7.50000000e-01  1.70000000e-01
 -2.69000000e-01 -9.40000000e-01  7.30000000e-01 -2.80000000e-01
 -2.57000000e-01  1.60000000e-01  6.42000000e-01  1.10200000e+00
  3.60000000e-01 -4.50000000e-01 -7.20000000e-01  6.65000000e-01
  7.50000000e-01 -5.30000000e-01 -8.00000000e-01  2.90000000e-01
 -2.00000000e-02  1.98000000e-01  4.66000000e-01 -5.08000000e-01
 -1.07600000e+00 -7.00000000e-02 -2.63700000e+00  6.30000000e-01
  6.77000000e-01 -8.50000000e-01  6.50000000e-01 -2.60000000e-01
 -1.60000000e-01  2.00000000e-01  3.47000000e-01  8.10000000e-01
 -2.70000000e-01 -1.24700000e+00 -5.95000000e-01 -1.41000000e-01
 -8.20000000e-01  2.10000000e-01  3.27000000e-01  2.00000000e-02
 -6.20000000e-01  6.80000000e-01 -8.10000000e-01 -1.43000000e-01
 -5.50000000e-01  2.00000000e-01  6.20000000e-01 -5.00000000e-01
 -3.00000000e-02 -3.70000000e-01 -9.80000000e-01  5.00000000e-02
 -4.80000000e-01  1.58400000e+00  2.00000000e-01  1.02000000e+00
 -7.50000000e-01 -1.40000000e-01  1.43900000e+00 -6.50000000e-01
 -5.50000000e-01  2.00000000e-02  1.30000000e-01 -2.80000000e-01
 -6.82000000e-01  9.94000000e-01][ 4.70000000e-01 -5.90000000e-01  2.22044605e-16 -6.20000000e-01
 -9.60000000e-01  1.70000000e-01 -8.40000000e-01 -7.85000000e-01
 -1.00000000e-02  8.20000000e-01  1.86600000e+00 -6.80000000e-01
  9.20000000e-01 -1.39700000e+00  8.88000000e-01 -1.12700000e+00
 -8.70000000e-01  6.00000000e-02  6.90000000e-01 -1.13600000e+00
 -8.00000000e-02 -3.46000000e-01  7.50000000e-01  1.70000000e-01
 -2.69000000e-01 -9.40000000e-01  7.30000000e-01 -3.50000000e-02
 -2.57000000e-01  1.60000000e-01  6.42000000e-01  1.10200000e+00
  3.60000000e-01 -5.30000000e-01 -7.20000000e-01  6.65000000e-01
  7.50000000e-01 -5.30000000e-01 -8.00000000e-01  2.90000000e-01
 -2.00000000e-02  1.98000000e-01  4.66000000e-01  3.00000000e-01
 -1.42500000e+00 -7.00000000e-02 -1.66200000e+00  6.30000000e-01
  6.77000000e-01 -8.50000000e-01  6.50000000e-01 -2.60000000e-01
 -1.60000000e-01  2.00000000e-01  9.80000000e-02  8.10000000e-01
 -2.70000000e-01 -1.24700000e+00 -5.95000000e-01 -1.41000000e-01
 -8.20000000e-01  2.10000000e-01  1.70000000e-01  2.00000000e-02
 -6.20000000e-01  6.80000000e-01 -8.10000000e-01 -3.10000000e-02
 -5.50000000e-01  2.00000000e-01  5.40000000e-01 -5.00000000e-01
 -3.00000000e-02 -3.70000000e-01 -9.80000000e-01  5.00000000e-02
 -4.80000000e-01  1.58400000e+00  2.00000000e-01  1.02000000e+00
 -7.50000000e-01 -1.40000000e-01  1.43900000e+00 -6.50000000e-01
 -5.50000000e-01  2.00000000e-02  2.68000000e-01 -2.80000000e-01
  2.00000000e-01  1.30000000e-01][ 0.504 -0.27   0.75  -0.62  -0.96   0.17  -0.97  -0.785 -0.01   0.82
  0.591 -0.68   0.92  -1.397  0.79  -1.127 -0.87  -0.044  0.69  -1.136
 -0.08  -0.346  0.75   0.17   0.013 -0.94   0.73  -0.035 -0.257  0.16
  0.642  1.102  0.36  -0.45  -0.72   0.665  0.75  -0.53  -0.8    0.29
 -0.02   0.198  0.1   -1.335 -1.425 -0.07  -1.734  0.63   0.677 -0.85
  0.65  -0.26  -0.16   0.2    0.347  0.81  -0.27  -1.247 -0.595  0.85
 -0.86   0.21  -0.76   0.02  -0.62   0.68  -0.81  -0.031 -0.55   0.2
  0.62  -0.5   -0.03  -0.37  -0.98   0.05  -0.48   1.623  0.2    1.02
 -0.75  -0.14   1.439 -0.65  -0.55   0.02   0.13  -0.28   0.2    0.13 ][ 0.504 -0.59   0.75  -0.62  -0.96   0.17  -0.84  -0.785 -0.01   0.82
  1.866 -0.68   0.92  -1.397  0.79  -1.127 -0.87   0.06   0.69  -1.12
 -0.08  -0.346  0.75   0.17  -0.269 -0.94   0.73   0.258 -0.257  0.16
  0.642  1.102  0.36  -0.45  -0.72   0.665  0.75  -0.53  -0.8    0.29
 -0.02   0.198  0.466 -0.508 -1.425 -0.07  -1.734  0.63  -0.121 -0.85
  0.65  -0.26  -0.16   0.2    0.347  0.81  -0.27  -1.247 -0.595 -0.141
 -0.82   0.21  -0.76   0.02  -0.62   0.68  -0.81  -0.143 -0.55   0.2
  0.62  -0.5   -0.03  -0.37  -0.98   0.05  -0.48   1.66   0.2    1.02
 -0.75  -0.14   1.439 -0.65  -0.55   0.02   0.13  -0.28   0.2    0.994][ 0.504 -0.59   0.75  -0.62  -0.96   0.17  -0.97  -0.785 -0.01   0.82
  1.866 -0.68   0.92  -1.397  0.888 -1.127 -0.87   0.06   0.69  -1.12
 -0.08  -0.346  0.75   0.17   0.013 -0.94   0.73  -0.28  -0.257  0.16
  0.642  1.102  0.36  -0.45  -0.72   0.665  0.75  -0.53  -0.8    0.29
 -0.02   0.198 -0.058 -0.508 -1.425 -0.07  -2.637  0.63   0.677 -0.85
  0.65  -0.26  -0.16   0.2    0.347  0.81  -0.27  -1.247 -0.69  -0.141
 -0.86   0.21  -0.76   0.02  -0.62   0.68  -0.81  -0.031 -0.55   0.2
  0.62  -0.5   -0.03  -0.37  -0.98   0.05  -0.48   1.623  0.585  1.02
 -0.75  -0.14   1.439 -0.65  -0.55  -0.576  0.268 -0.28   0.2    0.13 ][ 0.47  -0.59   0.75  -0.62  -0.96   0.17  -0.84  -0.039 -0.01   0.82
  1.866 -0.68   0.92  -1.397  0.79  -1.127 -0.87   0.06   0.69  -1.12
 -0.08   0.459  0.75   0.17   0.013 -0.94   0.73  -0.28  -0.257  0.16
  0.642  1.102  0.36  -0.45  -0.72   0.665  0.75  -0.53  -0.8    0.29
 -0.02   0.198  0.466 -0.508 -1.425 -0.07  -2.637  0.63   0.677 -0.85
  0.65  -0.26  -0.16   0.2    0.347  0.81  -0.27  -1.247 -0.595 -0.141
 -0.82   0.21   0.17   0.02  -0.62   0.68  -0.81  -0.031 -0.55   0.2
  0.62  -0.5   -0.03  -0.37  -0.98   0.05  -0.48   1.66   0.2    1.02
 -0.75  -0.14   1.439 -0.65  -0.55   0.02   0.13  -0.28   0.2    0.994][ 0.47  -0.59   0.75  -0.62  -0.96   0.17  -0.84  -0.039 -0.01   0.82
  1.866 -0.68   0.92  -1.397  0.888 -1.127 -0.87   0.06   0.69  -1.136
 -0.08  -0.346  0.75   0.17  -0.269 -0.94   0.73  -0.035 -0.257  0.16
  0.642  1.102  0.36  -0.53  -0.72   0.665  0.75  -0.53  -0.8    0.29
 -0.02   0.198  0.395 -0.508 -1.076 -0.07  -1.662  0.63   0.677 -0.85
  0.65  -0.26  -0.16   0.2    0.347  0.81  -0.27  -1.247 -0.69  -0.141
 -0.82   0.21   0.17   0.02  -0.62   0.68  -0.81  -0.031 -0.55   0.2
  0.54  -0.5   -0.03  -0.37  -0.98   0.05  -0.48   1.584  0.2    1.02
 -0.75  -0.14   1.439 -0.65  -0.55   0.02   0.268 -0.28   0.2    0.13 ][ 0.47  -0.59   0.75  -0.369 -0.96   0.17  -0.91  -1.689 -0.01   0.82
  1.866 -0.68   1.806 -1.397  0.79  -1.127 -0.87   0.06   0.69  -1.12
 -0.08  -0.346  0.75   0.17   0.013 -0.94   0.73  -0.035 -0.257  0.16
  0.642  1.102  0.36  -0.45  -0.72   0.665  0.75  -0.53  -0.8    0.29
 -0.02   0.198  0.1    0.3   -1.076 -0.07  -1.662  0.63  -0.121 -0.85
  0.65  -0.26  -0.16   0.2    0.347  0.81  -0.27  -1.247 -0.69   0.85
 -0.86   0.21   0.17   0.02  -0.62   0.68  -0.81  -0.031 -0.55   0.2
  0.62  -0.5   -0.03  -0.37  -0.98   0.05  -0.48   1.584  0.2    1.02
 -0.75  -0.14   1.439 -0.65  -0.55   0.02   0.268 -0.28   0.2    0.13 ][ 0.47  -0.59   0.75  -0.62  -0.96   0.17  -0.84  -0.785 -0.01   0.82
  1.866 -0.68   0.92  -1.397  0.79  -1.127 -0.87  -0.044  0.69  -1.622
 -0.08  -0.346  0.75   0.17  -0.269 -0.94   0.73  -0.035 -0.257  0.16
  0.642  1.102  0.36  -0.45  -0.72   0.665  0.75  -0.53  -0.8    0.29
 -0.02   0.198  0.1   -0.508 -1.076 -0.07  -1.662  0.63   0.677 -0.85
  0.65  -0.26  -0.16   0.2    0.347  0.81  -0.27  -1.247 -0.69  -0.141
 -0.82   0.21   0.17   0.02  -0.62   0.68  -0.81  -0.031 -0.55   0.2
  0.62  -0.5   -0.03  -0.37  -0.98   0.05  -0.48   1.66   0.2    1.02
 -0.75  -0.14   1.439 -1.035 -0.55   0.02   0.13  -0.28  -0.213  0.13 ][ 0.47  -0.59   0.75  -0.62   0.22   0.17  -0.97   0.03  -0.01   0.82
  1.866 -0.68   0.92  -1.397  0.79  -1.127 -0.87   0.06   0.69  -1.622
 -0.08  -0.346  0.75   0.17  -0.269 -0.94   0.73  -0.035 -0.257  0.16
  0.642  1.102  0.36  -0.45  -0.72   0.665  0.75  -0.53  -0.8    0.29
 -0.02   0.198  0.1   -0.508 -1.076 -0.07  -2.637  0.897  0.677 -0.85
  0.65  -0.26  -0.867  0.2    0.347  0.81  -0.27  -1.247 -0.69  -0.141
 -0.82   0.21   0.17   0.02  -0.62   0.68  -0.81  -0.031 -0.55   0.2
  0.62  -0.5   -0.03  -0.37  -0.98   0.05  -0.48   1.66   0.2    1.02
 -0.75  -0.14   1.439 -0.65  -0.55   0.02   0.13  -0.28   0.2    0.994][ 0.504 -0.27   0.75  -0.62  -0.96   0.17  -0.97  -0.785 -0.01   0.82
  1.47  -0.68   0.92  -1.397  0.79  -1.127 -0.87   0.06   0.69  -1.622
 -0.08  -0.346  0.75   0.17  -0.269 -0.94   0.73  -0.628 -0.257  0.16
  0.642  1.102  0.36  -0.45  -0.72   0.665  0.75  -0.53  -0.8    0.29
 -0.02   0.198  0.1   -0.508 -1.076 -0.07  -1.662  0.63  -0.121 -0.85
  0.65  -0.26  -0.16   0.2    0.347  0.81  -0.27  -1.247 -0.69  -0.141
 -0.82   0.21  -0.76   0.02  -0.62   0.68  -0.81  -0.882 -0.55   0.2
  0.62  -0.5   -0.03  -0.37  -0.98   0.05  -0.48   1.584  0.2    1.02
 -0.75  -0.14   1.439 -1.035 -0.55   0.02   0.13  -0.28  -0.682  0.13 ][ 0.47  -0.59   0.75  -0.369 -0.96   0.17  -0.84  -0.785 -0.01   0.82
  1.866 -0.68   0.92  -1.397  0.888 -1.127 -0.87  -0.044  0.69  -1.622
 -0.08  -0.346  0.75   0.17  -0.269 -0.94   0.73  -0.035 -0.257  0.16
  0.642  1.102  0.36  -0.45  -0.72   0.665  0.75  -0.53  -0.8    0.29
 -0.02   0.198  0.466 -0.508 -1.076 -0.07  -1.662  0.63   0.677 -0.85
  0.65  -0.26  -0.16   0.2    0.347  0.81  -0.27  -0.962 -0.69   0.85
 -0.82   0.21   0.17   0.02  -0.62   0.68  -0.81  -0.031 -0.55   0.2
  0.62  -0.5   -0.03  -0.37  -0.98   0.05  -0.48   1.584  0.2    1.02
 -0.75  -0.14   1.439 -0.65  -0.55   0.02   0.13  -0.28   0.2    0.13 ][ 0.47  -0.59   0.75  -0.62  -0.96   0.17  -0.91  -0.785 -0.01   0.82
  1.866 -0.68   0.92  -1.397  0.79  -1.127 -0.87  -0.044  0.69  -1.136
 -0.08  -0.346  0.75   0.17  -1.138 -0.94   0.73  -0.628 -0.257  0.16
  0.642  1.102  0.36  -0.45  -0.72   0.665  0.75  -0.599 -0.8    0.29
 -0.02   0.198  0.466 -0.508 -1.425 -0.07  -2.637  0.63  -0.121 -0.85
  0.65  -0.26  -0.16   0.2    0.347  0.81  -0.27  -1.247 -0.595 -0.141
 -0.82   0.21   0.17   0.02  -0.62   0.68  -0.81  -0.031 -0.55   0.2
  0.62  -0.5   -0.03  -0.37  -0.98   0.05  -0.48   1.584  0.2    0.471
 -0.75  -0.14   1.439 -0.65  -0.55   0.02   0.13  -0.28   0.2    0.994][ 0.504 -0.59   0.75  -0.62  -0.96   0.17  -0.84  -0.785 -0.01   0.82
  1.866 -0.68   0.92  -1.397  0.888 -1.127 -0.87   0.06   0.69  -1.622
 -0.08  -0.346  0.75   0.17  -0.269 -0.94   0.73  -0.035 -0.257  0.16
  0.642  1.102  0.36  -0.45  -0.72   0.665  0.224 -0.53  -0.8    0.29
 -0.02   0.198  0.1   -0.508 -1.076 -0.07  -1.662  0.63   0.677 -0.85
  0.65  -0.26  -0.16   0.2    0.347  0.81  -0.27  -1.247 -0.595 -0.141
 -0.82   0.21  -0.76   0.02  -0.62   0.68  -0.81  -0.031 -0.55   0.2
  0.62  -0.5   -0.03  -0.37  -0.98   0.05  -0.48   1.584  0.2    1.02
 -0.75  -0.14   1.439 -0.65  -0.55   0.02   0.13  -0.28   0.2    0.994][ 0.47  -0.59   0.75  -0.62  -0.96   0.505 -0.84   0.03  -0.01   0.82
  1.866 -0.68   0.92  -1.397  0.888 -1.127 -0.87  -0.044  0.69  -0.15
 -0.08  -0.346  0.75   0.17  -0.269 -0.94   0.73  -0.035 -0.257  0.16
  0.642  1.102  0.36  -0.45  -0.72   0.665  0.75  -0.53  -0.8    0.29
 -0.02   0.198  0.1    0.3   -1.425 -0.07  -2.637  0.897  0.677 -0.85
  0.65  -0.26  -0.16   0.2    0.347  0.81  -0.27  -1.247 -0.69   0.85
 -0.82   0.21   0.17   0.02  -0.62   0.68  -0.81  -0.031 -0.55   0.2
  0.62  -0.5   -0.03  -0.37  -0.98   0.05  -0.48   1.66   0.2    1.02
 -0.75  -0.14   1.439 -0.65  -0.55   0.02   0.13  -0.28   0.2    0.13 ][ 0.47  -0.59   0.75  -0.62   0.22   0.17  -0.84  -0.785 -0.01   0.82
  1.866 -0.68   0.92  -1.397  0.79  -1.127 -0.87  -0.044  0.69  -0.15
 -0.08  -0.346  0.75   0.17   0.013 -0.94   0.73  -0.035 -0.257  0.16
  0.642  1.102  0.36  -0.45  -0.72   0.665  0.75  -0.53  -0.8    0.29
 -0.02   0.198  0.16  -0.508 -1.425 -0.07  -2.637  0.897  0.677 -0.85
  0.65  -0.26  -0.16   0.2    0.347  0.81  -0.27  -1.247 -0.595 -0.141
 -0.82   0.21   0.17   0.02  -0.62   0.68  -0.81  -0.031 -1.516  0.2
  0.62  -0.5   -0.03  -0.37  -0.98   0.05  -0.48   1.66   0.2    1.02
 -0.75  -0.14   1.439 -0.65   0.022  0.02   0.13  -0.28   0.2    0.994][ 0.47  -0.59   0.75  -0.62   0.22   0.17  -0.84  -0.785 -0.01   0.82
  1.866 -0.68   0.92  -1.397  0.79  -1.127 -0.87  -0.044  0.69  -1.12
 -0.08  -0.346  0.75   0.17  -0.269 -0.94   0.73  -0.035 -0.257  0.16
  0.642  1.102  0.36  -0.45  -0.72   0.665  0.75  -0.53  -0.8    0.29
 -0.02   0.198  0.16  -0.508 -1.425 -0.07  -2.637  0.897 -0.121 -0.85
  0.65  -0.26  -0.16   0.2    0.347  0.81  -0.27  -1.247 -0.595 -0.141
 -0.82   0.21   0.17   0.02  -0.62   0.68  -0.072 -0.031 -0.55   0.2
  0.62  -0.5   -0.03  -0.37  -0.98   0.05  -0.147  1.66   0.2    1.02
 -0.75  -0.14   1.439 -0.65   0.022  0.02   0.13  -0.28   0.2    0.994][ 0.504 -0.59   0.75  -0.62  -0.96   0.17  -0.84  -0.785 -0.01   0.82
  1.866 -0.68   0.92  -1.747  0.79  -1.127 -0.87   0.06   0.69  -0.15
 -0.08  -0.346  0.75   0.17  -0.269 -0.94   0.73  -0.28  -0.257  0.16
  0.642  1.102  0.36  -0.45  -0.72   0.665  0.75  -0.53  -0.8    0.29
 -0.02   0.198  0.1   -0.508 -1.076 -0.07  -1.662  0.63  -0.121 -0.85
  0.65  -0.26  -0.16   0.2    0.347  0.81  -0.27  -1.247 -0.595  0.85
 -0.86   0.21  -0.76   0.02  -0.62   0.68  -0.81  -0.031 -0.55   0.2
  0.62  -0.5   -0.03  -0.37  -0.98   0.05  -0.48   1.66   0.2    1.02
 -0.75  -0.14   1.439 -1.614  0.022  0.02   0.13  -0.28   0.2    0.13 ][ 0.504 -1.476  0.75  -0.62   0.22   0.17  -0.84  -0.785 -0.01   0.82
  1.866 -0.68   0.92  -1.397  0.888 -1.127 -0.87   0.06   0.69  -1.136
 -0.08  -0.346  0.75   0.17  -0.269 -0.94   0.73  -0.28  -0.257  0.16
  0.642  1.102  0.36  -0.45  -0.72   0.665  0.75  -0.53  -0.8    0.29
 -0.02   0.198  0.466 -0.508 -1.425 -0.07  -1.673  0.63   0.677 -0.85
  0.65  -0.26  -0.16   0.2    0.347  0.81  -0.27  -1.247 -0.595 -0.141
 -0.82   0.21   0.17  -0.125 -0.62   0.68  -0.81  -0.031 -0.55   0.2
  0.62  -0.5   -0.03  -0.37  -0.98   0.05  -0.48   1.584  0.2    1.02
 -0.75  -0.14   1.439 -0.65  -0.655  0.02   0.13  -0.28   0.2    0.994][ 0.47  -0.59   0.188 -0.62  -0.96   0.17  -0.84  -0.785 -0.01   0.82
  1.866 -0.68   0.92  -1.397  0.888 -1.127 -0.87  -0.044  0.69  -1.622
 -0.08  -0.346  0.75   0.17  -0.269 -0.94   0.73  -0.28  -0.257  0.16
  0.642  1.102  0.36  -0.45  -0.72   0.665  0.75  -0.53  -0.8    0.29
 -0.02   0.198  0.466 -0.508 -1.076 -0.07  -1.662  0.63   0.677 -0.85
  0.65  -0.26  -0.16   0.2    0.347  0.81  -0.27  -1.247 -0.69  -0.141
 -0.82   0.21  -0.76   0.02  -0.62   0.68  -0.81  -0.031 -0.55   0.2
  0.62  -1.071 -0.03  -0.37  -0.98   0.05  -0.48   1.584  0.2    1.02
 -0.75  -0.14   1.439 -1.035 -0.55   0.02   0.13  -0.28   0.2    0.13 ][ 0.504 -0.27   0.75  -0.62  -0.96   0.17  -0.84  -0.785 -0.01   0.82
  1.866 -0.68   0.92  -1.397  0.79  -1.127 -0.87  -0.044  0.69  -1.136
 -0.08  -0.346  0.75   0.17  -0.269 -0.94   0.73  -0.628 -0.257  0.16
  0.642  1.102  0.36  -0.45  -0.72   0.665  0.75  -0.53  -0.8    0.29
 -0.02   0.198  0.466 -0.508 -1.425 -0.07  -2.637  0.63   0.677 -0.85
  0.65  -0.26  -0.16   0.2    0.347  0.81  -0.27  -1.247 -0.595 -0.141
 -1.298  0.21   0.17   0.02  -0.62   0.68  -0.81  -0.143 -0.55   0.2
  0.62  -0.5   -0.03  -0.37  -0.98   0.05  -0.48   1.66   0.2    1.02
 -0.75  -0.14   1.439 -0.65  -0.55   0.02   0.13  -0.28   0.2    0.994][ 0.504 -0.59   0.75  -0.369 -0.96   0.17  -0.84  -1.689 -0.01   0.82
  1.866 -0.68   0.92  -1.397  0.79  -1.127 -0.87   0.06   0.69  -0.15
 -0.08  -0.346  0.75   0.17   0.013 -1.633  0.73  -0.28  -0.257  0.16
  0.642  1.102  0.36  -0.45  -0.72   0.665  0.75  -0.53  -0.8    0.29
 -0.02   0.198  0.466  0.3   -1.076 -0.07  -1.662  0.63   0.677 -0.85
  0.65  -0.26  -0.16   0.2    0.347  0.81  -0.27  -1.247 -0.595  0.85
 -0.86   0.21  -0.76   0.02  -0.62   0.68  -0.81  -0.031 -0.55   0.2
  0.62  -0.5   -0.03  -0.37  -0.98   0.578 -0.48   1.584  0.2    1.02
 -0.75  -0.14   1.439 -0.65  -0.55   0.02   0.13  -0.28   0.2    0.994][ 0.47  -0.59   0.75  -0.62  -0.96   0.17  -0.97  -0.785 -0.01   0.82
  1.866 -0.68   0.92  -1.397  0.888 -1.127 -0.87  -0.044  0.69  -1.136
 -0.08  -0.346  0.75   0.17  -0.269 -0.94   0.73  -0.035 -0.257  0.16
  0.642  1.102  0.36  -0.53  -0.72   0.665  0.75  -0.53  -0.8    0.29
 -0.02   0.198  0.1    0.3   -1.076 -0.07  -1.662  0.63   0.677 -0.85
  0.65  -0.26  -0.16   0.2    0.347  0.81  -0.27  -1.247 -0.69   0.85
 -0.82   0.21  -0.76   0.02  -0.62   0.68  -0.81  -0.031 -0.55   0.2
  0.62  -0.5   -0.978 -0.37  -0.98   0.05  -0.48   1.584  0.2    1.02
 -0.75  -0.14   1.439 -0.65  -0.55   0.02   0.13  -0.28   0.2    0.13 ][ 0.47  -0.59   0.75  -0.62   0.22   0.17  -0.84  -0.785 -0.01   0.82
  1.866 -0.68   0.92  -1.397  0.79  -1.127 -0.87   0.06   0.69  -1.136
 -0.08  -0.346  0.75   0.17  -0.269 -0.94   0.73  -0.28  -0.257  0.16
  0.642  1.102  0.36  -0.45  -0.305  0.665  0.75  -0.53  -0.8    0.29
 -0.02   0.198  0.466 -0.508 -1.425 -0.07  -2.637  0.63   0.677 -0.85
  0.65  -0.26  -0.16   0.2    0.347  0.81  -0.27  -1.247 -0.595 -0.141
 -0.82   0.21   0.17  -0.125 -0.62   0.68  -0.81  -0.143 -0.55   0.2
  0.62  -0.5   -0.03  -0.37  -0.98   0.05  -0.48   1.66   0.2    1.02
 -0.75  -0.14   1.439 -0.65  -0.55   0.02   0.13  -0.28  -0.682  0.994][ 0.47  -0.27   0.75  -0.603 -0.96   0.17  -1.925 -0.785 -0.01   0.82
  0.923 -0.68   0.92  -1.397  0.79  -1.127 -0.87   0.06   0.69  -1.136
 -0.08  -0.346  0.887  0.17  -0.269 -0.94   0.73  -0.28  -0.257  0.16
  0.642  1.102  0.36  -0.45  -0.72   0.665  0.75  -0.599 -0.8    0.29
 -0.02   0.198  0.466 -0.508 -1.425 -0.07  -1.088  0.63  -0.121 -0.85
  0.65  -0.26  -0.16   0.2    0.347  0.81  -0.27  -1.247 -0.69  -0.141
 -0.82   0.21   0.17   0.02  -0.62   0.68  -0.81  -0.031 -0.55   0.2
  0.416 -0.5   -0.03  -0.37  -0.98   0.05  -0.48   1.584  0.2    1.02
 -0.75  -0.14   1.439 -0.65  -0.55  -0.576  0.13  -0.28   0.2    0.13 ][ 0.504 -0.59   0.75  -0.62  -0.96   0.17  -0.84  -0.039 -0.01   0.82
  1.47  -0.68   0.92  -1.397  0.888 -1.026 -0.87   0.06   0.69  -1.136
 -0.08  -0.346  0.75   0.17  -0.269 -0.94   0.73  -0.28  -0.257  0.16
  0.642  1.102  0.36  -0.45  -0.72   0.665  0.75  -0.53  -0.8    0.29
 -0.02   0.198  0.466 -0.508 -1.425 -0.07  -1.673  0.63  -0.121 -0.85
  0.65  -0.26  -0.16   0.2    0.347  0.81  -0.27  -1.247 -0.69  -0.141
 -0.82   0.21   0.17   0.02  -0.62   0.68  -0.81  -0.031 -0.55   0.2
  0.62  -0.5   -0.03  -0.37  -0.98   0.05  -0.48   1.584  0.2    1.02
 -0.75  -0.14   1.439 -1.614 -0.55   0.02   0.13  -0.28   0.2    0.994][ 4.70000000e-01 -5.90000000e-01  2.22044605e-16 -6.20000000e-01
 -9.60000000e-01  1.70000000e-01 -8.40000000e-01 -7.85000000e-01
 -1.00000000e-02  8.20000000e-01  1.86600000e+00 -6.80000000e-01
  9.20000000e-01 -1.39700000e+00  7.90000000e-01 -1.12700000e+00
 -8.70000000e-01 -4.40000000e-02  6.90000000e-01 -1.62200000e+00
 -8.00000000e-02 -3.46000000e-01  7.50000000e-01  1.70000000e-01
 -2.69000000e-01 -9.40000000e-01  7.30000000e-01 -2.80000000e-01
 -2.57000000e-01  1.60000000e-01  6.42000000e-01  1.10200000e+00
  3.60000000e-01 -4.50000000e-01 -7.20000000e-01  6.65000000e-01
  7.50000000e-01 -5.30000000e-01 -8.00000000e-01  2.90000000e-01
 -2.00000000e-02  1.98000000e-01  4.66000000e-01 -5.08000000e-01
 -1.07600000e+00 -7.00000000e-02 -1.66200000e+00  6.30000000e-01
  6.77000000e-01 -8.50000000e-01  6.50000000e-01 -2.60000000e-01
 -1.60000000e-01  2.00000000e-01  3.47000000e-01  8.10000000e-01
 -2.70000000e-01 -1.24700000e+00 -5.95000000e-01 -1.41000000e-01
 -8.20000000e-01  2.10000000e-01 -7.60000000e-01  2.00000000e-02
 -6.20000000e-01  6.80000000e-01 -8.10000000e-01 -5.66000000e-01
 -5.50000000e-01  2.00000000e-01  6.20000000e-01 -5.00000000e-01
 -3.00000000e-02 -3.70000000e-01 -9.80000000e-01  5.00000000e-02
 -4.80000000e-01  1.58400000e+00  2.00000000e-01  1.02000000e+00
 -7.50000000e-01 -1.40000000e-01  1.43900000e+00 -1.03500000e+00
  2.20000000e-02  2.00000000e-02  1.30000000e-01 -2.80000000e-01
  2.00000000e-01  9.94000000e-01][ 0.47  -1.298  0.75  -0.62   0.22   0.17  -0.84   0.03  -0.01   0.82
  1.866 -0.68   0.92  -1.397  0.79  -1.127 -0.87   0.06   0.69  -0.15
 -0.08  -0.346  0.75   0.17  -0.269 -0.94   0.73  -0.28  -0.257  0.16
  0.642  1.102  0.36  -0.45  -0.72   0.665  0.75  -0.53  -0.8    0.29
 -0.02   0.198  0.466 -0.508 -1.425 -0.07  -1.673  0.897  0.677 -0.85
  0.65  -0.26  -0.16   0.2   -0.45   0.81  -0.27  -1.247 -0.595 -0.141
 -0.82   0.21   0.17   0.02  -0.62   0.68  -0.81  -0.031 -0.55   0.2
  0.62  -0.5   -0.03  -0.37  -0.98   0.05  -0.48   1.66   0.2    1.02
 -0.75  -0.14   1.439 -0.65   0.022  0.02   0.13  -0.28  -0.682  0.994][ 0.47  -0.27   0.75  -0.603  0.22   0.17  -1.925 -0.785 -0.01   0.82
  1.866 -0.68   0.92  -1.397  0.888 -1.127 -0.87  -0.044  0.69  -1.136
 -0.08  -0.346  0.887  0.17  -0.269 -0.94   0.605 -0.28  -0.257  0.953
  0.642  1.102  0.36  -0.45  -0.72   0.665  1.614 -0.53  -0.8    0.29
 -0.02   0.198  0.1    0.3   -1.425 -0.07  -1.662  0.63  -0.121 -0.85
  0.65  -0.26  -0.16   0.2    0.347  0.81  -0.399 -1.247 -0.595 -0.141
 -0.86   0.21   0.17   0.02  -0.62   0.68  -0.81  -0.031 -0.55   0.2
  0.62  -0.5   -0.03  -0.37  -0.98   0.134 -0.48   1.584  0.2    1.02
 -0.75  -0.14   1.439 -0.65   0.022  0.02   0.13  -0.28   0.2    0.994][ 0.47  -0.59   0.75  -0.62  -0.96   0.17  -0.97  -1.689 -0.01   0.82
  1.866 -0.68   0.92  -1.397  0.888 -1.127 -0.87   0.06   0.69  -1.12
 -0.08  -0.346  0.75   0.17   0.013 -0.94   0.73  -0.035 -0.257  0.16
  0.642  1.102  0.36  -0.45  -0.72   0.665  0.75  -0.53  -0.8    0.29
 -0.02   0.198  0.466  0.3   -1.425 -0.493 -1.662  0.63   0.677 -0.85
  0.65  -0.26  -0.16   0.2    0.347  0.81  -0.27  -1.247 -0.595  0.85
 -0.86   0.21   0.17   0.02  -0.62   0.68  -0.81  -0.031 -0.55   0.2
  0.62  -0.5   -0.03  -0.37  -0.98   0.05  -0.48   1.584  0.2    1.02
 -0.75  -0.14   1.439 -0.65  -0.55  -0.576  0.13  -0.28   0.2    0.994][ 0.47  -0.59   0.188 -0.62   0.22   0.17  -0.84  -0.785 -0.01   0.82
  1.866 -0.68   0.92  -1.397  0.888 -1.127 -0.87  -0.044  0.69  -1.622
 -0.08  -0.346  0.75   0.17  -0.269 -0.94   0.73  -0.035 -0.257 -0.78
  0.642  1.102  0.36  -0.45  -0.72   0.665  0.75  -0.53  -0.8    0.29
 -0.02   0.198  0.466 -0.508 -1.425 -0.07  -2.637  0.897 -0.121 -0.85
  0.65  -0.26  -0.16   0.2    0.347  0.81  -0.27  -1.247 -0.69  -0.141
 -0.82   0.21   0.17   0.02  -0.62   0.68  -0.81  -0.031 -0.55   0.2
  0.62  -0.5   -0.03  -0.37  -0.98   0.05  -0.48   1.66   0.2    1.02
 -0.75  -0.14   1.439 -0.65   0.022  0.02   0.13  -0.28   0.2    0.13 ][ 4.70000000e-01 -5.90000000e-01  2.22044605e-16 -6.20000000e-01
 -9.60000000e-01  1.70000000e-01 -8.40000000e-01 -7.85000000e-01
 -1.00000000e-02  8.20000000e-01  1.47000000e+00 -6.80000000e-01
  9.20000000e-01 -1.39700000e+00  7.90000000e-01 -1.12700000e+00
 -8.70000000e-01 -4.40000000e-02  6.90000000e-01 -1.13600000e+00
 -8.00000000e-02 -3.46000000e-01  7.50000000e-01  1.70000000e-01
 -2.69000000e-01 -9.40000000e-01  7.30000000e-01 -3.50000000e-02
 -2.57000000e-01  1.60000000e-01  6.42000000e-01  1.10200000e+00
  3.60000000e-01 -4.50000000e-01 -7.20000000e-01  6.65000000e-01
  7.50000000e-01 -5.30000000e-01 -8.00000000e-01  2.90000000e-01
 -2.00000000e-02  1.98000000e-01  4.66000000e-01 -5.08000000e-01
 -1.42500000e+00 -7.00000000e-02 -1.66200000e+00  6.30000000e-01
  6.77000000e-01 -8.50000000e-01  6.50000000e-01 -2.60000000e-01
 -1.60000000e-01  2.00000000e-01  3.47000000e-01  8.10000000e-01
 -2.70000000e-01 -1.24700000e+00 -5.95000000e-01 -1.41000000e-01
 -8.20000000e-01  2.10000000e-01  1.70000000e-01  2.00000000e-02
 -6.20000000e-01  6.80000000e-01 -8.10000000e-01 -3.10000000e-02
 -5.50000000e-01  2.00000000e-01  6.20000000e-01 -5.00000000e-01
 -3.00000000e-02 -3.70000000e-01 -9.80000000e-01  5.00000000e-02
 -4.80000000e-01  1.66000000e+00  2.00000000e-01  1.02000000e+00
 -7.50000000e-01 -1.40000000e-01  1.43900000e+00 -1.03500000e+00
  2.20000000e-02 -3.80000000e-02  1.30000000e-01 -2.80000000e-01
  2.00000000e-01  9.94000000e-01][ 0.47  -0.59   0.75  -0.62   0.22   0.17  -0.91   0.03  -0.01   0.82
  1.47  -0.68   0.92  -1.397  0.79  -1.127 -0.87  -0.044  0.69  -1.12
 -0.08  -0.346  0.75   0.17  -0.269 -0.94   0.73  -0.035 -0.257  0.16
  0.95   1.102  0.36  -0.45  -0.72   1.498  0.75  -0.53  -0.8    0.29
 -0.02   0.198  0.16  -0.508 -1.425 -0.07  -2.637  0.897 -0.121 -0.85
  0.65  -0.26  -0.16   0.2    0.347  0.81  -0.27  -1.247 -0.595 -0.141
 -0.82   0.21   0.17   0.02  -0.62   0.68  -0.81  -0.031 -0.55   0.441
  0.62  -0.5   -0.03  -0.37  -0.98   0.05  -0.48   1.584  0.2    1.02
 -0.75  -0.14   1.439 -0.65  -0.55   0.02   0.13  -0.28   0.2    0.13 ][ 0.47  -1.476  0.75  -0.62   0.22   0.17  -0.557  0.03  -0.01   0.82
  1.866 -0.68   0.92  -2.353  0.79  -1.127 -0.87  -0.044  0.69  -1.136
 -0.08  -0.346  0.75   0.17  -0.269 -0.94   0.73  -0.28  -0.257  0.16
  0.642  1.102  0.36  -0.45  -0.72   0.665  0.75  -0.53  -0.8    0.29
 -0.02   0.198  0.466  0.3   -1.425 -0.07  -1.673  0.897  0.677 -0.85
  0.65  -0.26  -0.16   0.2    0.347  0.81  -0.27  -1.247 -0.69  -0.141
 -0.86   0.21   0.17   0.02  -0.62   0.68  -0.81  -0.031 -0.55   0.2
  0.62  -0.5   -0.03  -0.37  -0.98   0.05  -0.48   1.584  0.2    1.02
 -0.75  -0.14   1.439 -0.65  -0.55   0.02   0.268 -0.28   0.2    0.994][ 0.504 -0.59   0.75  -0.62  -0.96   0.17  -0.97  -0.785 -0.01   0.82
  1.866 -0.68   0.92  -1.397  0.888 -1.127 -0.87   0.06   0.69  -1.136
 -0.08  -0.346  0.75   0.17  -0.269 -0.94   0.73  -0.28  -0.257  0.16
  0.642  1.102  0.36  -0.53  -0.72   0.665  0.75  -0.53  -0.8    0.29
 -0.02   0.198  0.466  0.3   -1.425 -0.07  -1.673  0.63   0.677 -0.85
  0.65  -0.26  -0.16   0.2    0.347  0.81  -0.27  -1.247 -0.595 -0.141
 -0.82   0.21   0.17  -0.125 -0.62   0.68  -0.81  -0.143 -0.55   0.2
  0.62  -0.5   -0.03  -0.818 -0.98   0.05  -0.48   1.66   0.2    1.02
 -0.75  -0.14   1.439 -0.65  -0.55   0.02   0.13  -0.28  -0.682  0.994][ 0.47  -0.59   0.75  -0.62  -0.96   0.17  -0.97  -0.785 -0.22   0.82
  1.866 -0.68   0.92  -1.397  0.888 -1.127 -0.87  -0.044  0.69  -1.136
 -0.08  -0.346  0.75   0.17  -0.269 -0.94   0.73  -0.035 -0.257  0.16
  0.642  1.102  0.36  -0.45  -0.72   0.665  0.75  -0.53  -0.8    0.29
 -0.02   0.198  0.1   -0.508 -1.425 -0.07  -1.673  0.63   0.677 -0.85
  0.65  -0.26  -0.16   0.2   -0.45   0.81  -0.27  -1.247 -0.595  0.85
 -0.82   0.21  -0.76  -0.125 -0.62   0.68  -0.81  -0.031 -0.55   0.2
  0.62  -0.5   -0.03  -0.37  -0.98   0.05  -0.48   1.584  0.2    1.02
 -0.75  -0.14   1.439 -0.65  -0.55   0.02   0.13  -0.28  -0.682  0.13 ][ 0.47  -0.59   0.75  -0.62  -0.96   0.17  -0.84  -0.785 -0.01   0.82
  1.866 -0.68   0.92  -1.397  0.133 -1.127 -0.87  -0.044  0.69  -1.12
 -0.08  -0.346  0.75   0.17  -1.138 -0.94   0.73  -0.035 -0.257  0.16
  0.642  1.102  0.36  -0.45  -0.72   0.665  0.75  -0.599 -0.8    0.29
 -0.02   0.198  0.466 -0.508 -1.425 -0.07  -2.637  0.63   0.677 -0.85
  0.65  -0.26  -0.16   0.2    0.347  0.81  -0.27  -1.247 -0.595 -0.141
 -0.82   0.21   0.17   0.02  -0.62   0.68  -0.81  -0.031 -0.55   0.2
  0.62  -0.5   -0.03  -0.37  -0.98   0.05  -0.147  1.66   0.2    1.02
 -0.75  -0.14   1.439 -0.65  -0.55   0.02   0.13  -0.28   0.2    0.994][ 4.70000000e-01 -5.90000000e-01  2.22044605e-16 -6.20000000e-01
 -9.60000000e-01  1.70000000e-01 -8.40000000e-01 -7.85000000e-01
 -1.00000000e-02  8.20000000e-01  1.86600000e+00 -6.80000000e-01
  9.20000000e-01 -1.39700000e+00  8.88000000e-01 -1.12700000e+00
 -8.70000000e-01  6.00000000e-02  6.90000000e-01 -1.13600000e+00
 -8.00000000e-02 -3.46000000e-01  7.50000000e-01  1.70000000e-01
  1.30000000e-02 -9.40000000e-01  7.30000000e-01 -3.50000000e-02
 -2.57000000e-01  9.53000000e-01  6.42000000e-01  1.10200000e+00
  3.60000000e-01 -4.50000000e-01 -7.20000000e-01  6.65000000e-01
  7.50000000e-01 -5.30000000e-01 -8.00000000e-01  2.90000000e-01
 -2.00000000e-02  1.98000000e-01  4.66000000e-01  3.00000000e-01
 -1.42500000e+00 -7.00000000e-02 -1.66200000e+00  6.30000000e-01
  6.77000000e-01 -8.50000000e-01  6.50000000e-01 -2.60000000e-01
 -1.60000000e-01  2.00000000e-01  3.47000000e-01  8.10000000e-01
 -2.70000000e-01 -1.24700000e+00 -5.95000000e-01 -1.41000000e-01
 -8.20000000e-01  2.10000000e-01  1.70000000e-01  2.00000000e-02
 -6.20000000e-01  6.80000000e-01 -8.10000000e-01 -3.10000000e-02
 -5.50000000e-01  2.00000000e-01  6.20000000e-01 -5.00000000e-01
 -3.00000000e-02 -3.70000000e-01 -9.80000000e-01  5.00000000e-02
 -4.80000000e-01  1.66000000e+00  2.00000000e-01  1.02000000e+00
 -7.50000000e-01 -1.40000000e-01  8.89000000e-01 -6.50000000e-01
  2.20000000e-02  2.00000000e-02  1.30000000e-01 -2.80000000e-01
  2.00000000e-01  9.94000000e-01][ 0.47  -0.59   0.75  -0.62  -0.96   0.17  -0.84   0.03  -0.01   0.82
  1.866 -0.68   0.92  -1.397  0.888 -1.127 -0.87  -0.044  0.69  -0.15
 -0.08  -0.346  0.75   0.17   0.013 -0.94   0.73  -0.035 -0.257  0.16
  0.642  1.102  0.36  -0.45  -0.72   0.665  0.75  -0.53  -0.8    0.29
 -0.02   0.198  0.16  -0.508 -1.425 -0.07  -2.637  0.897 -0.121 -0.85
  0.65  -0.26  -0.076  0.2    0.347  0.81  -0.27  -1.247 -0.595 -0.141
 -0.82   0.21   0.17   0.02  -0.62   0.68  -0.81  -0.031 -0.55   0.2
  0.62  -0.5   -0.03  -0.37  -0.98   0.05  -0.48   1.584  0.2    1.02
 -0.75  -0.14   1.439 -0.65  -0.55  -0.576  0.13  -0.28   0.2    0.994][ 0.47  -0.59   0.75  -0.62  -0.96   0.17  -0.97  -0.785 -0.01   0.82
  1.866 -0.68   0.92  -1.397  0.888 -1.127 -0.87   0.06   0.69  -0.15
 -0.08  -0.346  0.75   0.17   0.013 -0.94   0.73  -0.035 -0.257  0.16
  0.642  1.102  0.36  -0.45  -0.72   0.665  0.75  -0.53  -0.8    0.585
 -0.02   0.198  0.466  0.3   -1.076 -0.07  -1.662  0.63   0.677 -0.85
  0.65  -0.26  -0.16   0.2    0.347  0.81  -0.27  -1.247 -0.595 -0.141
 -0.86   0.21   0.17   0.02  -0.62   0.68  -0.81  -0.031 -0.55   0.2
  0.62  -0.5   -0.03  -0.37  -0.98   0.05  -0.48   1.584  0.2    1.02
 -0.75  -0.14   1.439 -0.65   0.022  0.02   0.13  -0.28   0.2    0.13 ][ 0.47  -0.59   0.75  -0.62  -0.96   0.17  -0.84   0.03  -0.01   0.82
  1.866 -0.68   0.92  -1.397  0.79  -1.127 -0.87  -0.044  0.69  -0.15
 -0.08  -0.346  0.75   0.17   0.013 -0.94   0.73  -0.28  -0.257  0.16
  0.642  1.102  0.36  -0.45  -0.72   0.665  0.75  -0.53  -0.8    0.29
 -0.02   0.198  0.466  0.3   -1.076 -0.07  -2.637  0.63   0.677 -0.85
  0.65  -0.26  -0.16   0.2    0.347  0.81  -0.27  -1.247 -0.595 -0.141
 -0.82   0.21  -0.76   0.02  -0.62   0.68  -0.81  -0.031 -0.55   0.2
  0.62  -0.5   -0.03  -0.37  -0.98  -0.264 -0.48   1.66   0.2    1.02
 -0.75  -0.14   1.439 -1.614 -0.55   0.02   0.13  -0.28   0.2    0.994][ 0.47  -0.59   0.75  -0.62  -0.96   0.17  -0.84  -0.039 -0.01   0.82
  1.866 -0.68   0.92  -1.397  0.888 -1.808 -0.87   0.06   0.69  -1.136
 -0.08  -0.346  0.75   0.17  -0.269 -0.94   0.73  -0.035 -0.257  0.16
  0.642  1.102  0.36  -0.45  -0.72   0.665  0.75  -0.53  -0.8    0.29
 -0.02   0.198  0.1   -0.508 -1.425 -0.07  -1.662  0.63   0.677 -0.85
  0.65  -0.26  -0.16   0.2    0.347  0.81  -0.27  -1.247 -0.69  -0.141
 -0.82   0.21   0.17   0.02  -0.62   0.68  -0.81  -0.031 -0.55   0.2
  0.54  -0.5   -0.03  -0.37  -0.98   0.05  -0.48   1.584  0.2    1.02
 -0.75  -0.14   1.439 -0.65  -0.55   0.02   0.268 -0.28   0.2    0.994][ 0.504 -1.476  0.75  -0.62  -0.96   0.17  -0.84  -0.039 -0.01   0.82
  1.47  -0.68   0.92  -1.397  0.888 -1.127 -0.87   0.06   0.69  -1.136
 -0.08  -0.346  0.75   0.17  -0.269 -0.94   0.73  -0.28  -0.257  0.16
  0.642  1.102  0.36  -0.45  -0.72   0.665  0.75  -0.53  -0.8    0.29
 -0.02   0.198  0.466 -0.508 -1.425 -0.07  -1.673  0.63   0.677 -0.85
  0.65  -0.26  -0.16   0.2   -0.45   0.81  -0.27  -1.247 -0.595 -0.141
 -1.276  0.21   0.17   0.02  -0.62   0.68  -0.81  -0.031 -0.55   0.2
  0.62  -0.5   -0.03  -0.37  -0.98   0.05  -0.48   1.584  0.2    1.02
 -0.75  -0.14   1.439 -0.65  -0.55   0.02   0.13  -0.28  -0.682  0.994][ 0.47  -0.59   0.75  -0.62   0.22   0.17  -0.84  -0.785 -0.01   0.82
  1.866 -0.68   0.92  -1.397  0.79  -1.127 -0.87  -0.044  0.69  -1.136
 -0.08  -0.346  0.75   0.17  -1.138 -0.94   0.73  -0.146 -0.257  0.16
  0.642  1.102  0.36  -0.45  -0.72   0.665  0.75  -0.53  -0.9    0.29
 -0.02   0.198  0.466 -0.508 -1.425 -0.07  -2.637  0.63  -0.121 -0.85
  0.65  -0.26  -0.16   0.2    0.347  0.81  -0.27  -1.247 -0.595 -0.141
 -0.82   0.21   0.17   0.02  -0.62   0.68  -0.81  -0.031 -0.55   0.2
  0.62  -0.5   -0.03  -0.37  -0.98   0.05  -0.48   1.66   0.2    1.02
 -0.75  -0.14   1.439 -0.65  -0.55   0.02   0.13  -0.28   0.2    0.994][ 0.47  -0.59   0.75  -0.62   0.22   0.17  -0.91  -0.785 -0.01   0.82
  1.866 -0.68   0.92  -1.397  0.79  -1.127 -0.87  -0.044  0.69  -1.12
 -0.08  -0.346  0.75   0.17  -0.269 -0.94   0.73  -0.28  -0.257  0.16
  0.95   1.102  0.36  -0.45  -0.72   0.665  0.75  -0.53  -0.8   -0.314
 -0.02   0.198  0.466 -0.508 -1.425 -0.07  -1.088  0.63  -0.121 -0.85
  0.65  -0.26  -0.16   0.2    0.347  0.81  -0.27  -1.247 -0.595 -0.141
 -0.82   0.21   0.17   0.02  -0.62   0.68  -0.81  -0.031 -0.55   0.441
  0.62  -0.5   -0.03  -0.37  -0.98   0.05  -0.147  1.66   0.2    1.02
 -0.75  -0.14   1.439 -0.65  -0.55   0.02   0.268 -0.28   0.2    0.13 ][ 0.47  -0.59   0.75  -0.62  -0.96   0.17  -0.97  -1.689 -0.01   0.82
  1.866 -0.68   0.92  -1.397  0.888 -1.127 -0.87   0.06   0.69  -0.15
 -0.08  -0.346  0.75   0.17   0.013 -0.94   0.73  -0.035 -0.257  0.16
  0.642  1.102  0.36  -0.45  -0.72   0.665 -0.03  -0.53  -0.8    0.29
 -0.02   0.198  0.1    0.3   -1.076 -0.07  -1.662  0.63   0.677 -0.85
  0.65  -0.26  -0.16   0.2    0.347  0.81  -0.27  -1.247 -0.595 -0.141
 -0.82   0.21  -0.76   0.02  -0.62   0.68  -0.81  -0.031 -0.55   0.2
  0.54  -0.5   -0.03  -0.37  -0.98   0.05  -0.48   1.584  0.2    1.02
 -0.75  -0.14   1.439 -0.65   0.022  0.02   0.13  -0.28   0.2    0.13 ]