[ 0.47  -0.59   0.75  -0.62   0.22   0.17  -0.84  -0.785 -0.01   0.82
  1.47  -0.68   0.92  -1.464  0.79  -1.127 -0.87  -0.044  0.69  -1.136
 -0.08  -0.346  0.75   0.17  -0.269 -0.94   0.73  -0.035 -0.257  0.16
  0.642  1.102  0.36  -0.45  -0.72   0.665  1.614 -0.53  -0.8    0.29
 -0.02   0.198  0.466 -0.508 -1.425 -0.07  -1.662 -0.369  0.677 -0.85
  0.65  -0.132 -0.16   0.2    0.192  0.81  -0.27  -1.247 -0.69  -0.141
 -0.82   0.21  -0.103  0.02  -0.62   0.68  -0.81  -0.031 -0.55   0.2
  0.62  -0.5   -0.03  -0.37  -0.98   0.05  -0.48   1.584  0.2    1.02
 -0.75   0.476  1.439 -0.65  -0.55   0.02   0.13  -0.28   0.2    0.13 ][ 0.47  -0.59   0.75  -1.118 -0.96   1.051 -0.84  -0.785 -0.01   0.82
  1.866 -1.646  0.92  -1.397  0.79  -1.127 -0.87  -0.044  0.69  -1.136
 -0.08  -0.346  0.75   0.17  -0.269 -0.94   0.73  -0.035 -0.257  0.953
  0.642  1.102  0.36  -0.45  -0.72   0.946  0.75  -0.53  -0.8    0.29
 -0.02   0.198  0.466 -0.508 -1.076 -0.07  -1.734  0.63   0.677 -0.85
  0.65  -0.26  -0.16   0.2    0.347  0.81  -0.27  -1.247 -0.69  -0.141
 -0.82   0.21   0.17   0.02  -0.62   0.68  -0.81  -0.031 -0.55   0.2
  0.62  -0.5   -0.03  -0.37  -0.98   0.134 -0.48   1.584  0.2    1.02
 -0.75   0.476  1.439 -0.65  -0.55   0.02   0.13  -0.28   0.2    0.13 ][-0.107 -0.59   0.75  -0.62  -0.96   0.17  -0.84  -0.785 -0.01   0.82
  1.583 -0.857  0.92  -1.397  0.79  -1.127 -0.87  -0.044  0.69  -1.136
 -0.08  -0.346  0.75   0.17  -0.269 -0.94   0.775 -0.035 -0.091  0.16
  0.642  1.102  0.36  -0.45  -0.72   0.665  0.75  -0.53  -0.8    0.29
 -0.02   0.198  0.466 -0.508 -1.425 -0.07  -1.662  0.63   1.134 -0.85
  0.65  -0.26  -0.16   0.2    0.347  0.81  -0.27  -1.247 -0.69  -0.141
 -0.86   0.21   0.17   0.02  -0.62   0.68  -0.81  -0.031 -0.55   0.2
  0.62  -0.5   -0.03  -0.37  -0.98   0.05  -0.48   1.584  0.2    1.02
 -0.75  -0.14   1.439 -0.65  -0.55  -0.038  0.13  -0.28   0.2    0.13 ][ 0.47  -0.59   0.75  -0.62  -0.96   0.17  -0.84  -0.785 -0.01   0.82
  1.866 -0.68   0.611 -1.464  0.79  -1.127 -0.87  -0.525  0.69  -2.12
 -0.08  -0.346  0.75   0.17  -0.269 -0.94   0.73  -0.28  -0.257  0.16
  0.642  1.102  0.36  -0.45  -0.72   0.665  0.75  -0.53  -0.8    0.29
 -0.02   0.198  0.466  0.3   -1.076 -0.07  -1.734  0.63   0.677 -0.85
  0.65  -0.132 -0.16   0.2    0.347  0.81  -0.27  -1.247 -0.69  -0.141
 -0.82   0.21   0.17   0.02  -0.62   0.68  -0.81  -0.031 -0.55   0.2
  0.62  -0.5   -0.03  -0.37  -0.98   0.134 -0.48   1.584  0.2    1.02
 -0.75  -0.14   1.439 -0.65  -0.55   0.02   0.13  -0.28   0.2    0.994][ 0.47  -0.27   0.75  -0.62   0.22   0.17  -0.84  -0.039 -0.01   0.82
  1.583 -0.68   0.92  -1.397  0.79  -1.127 -0.87   0.06   0.69  -1.388
 -0.08  -0.346  0.75   0.17  -0.269 -0.94   1.014 -0.035 -0.257  0.953
  0.642  1.102  0.36  -0.45  -0.72   0.665  0.75  -0.53  -0.8    0.29
 -0.02   0.198  0.466 -0.508 -1.425 -0.07  -1.662  0.63   0.677 -0.88
  0.65  -0.26   0.224  0.2    0.347  0.81  -0.27  -1.247 -0.69  -0.141
 -0.82   0.21  -0.103  0.02  -0.62   0.68  -0.674 -0.031 -0.55   0.2
  0.62  -0.5   -0.03  -0.37  -0.98   0.05  -0.48   1.584  0.2    1.02
 -0.75  -0.14   1.439 -0.65  -0.55   0.02   0.13  -0.28   0.2    0.13 ][ 0.47  -0.27   0.75  -0.369 -0.96   0.17  -1.925 -0.785 -0.01   0.82
  1.866 -0.68   1.806 -1.397  0.79  -1.127 -0.87   0.06   0.69  -1.136
 -0.08  -0.346  0.75  -0.632 -0.269 -0.94   0.73  -0.035 -0.257  0.16
  0.642  1.102  0.36  -0.45  -0.72   0.665  0.75  -0.53  -0.8    0.29
 -0.02   0.198  0.1   -0.508 -1.425 -0.07  -1.662  0.63   0.677 -0.85
  0.65  -0.26  -0.16   0.2    0.347  0.81  -0.27  -1.247 -0.595 -0.141
 -0.003  0.21   0.17   0.02  -0.62   0.68  -0.81  -0.031 -0.55   0.2
  0.62  -0.5   -0.03  -0.37  -0.98   0.134 -0.48   1.584  0.2    1.02
 -0.75  -0.14   0.586 -1.035 -0.55  -0.038  0.13  -0.28   0.2    0.13 ][ 0.47  -0.27   0.75  -0.62   0.22   0.17  -0.84  -0.785 -0.01   0.82
  1.47  -0.68   0.92  -1.397  0.79  -1.127 -0.87  -0.044  0.69  -1.136
 -0.08  -0.346  0.75  -0.632 -0.269 -0.94   1.014 -0.035 -0.257  0.953
  0.95   1.102  0.36  -0.45  -0.72   0.665  1.614 -0.53  -0.8    0.29
 -0.02   0.198  0.466  0.3   -1.425 -0.07  -1.662  0.63   0.677 -0.85
  0.65  -0.26  -0.16   0.2    0.347  0.725 -1.161 -1.247 -0.69  -0.141
 -0.82   0.21  -0.103  0.02  -0.62   0.68  -0.81  -0.031 -0.55   0.2
  0.62  -0.5   -0.03  -0.37  -0.98   0.05  -0.48   1.66   0.2    1.02
 -0.75  -0.14   1.439 -0.65  -0.55   0.02   0.13  -0.28   0.2    0.13 ][ 0.47  -0.59   0.75  -0.62  -0.96   0.17  -0.84  -0.785 -0.01   0.82
  1.866 -0.68   0.92  -1.464  0.79  -1.127 -0.87  -0.044  0.69  -2.12
 -0.08  -0.346  0.75   0.17  -0.269 -0.94   0.73  -0.28  -0.257  0.16
  0.642  1.102  0.36  -0.45  -0.72   0.665  0.75  -0.53  -0.8    0.29
 -0.02   0.198  0.466 -0.508 -1.076 -0.07  -1.734  0.63   0.677 -0.85
  0.65  -0.26  -0.16   0.2    0.347  0.81  -0.27  -1.247 -0.69  -0.141
 -0.82   0.21   0.17   0.02  -0.62   0.68  -0.81  -0.031 -0.55   0.2
  0.62  -0.5   -0.03  -0.37  -0.98   0.05  -0.48   1.584  0.2    1.02
 -0.75  -1.063  1.439 -0.65  -0.55   0.02   0.13  -0.28   0.2    0.994][ 0.47  -0.59   0.75  -0.62  -0.96   0.17  -0.84  -0.785 -0.01   0.82
  1.866 -0.628  0.92  -1.397  0.79  -1.127 -0.87  -0.044  0.69  -1.136
 -0.08  -0.346  0.75   0.17  -0.269 -0.94   0.775 -0.035 -0.257  0.16
  0.642  1.102  0.36  -0.45  -0.618  0.665  0.75  -0.53  -0.8    0.29
 -0.02   0.198  0.466 -0.508 -1.425 -0.07  -1.662  0.63   0.677 -0.85
  0.65  -0.26  -0.16   0.2    0.347  0.81  -0.27  -1.247 -0.69   0.85
 -0.82   0.21  -0.76   0.02  -0.62   0.68  -0.81  -0.031 -0.55   0.2
  0.62  -0.5   -0.03  -0.37  -0.98   0.05  -0.48   1.66   0.2    1.02
 -0.75   0.476  1.439 -0.65  -0.55   0.02   0.13  -0.28   0.2    0.13 ][ 0.47  -0.59   0.75  -0.369 -0.96   0.17  -0.84  -0.785 -0.01   0.82
  1.47  -0.68   0.92  -1.397  0.79  -1.127 -0.87   0.06   0.69  -1.136
 -0.08  -0.346  0.75   0.17  -0.269 -0.94   0.73  -0.035 -0.257  0.16
  0.642  1.102  0.36  -0.45  -0.72   0.665  0.75  -0.53  -0.8    0.29
 -0.02   0.198  0.466 -0.508 -1.425 -0.07  -1.705  0.63   0.677 -0.85
  0.65  -0.26  -0.16   0.2    0.347  0.81  -1.205 -1.247 -0.595  0.85
 -0.86   0.21   0.17   0.02  -0.62   0.68  -0.81  -0.031 -0.55   0.2
  0.62  -0.5   -0.03  -0.37  -0.98   0.05  -0.48   1.66   0.2    1.02
 -0.75  -0.14   0.74  -1.035 -0.55  -0.038  0.13  -0.28   0.2    0.994][ 0.47  -0.27   0.75  -1.118  0.22   0.17  -0.84  -0.785 -0.01   0.82
  1.47  -0.68   0.141 -1.397  0.79  -1.127 -0.87   0.06   0.69  -1.136
 -0.08  -0.346  0.75   0.17  -0.269 -0.94   1.014 -0.28  -0.912  0.16
  0.642  1.102  0.36  -0.45  -0.618  0.665  0.75  -0.599 -0.8    0.29
 -0.02   0.198  0.466 -0.508 -1.425 -0.07  -1.662  0.532  0.677 -0.85
  0.65  -0.26  -0.16   0.2    0.347  0.81  -1.205 -1.247 -0.69   0.85
 -0.82   0.21   0.17   0.02  -0.62   0.68  -0.81  -0.031 -0.55   0.2
  0.62  -0.5   -0.03  -0.37  -0.98   0.05  -0.48   1.584  0.2    1.02
 -0.75   0.476  1.439 -0.65  -0.55   0.02   0.13  -0.28   0.2    0.13 ][ 0.47  -0.59   0.75  -1.118 -0.96   0.17  -0.84  -0.785 -0.01   0.82
  1.47  -0.68   0.92  -1.397  0.79  -1.127 -0.87  -0.044  0.69  -1.136
 -0.08  -0.346  0.75   0.17   0.26  -0.94   1.014 -0.035 -0.257  0.16
  0.95   1.102  0.36  -0.45  -0.72   0.665  0.75  -0.599 -0.8    0.29
 -0.02   0.198  0.466 -0.508 -1.076 -0.07  -1.662  0.532  0.677 -0.85
  0.65  -0.26  -0.16   0.2    0.347  0.81  -1.205 -1.247 -0.69   0.85
 -0.82   0.21   0.17   0.02  -0.62   0.68  -0.81  -0.031 -0.55   0.2
  0.62  -0.5   -0.03  -0.37  -0.98   0.05  -0.48   1.66   0.2    1.02
 -0.75  -0.14   0.74  -0.65  -0.55   0.02   0.13  -0.28   0.2    0.13 ][ 0.504 -0.27   0.75  -0.62  -0.96   0.17  -0.84  -0.785 -0.01   0.82
  1.866 -0.68   0.92  -1.464  0.79  -1.127 -0.87  -0.525  0.69  -1.136
 -0.08  -0.346  0.75   0.17  -0.269 -0.94   0.73  -0.28  -0.257  0.953
  0.642  1.102  0.36  -0.45  -0.72   0.665  0.75  -0.53  -0.8    0.29
 -0.02   0.198  0.466 -0.508 -1.076 -0.07  -1.088  0.63   0.677 -0.85
  0.65  -0.26  -0.16   0.2    0.192  1.111 -0.27  -1.247 -0.69  -0.141
 -0.82   0.21  -0.76   0.02  -0.62   0.68  -0.81  -0.031 -0.55   0.2
  0.62  -0.5   -0.03  -0.37  -0.98   0.134 -0.48   1.584  0.2    1.02
 -0.75  -0.14   1.439 -0.65  -0.55   0.02   0.13  -0.28   0.2    0.13 ][ 0.47  -0.27   0.75  -0.369 -0.96   0.17  -0.84  -0.785 -0.01   0.82
  1.866 -0.68   0.92  -1.397  0.79  -1.127 -0.87  -0.044  0.69  -1.622
 -0.08  -0.346  1.067 -0.632 -0.269 -0.94   0.73  -0.28  -0.257  0.16
  0.642  1.102  0.36  -0.45  -0.72   0.665  0.75  -0.53  -0.8    0.29
 -0.02   0.198  0.466 -0.508 -1.076 -0.07  -1.662  0.63   0.677 -0.85
  0.65  -0.26  -0.16   0.2    0.347  0.81  -0.27  -1.052 -0.69   0.85
 -0.82   0.21  -0.76   0.02  -0.62   0.68  -0.81  -0.031 -0.55   0.2
  0.62  -0.5   -0.03  -0.37  -0.98   0.05  -0.48   1.584  0.2    1.02
 -0.75  -0.14   1.439 -0.65  -0.55   0.02   0.13  -0.28   0.2    0.13 ][ 0.47  -0.59   0.75  -0.62  -0.96   0.17  -0.84  -0.785 -0.01   0.82
  1.583 -0.857  0.92  -1.397  0.79  -1.127 -0.87  -0.044  0.69  -1.388
 -0.08  -0.346  0.75   0.17  -0.269 -0.94   0.73  -0.035 -0.257  0.953
  0.642  1.102  0.36  -0.45  -0.72   0.665  0.75  -0.53  -0.8    0.29
 -0.02   0.198  0.466 -0.508 -1.425 -0.07  -1.662  0.63   0.677 -0.88
  0.65  -0.26   0.224  0.2    0.347  0.81  -0.27  -1.247 -0.69  -0.141
 -0.82   0.21  -0.76   0.02  -0.62   0.68  -0.81  -0.031 -0.55   0.2
  0.62  -0.5   -0.03  -0.37  -0.98   0.05  -0.48   1.584  0.2    1.02
 -0.75  -0.14   1.439 -0.65  -0.55   0.02   0.13  -0.28   0.2    0.13 ][ 0.47  -0.59   0.75  -0.62  -0.96   0.17  -0.84  -1.707 -0.01   0.82
  1.866 -0.68   0.92  -1.397  0.79  -1.127 -0.87  -0.525  0.69  -1.622
 -0.08  -0.346  0.75   0.17   0.013 -0.94   0.73  -0.28  -0.257  0.16
  0.95   1.102  0.36  -0.45  -0.72   0.665  0.75  -0.53  -0.8    0.29
 -0.02   0.198  0.466 -0.508 -1.076 -0.07  -1.662  0.63   1.134 -0.85
  0.65  -0.132 -0.16   0.2    0.192  0.81  -0.27  -1.247 -0.69   0.85
 -0.86   0.21  -0.76   0.02  -0.62   0.68  -0.81  -0.031 -0.55   0.2
  0.62  -0.5   -0.03  -0.37  -0.98   0.05  -0.48   1.584  0.2    1.02
 -0.75  -0.14   1.439 -0.65  -0.55  -0.038  0.13  -0.28   0.2    0.994][ 0.47  -0.27   0.75  -0.62  -0.96   0.17  -0.84  -0.785 -0.01   0.82
  1.866 -0.68   0.805 -1.464  0.79  -1.127 -0.87  -0.525  0.69  -2.12
 -0.08  -0.346  0.75   0.17  -1.11  -0.94   0.73  -0.28  -0.257  0.16
  0.642  1.102  0.36  -0.45  -0.72   0.665  0.75  -0.53  -0.8    0.29
 -0.02   0.198  0.466  0.3   -0.315 -0.07  -1.734  0.63   0.677 -0.85
  0.65  -0.26  -0.16   0.2    0.192  0.81  -0.27  -1.247 -0.69  -0.141
 -0.82   0.21   0.17   0.02  -0.62   0.68  -0.81  -0.031 -0.55   0.2
  0.62  -0.5   -0.03  -0.37  -0.98   0.134 -0.48   1.584  0.2    1.02
 -0.75  -0.14   1.439 -0.65  -0.55   0.02   0.268 -0.28   0.2    0.994][ 0.47  -0.27   0.75  -0.62  -0.96   0.17  -0.84  -0.785 -0.01   0.82
  1.866 -0.68   0.805 -1.397  0.79  -1.127 -0.87  -0.044  0.69  -1.136
 -0.08  -0.346  0.75   0.17  -1.11  -0.94   0.73  -0.28  -0.257  0.16
  0.642  1.102  0.36  -0.45  -0.72   0.665  0.75  -0.53  -0.8    0.29
 -0.02   0.198  0.466 -0.508 -1.076 -0.07  -1.734  0.63   0.677 -0.85
  0.65  -0.26  -0.16   0.2    0.192  0.81  -1.205 -1.247 -0.69  -0.141
 -0.82   0.21  -0.76   0.02  -0.62   0.68  -0.754 -0.031 -0.55   0.2
  0.62  -0.5   -0.03  -0.37  -0.98   0.134 -0.48   1.584  0.2    1.02
 -0.75  -0.14   1.439 -0.65  -0.55   0.02   0.268 -0.28   0.2    0.994][ 0.47  -0.59   0.75  -0.369 -0.96   0.17  -0.84  -0.785 -0.01   0.82
  1.866 -0.68   0.92  -2.353  0.79  -1.127 -0.87  -0.044  0.69  -1.622
 -0.08  -0.346  0.75   0.17  -0.269 -0.94   0.73  -0.28  -0.257  0.16
  0.642  1.102  0.36  -0.45  -0.72   0.665  0.75  -0.53  -0.8    0.29
 -0.02   0.198  0.466 -0.508 -1.076 -0.07  -1.662  0.63   0.677 -0.85
  0.65  -0.26  -0.16   0.2    0.347  0.81  -0.27  -1.052 -0.69   0.85
 -0.82   0.21  -0.76   0.02  -0.62   0.68  -0.81  -0.031 -0.55   0.2
  0.62  -0.5   -0.03  -0.37  -0.98   0.05  -0.48   1.584  0.2    1.02
 -0.75   0.476  1.439 -0.65  -0.55   0.02   0.13  -0.28   0.2    0.13 ][ 0.47  -0.59   0.75  -0.62   0.22   0.17  -0.84  -0.785 -0.01   1.464
  1.47  -0.68   0.92  -1.397  0.79  -1.127 -0.87  -0.044  0.69  -1.136
 -0.08  -0.346  0.75   0.17  -0.269 -0.94   0.73  -0.035 -0.257  0.16
  0.642  1.102  0.36  -0.45  -0.72   0.665  0.75  -0.53  -0.8    0.29
 -0.02   0.198  0.466 -0.508 -1.425 -0.07  -1.662  0.63   0.677 -0.85
  0.65  -0.26   0.224  0.2    0.347  0.81  -0.27  -1.247 -0.69   0.85
 -0.82   0.21   0.17   0.02  -0.62   0.68  -0.81  -0.031 -0.55   0.2
  0.62  -0.5   -0.03  -0.37  -0.98   0.05  -0.48   1.584  0.2    1.02
 -0.75  -0.14   1.439 -0.65  -0.55   0.02   0.13  -0.28   0.2    0.994][-0.107 -0.59   0.75  -0.62  -0.96   0.17  -0.84  -0.785 -0.01   0.82
  1.866 -0.857  0.92  -1.397  0.79  -1.127 -0.87  -0.044  0.69  -1.136
 -0.08  -0.346  0.75   0.17  -1.19  -0.94   0.775 -0.035 -0.091  0.16
  0.642  1.102  0.36  -0.45  -0.618  0.665  0.75  -0.53  -0.8    0.29
 -0.02   0.198  0.466 -0.508 -1.425 -0.07  -1.662  0.63   0.677 -0.85
  0.65  -0.26  -0.16   0.2    0.347  0.81  -0.27  -1.247 -0.69   0.85
 -0.86   0.21  -0.76   0.02  -0.62   0.68  -0.81  -0.031 -0.55   0.2
  0.62  -0.5   -0.03  -0.37  -0.98   0.05  -0.48   1.584  0.2    1.02
 -0.75  -0.14   1.439 -0.65  -0.55   0.02   0.13  -0.28   0.2    0.13 ][ 0.47  -1.399  0.75  -0.369 -0.96   0.17  -1.925 -0.785 -0.01   0.82
  1.866 -0.68   0.92  -1.397  0.79  -1.127 -0.87  -0.044  0.69  -1.136
 -0.08  -0.346  0.75   0.17  -0.269 -0.94   0.73  -0.035 -0.257  0.16
  0.642  1.102  0.36  -0.45  -0.72   0.665  0.75  -0.53  -0.8    0.29
 -0.02   0.198  0.1   -0.508 -1.425 -0.07  -1.662  0.63   0.677 -0.85
  0.65  -0.26  -0.16   0.2    0.347  0.81  -0.27  -1.247 -0.595  0.85
 -0.003  0.21   0.17   0.02  -0.62   0.68  -0.81  -0.031 -0.55   0.2
  0.62  -0.5   -0.03  -0.37  -0.98   0.134 -0.48   1.584  0.2    1.02
 -0.75   0.476  0.586 -1.035 -0.55   0.02   0.13  -0.28   0.2    0.13 ][ 0.47  -0.59   0.75  -0.62   0.22   0.17  -0.84  -0.785 -0.01   0.82
  1.47  -0.68   0.92  -1.464  0.79  -1.127 -0.87   0.06   0.69  -1.136
 -0.08  -0.346  0.75   0.17  -0.269 -0.94   0.73  -0.28  -0.257  0.16
  0.642  1.102  0.36  -0.45  -0.618  0.665  0.75  -0.599 -0.8    0.29
 -0.02   0.198  0.466 -0.508 -1.425 -0.07  -1.662 -0.369  0.677 -0.85
  0.65  -0.132 -0.16   0.2    0.347  0.81  -0.27  -1.247 -0.69  -0.141
 -0.82   0.21  -0.103  0.02  -0.62   0.68  -0.81  -0.031 -0.55   0.2
  0.62  -0.5   -0.03  -0.37  -0.98   0.05  -0.48   1.584 -0.359  1.02
 -0.75   0.476  1.439 -0.65  -0.55   0.02   0.13  -0.28   0.2    0.13 ][ 0.47  -0.27   0.75  -0.62  -0.96  -0.029 -1.925 -0.785 -0.01   0.82
  1.866 -0.68   1.806 -1.397  0.79  -1.127 -0.87  -0.044  0.69  -1.136
 -0.08  -0.346  0.75  -0.632 -0.269 -0.94   1.014 -0.035 -0.257  0.953
  0.95   1.102  0.36  -0.45  -0.72   0.665  0.75  -0.53  -0.8    0.29
 -0.02   0.198  0.466 -0.508 -1.425 -0.07  -1.662  0.63   0.677 -0.85
  0.65  -0.26  -0.16   0.2    0.347  0.725 -1.161 -1.247 -0.69  -0.141
 -0.003  0.21   0.17   0.02  -0.62   0.68  -0.81  -0.031 -0.55   0.2
  0.62  -0.5   -0.03  -0.37  -0.98   0.134 -0.48   1.66   0.2    1.02
 -0.75  -0.14   1.439 -0.65  -0.55  -0.038  0.13  -0.28   0.2    0.13 ][ 0.47  -0.27   0.75  -0.62  -0.96   0.17  -0.84  -0.785 -0.01   0.82
  1.583 -0.68   0.92  -1.397  0.79  -1.127 -0.87   0.06   0.69  -1.388
 -0.08  -0.346  0.75   0.17  -0.928 -0.94   0.73  -0.035 -0.257  0.16
  0.642  1.102  0.36  -0.45  -0.72   0.665  0.75  -0.53  -0.8    0.29
 -0.02   0.198  0.466 -0.508 -1.425 -0.07  -1.705  0.63   0.677 -0.88
  0.65  -0.26  -0.16   0.2    0.347  0.81  -0.27  -1.247 -0.69   0.85
 -0.86   0.21   0.17   0.02  -0.62   0.68  -0.81  -0.031 -0.55   0.2
  0.62  -0.5   -0.03  -0.37  -0.98   0.05  -0.48   1.66   0.2    1.02
 -0.75  -0.14   1.439 -0.65  -0.55  -0.038  0.13  -0.28   0.2    0.13 ][ 0.47  -0.59   0.75  -0.62   0.22   0.17  -0.84  -0.785 -0.01   0.82
  1.47  -0.68   0.92  -1.464  0.79  -1.127 -0.87  -0.044  0.69  -1.136
 -0.08  -0.346  0.75   0.17  -0.269 -0.94   0.73  -0.035 -0.257  0.16
  0.642  1.102  0.36  -0.45  -0.72   0.665  1.614 -0.53  -0.8    0.29
 -0.02   0.198  0.466 -0.508 -1.425 -0.07  -1.662 -0.369  0.677 -0.85
  1.4   -0.26  -0.16   0.2    0.192  0.81  -0.27  -1.247 -0.69  -0.141
 -0.82   0.21  -0.103  0.02  -0.62   0.68  -0.81  -0.031 -0.55   0.2
  0.62  -0.5   -0.03  -0.37  -0.98   0.05  -0.48   1.584  0.2    1.02
 -0.75   0.476  1.439 -0.65  -0.55   0.02   0.13  -0.28   0.2    0.13 ][ 0.47  -0.59   0.75  -0.62   0.22   0.17  -0.84  -0.785 -0.01   1.464
  1.47  -0.68   0.92  -1.397  0.79  -1.127 -0.87  -0.044  0.69  -1.136
 -0.08  -0.346  0.75   0.17  -0.269 -1.293  0.73  -0.035 -0.257  0.16
  0.642  1.102  0.36  -0.45  -0.72   0.665  0.75  -0.53  -0.8    0.29
 -0.02   0.198  0.466 -0.508 -1.425 -0.07  -1.662 -0.369  0.677 -0.85
  0.65  -0.26   0.224  0.2    0.347  0.81  -0.27  -1.247 -0.69   0.85
 -0.82   0.21  -0.103  0.02  -0.62   0.68  -0.81  -0.031 -0.55   0.2
  0.62  -0.5   -0.03  -0.37  -0.98   0.05  -0.48   1.584  0.2    1.02
 -0.75  -0.14   1.439 -0.65  -0.55   0.02   0.13  -0.28   0.2    0.13 ][ 0.47  -0.27   0.75  -0.369 -0.96   0.17  -0.84  -0.785 -0.01   0.82
  1.866 -0.68   0.92  -1.464  0.79  -1.127 -0.87  -0.044  0.69  -1.622
 -0.08  -0.346  1.067 -0.632 -0.269 -0.94   0.73  -0.28  -0.257  0.953
  0.642  1.102  0.36  -0.45  -0.72   0.665  1.243 -0.53  -0.8    0.29
 -0.02   0.198  0.466 -0.508 -1.076 -0.07  -1.088  0.63   0.677 -0.85
  0.65  -0.26  -0.16   0.2    0.192  1.111 -0.27  -1.052 -0.69   0.85
 -0.82   0.21  -0.76   0.02  -0.62   0.68  -0.81  -0.031 -0.55   0.2
  0.62  -0.5   -0.03  -0.37  -0.98   0.134 -0.48   1.584  0.2    1.02
 -0.75  -0.14   1.439 -0.65  -0.55   0.02   0.13  -0.28   0.2    0.13 ][ 0.47  -0.59   0.75  -0.62   0.22   0.17  -0.84  -0.785 -0.01   0.82
  1.866 -0.68   0.92  -1.464  0.79  -1.127 -0.87  -0.044  0.69  -1.136
 -0.08  -0.346  0.75   0.17  -0.269 -0.94   0.73  -0.035 -0.257  0.16
  0.642  1.102  0.36  -0.45  -0.72   0.665  1.614 -0.53  -0.8    0.29
 -0.02   0.198  0.466 -0.508 -1.425 -0.07  -1.734 -0.369  0.677 -0.85
  0.65  -0.132 -0.16   0.2    0.347  0.81  -0.27  -1.247 -0.69  -0.141
 -0.82   0.21   0.17   0.02  -0.62   0.68  -0.81  -0.031 -0.55   0.2
  0.62  -0.5   -0.03  -0.37  -0.98   0.05  -0.48   1.584  0.2    1.02
 -0.75   0.476  1.439 -0.65  -0.55   0.02   0.13  -0.654  0.2    0.13 ][ 0.47  -0.27   0.75  -0.62  -0.96   0.17  -0.84  -0.785 -0.01   0.82
  1.866 -0.68   0.92  -1.464  0.79  -1.127 -0.87  -0.525  0.69  -2.12
 -0.08  -0.346  0.75   0.17  -0.269 -1.49   0.73  -0.28  -0.257  0.16
  0.642  1.102  0.36  -0.45  -0.72   0.665  0.75  -0.53  -0.8    0.29
 -0.02   0.198  0.466 -0.508 -1.076 -0.07  -1.734  0.63   0.677 -0.85
  0.65  -0.26  -0.16   0.2    0.192  1.111 -0.27  -1.247 -0.69  -0.141
 -0.82   0.21   0.17   0.02  -0.62   0.68  -0.81  -0.031 -0.55   0.2
  0.62  -0.5   -0.03  -0.37  -0.98   0.134 -0.48   1.584  0.2    1.02
 -0.75  -0.14   1.439 -0.65  -0.55   0.02   0.13  -0.28   0.2    0.13 ][ 0.47  -0.59   0.75  -0.62   0.22   0.17  -0.84  -0.785 -0.01   1.464
  1.866 -0.68   0.611 -1.464  0.79  -1.127 -0.87  -0.525  0.69  -2.12
 -0.08  -0.346  0.75   0.17  -0.269 -0.94   0.73  -0.28  -0.257  0.16
  0.642  1.102  0.36  -0.45  -0.72   0.665  0.75  -0.53  -0.8    0.29
 -0.02   0.198  0.466  0.3   -1.425 -0.07  -1.734  0.63   0.677 -0.85
  0.65  -0.132 -0.16   0.2    0.347  0.81  -0.27  -1.247 -0.69   0.85
 -0.82   0.21   0.17   0.02  -0.62   0.68  -0.81  -0.031 -0.55   0.2
  0.62  -0.5   -0.03  -0.37  -0.98   0.134 -0.48   1.584  0.2    1.02
 -0.75  -0.14   1.439  0.142 -0.55   0.02   0.13  -0.28   0.2    0.994][ 0.47  -0.59   0.75  -1.118  0.22   0.17  -0.84  -0.039 -0.01   0.82
  1.583 -1.646  0.92  -1.397  0.79  -1.127 -0.87   0.06   0.69  -1.136
 -0.08  -0.346  0.75   0.17  -0.269 -0.94   0.73  -0.035 -0.257  0.953
  0.642  1.102  0.36  -0.45  -0.72   0.665  0.75  -0.53  -0.8    0.29
 -0.02   0.198  0.466 -0.508 -1.425 -0.07  -1.662  0.63   0.677 -0.88
  0.65  -0.26   0.224  0.2    0.347  0.81  -0.27  -1.247 -0.69  -0.141
 -0.82   0.21  -0.103  0.02  -0.62   0.68  -0.107 -0.031 -0.55   0.2
  0.62  -0.5   -0.03  -0.37  -0.98   0.05  -0.48   1.584  0.2    1.02
 -0.75   0.476  1.439 -0.65  -0.55   0.02   0.13  -0.28   0.2    0.13 ][ 0.47  -0.27   0.75  -0.62  -0.96   0.17  -0.84  -0.785 -0.01   0.82
  1.866 -0.68   0.92  -1.397  0.79  -1.127 -0.87  -0.044  0.69  -1.136
 -0.08  -0.346  1.067 -0.632 -0.269 -0.94   0.73  -0.28  -0.257  0.953
  0.642  1.102  0.36  -0.45  -0.72   0.665  0.75  -0.53  -0.8    0.29
 -0.02   0.198  0.466 -0.508 -1.076 -0.07  -1.088  0.63   0.677 -0.85
  0.65  -0.26  -0.16   0.2    0.347  0.81  -0.27  -1.247 -0.69  -0.141
 -0.82   0.21  -0.76   0.02  -0.62   1.309 -0.81  -0.031 -0.55   0.2
  0.62  -0.5   -0.03  -0.37  -0.98   0.134 -0.48   1.584  0.2    1.02
 -0.75  -0.14   1.439 -0.65  -0.55   0.02   0.13  -0.28   0.2    0.13 ][ 0.47  -0.59   0.75  -0.62   0.22   0.17  -0.84  -0.785 -0.01   1.464
  1.47  -0.68   1.806 -1.397  0.79  -1.127 -0.87  -0.044  0.69  -1.136
 -0.08  -0.346  0.75  -0.632 -0.269 -0.94   0.73  -0.035 -0.257  0.16
  0.642  1.102  0.36  -0.45  -0.72   0.665  0.75  -0.53  -0.8    0.29
 -0.02   0.198  0.466 -0.508 -1.425 -0.07  -1.662  0.63   0.677 -0.85
  0.65  -0.26  -0.16   0.2    0.347  0.81  -0.27  -1.247 -0.69  -0.141
 -0.003  0.21   0.17   0.02  -0.62   0.68  -0.81  -0.031 -0.55   0.2
  0.62  -0.5   -0.03  -0.37  -0.98   0.05  -0.48   1.584  0.2    1.02
 -0.75  -0.14  -0.37  -1.035 -0.55   0.02   0.13  -0.28   0.2    0.13 ][-0.107 -0.59   0.75  -0.62   0.22   0.17  -0.84  -0.039 -0.01   0.82
  1.583 -0.857  0.92  -1.397  0.79  -1.127 -0.87  -0.044 -0.289 -1.136
 -0.08  -0.346  0.75   0.17  -0.269 -0.94   1.014 -0.035 -0.091  0.16
  0.642  1.102  0.36  -0.45  -0.72   0.665  0.75  -0.53  -0.8    0.29
 -0.02   0.198  0.466 -0.508 -1.425 -0.07  -1.662  0.63   1.134 -0.85
  0.65  -0.26   0.224  0.2    0.347  0.81  -0.27  -1.247 -0.69  -0.141
 -0.82   0.21  -0.103  0.02  -0.62   0.68  -0.81  -0.031 -0.55   0.2
  0.62  -0.5   -0.03  -0.37  -0.98   0.05  -0.48   1.584  0.2    1.02
 -0.75  -0.14   1.439 -0.65  -0.55   0.02   0.13  -0.28   0.2    0.13 ][ 0.47  -0.59   0.75  -0.62  -0.96   0.17  -0.84  -0.785 -0.01   1.464
  1.866 -0.68   0.92  -1.397  0.79  -1.127 -0.87  -0.044  0.69  -1.136
 -0.08  -0.346  0.75   0.17  -0.269 -0.94   0.73  -0.035 -0.257  0.16
  0.642  1.102  0.36  -0.45  -0.72   0.665  0.75  -0.53  -0.8    0.29
 -0.02   0.198  0.466  0.3   -1.076 -0.07  -1.662  0.63   0.677 -0.85
  0.65  -0.26  -0.16   0.2    0.347  0.81  -0.27  -1.247 -0.69   0.85
 -0.82   0.21   0.17   0.984 -0.62   0.68  -0.81  -0.031 -0.55   0.2
  0.62  -0.5   -0.03  -0.37  -0.98   0.134 -0.48   1.584  0.2    1.02
 -0.75  -0.14   1.439 -0.65  -0.55   0.02   0.13  -0.28   0.2    0.994][ 0.47  -0.59   0.75  -0.62  -0.96   0.17  -0.84  -0.785 -0.01   0.82
  1.866 -0.68   0.92  -1.397  0.79  -1.127 -0.87   0.06   0.69  -1.136
 -0.08  -0.346  0.75   0.17  -0.269 -0.94   0.775 -0.035 -0.257  0.953
  0.642  1.102  0.36  -0.45  -0.72   0.665  0.75  -0.53  -0.8    0.29
 -0.02   0.198  0.466 -0.508 -1.425 -0.07  -1.662  0.63   0.677 -0.85
  0.65  -0.26  -0.16   0.2    0.347  0.81  -0.27  -1.247 -0.69   0.85
 -0.82   0.21  -0.103  0.02  -0.62   0.68  -0.674 -0.031 -0.55   0.2
  0.62  -0.5   -0.03  -0.37  -0.98   0.05  -0.48   1.584  0.2    1.02
 -0.75   0.476  1.439 -0.65  -0.695  0.02   0.13  -0.28   0.2    0.13 ][ 0.47  -0.59   0.75  -0.62  -0.96   0.17  -0.84  -0.785 -0.01   0.82
  1.47  -0.68   0.92  -1.464  0.79  -1.127 -0.87  -0.525  0.69  -2.12
 -0.08  -0.346  0.75   0.17  -0.269 -0.94   0.73  -0.28  -0.257  0.16
  0.642  1.102  0.36  -0.45  -0.72   0.665  0.75  -0.599 -0.8   -0.642
 -0.02   0.198  0.466  0.3   -1.076 -0.07  -1.662  0.63   0.677 -0.85
  0.65  -0.26  -0.16   0.2    0.347  0.81  -1.205 -1.247 -0.69   0.85
 -0.82   0.21   0.17   0.02  -0.62   0.68  -0.81  -0.031 -0.55   0.2
  0.62  -0.5   -0.03  -0.37  -0.98   0.134 -0.48   1.66   0.2    1.02
 -0.75  -0.14   1.439 -0.65  -0.55   0.02   0.13  -0.28   0.2    0.994][-0.107 -0.59   0.75  -0.62  -0.96   0.17  -0.84  -0.785 -0.01   0.82
  1.47  -0.857  0.92  -1.397  0.79  -1.127 -0.87  -0.044  0.69  -1.136
 -0.08  -0.346  0.75   0.17  -0.269 -0.94   0.73  -0.035 -0.091  0.16
  0.642  1.102  0.36  -0.45  -0.72   0.665  0.75  -0.53  -0.8    0.29
 -0.02   0.198  0.466 -0.508 -1.425 -0.07  -1.705  0.63   1.134 -0.85
  0.65  -0.26   0.655  0.2    0.347  0.81  -0.27  -1.247 -0.595  0.85
 -0.86   0.21   0.17   0.02  -0.62   0.68  -0.81  -0.031 -0.55   0.2
  0.62  -0.5   -0.03  -0.37  -0.98   0.05  -0.48   1.66   0.2    1.02
 -0.75  -0.14   0.74  -0.65  -0.55  -0.038  0.13  -0.28   0.2    0.994][ 0.47  -0.59   0.75  -0.62  -0.96   0.17  -0.84  -0.785 -0.01   0.82
  1.47  -0.68   0.92  -1.397  0.79  -1.127 -0.87  -0.044  0.69  -1.136
 -0.08  -1.087  0.75   0.17  -1.11  -0.94   1.014 -0.28  -0.257  0.16
  0.642  1.102  0.36  -0.45  -0.72   0.665  0.75  -0.599 -0.8    0.29
 -0.02   0.198  0.466 -0.508 -1.076 -0.07  -1.662  0.63   0.677 -0.85
  0.65  -0.26  -0.16   0.2    0.192  0.81  -1.205 -1.247 -0.69  -0.141
 -0.82   0.21  -0.76   0.02  -0.62   0.68  -0.754 -0.031 -0.55   0.2
  0.62  -0.5   -0.03  -0.37  -0.98   0.05  -0.48   1.66   0.2    1.02
 -0.75  -0.14   0.74  -0.65  -0.55   0.02   0.268 -0.28   0.2    0.13 ][ 0.47  -0.59   0.75  -1.118 -0.96   1.051 -0.84  -0.785 -0.01   0.82
  1.47  -0.68   0.92  -1.397  0.79  -1.127 -0.87  -0.044  0.69  -1.136
 -0.08  -0.346  0.75   0.17   0.26  -0.94   0.73  -0.035 -0.257  0.953
  0.95   1.102  0.36  -0.45  -0.72   0.946  0.75  -0.53  -0.8    0.29
 -0.02   0.198  0.466 -0.508 -1.076 -0.07  -1.662  0.63   0.677 -0.85
  0.65  -0.26  -0.16   0.2    0.347  0.81  -1.205 -1.247 -0.69  -0.141
 -0.82   0.21   0.17   0.02  -0.62   0.68  -1.729 -0.031 -0.55   0.2
  0.62  -0.5   -0.03  -0.37  -0.98   0.05  -0.48   1.66   0.2    1.02
 -0.75  -0.14   1.439 -0.65  -0.55   0.02   0.13  -0.28   0.2    0.13 ][-0.107 -0.59   0.75  -0.62  -0.96   0.17  -0.84  -0.785 -0.01   0.82
  1.47  -0.857  0.92  -1.397  0.79  -1.127 -0.87  -0.044  1.161 -1.136
 -0.08  -0.346  0.75   0.17  -0.269 -0.94   0.73  -0.035 -0.257  0.16
  0.642  1.102  0.36  -0.45  -0.72   0.665  1.614 -0.53  -0.8    0.29
 -0.02   0.198  0.466 -0.508 -1.425 -0.07  -1.662  0.63   1.134 -0.85
  0.65  -0.26  -0.16   0.2    0.192  0.81  -0.27  -1.247 -0.69  -0.141
 -0.86   0.21   0.17   0.02  -0.62   0.68  -0.81  -0.031 -0.55   0.2
  0.62  -0.5   -0.03  -0.37  -0.98   0.05  -0.48   1.584  0.2    1.02
 -0.75  -0.14   1.439 -0.65  -0.55  -0.038  0.13  -0.28   0.2    0.13 ][ 0.47  -0.59   0.75  -1.118 -0.96   1.051 -0.84  -0.785 -0.01   0.82
  1.47  -1.646  0.92  -1.397  0.79  -1.127 -0.87  -0.044  0.69  -1.136
 -0.08  -0.346  0.75   0.17  -0.269 -0.94   0.73  -0.035 -0.257  0.953
  0.642  1.102  0.36  -0.45  -0.72   0.946  0.75  -0.53  -0.8    0.29
 -0.02   0.198  0.466 -0.508 -1.076 -0.07  -1.705  0.63   0.677 -0.85
  0.65  -0.26  -0.16   0.2    0.347  0.81  -0.27  -1.247 -0.595  0.85
 -0.86  -0.513  0.17   0.02  -0.62   0.68  -0.81  -0.031 -0.55   0.2
  0.62  -0.5   -0.03  -0.37  -0.98   0.134 -0.48   1.584  0.2    1.02
 -0.75  -0.14   1.439 -1.035 -0.55  -0.038  0.13  -0.28   0.2    0.13 ][ 0.47  -0.59   0.75  -0.369 -0.96   0.17  -1.925 -0.785 -0.01   0.82
  1.47  -0.68   1.806 -1.464  0.79  -1.127 -0.87   0.06   0.69  -1.136
 -0.08  -0.346  0.75   0.17   0.08  -0.94   0.73  -0.035 -0.257  0.16
  0.642  1.102  0.36  -0.45  -0.72   0.665  1.614 -0.53  -0.8    0.29
 -0.02   0.198  0.1   -0.508 -1.425 -0.07  -1.662  0.63   0.677 -0.85
  0.65  -0.132 -0.16   0.2    0.192  0.81  -0.27  -1.247 -0.595 -0.141
 -0.003  0.21  -0.103  0.02  -0.62   0.68  -0.81  -0.031 -0.55   0.2
  0.62  -0.5   -0.03  -0.37  -0.98   0.05  -0.48   1.584  0.2    1.02
 -0.75   0.476  0.586 -1.035 -0.55   0.02   0.13  -0.28   0.2    0.13 ][ 0.47  -0.59   0.75  -1.118 -0.96   0.17  -0.84  -0.785 -0.01   0.82
  1.47  -0.68   0.92  -1.464  0.79  -1.127 -0.87  -0.044  0.69  -1.136
 -0.08  -0.346  0.75   0.17   0.26  -0.94   1.559 -0.035 -0.257  0.16
  0.642  1.102  0.36  -0.45  -0.72   0.665  0.75  -0.599 -0.8    0.29
 -0.02   0.198  0.466 -0.508 -1.076 -0.07  -1.662 -0.369  0.677 -0.85
  0.65  -0.132 -0.16   0.2    0.347  0.81  -1.205 -1.247 -0.69   0.85
 -0.82   0.21   0.17   0.02  -0.62   0.68  -0.81  -0.031 -0.55   0.2
  0.62  -0.5   -0.03  -0.37  -0.98   0.05  -0.48   1.584  0.2    1.02
 -0.75   0.476  0.74  -0.65  -0.55   0.02   0.13  -0.28   0.2    0.13 ][ 0.47  -0.59   0.75  -0.62  -0.96   0.17  -0.84  -0.601 -0.01   0.82
  1.47  -0.68   0.92  -1.464  0.79  -1.127 -0.87  -0.044  0.69  -2.12
 -0.08  -0.346  0.75   0.17  -0.269 -0.94   0.73  -0.035 -0.257  0.16
  0.642  1.102  0.36  -0.45  -0.72   0.665  1.614 -0.53  -0.8    0.29
 -0.02   0.198  0.466  0.3   -1.425 -0.07  -1.662  0.63   0.677 -0.85
  0.65  -0.132 -0.16   0.2    0.347  0.81  -0.27  -1.247 -0.69  -0.141
 -0.82   0.21   0.17   0.02  -0.62   0.68  -0.81  -0.031 -0.55   0.2
  0.62  -0.5   -0.03  -0.37  -0.98   0.05  -0.48   1.584  0.2    1.02
 -0.75  -0.14   1.439 -0.65  -0.55   0.02   0.13  -0.28   0.2    0.994][ 0.47  -0.59   0.75  -1.118 -0.96   1.051 -0.84  -0.785 -0.01   0.82
  1.866 -0.628  0.92  -1.397  0.79  -1.127 -0.87  -0.044  0.69  -1.136
 -0.08  -0.346  0.75   0.17  -0.269 -0.94   0.73  -0.035 -0.257  0.16
  0.642  1.102  0.36  -0.45  -0.618  0.665  0.75  -0.53  -0.8    0.29
 -0.02   0.198  0.466 -0.508 -1.076 -0.07  -1.734  0.63  -0.088 -0.85
  0.65  -0.26  -0.16   0.2    0.347  0.81  -0.27  -1.247 -0.69   0.85
 -0.82   0.21  -0.76   0.02  -0.62   0.68  -0.81  -0.031 -0.55   0.2
  0.62  -0.5   -0.03  -0.37  -0.98   0.05  -0.48   1.584  0.2    1.02
 -0.75   0.476  1.439 -0.65  -0.55   0.02   0.13  -0.28   0.2    0.13 ][-0.107 -0.59   0.75  -0.62   0.22   0.17  -0.84  -0.785 -0.01   0.82
  1.47  -0.68   0.92  -1.464  0.79  -1.127 -0.87  -0.044  0.69  -1.136
 -0.08  -0.346  0.75   0.17  -0.269 -0.94   0.73  -0.035 -0.257  0.16
  0.642  1.102  0.36  -0.45  -0.72   0.665  1.614 -0.53  -0.8    0.29
 -0.02   0.198  0.466 -0.508 -1.425 -0.07  -1.662  0.63   0.677 -0.85
  0.65  -0.26  -0.16   0.2    0.192  0.81  -0.27  -1.247 -0.69  -0.141
 -0.86   0.21   0.17   0.02  -0.62   0.68  -0.81  -0.031 -0.55   0.2
  0.62  -0.5   -0.03  -0.37  -0.98   0.05  -0.48   1.584  0.2    1.02
 -0.75   0.476  1.439 -0.65  -0.55   0.02   0.13  -0.28   0.2   -0.115][ 0.47  -0.59   0.75  -0.62   0.22   0.17  -0.84  -0.785 -0.01   1.464
  1.47  -0.68   0.92  -1.397  0.79  -1.127 -0.87  -0.044  0.69  -1.136
 -0.08  -0.346  0.75   0.17  -0.269 -0.94   0.73  -0.035 -0.257  0.16
  0.642  1.102  0.36  -0.45  -0.72   0.665  1.614 -0.53  -0.8    0.29
 -0.02   0.198  0.466 -0.508 -1.425 -0.07  -1.662  0.63   0.677 -0.85
  0.65  -0.26   0.224  0.2    0.347  0.81  -0.27  -1.247 -0.69   0.85
 -0.82   0.21   0.17   0.02  -0.62   0.68  -0.81  -0.031 -0.55   0.2
  0.62  -0.5   -0.03  -0.37  -0.98   0.05  -0.48   1.584  0.2    1.02
 -0.75   0.476  1.439 -0.65   0.025  0.02   0.13  -0.28   0.2    0.13 ][-0.107 -0.27   0.75  -0.62   0.22   0.17  -1.533 -0.785 -0.01   0.82
  1.47  -0.857  0.92  -1.397  0.79  -1.127 -0.87  -0.044  0.69  -1.136
 -0.08  -0.346  0.75   0.17  -0.269 -0.94   0.775 -0.035 -0.091  0.16
  0.642  1.102  0.36  -0.45  -0.72   0.665  0.75  -0.53  -0.8    0.29
 -0.02   0.198  0.466 -0.508 -1.425 -0.07  -1.662  0.63   0.677 -0.85
  0.65  -0.26  -0.16   0.2    0.347  0.81  -0.27  -1.247 -0.69  -0.141
 -0.86   0.21  -0.103  0.02  -0.62   0.68  -0.81  -0.031 -0.55   0.2
  0.62  -0.5   -0.03  -0.37  -0.98   0.05  -0.48   1.584  0.2    1.02
 -0.75  -0.14   1.439 -0.65  -0.55   0.02   0.13  -0.28   0.2    0.13 ][ 0.47  -0.59   0.75  -1.118 -0.96   0.17  -0.84  -0.785 -0.01   0.82
  1.47  -0.68   0.602 -1.464  0.79  -1.127 -0.87  -0.044  0.69  -1.136
 -0.08  -0.346  0.75   0.17   0.26  -0.94   0.73  -0.035 -0.257  0.16
  0.642  1.102  0.36  -0.45  -0.72   0.665  0.75  -0.53  -0.8    0.29
 -0.02   0.198  0.466 -0.508 -1.076 -0.07  -1.734  0.532  0.677 -0.85
  0.65  -0.26  -0.16   0.2    0.347  0.81  -0.27  -1.247 -0.69   0.85
 -0.82   0.21   0.17   0.02  -0.62   0.68  -0.81  -0.031 -0.55   0.2
  0.62  -0.5   -0.03  -0.37  -0.98   0.05  -0.48   1.66   0.2    1.02
 -0.75  -0.14   1.439 -0.65  -0.55   0.02   0.13  -0.28   0.2    0.13 ][ 0.47  -0.59   1.205 -0.62   0.22   1.051 -0.84  -0.785 -0.01   0.82
  1.866 -0.68   0.92  -1.397  0.79  -1.127 -0.87  -0.044  0.69  -1.136
 -0.08  -0.346  0.75   0.17  -0.269 -0.94   1.014 -0.035 -0.257  0.953
  0.642  1.102  0.36  -0.45  -0.72   0.946  0.75  -0.53  -0.8    0.29
 -0.02   0.198  0.466 -0.508 -1.076 -0.07  -1.662  0.63   0.677 -0.85
  0.65  -0.26  -0.16   0.2    0.347  0.81  -1.161 -1.247 -0.69  -0.141
 -0.82   0.21  -0.103  0.02  -0.62   0.68  -0.81  -0.031 -0.55   0.2
  0.62  -0.5   -0.03  -0.37  -0.98   0.05  -0.48   1.66   0.2    1.02
 -0.75  -0.14   1.439 -0.65  -0.55   0.02   0.13  -0.28   0.2    0.13 ][ 0.47  -0.59   0.75  -0.62  -0.96   0.17  -0.84  -0.785 -0.01   0.82
  1.583 -0.68   0.92  -1.397  0.79  -1.127 -0.87  -0.525  0.69  -1.622
 -0.08  -0.346  0.75   0.17  -0.269 -0.94   0.73  -0.28  -0.257  0.16
  0.642  1.102  0.36  -0.45  -0.72   0.665  0.75  -0.53  -0.8    0.555
 -0.02   0.198  0.466 -0.508 -1.076 -0.07  -1.662  0.63   0.677 -0.85
  0.65  -0.26  -0.16   0.2    0.192  0.81  -0.27  -1.247 -0.69   0.85
 -0.82   0.21  -0.76   0.02  -0.62   0.68  -0.81  -0.031 -0.55   0.2
  0.62  -0.5   -0.03  -0.37  -0.98   0.05  -0.48   1.584  0.2    1.02
 -0.75  -0.14   1.439 -0.65  -0.55  -0.038  0.13  -0.28   0.2    0.994][ 0.47  -0.59   0.75  -1.118 -0.96   0.17  -0.84  -0.785 -0.01   0.82
  1.866 -0.68   0.92  -1.397  0.79  -1.127 -0.87  -0.044  0.69  -1.622
 -0.08  -0.346  1.067  0.17  -0.269 -0.94   0.73  -0.28  -0.257  0.953
  0.642  1.102  0.36  -0.45  -0.72   0.946  0.75  -0.466 -0.8    0.29
 -0.02   0.198  0.466 -0.508 -1.076 -0.07  -1.734  0.63   0.677 -0.85
  0.65  -0.26  -0.16   0.2    0.347  0.81  -0.27  -1.247 -0.69  -0.141
 -0.82   0.21  -0.76   0.02  -0.62   0.68  -0.81  -0.031 -0.55   0.2
  0.62  -0.5   -0.03  -0.37  -0.98   0.05  -0.48   1.584  0.2    1.02
 -0.75   0.476  1.439 -0.65  -0.55   0.02   0.13  -0.28   0.2    0.13 ][-0.107 -0.27   0.75  -0.62  -0.96   0.17  -0.84  -0.785 -0.01   0.82
  1.47  -0.857  0.92  -1.397  0.79  -1.127 -0.87  -0.044  0.69  -1.136
 -0.08  -0.346  0.75   0.17  -0.269 -0.94   0.775 -0.035 -0.257  0.16
  0.95   1.102  0.36  -0.45  -0.72   0.665  0.75  -0.53  -0.8    0.29
 -0.02   0.198  0.466 -0.508 -1.425 -0.07  -1.662  0.63   1.134 -0.85
  0.65  -0.77  -0.16   0.2    0.347  0.725 -0.27  -1.247 -0.69  -0.141
 -0.82   0.21   0.17   0.02  -0.62   0.68  -0.81  -0.031 -0.55   0.2
  0.62  -0.5   -0.03  -0.37  -0.98   0.05  -0.48   1.584  0.2    1.02
 -0.75  -0.14   1.439 -0.65  -0.55   0.02   0.13  -0.28   0.2    0.13 ][ 0.47  -0.59   0.75  -0.62   0.22   0.17  -0.84  -0.039 -0.01   0.82
  1.583 -0.68   0.92  -1.397  0.79  -1.127 -0.87  -0.525  0.69  -1.622
 -0.08  -0.346  0.75   0.17  -0.269 -0.94   0.73  -0.28  -0.257  0.953
  0.642  1.102  0.36  -0.45  -0.72   0.665  0.75  -0.53  -0.8    0.29
 -0.02   0.198  0.466 -0.508 -1.425 -0.07  -1.662  0.63   0.677 -0.85
  0.65  -0.132 -0.16   0.2    0.192  0.81  -0.27  -1.247 -0.69   0.85
 -0.86   0.21  -0.76   0.02  -0.62   0.68  -0.674 -0.031 -0.55   0.2
  0.62  -0.5   -0.03  -0.37  -0.98   0.05  -0.48   1.584  0.2    1.02
  0.073 -0.14   1.439 -0.65  -0.55  -0.038  0.13  -0.28   0.2    0.994][ 0.47  -0.27   0.75  -0.62  -0.96   0.17  -0.84  -0.785 -0.01   0.82
  1.866 -0.68   0.805 -1.464  0.79  -1.127 -0.87  -0.044  0.69  -2.12
 -0.08  -0.346  0.75   0.17  -1.11  -0.94   0.73  -0.28  -0.257  0.16
  0.642  1.102 -0.446 -0.45  -0.72   0.665  0.75  -0.53  -0.8    0.29
 -0.02   0.198  0.466 -0.508 -1.076 -0.07  -1.734  0.63   0.677 -0.85
  0.65  -0.26  -0.16   0.2    0.192  0.81  -0.27  -1.247 -0.69  -0.141
 -0.82   0.21   0.17   0.02  -0.62   0.68  -0.81  -0.031 -0.55   0.2
  0.62  -0.5   -0.03  -0.37  -0.98   0.134 -0.48   1.584  0.2    1.02
 -0.75  -0.14   1.439 -0.65  -0.55   0.02   0.13  -0.28   0.2    0.994][ 0.47  -0.27   0.75  -0.62   0.22   0.17  -0.84  -0.785 -0.01   0.82
  1.583 -0.857  0.92  -1.397  0.79  -1.127 -0.87  -0.044  0.69  -1.388
 -0.08  -0.346  0.75   0.17  -0.269 -0.94   1.014 -0.035 -0.257  0.953
  0.642  1.102  0.36  -0.45  -0.72   0.665  0.75  -0.53  -0.8    1.117
 -0.02   0.198  0.466 -0.508 -1.425 -0.07  -1.662  0.63   0.677 -0.88
  0.65  -0.26   0.224  0.2    0.347  0.81  -0.27  -1.247 -0.69  -0.141
 -0.82   0.21  -0.76   0.02  -0.62   0.68  -0.674 -0.031 -0.55   0.2
  0.62  -0.5   -0.03  -0.37  -0.98   0.05  -0.48   1.584  0.2    1.02
 -0.75  -0.14   1.439 -0.65  -0.55   0.02   0.13  -0.28   0.2    0.13 ][ 0.47  -0.59   0.75  -0.62  -0.96   0.17  -0.84  -0.785 -0.01   0.82
  1.47  -0.68   0.92  -1.397  0.79  -1.127 -0.87  -0.044  0.69  -1.388
 -0.08  -0.346  0.75   0.17  -0.269 -0.94   0.73  -0.035 -0.257  0.953
  0.642  1.102  0.36  -0.45  -0.72   0.665  0.75  -0.53  -0.8    0.29
 -0.02   0.198  0.466 -0.508 -1.425 -0.07  -1.662  0.63   0.677 -1.122
  0.65  -0.26   0.224  0.2    0.347  0.81  -0.27  -1.247 -0.69   0.85
 -0.82   0.21  -0.76   0.02  -0.62   0.68  -0.81  -0.031 -0.55   0.2
  0.62  -0.5   -0.03  -0.37  -0.98   0.05  -0.48   1.584  0.2    1.02
 -0.75  -0.14   1.439 -0.65  -0.55   0.02   0.13  -0.28   0.2    0.13 ][ 0.504 -0.27   0.75  -0.62   0.22   0.17  -0.84  -0.785 -0.01   1.47
  1.866 -0.68   0.92  -1.464  0.79  -1.127 -0.87  -0.044  0.69  -1.136
 -0.08  -0.346  0.75   0.17  -0.269 -0.94   0.73  -0.035 -0.257  0.16
  0.642  1.102  0.36  -0.45  -0.72   0.665  0.75  -0.53  -0.8    0.29
 -0.02   0.198  0.466 -0.508 -1.425 -0.07  -1.662  0.63   0.677 -0.85
  0.65  -0.26  -0.16   0.2    0.192  0.81  -0.27  -1.247 -0.69  -0.141
 -0.82   0.21   0.17   0.02  -0.62   0.68  -0.81  -0.031 -0.55   0.2
  0.62  -0.5   -0.03  -0.37  -0.98   0.134 -0.48   1.584  0.2    1.02
 -0.75  -0.14   1.439 -0.65  -0.55   0.02   0.13  -0.28   0.2    0.994][ 0.47  -0.59   0.75  -0.62   0.22   0.17  -0.84  -0.785 -0.01   0.82
  1.47  -0.68   0.92  -1.397  0.79  -1.127 -0.87  -0.044  0.69  -1.136
 -0.08  -0.346  0.75   0.17  -0.269 -0.94   1.014 -0.035 -0.257  0.16
  0.642  1.102  0.36  -0.45  -0.72   0.665  1.614 -0.53  -0.8    0.29
 -0.02   0.198  0.466  0.3   -1.425 -0.07  -1.662 -0.369  0.677 -0.85
  0.65  -0.26  -0.16   0.2    0.192  0.81  -0.27  -1.247 -0.69  -0.141
 -0.82   0.21  -0.103  0.02  -0.62   0.68  -0.81  -0.031 -0.55   0.2
  0.62  -0.5   -0.03  -0.37  -0.98   0.05  -0.48   1.66   0.2    1.02
 -0.75   0.476  1.439 -0.65  -0.55  -0.25   0.13  -0.28   0.2    0.13 ][ 0.47  -0.59   0.75  -0.62  -0.96   0.17  -0.84  -0.785 -0.01   1.464
  1.583 -0.857  0.92  -1.397  0.79  -1.127 -0.87  -0.044  0.69  -1.136
 -0.08  -0.78   0.75   0.17  -0.269 -0.94   0.73  -0.035 -0.257  0.953
  0.642  1.102  0.36  -0.45  -0.72   0.665  0.75  -0.53  -0.8    0.29
 -0.02   0.198  0.466 -0.508 -1.425 -0.07  -1.662  0.63   0.677 -0.85
  0.65  -0.26   0.224  0.2    0.347  0.81  -0.27  -1.247 -0.69  -0.141
 -0.82   0.21  -0.76   0.02  -0.62   0.68  -0.81  -0.031 -0.55   0.2
  0.62  -0.5   -0.03  -0.37  -0.98   0.05  -0.48   1.584  0.2    1.02
 -0.75  -0.14   1.439 -0.65  -0.55   0.02   0.13  -0.28   0.2    0.994][ 0.47  -0.59   0.092 -0.369 -0.96   0.17  -0.84  -0.785 -0.01   0.82
  1.47  -0.857  0.92  -1.397  0.79  -1.127 -0.87  -0.044  0.69  -1.136
 -0.08  -0.346  0.75   0.17  -0.269 -0.94   0.775 -0.035 -0.091  0.16
  0.642  1.102  0.36  -0.45  -0.72   0.665  0.75  -0.53  -0.8    0.29
 -0.02   0.198  0.466 -0.508 -1.425 -0.07  -1.705  0.63   0.677 -0.85
  0.65  -0.26  -0.16   0.2    0.347  0.81  -1.205 -1.247 -0.595  0.85
 -0.86   0.21   0.17   0.02  -0.62   0.68  -0.81  -0.031 -0.55   0.2
  0.62  -0.5   -0.03  -0.37  -0.98   0.05  -0.48   1.66   0.2    1.02
 -0.75  -0.14   0.74  -1.035 -0.55  -0.038  0.13  -0.28   0.2    0.994][ 0.47  -0.27   0.75  -0.369 -0.96   0.17  -0.84  -0.785 -0.01   0.82
  1.866 -0.68   0.805 -1.397  0.79  -1.127 -0.87  -0.044  0.69  -1.622
 -0.08  -0.346  0.75   0.17  -1.11  -0.94   0.73  -0.28  -0.257  0.16
  0.642  1.102  0.36  -0.45  -0.72   0.665  0.75  -0.53  -0.8    0.29
 -0.02   0.198  0.466 -0.508 -1.076 -0.07  -1.734  0.63   0.677 -0.85
  0.65  -0.26  -0.16   0.2    0.347  0.81  -1.205 -1.247 -0.69  -0.141
 -0.82   0.21  -0.76   0.659 -0.62   0.68  -0.754 -0.031 -0.55   0.2
  0.62  -0.5   -0.03  -0.37  -0.98   0.134 -0.48   1.584  0.2    1.02
 -0.75  -0.14   1.439 -0.65  -0.55   0.02   0.268 -0.28   0.2    0.994][ 0.47  -0.27   0.75  -0.369 -0.96   0.17  -1.925 -0.785 -0.01   0.82
  1.583 -0.68   0.92  -1.397  0.79  -1.127 -0.87   0.06   0.69  -1.136
 -0.08  -0.346  0.75   0.17  -0.269 -0.94   0.73  -0.035 -0.257  0.16
  0.642  1.102  0.36  -0.45  -0.72   0.665  0.75  -0.53  -0.8    0.29
 -0.02   0.198  0.1   -0.508 -1.425 -0.07  -1.662  0.63   0.677 -0.85
  0.65  -0.26   0.224  0.2    0.347  0.81  -0.27  -1.247 -0.595 -0.141
 -0.82   0.21   0.17   0.02  -0.62   0.68  -0.81  -0.031 -0.55   0.2
  0.62  -0.5   -0.03  -0.37  -0.98   0.134 -0.48   1.584  0.2    1.02
 -0.75  -0.14   0.915 -0.65  -0.55   0.02   0.13  -0.28   0.2    0.13 ][ 0.47   0.591  0.75  -0.369  0.22   0.17  -0.84  -0.785 -0.01   0.82
  1.47  -0.68   0.92  -1.397  0.79  -1.127 -0.87  -0.044  0.69  -1.136
 -0.08  -0.346  0.75  -0.632 -0.269 -0.94   1.014 -0.28  -0.257  0.16
  0.642  1.102  0.36  -0.45  -0.72   0.665  1.614 -0.53  -0.8    0.29
 -0.02   0.198  0.466 -0.508 -1.425 -0.07  -1.662  0.63   0.677 -0.85
  0.65  -0.26  -0.16   0.2    0.347  0.81  -0.27  -1.052 -0.69  -0.141
 -0.82   0.21  -0.76   0.02  -0.62   0.68  -0.81  -0.031 -0.55   0.2
  0.62  -0.5   -0.03  -0.37  -0.98   0.05  -0.48   1.584  0.2    1.02
 -0.75  -0.14   1.439 -0.65  -0.55   0.02   0.13  -0.28   0.2    0.13 ][ 0.47  -0.59   0.75  -1.118  0.22   1.051 -0.84  -0.785 -0.01   1.464
  1.47  -1.646  0.92  -1.397  0.79  -1.127 -0.87  -0.044  0.69  -1.136
 -0.08  -0.346  0.75   0.17  -0.269 -0.94   0.73   0.19  -0.257  0.16
  0.642  1.102  0.36  -0.45  -0.72   0.665  0.75  -0.53  -0.8    0.29
 -0.02   0.198  0.466 -0.508 -1.076 -0.07  -1.662  0.63   0.677 -0.85
  0.65  -0.26   0.224  0.2    0.347  0.81  -0.27  -1.247 -0.69  -0.141
 -0.82   0.21   0.17   0.02  -0.62   0.68  -0.81  -0.031 -0.55   0.2
  0.62  -0.5   -0.03  -0.37  -0.98   0.05  -0.48   1.584  0.2    1.02
 -0.75   0.476  1.439 -0.65  -0.55   0.02   0.13  -0.28   0.2    0.994][ 0.47  -0.59   0.75  -0.369  0.22   0.17  -0.84  -0.785 -0.01   0.82
  1.47  -0.68   0.92  -1.464  0.79  -1.127 -0.87  -0.044  0.69  -1.136
 -0.08  -0.346  0.75   0.17  -0.269 -0.94   0.73  -0.035 -0.257  0.16
  0.642  1.102  0.36  -0.45  -0.72   0.665  0.75  -0.53  -0.8    0.29
 -0.02   0.198  0.466 -0.508 -1.824 -0.07  -1.705 -0.369  0.677 -0.85
  0.65  -0.26  -0.16   0.2    0.347  0.81  -1.205 -1.247 -0.69  -0.141
 -0.82   0.21   0.17   0.02  -0.62   0.68  -0.81  -0.031 -0.55   0.2
  0.62  -0.5   -0.03  -0.37  -0.98   0.05  -0.48   1.584  0.2    1.02
 -0.75   0.476  1.439 -1.035 -0.55  -0.038  0.13  -0.28   0.2    0.13 ][ 0.47  -0.59   0.75  -0.62  -0.96   0.17  -0.84  -0.785 -0.01   0.82
  1.866 -0.68   0.92  -1.464  0.79  -1.127 -0.87  -0.044  0.69  -1.136
 -0.08  -0.346  0.75   0.17  -0.269 -0.94   0.73  -0.28  -0.257  0.953
  0.642  1.102  0.36  -0.45  -0.618  0.665  0.75  -0.53  -0.8    0.29
 -0.02   0.198  0.466 -0.508 -1.425 -0.07  -1.662  0.63   0.677 -0.85
  0.65  -0.26  -0.16   0.2    0.347  1.111 -0.27  -1.247 -0.69   0.85
 -0.82   0.21  -0.76   0.02  -0.62   0.333 -0.81  -0.031 -0.55   0.2
  0.62  -0.5   -0.03  -0.37  -0.98   0.134 -0.48   1.584  0.2    1.02
 -0.75  -0.14   1.439 -0.65  -0.55   0.02   0.13  -0.28   0.2    0.13 ][ 0.47  -0.59   0.75  -0.62  -0.96   0.17  -0.84  -0.785 -0.01   0.82
  1.866 -0.68   0.611 -1.464  0.79  -1.127 -0.87   0.06   0.69  -2.12
 -0.08  -0.346  0.75   0.17  -0.269 -0.94   0.73  -0.035 -0.257  0.16
  0.642  1.102  0.36  -0.45  -0.72   0.665  0.75  -0.53  -0.8    0.29
 -0.02   0.198  0.466 -0.508 -1.169 -0.07  -1.705  0.63   0.677 -0.85
  0.65  -0.26  -0.16   0.2    0.347  0.81  -0.27  -1.247 -0.595 -0.141
 -0.86   0.21   0.17   0.02  -0.62   0.68  -0.81  -0.031 -0.55   0.2
  0.62  -0.5   -0.03  -0.37  -0.98   0.05  -0.48   1.584  0.2    1.02
 -0.75  -0.14   0.74  -1.035 -0.55   0.02   0.13  -0.28   0.2    0.994][ 0.47  -0.27   0.75  -0.369 -0.96   0.17  -0.84  -0.785 -0.01   0.82
  1.47  -0.68   0.92  -1.397  0.79  -1.127 -0.87  -0.044  0.69  -1.622
 -0.08  -0.346  1.067 -0.632 -0.269 -0.94   1.014 -0.28  -0.257  0.953
  0.642  1.102  0.36  -0.45  -0.41   0.665  1.614 -0.53  -0.8    0.29
 -0.02   0.198  0.466  0.3   -1.425 -0.07  -1.662  0.63   0.677 -0.85
  0.65  -0.26  -0.16   0.2    0.347  0.725 -0.27  -1.052 -0.69   0.85
 -0.82   0.21  -0.76   0.02  -0.62   0.68  -0.81  -0.031 -0.55   0.2
  0.62  -0.5   -0.03  -0.37  -0.98   0.05  -0.48   1.584  0.2    1.02
 -0.75  -0.14   1.439 -0.65  -0.55   0.02   0.13  -0.28   0.2    0.13 ][ 0.47  -0.59   0.75  -0.369 -0.96   0.17  -0.84  -0.785 -0.01   0.82
  1.866 -0.68   0.92  -1.464  0.79  -1.127 -0.87  -0.044  0.69  -2.12
 -0.08  -0.346  0.75   0.17  -0.269 -0.94   0.73  -0.28  -0.257  0.16
  0.642  1.102  0.36  -0.45  -0.72   0.665  0.75  -0.53  -0.8    0.29
 -0.02   0.198  0.466 -0.508 -1.076 -0.07  -1.698  0.63   0.677 -0.85
  0.65  -0.26  -0.16   0.2    0.347  0.81  -0.27  -1.247 -0.69   0.85
 -0.82   0.21  -0.76   0.02  -0.62   0.68  -0.81  -0.031 -0.55   0.2
  0.62  -0.5   -0.03  -0.37  -0.98   0.05  -0.48   1.584  0.2    1.02
 -0.75   0.476  1.439 -0.65  -0.55   0.02   0.13  -0.28   0.2    0.994][ 0.47  -0.59   0.75  -0.62   0.22   0.17  -0.84  -0.785 -0.01   1.464
  1.47  -0.68   0.92  -1.397  0.79  -1.127 -0.87  -0.044  0.69  -1.136
 -0.08   0.619  0.75   0.17   0.26  -0.94   0.73  -0.035 -0.257  0.16
  0.642  1.102  0.36  -0.45  -0.72   0.665  0.75  -0.599 -0.8    0.29
 -0.02   0.198  0.466 -0.508 -1.425 -0.07  -1.662  0.532  0.677 -0.85
  0.65  -0.26   0.224  0.2    0.347  0.81  -1.205 -1.247 -0.69   0.85
 -0.82   0.21   0.17   0.02  -0.62   0.68  -0.81  -0.031 -0.55   0.2
  0.62  -0.5   -0.03  -0.37  -0.98   0.05  -0.48   1.584  0.2    1.02
 -0.75  -0.14   0.74  -0.65  -0.55   0.02   0.13  -0.28   0.2    0.994][ 0.113 -0.59   0.75  -0.369 -0.96   0.17  -0.84  -0.785 -0.01   0.82
  1.47  -0.68   0.92  -1.464  0.79  -1.127 -0.87  -0.044  0.69  -1.622
 -0.08  -0.346  0.75   0.17  -0.269 -0.94   0.73  -0.28  -0.257  0.16
  0.642  1.102  0.36  -0.45  -0.72   0.665  0.75  -0.53  -0.8    0.29
 -0.02   0.198  0.466 -0.508 -1.425 -0.07  -1.662 -0.369  0.677 -0.85
  0.65  -0.26  -0.16   0.2    0.347  0.81  -0.27  -1.052 -0.69  -0.141
 -0.82   0.21  -0.103  0.02  -0.62   0.68  -0.81  -0.031 -0.55   0.2
  0.62  -0.5   -0.03  -0.37  -0.98   0.05  -0.48   1.584  0.2    1.02
 -0.75   0.476  1.439 -0.65  -0.55   0.02   0.13  -0.28   0.2    0.13 ][ 0.47  -0.59   0.75  -0.62   0.22   0.17  -1.925 -0.785 -0.01   0.82
  1.47  -0.68   0.92  -1.464  0.79  -1.127 -0.87  -0.044  0.69  -1.136
 -0.08  -0.346  0.75  -0.632 -0.269 -0.94   0.73  -0.035 -0.257  0.16
  0.642  1.102  0.36  -0.45  -0.72   0.665  1.614 -0.53  -0.8    0.29
 -0.02   0.198  0.466 -0.508 -1.425 -0.07  -1.662 -0.369  0.677 -0.85
  0.65  -0.132 -0.16   0.2    0.192  0.81  -0.27  -1.247 -0.69  -0.141
 -0.003  0.21   0.17   0.02  -0.62   0.68  -0.81  -0.031 -0.55   0.2
  0.62  -0.5   -0.03  -0.37  -0.98   0.134 -0.48   1.684  0.2    1.02
 -0.75   0.476  0.586 -1.035 -0.55   0.02   0.13  -0.28   0.2    0.13 ]