[ 4.7000000e-01  7.5000000e-01  7.5000000e-01  6.0000000e-02
 -6.9000000e-01  8.1000000e-01 -9.7000000e-01  1.2000000e-01
 -4.5000000e-01  9.3000000e-01  2.7000000e-01 -2.3000000e-01
 -2.0000000e-02 -8.2000000e-01  7.9000000e-01  1.4000000e-01
 -8.7000000e-01 -1.1000000e-01  7.6000000e-01  5.0000000e-02
 -7.0000000e-02  5.5000000e-01 -8.9000000e-01 -3.0000000e-02
  7.9000000e-01 -7.4000000e-01 -7.2000000e-01  6.1000000e-01
 -2.7000000e-01  8.8817842e-16 -6.2000000e-01  4.2000000e-01
  3.6000000e-01 -4.5000000e-01 -2.7000000e-01  6.1000000e-01
  4.8000000e-01 -8.1000000e-01  7.1000000e-01  8.8817842e-16
  3.0000000e-02 -5.7000000e-01 -1.0000000e-01  3.0000000e-01
 -3.5000000e-01 -7.0000000e-02 -1.3060000e+00 -5.2600000e-01
 -3.4000000e-01 -8.5000000e-01  6.5000000e-01 -2.6000000e-01
  7.5000000e-01 -8.8000000e-01 -4.5000000e-01  8.1000000e-01
 -4.4000000e-01  1.5000000e-01 -6.9000000e-01 -9.0000000e-02
  6.6000000e-01  2.1000000e-01  1.7000000e-01 -1.7000000e-01
 -2.2000000e-01  7.6000000e-01 -8.1000000e-01 -3.8000000e-01
 -6.9000000e-01 -1.6000000e-01  6.2000000e-01  9.0000000e-02
 -3.0000000e-02  5.8000000e-01  3.8000000e-01  1.8000000e-01
 -5.0000000e-02 -9.3000000e-01  2.0000000e-01 -6.0000000e-01
 -7.5000000e-01 -9.1000000e-01  9.4000000e-01  1.0000000e-02
 -5.5000000e-01 -2.6000000e-01  1.3000000e-01  7.0000000e-02
  5.3000000e-01 -8.8000000e-01], 7850393600, 231002119.24, 20, 1.8133333333333332