[ 4.7000000e-01 -5.9000000e-01  7.5000000e-01 -6.2000000e-01
 -9.6000000e-01  1.7000000e-01 -9.1000000e-01  3.0000000e-02
 -1.0000000e-02  8.2000000e-01  2.7000000e-01 -7.5000000e-01
  9.2000000e-01 -8.2000000e-01  7.9000000e-01 -4.7000000e-01
 -1.2900000e-01  8.8817842e-16  7.6000000e-01  5.0000000e-02
 -8.0000000e-02  5.5000000e-01  7.5000000e-01  1.7000000e-01
 -2.6900000e-01 -9.4000000e-01  7.3000000e-01 -2.8000000e-01
  5.1000000e-01  1.6000000e-01  9.5000000e-01  4.2000000e-01
  3.6000000e-01 -4.5000000e-01 -7.9000000e-01  6.1000000e-01
  7.5000000e-01 -5.3000000e-01  6.5000000e-01  2.9000000e-01
 -2.0000000e-02  8.5100000e-01  1.0000000e-01  3.0000000e-01
  6.6000000e-01 -7.0000000e-02  5.0000000e-01  6.3000000e-01
  7.3000000e-01 -8.5000000e-01  6.5000000e-01 -3.8400000e-01
  7.3000000e-01  2.0000000e-01 -4.5000000e-01 -2.0000000e-02
 -2.7000000e-01 -8.4000000e-01 -6.9000000e-01  8.5000000e-01
  5.2100000e-01 -4.2000000e-01  1.7000000e-01  6.3000000e-01
 -6.2000000e-01  7.6000000e-01 -7.7000000e-01 -3.8000000e-01
 -5.5000000e-01 -1.6000000e-01  6.2000000e-01  9.0000000e-02
 -3.0000000e-02 -3.7000000e-01 -9.8000000e-01  5.0000000e-02
 -4.8000000e-01  5.6000000e-01  2.0000000e-01  2.0000000e-01
 -7.5000000e-01 -1.4000000e-01  1.0360000e+00 -6.5000000e-01
 -5.5000000e-01  2.0000000e-02  1.3000000e-01 -2.8000000e-01
  2.0000000e-01  8.7800000e-01][ 4.7000000e-01 -5.9000000e-01  7.5000000e-01 -6.2000000e-01
 -9.6000000e-01  1.7000000e-01 -9.1000000e-01  3.0000000e-02
 -1.0000000e-02  8.2000000e-01  7.2000000e-01 -7.5000000e-01
  9.2000000e-01 -8.2000000e-01  7.9000000e-01 -4.7000000e-01
 -1.2900000e-01  8.8817842e-16  7.6000000e-01  5.0000000e-02
 -8.0000000e-02  5.5000000e-01  7.5000000e-01  1.7000000e-01
 -2.6900000e-01 -9.4000000e-01  7.3000000e-01 -2.8000000e-01
  5.1000000e-01  1.6000000e-01  9.5000000e-01  4.2000000e-01
  3.6000000e-01 -4.5000000e-01 -7.9000000e-01  6.1000000e-01
  7.5000000e-01 -5.3000000e-01  6.5000000e-01  2.9000000e-01
 -2.0000000e-02  2.2000000e-01  1.0000000e-01  3.0000000e-01
 -7.5000000e-01 -7.0000000e-02  5.0000000e-01  6.3000000e-01
  7.3000000e-01 -8.5000000e-01  6.5000000e-01 -3.8400000e-01
  7.3000000e-01  2.0000000e-01 -4.5000000e-01 -2.0000000e-02
 -2.7000000e-01 -8.4000000e-01 -6.9000000e-01  8.5000000e-01
  6.6000000e-01 -3.0000000e-01  1.7000000e-01  6.3000000e-01
 -6.2000000e-01  7.6000000e-01 -2.0000000e-01 -3.8000000e-01
 -5.5000000e-01 -1.6000000e-01  6.2000000e-01 -5.0000000e-01
 -3.0000000e-02 -3.7000000e-01 -9.8000000e-01  5.0000000e-02
 -4.8000000e-01  5.6000000e-01  2.0000000e-01  2.0000000e-01
 -7.5000000e-01 -1.4000000e-01  1.0360000e+00 -6.5000000e-01
 -5.5000000e-01  2.0000000e-02  1.3000000e-01 -2.8000000e-01
  2.0000000e-01  8.7800000e-01][ 0.47  -0.6    0.08  -0.62  -0.96   0.17  -0.97   0.03  -0.45   0.82
  0.923 -0.68   0.92  -0.82   0.79   0.99  -0.87   0.06   0.69  -0.15
 -0.08  -0.346  0.75   0.17  -0.269 -0.94   0.73   0.57  -0.13   0.16
 -0.62   0.42   0.36  -0.45  -0.72   0.61   0.84  -0.53  -0.8    0.29
 -0.02   0.22   0.1    0.3   -0.75  -0.07   0.5    0.63   0.73  -0.85
  0.349 -0.26  -0.16   0.2   -0.45   0.31  -0.27  -0.84   0.58   0.85
  0.15  -0.3    0.46   0.02  -0.62   0.76  -0.81  -0.38  -0.55  -0.16
  0.62  -0.5   -0.03   0.18  -0.98   0.05  -0.48   1.584  0.2    0.2
 -0.75  -0.77   0.94  -0.65  -0.55   0.02   0.13   0.07   0.2    0.13 ][ 0.47  -0.59   0.75  -0.26   0.22   0.17  -0.91   0.12  -1.251  0.82
  0.923 -0.68  -0.9   -0.82   0.79  -0.47  -0.87   0.06   0.76  -0.15
 -0.08   0.55   0.75   0.17  -0.98  -0.94   0.73  -0.28   0.51   0.16
 -0.62   0.42   0.36  -0.45  -0.72   0.61   0.48  -0.53   0.481  0.29
  0.03   0.22   0.94   0.3   -0.75  -0.07  -1.306  0.63  -0.121 -0.85
  0.65   0.81  -0.16   0.2   -0.45   0.948 -0.27  -0.84  -0.69   0.85
 -0.82  -0.3    0.46   0.02  -0.62   0.76  -0.77  -0.38   0.74   0.2
  0.62  -0.5   -0.03   0.18  -0.98   0.05  -0.48   1.584  0.2    0.35
 -0.12  -0.77   0.94  -0.65  -0.55   0.02   0.13   0.07   0.53   0.13 ][ 4.7000000e-01 -5.9000000e-01  7.5000000e-01 -6.2000000e-01
 -9.6000000e-01  1.7000000e-01 -9.1000000e-01  3.0000000e-02
 -1.0000000e-02  8.2000000e-01  9.2300000e-01 -7.5000000e-01
  9.2000000e-01 -8.2000000e-01  7.9000000e-01 -4.7000000e-01
 -8.7000000e-01  8.8817842e-16  7.6000000e-01  5.0000000e-02
 -8.0000000e-02  5.5000000e-01  7.5000000e-01  1.7000000e-01
 -9.8000000e-01 -9.4000000e-01  7.3000000e-01  5.7000000e-01
 -1.3000000e-01  1.6000000e-01  9.5000000e-01  4.2000000e-01
  3.6000000e-01 -4.5000000e-01 -7.9000000e-01  6.1000000e-01
  7.5000000e-01 -5.3000000e-01  6.5000000e-01  2.9000000e-01
 -2.0000000e-02 -5.6900000e-01  9.4000000e-01  3.0000000e-01
 -7.5000000e-01 -7.0000000e-02 -1.3060000e+00  6.3000000e-01
 -1.2100000e-01 -1.0120000e+00  6.5000000e-01 -3.8400000e-01
  7.3000000e-01  2.0000000e-01 -4.5000000e-01 -2.0000000e-02
 -2.7000000e-01 -8.4000000e-01 -6.9000000e-01  8.5000000e-01
  6.6000000e-01 -3.0000000e-01  1.7000000e-01  2.0000000e-02
 -6.2000000e-01  6.8000000e-01 -2.0000000e-01 -3.8000000e-01
  7.4000000e-01 -1.6000000e-01  6.2000000e-01 -5.0000000e-01
 -3.0000000e-02 -3.7000000e-01 -9.8000000e-01  5.0000000e-02
 -4.8000000e-01  5.6000000e-01  2.0000000e-01  2.0000000e-01
 -7.5000000e-01 -1.4000000e-01  1.0360000e+00 -6.5000000e-01
 -5.5000000e-01  2.0000000e-02  1.3000000e-01 -2.8000000e-01
  2.0000000e-01  1.3000000e-01][ 0.47  -0.59   0.75  -0.62   0.22   0.81  -0.91   0.03  -0.45   0.82
  0.923 -0.68  -0.9   -0.82   0.79  -0.47  -0.87   0.06   0.69  -0.15
 -0.08   0.55   0.75   0.17  -0.98  -0.94   0.73  -0.28  -0.13   0.16
 -0.62   0.42   0.36  -0.45  -0.72   0.61   0.75  -0.53   0.481  0.29
 -0.02   0.22  -0.1    0.47  -0.75  -0.07  -1.306  0.63  -0.121 -0.85
  0.65  -0.26  -0.16   0.2   -0.45   0.948 -0.27  -0.84  -0.69   0.85
 -0.82   0.21   0.46   0.02  -0.62   0.68   0.013 -0.38   0.74   0.2
  0.62  -0.5   -0.03   0.18  -0.98   0.05  -0.48   1.584  0.2    0.35
 -0.12  -0.77   0.94  -0.65  -0.55   0.02   0.13   0.07   0.2    0.13 ][ 0.47  -0.59   0.08  -0.26   0.22   0.17  -0.91   0.12  -0.01   0.82
  0.923 -0.68   0.92  -0.82   0.79  -0.47  -0.87   0.06   0.76  -0.15
 -0.08  -0.66   0.05   0.17  -0.269 -0.92   0.73  -0.28   0.51   0.16
 -0.62   0.42   0.36  -1.218 -0.79   0.61   0.48  -0.53  -0.8    0.29
  0.03  -0.57   0.94   0.47   0.66  -0.7    0.167 -0.551  0.73  -1.591
  1.326  0.81  -0.16   0.2   -0.45   0.31  -0.27  -0.98  -0.69   0.85
  0.66  -0.42   0.46   0.63  -0.62   0.76  -0.77  -0.38  -0.55   0.2
  0.62  -0.5   -0.03   0.72  -0.98   0.28  -0.48   1.584  0.2    0.35
  0.088 -0.77   0.94  -0.65  -0.55  -0.26   0.13  -0.28   0.53   0.878][ 4.7000000e-01 -6.0000000e-01  7.5000000e-01 -2.6000000e-01
 -9.6000000e-01  8.1000000e-01 -9.1000000e-01  1.2000000e-01
 -4.5000000e-01  8.2000000e-01  9.2300000e-01 -6.8000000e-01
  9.2000000e-01 -8.2000000e-01  7.9000000e-01 -4.7000000e-01
 -8.7000000e-01  8.8817842e-16  1.5060000e+00 -1.5000000e-01
 -8.0000000e-02  5.5000000e-01  7.5000000e-01  1.7000000e-01
 -9.8000000e-01 -9.2000000e-01  7.3000000e-01 -2.8000000e-01
 -1.3000000e-01  1.2200000e-01 -6.2000000e-01 -3.3000000e-01
  3.6000000e-01 -4.5000000e-01 -7.2000000e-01  6.1000000e-01
  8.4000000e-01 -5.3000000e-01 -8.0000000e-01  2.9000000e-01
  3.0000000e-02 -5.7000000e-01 -1.0000000e-01  4.7000000e-01
 -7.5000000e-01 -7.0000000e-02  5.0000000e-01  6.3000000e-01
 -1.2100000e-01 -8.5000000e-01  6.5000000e-01 -2.6000000e-01
 -1.6000000e-01 -8.8000000e-01 -4.5000000e-01 -8.7000000e-02
 -2.7000000e-01 -8.4000000e-01 -6.9000000e-01  8.5000000e-01
  6.6000000e-01 -3.0000000e-01  4.6000000e-01  2.0000000e-02
 -6.2000000e-01  7.6000000e-01 -7.7000000e-01 -3.8000000e-01
  7.4000000e-01 -1.6000000e-01  6.2000000e-01 -5.0000000e-01
 -3.0000000e-02  1.8000000e-01  4.8000000e-01  2.8000000e-01
 -4.8000000e-01  5.6000000e-01  2.0000000e-01  3.5000000e-01
 -1.2000000e-01 -9.1000000e-01  9.4000000e-01 -3.6000000e-02
 -5.5000000e-01  2.0000000e-02  1.3000000e-01  7.0000000e-02
  5.3000000e-01  1.3000000e-01][ 4.7000000e-01 -5.9000000e-01  7.5000000e-01 -6.2000000e-01
 -9.6000000e-01  1.7000000e-01 -9.1000000e-01  3.0000000e-02
 -1.0000000e-02  8.2000000e-01  7.2000000e-01 -6.8000000e-01
  9.2000000e-01 -8.2000000e-01  7.9000000e-01 -4.7000000e-01
 -1.2900000e-01  8.8817842e-16  7.6000000e-01  5.0000000e-02
 -8.0000000e-02  5.5000000e-01  7.5000000e-01  1.7000000e-01
 -9.8000000e-01 -9.4000000e-01  7.3000000e-01 -2.8000000e-01
  5.1000000e-01  1.2200000e-01  9.5000000e-01  4.2000000e-01
  3.6000000e-01 -4.5000000e-01 -7.9000000e-01  6.1000000e-01
  7.5000000e-01 -5.3000000e-01  6.5000000e-01  2.9000000e-01
 -2.0000000e-02  2.2000000e-01  1.0000000e-01  3.0000000e-01
 -7.5000000e-01 -7.0000000e-02 -1.3060000e+00  6.3000000e-01
 -1.2100000e-01 -8.5000000e-01  6.1400000e-01 -2.6000000e-01
 -1.6000000e-01  2.0000000e-01 -4.5000000e-01  3.1000000e-01
 -2.7000000e-01 -8.4000000e-01 -6.9000000e-01  8.5000000e-01
 -8.2000000e-01 -3.0000000e-01  1.7000000e-01  2.0000000e-02
 -6.2000000e-01  6.8000000e-01 -2.0000000e-01 -3.8000000e-01
 -5.5000000e-01  2.0000000e-01  6.2000000e-01 -5.0000000e-01
 -3.0000000e-02 -3.7000000e-01 -9.8000000e-01  5.0000000e-02
 -4.8000000e-01  5.6000000e-01  2.0000000e-01  2.0000000e-01
 -7.5000000e-01 -1.4000000e-01  1.0360000e+00 -6.5000000e-01
 -5.5000000e-01  2.0000000e-02  1.3000000e-01 -2.8000000e-01
  2.0000000e-01  8.7800000e-01][ 0.47  -0.59   0.75  -0.62   0.22   0.17  -0.91   0.03  -0.967  0.82
  0.923 -0.68   0.92  -0.82   0.79  -0.47  -0.87   0.06   0.76  -0.15
 -0.08  -0.346  0.75   0.17  -0.98  -0.94   0.73  -0.28  -0.13   0.16
  0.95   0.42   0.36  -0.45  -0.72   0.61   0.75  -0.53  -0.8    0.29
 -0.02   0.22   0.94   0.47  -0.75  -0.07  -1.306  0.63  -0.121 -0.85
  0.65  -0.26  -0.16   0.2   -0.45   0.948 -0.27  -0.84  -0.69   0.85
 -0.82   0.21   0.46   0.02  -0.62   0.68  -0.81  -0.38   0.74   0.2
  0.62  -0.5   -0.03  -0.37  -0.98   0.05  -0.48   1.584  0.2    0.35
 -0.75  -0.77   0.94  -0.65  -0.55   0.02   0.13  -0.28   0.2    0.13 ][ 4.7000000e-01 -5.9000000e-01  7.5000000e-01 -6.2000000e-01
  2.2000000e-01  1.7000000e-01 -9.7000000e-01 -3.6100000e-01
 -1.0000000e-02  8.2000000e-01  2.7000000e-01 -7.5000000e-01
  9.2000000e-01 -8.2000000e-01  7.9000000e-01 -4.7000000e-01
 -8.7000000e-01  8.8817842e-16  6.9000000e-01  5.0000000e-02
 -8.0000000e-02 -3.4600000e-01  7.5000000e-01  1.7000000e-01
 -2.6900000e-01 -9.4000000e-01  7.3000000e-01 -2.8000000e-01
  5.1000000e-01  1.6000000e-01 -6.2000000e-01  4.2000000e-01
  3.6000000e-01 -4.5000000e-01 -7.9000000e-01  6.1000000e-01
  7.5000000e-01 -5.3000000e-01  6.5000000e-01  2.9000000e-01
 -2.0000000e-02 -5.7000000e-01  1.0000000e-01  3.0000000e-01
  6.6000000e-01 -7.0000000e-02  5.0000000e-01  6.3000000e-01
  7.3000000e-01 -8.5000000e-01  6.5000000e-01  8.1000000e-01
  7.3000000e-01  2.0000000e-01 -4.5000000e-01  3.1000000e-01
 -2.7000000e-01 -8.4000000e-01  5.8000000e-01  8.5000000e-01
  6.6000000e-01 -4.2000000e-01  1.7000000e-01  6.3000000e-01
 -6.2000000e-01  7.6000000e-01 -7.7000000e-01 -3.8000000e-01
 -5.5000000e-01 -1.6000000e-01  6.2000000e-01 -5.0000000e-01
 -3.0000000e-02 -3.7000000e-01 -9.8000000e-01  5.0000000e-02
 -4.8000000e-01  5.6000000e-01  2.0000000e-01  2.0000000e-01
 -7.5000000e-01 -1.4000000e-01  9.4000000e-01 -6.5000000e-01
 -5.5000000e-01 -2.6000000e-01  1.3000000e-01 -2.8000000e-01
  2.0000000e-01  8.7800000e-01][ 0.47  -0.59   0.75  -0.62   0.22   0.17  -0.91   0.12  -0.45   0.82
  0.923 -0.68  -0.9   -0.82   0.79  -0.47  -0.87   0.06   0.76  -0.15
 -0.08   0.55   0.75   0.17  -0.98  -0.92   0.73  -0.28  -0.13   0.902
  0.95   0.42   0.36  -0.45  -0.72   0.61   0.48  -0.53  -0.8    0.29
  0.03  -0.57   0.94   0.47  -0.75   0.54   0.167 -0.551 -0.121 -0.85
  0.65   0.81  -0.16   0.2   -0.45   0.31  -0.27  -0.84  -0.69   0.85
 -0.82   0.21   0.46   0.02  -0.62   0.68  -0.77  -0.38   0.74   0.2
  0.62  -0.5   -0.03  -0.37  -0.98   0.05  -0.48   1.584  0.2    0.35
 -0.75  -0.77   0.94  -0.65  -0.55   0.02   0.13   0.07   0.2    0.13 ][ 0.47  -0.59   0.08  -0.26   0.22   0.17  -0.91   0.03  -0.45   0.82
  0.923 -0.68  -0.9   -0.82   0.79  -0.47  -0.87   0.06   0.76  -0.15
 -0.08  -0.346  0.75   0.17  -0.98  -0.92   0.73   0.57   0.51   0.16
 -0.62   0.42   0.36  -1.218 -0.72   0.61   0.75  -0.53  -0.8    0.29
 -0.02   0.22   0.94   0.3   -0.75   0.54   0.167  0.63   0.73  -1.012
  0.65   0.81  -0.16   0.2   -0.45   0.31  -0.27  -0.84  -0.69   0.85
 -0.82  -0.3    0.46   0.02  -0.62   0.76  -0.77  -0.38   0.74  -0.364
  0.62  -0.5   -0.03  -0.37  -0.98   0.05  -0.48   1.584  0.2    0.35
 -0.12  -0.77   1.036 -0.65  -0.55   0.02   0.13  -0.28   0.2    0.13 ][ 4.7000000e-01 -5.9000000e-01  7.5000000e-01 -2.6000000e-01
  2.2000000e-01  8.1000000e-01 -9.1000000e-01  1.2000000e-01
 -4.5000000e-01  8.2000000e-01  9.2300000e-01 -6.8000000e-01
  9.2000000e-01 -8.2000000e-01  7.9000000e-01 -4.7000000e-01
 -8.7000000e-01  8.8817842e-16  6.9000000e-01  5.0000000e-02
 -8.0000000e-02 -6.6000000e-01  5.0000000e-02  1.7000000e-01
 -2.6900000e-01 -9.4000000e-01  7.3000000e-01 -2.8000000e-01
  5.1000000e-01  1.6000000e-01 -6.2000000e-01  4.2000000e-01
  3.6000000e-01 -4.5000000e-01 -7.2000000e-01  6.1000000e-01
  7.5000000e-01 -5.3000000e-01 -8.0000000e-01  2.9000000e-01
 -2.0000000e-02  2.2000000e-01 -1.0000000e-01  4.7000000e-01
  6.6000000e-01 -7.0000000e-01  5.0000000e-01  6.3000000e-01
 -1.2100000e-01 -8.5000000e-01  1.3260000e+00 -2.6000000e-01
  7.3000000e-01 -8.8000000e-01 -4.5000000e-01  3.1000000e-01
 -2.7000000e-01 -8.4000000e-01 -6.9000000e-01  1.5460000e+00
  6.6000000e-01 -4.2000000e-01  4.6000000e-01  6.3000000e-01
 -6.2000000e-01  7.6000000e-01 -7.7000000e-01 -3.8000000e-01
 -5.5000000e-01 -1.6000000e-01  6.2000000e-01 -5.0000000e-01
 -3.0000000e-02  7.2000000e-01  4.8000000e-01  2.8000000e-01
 -4.8000000e-01  5.6000000e-01  2.0000000e-01  3.5000000e-01
 -1.2000000e-01 -7.7000000e-01  9.4000000e-01 -6.5000000e-01
 -5.5000000e-01 -2.6000000e-01  1.3000000e-01  7.0000000e-02
  2.0000000e-01  1.3000000e-01][ 0.47  -0.59   0.75  -0.26   0.22   0.17  -0.91   0.12  -0.45   0.82
  0.923 -0.68   0.92  -0.82   0.79  -0.47  -0.87   0.06   0.76  -0.68
 -0.08   0.55   0.75   0.17  -0.98  -0.92   0.73  -0.28   0.51   0.16
 -0.62   0.42   0.36  -1.218 -0.72   0.61   0.75  -0.53  -0.8    0.29
 -0.02  -0.57   0.94   0.3    0.012 -0.07   0.5   -0.551  0.73  -0.85
  0.65  -0.26  -0.16   0.2   -0.45   0.81  -0.27  -0.84  -0.69   0.85
 -0.82  -0.3    0.17  -0.62  -0.62   0.68  -0.77  -0.38  -0.55   0.2
  0.62  -0.5   -0.03   0.72  -0.98   0.05  -0.48   0.56   0.2    0.35
 -0.12  -0.77   0.94  -0.65  -1.44   0.02   0.13   0.07   0.2    0.13 ][ 0.47  -0.59   0.75  -0.62   0.22   0.17  -0.91   0.12  -0.45   0.82
  0.923 -0.68  -0.9   -0.82   0.79  -0.47  -0.87   0.06   0.69  -0.15
 -0.08   0.55   0.75   0.17  -0.98  -0.94   0.73  -0.28   0.51   0.16
 -0.62   0.42   0.36  -1.218 -0.72   0.26   0.75  -0.53   0.481  0.29
 -0.02   0.22  -0.1    0.3   -0.75   0.54  -1.306 -0.551  0.73  -0.85
  0.65   0.81  -0.16   0.2   -0.45   0.948 -0.27  -0.84  -0.69   0.85
  0.66   0.21   0.46   0.02  -0.62   0.68   0.013 -0.38   0.74   0.2
  0.62  -0.5   -0.03   0.18  -0.98   0.05  -0.48   1.584  0.2    0.35
 -0.12  -0.77   0.94  -0.65  -0.55   0.02   0.13   0.07   0.53   0.13 ][ 4.7000000e-01 -5.9000000e-01  7.5000000e-01 -2.6000000e-01
  2.2000000e-01  1.7000000e-01 -9.1000000e-01  1.2000000e-01
 -1.0000000e-02  4.8200000e-01  7.2000000e-01 -6.8000000e-01
 -9.0000000e-01 -8.2000000e-01  7.9000000e-01 -4.7000000e-01
 -1.2900000e-01  8.8817842e-16  7.6000000e-01  5.0000000e-02
 -8.0000000e-02  5.5000000e-01  7.5000000e-01  1.7000000e-01
 -9.8000000e-01 -9.4000000e-01  7.3000000e-01 -2.8000000e-01
  5.1000000e-01  1.6000000e-01 -6.2000000e-01  4.2000000e-01
  3.6000000e-01 -4.5000000e-01 -7.2000000e-01  6.1000000e-01
  4.8000000e-01 -5.3000000e-01 -8.0000000e-01  2.9000000e-01
 -2.0000000e-02 -5.7000000e-01  9.4000000e-01  3.0000000e-01
 -7.5000000e-01  5.4000000e-01  1.6700000e-01  6.3000000e-01
  7.3000000e-01 -8.5000000e-01  6.1400000e-01 -2.6000000e-01
 -1.6000000e-01  2.0000000e-01 -4.5000000e-01  3.1000000e-01
 -2.7000000e-01 -8.4000000e-01 -6.9000000e-01  8.5000000e-01
 -8.2000000e-01 -3.0000000e-01  1.7000000e-01  2.0000000e-02
 -6.2000000e-01  6.8000000e-01 -7.7000000e-01 -3.8000000e-01
  7.4000000e-01  2.0000000e-01  6.2000000e-01 -5.0000000e-01
 -3.0000000e-02 -3.7000000e-01 -9.8000000e-01  5.0000000e-02
 -4.8000000e-01  1.5840000e+00  2.0000000e-01  3.5000000e-01
 -7.5000000e-01 -1.4000000e-01  1.0360000e+00 -6.5000000e-01
 -5.5000000e-01  2.0000000e-02  1.3000000e-01  7.0000000e-02
  2.0000000e-01  8.7800000e-01][ 0.47  -0.59   0.08  -0.62   0.22   0.17  -0.91   0.12  -0.45   0.82
  0.923 -0.68  -0.9   -0.82   0.79  -0.47  -0.87   0.06   0.69  -0.15
 -0.08   0.55   0.75   0.17  -0.98  -0.92   0.73   0.57   0.51   0.16
 -0.62   0.42   0.36  -1.218 -0.72   0.61   0.75  -0.53   0.481  0.29
  0.03  -0.57  -0.1    0.3   -0.75  -0.07  -1.306  0.63  -0.121 -0.85
  0.65  -0.26  -0.16   0.2   -0.45   0.31  -0.27  -0.84  -0.69   0.85
 -0.82   0.21   0.514  0.02  -0.62   0.68  -0.77  -0.38   0.74   0.2
  0.62  -0.5   -0.03   0.72  -0.98   0.05  -0.48   1.584  0.2    0.35
 -0.12  -0.77   0.94  -0.65  -0.55   0.02   0.13   0.07   0.2    0.878][ 4.7000000e-01 -5.9000000e-01  7.5000000e-01 -2.6000000e-01
  2.2000000e-01  1.7000000e-01 -9.1000000e-01  3.0000000e-02
 -1.0000000e-02  8.2000000e-01  2.7000000e-01 -6.8000000e-01
  9.2000000e-01 -8.2000000e-01  7.9000000e-01 -4.7000000e-01
 -8.7000000e-01  8.8817842e-16  7.6000000e-01  4.0200000e-01
 -8.0000000e-02  5.5000000e-01  7.5000000e-01  1.7000000e-01
 -2.6900000e-01 -9.4000000e-01  7.3000000e-01 -2.8000000e-01
  5.1000000e-01  1.6000000e-01  9.5000000e-01 -3.3000000e-01
  3.6000000e-01 -4.5000000e-01 -7.9000000e-01  6.1000000e-01
  7.5000000e-01 -5.3000000e-01 -8.0000000e-01  2.9000000e-01
  3.0000000e-02  2.2000000e-01  9.4000000e-01  3.0000000e-01
  6.6000000e-01 -7.0000000e-01  5.0000000e-01  6.3000000e-01
  7.3000000e-01 -8.5000000e-01  1.3260000e+00 -3.8400000e-01
  7.3000000e-01  2.0000000e-01 -4.5000000e-01  3.1000000e-01
 -2.7000000e-01 -8.4000000e-01 -6.9000000e-01  8.5000000e-01
  6.6000000e-01 -3.0000000e-01  1.7000000e-01  6.3000000e-01
 -6.2000000e-01  7.6000000e-01 -7.7000000e-01 -3.8000000e-01
 -5.5000000e-01 -1.6000000e-01  6.2000000e-01 -5.0000000e-01
 -3.0000000e-02  7.2000000e-01  4.8000000e-01  5.0000000e-02
 -4.8000000e-01  5.6000000e-01  2.0000000e-01  2.0000000e-01
  8.8000000e-02 -1.4000000e-01  1.0360000e+00 -6.5000000e-01
 -5.5000000e-01  2.0000000e-02  1.3000000e-01 -2.8000000e-01
  2.0000000e-01  8.7800000e-01][ 0.47  -0.59   0.75  -0.62   0.22   0.17  -0.91   0.03  -0.45   0.82
  0.923 -0.68   0.92  -0.82   0.79  -0.47  -0.87   0.06   0.76  -0.15
 -0.08  -0.346  0.75   0.17  -0.98  -0.94   0.73   0.57  -0.13   0.16
  0.95   0.42   0.36  -0.45  -0.72   0.61   0.75  -0.53  -0.8    0.29
 -0.02   0.22   0.94   0.3   -0.75  -0.07  -1.306  0.63  -0.121 -1.012
  0.65  -0.26  -0.16   0.2   -0.45   0.81  -0.27  -0.84  -0.69   0.85
 -0.82  -0.3    0.46   0.02  -0.62   0.68  -0.81  -0.38   0.74   0.2
  0.62  -0.5   -0.03  -0.37  -0.98   0.05  -0.48   0.56   0.2    0.35
 -0.75  -0.77   1.036 -0.65  -0.55   0.02   0.13  -0.28   0.2    0.13 ][ 4.7000000e-01 -5.9000000e-01  7.5000000e-01 -6.2000000e-01
 -9.6000000e-01  1.7000000e-01 -9.1000000e-01  3.0000000e-02
 -1.0000000e-02  8.2000000e-01  2.7000000e-01 -7.5000000e-01
  9.2000000e-01 -8.2000000e-01  7.9000000e-01 -4.7000000e-01
 -1.2900000e-01  8.8817842e-16  7.6000000e-01  5.0000000e-02
 -8.0000000e-02  5.5000000e-01  7.5000000e-01  1.7000000e-01
 -2.6900000e-01 -9.4000000e-01  7.3000000e-01 -2.8000000e-01
  5.1000000e-01  1.6000000e-01  9.5000000e-01  4.2000000e-01
  3.6000000e-01 -4.5000000e-01 -7.9000000e-01  6.1000000e-01
  7.5000000e-01 -5.3000000e-01  6.5000000e-01  2.9000000e-01
 -2.0000000e-02  8.5100000e-01  1.0000000e-01  3.0000000e-01
 -7.5000000e-01 -7.0000000e-02  5.0000000e-01  6.3000000e-01
  7.3000000e-01 -8.5000000e-01  6.5000000e-01 -3.8400000e-01
  7.3000000e-01  2.0000000e-01 -4.5000000e-01 -2.0000000e-02
 -2.7000000e-01 -8.4000000e-01 -6.9000000e-01  8.5000000e-01
  6.6000000e-01 -4.2000000e-01  1.7000000e-01  6.3000000e-01
 -6.2000000e-01  7.6000000e-01 -1.1560000e+00 -3.8000000e-01
 -5.5000000e-01 -1.6000000e-01  6.2000000e-01 -5.0000000e-01
 -3.0000000e-02 -3.7000000e-01 -9.8000000e-01  5.0000000e-02
 -4.8000000e-01  5.6000000e-01  2.0000000e-01  2.0000000e-01
 -7.5000000e-01 -1.4000000e-01  1.0360000e+00 -6.5000000e-01
 -5.5000000e-01  2.0000000e-02  1.3000000e-01 -2.8000000e-01
  2.0000000e-01  8.7800000e-01][ 0.47  -0.59   0.08  -0.26   0.22   0.17  -0.91   0.12  -0.45   0.82
  0.923 -0.68   0.92  -0.82   0.79  -0.47  -0.87   0.06   0.76  -0.15
 -0.08  -0.346  0.75   0.17  -0.98  -0.94   0.73  -0.28  -0.13   0.16
 -0.62   0.42   0.36  -0.45  -0.72   0.61   0.48  -0.53  -0.8    0.29
  0.03  -0.965  0.94   0.3   -0.75  -0.07   0.167  0.63   0.73  -1.012
  0.65  -0.26  -0.16   0.2   -0.45   0.81  -0.27  -0.98  -0.69   0.85
 -0.82  -0.42   0.46   0.02  -0.62   0.76  -0.77  -0.38   0.74   0.2
  0.62  -0.5   -0.03  -0.37  -0.98   0.28  -0.48   1.584  0.2    0.35
  0.088 -0.77   0.94  -0.65  -0.55   0.02   0.13  -0.28   0.2    0.13 ][ 0.47  -0.59   0.08  -0.62   0.22   0.17  -0.91   0.12  -0.967  0.82
  0.923 -0.68  -0.9   -0.82   0.79  -0.47  -0.87   0.06   0.76  -0.15
 -0.08  -0.346  0.75   0.17  -0.98  -0.94   0.73   0.57   0.51   0.16
 -0.62   0.42   0.36  -1.218 -0.72   0.61   0.75  -0.53   0.481  0.29
 -0.02  -0.57  -0.1    0.47  -0.75  -0.07  -1.306  0.63  -0.121 -0.85
  0.65  -0.26  -0.16   0.2   -0.45   0.948 -0.27  -0.84  -0.69   0.85
 -0.82   0.21   0.514  0.02  -0.62   0.68  -0.81  -0.38   0.74   0.2
  0.266 -0.5   -0.03   0.72  -0.98   0.05  -0.48   1.584  0.2    0.35
 -0.12  -0.77   0.94  -0.65  -0.55   0.02   0.13   0.07   0.2    0.13 ][ 4.7000000e-01 -5.9000000e-01  7.5000000e-01 -6.2000000e-01
  2.2000000e-01  1.7000000e-01 -9.1000000e-01  3.0000000e-02
 -1.0000000e-02  8.2000000e-01  9.2300000e-01 -6.8000000e-01
  9.2000000e-01 -8.2000000e-01  7.9000000e-01 -4.7000000e-01
 -1.2900000e-01  8.8817842e-16  7.6000000e-01 -1.5000000e-01
 -8.0000000e-02 -3.4600000e-01  7.5000000e-01  1.7000000e-01
 -9.8000000e-01 -9.4000000e-01  7.3000000e-01 -2.8000000e-01
 -1.3000000e-01  1.6000000e-01  9.5000000e-01  4.2000000e-01
  3.6000000e-01 -4.5000000e-01 -7.2000000e-01  6.1000000e-01
  7.5000000e-01 -5.3000000e-01  6.5000000e-01  2.9000000e-01
 -2.0000000e-02  8.5100000e-01  1.0000000e-01  3.0000000e-01
  6.6000000e-01 -7.0000000e-02  5.0000000e-01  6.3000000e-01
 -1.2100000e-01 -1.0120000e+00 -2.6000000e-02 -3.8400000e-01
 -1.6000000e-01  2.0000000e-01 -4.5000000e-01 -2.0000000e-02
 -2.7000000e-01 -8.4000000e-01 -6.9000000e-01  8.5000000e-01
  5.2100000e-01 -4.2000000e-01  4.6000000e-01  6.3000000e-01
 -6.2000000e-01  6.8000000e-01 -8.1000000e-01 -3.8000000e-01
  7.4000000e-01  2.0000000e-01  6.2000000e-01 -5.0000000e-01
 -3.0000000e-02 -3.7000000e-01 -9.8000000e-01  5.0000000e-02
 -4.8000000e-01  5.6000000e-01  2.0000000e-01  2.0000000e-01
 -7.5000000e-01 -7.7000000e-01  1.0360000e+00 -6.5000000e-01
 -5.5000000e-01  2.0000000e-02  1.3000000e-01 -2.8000000e-01
  2.0000000e-01  8.7800000e-01][ 0.47  -0.59   0.75  -0.62   0.22   0.17  -0.91   0.03  -0.45   0.82
  0.923 -0.75   0.92  -0.82   0.79  -0.47  -0.87   0.06   0.76   0.05
 -0.08  -0.346  0.75   0.17  -0.269 -0.977  0.73  -0.28  -0.13   0.16
  0.95   0.42   0.36  -0.45  -0.79   0.61   0.75  -0.53  -0.8    0.29
 -0.02   0.22   0.1    0.3   -0.75  -0.07   0.5    0.63  -0.121 -1.012
  0.65  -0.26   0.73   0.2   -0.45   0.81  -0.27  -0.84  -0.69   0.85
  0.521 -0.42   0.46   0.02  -0.62   0.76  -0.77  -0.38  -0.55   0.2
  0.62  -0.5   -0.03  -0.37  -0.98   0.05  -0.48   0.56   0.2    0.2
 -0.75  -0.14   1.036 -0.65  -0.55   0.02   0.13  -0.28   0.2    0.878][ 0.47  -0.59   0.75  -0.62   0.22   0.17  -0.91   0.03  -0.45   0.82
  0.923 -0.68  -0.9   -0.82   0.79  -0.47  -0.87   0.06   0.76  -0.15
 -0.08   0.55   0.75   0.17  -0.98  -0.94   0.73   0.57  -0.13   0.16
  0.95   0.42   0.36  -0.45  -0.72   0.61   0.75  -0.53  -0.8    0.29
 -0.02   0.22   0.94   0.47  -0.75  -0.07  -1.306  0.63  -0.121 -0.85
  0.65  -0.26  -0.16   0.2   -0.45   0.81  -0.27  -0.84  -0.69   0.85
 -0.82   0.21   0.46   0.02  -0.62   0.68   0.013 -0.38   1.705  0.2
  0.62  -0.5   -0.03   0.18  -0.98   0.05  -0.48   0.56   0.2    0.35
 -0.12  -0.77   1.036 -0.65  -0.55   0.02   0.13   0.07   0.2    0.13 ][ 4.7000000e-01 -5.9000000e-01  7.5000000e-01 -2.6000000e-01
  2.2000000e-01  1.7000000e-01 -9.1000000e-01  3.0000000e-02
 -1.0000000e-02  8.2000000e-01  2.7000000e-01 -7.5000000e-01
  9.2000000e-01 -8.2000000e-01  7.9000000e-01 -4.7000000e-01
 -8.7000000e-01  8.8817842e-16  6.9000000e-01  5.0000000e-02
 -8.0000000e-02  5.5000000e-01  7.5000000e-01  1.7000000e-01
 -2.6900000e-01 -9.4000000e-01  7.3000000e-01 -2.8000000e-01
  5.1000000e-01  1.6000000e-01  2.8500000e-01  4.2000000e-01
  3.6000000e-01 -4.5000000e-01 -7.2000000e-01  6.1000000e-01
  7.5000000e-01 -5.3000000e-01  6.5000000e-01  2.9000000e-01
 -2.0000000e-02  2.2000000e-01 -1.0000000e-01  4.7000000e-01
  6.6000000e-01 -7.0000000e-01  5.0000000e-01  6.3000000e-01
  7.3000000e-01 -8.5000000e-01  6.5000000e-01 -2.6000000e-01
  7.3000000e-01  2.0000000e-01 -4.5000000e-01  3.1000000e-01
 -2.7000000e-01 -8.4000000e-01 -6.9000000e-01  8.5000000e-01
  6.6000000e-01 -4.2000000e-01  4.6000000e-01  6.3000000e-01
 -6.2000000e-01  7.6000000e-01 -7.7000000e-01 -3.8000000e-01
 -5.5000000e-01 -1.6000000e-01  6.2000000e-01 -5.0000000e-01
 -3.0000000e-02 -3.7000000e-01 -9.8000000e-01  2.8000000e-01
 -4.8000000e-01  5.6000000e-01  2.0000000e-01  2.0000000e-01
 -7.5000000e-01 -7.7000000e-01  1.0360000e+00 -6.5000000e-01
 -5.5000000e-01  2.0000000e-02  1.3000000e-01 -2.8000000e-01
  2.0000000e-01  8.7800000e-01][ 4.7000000e-01 -5.9000000e-01  7.5000000e-01 -6.2000000e-01
  2.2000000e-01  1.7000000e-01 -9.1000000e-01  3.0000000e-02
 -1.0000000e-02  8.2000000e-01  9.2300000e-01 -7.5000000e-01
  9.2000000e-01 -8.2000000e-01  7.9000000e-01 -4.7000000e-01
 -1.2900000e-01  8.8817842e-16  7.6000000e-01 -1.5000000e-01
 -8.0000000e-02 -3.4600000e-01  7.5000000e-01  1.7000000e-01
 -9.8000000e-01 -9.4000000e-01  7.3000000e-01 -2.8000000e-01
  5.1000000e-01  1.6000000e-01  9.5000000e-01  4.2000000e-01
  3.6000000e-01 -4.5000000e-01 -7.9000000e-01  6.1000000e-01
  7.5000000e-01 -5.3000000e-01  6.5000000e-01  2.9000000e-01
 -2.0000000e-02  8.5100000e-01  1.0000000e-01  3.0000000e-01
  6.6000000e-01 -7.0000000e-02 -1.3060000e+00  6.3000000e-01
 -1.2100000e-01 -8.5000000e-01  6.5000000e-01 -2.6000000e-01
  7.3000000e-01  2.0000000e-01 -4.5000000e-01 -2.0000000e-02
 -2.7000000e-01 -9.8300000e-01 -6.9000000e-01  8.5000000e-01
 -8.2000000e-01 -4.2000000e-01  1.7000000e-01  2.0000000e-02
 -6.2000000e-01  7.6000000e-01 -8.1000000e-01 -3.8000000e-01
 -5.5000000e-01 -1.6000000e-01  6.2000000e-01  9.0000000e-02
 -3.0000000e-02 -3.7000000e-01 -9.8000000e-01  5.0000000e-02
 -4.8000000e-01  5.6000000e-01  2.0000000e-01  2.0000000e-01
 -7.5000000e-01 -7.7000000e-01  1.0360000e+00 -6.5000000e-01
 -5.5000000e-01  2.0000000e-02  1.3000000e-01 -2.8000000e-01
  2.0000000e-01  8.7800000e-01][ 0.47  -0.59   0.75  -0.62   0.22   0.17  -0.91   0.03  -0.45   0.82
  0.923 -0.68   0.92  -0.82   0.79  -0.47  -0.87   0.06   0.76  -0.15
 -0.08  -0.346  0.75   0.17  -0.98  -0.62   0.73  -0.28  -0.13   0.16
  0.95   0.42   0.36  -0.45  -0.72   0.61   0.75  -0.53  -0.8    0.29
 -0.02   0.22   0.94   0.47  -0.75  -0.07  -1.306  0.63  -0.121 -0.85
  0.65  -0.26  -0.16   0.2   -0.45   0.81  -0.27  -0.84  -0.69   0.85
 -0.82  -0.3    0.46   0.02  -0.62   0.68  -0.81  -0.38   0.74   0.2
  0.62  -0.5   -0.03  -0.37  -0.98   0.05  -0.48   1.584  0.2    0.35
 -0.75  -0.77   0.94  -0.65  -0.55   0.02   0.13  -0.28   0.2    0.13 ][ 4.7000000e-01 -5.9000000e-01  7.5000000e-01 -6.2000000e-01
  2.2000000e-01  1.7000000e-01 -9.1000000e-01  3.0000000e-02
 -1.0000000e-02  8.2000000e-01  9.2300000e-01 -6.8000000e-01
  9.2000000e-01 -8.2000000e-01  7.9000000e-01 -4.7000000e-01
 -8.7000000e-01  8.8817842e-16  7.6000000e-01  5.0000000e-02
 -8.0000000e-02  5.5000000e-01  7.5000000e-01  1.7000000e-01
 -9.8000000e-01 -9.4000000e-01  7.3000000e-01  5.7000000e-01
 -1.3000000e-01  1.6000000e-01  9.5000000e-01  4.2000000e-01
  3.6000000e-01 -4.5000000e-01 -7.9000000e-01  6.1000000e-01
  7.5000000e-01 -5.3000000e-01  6.5000000e-01  2.9000000e-01
 -2.0000000e-02 -5.6900000e-01  9.4000000e-01  3.0000000e-01
 -7.5000000e-01 -7.0000000e-02 -1.3060000e+00  6.3000000e-01
 -1.2100000e-01 -1.0120000e+00  6.5000000e-01 -3.8400000e-01
  7.3000000e-01  2.0000000e-01 -4.5000000e-01 -2.0000000e-02
 -2.7000000e-01 -8.4000000e-01 -6.9000000e-01  8.5000000e-01
  6.6000000e-01 -3.0000000e-01  4.6000000e-01  2.0000000e-02
 -6.2000000e-01  6.8000000e-01 -8.1000000e-01 -3.8000000e-01
  7.4000000e-01 -1.6000000e-01  6.2000000e-01 -5.0000000e-01
 -3.0000000e-02 -3.7000000e-01 -9.8000000e-01  5.0000000e-02
 -4.8000000e-01  5.6000000e-01  1.0710000e+00  2.0000000e-01
 -7.5000000e-01 -7.7000000e-01  1.0360000e+00 -6.5000000e-01
 -5.5000000e-01  2.0000000e-02  1.3000000e-01 -2.8000000e-01
  2.0000000e-01  1.3000000e-01][ 0.47  -0.6    0.75  -0.62  -0.96   0.17  -0.91   0.03  -0.45   0.82
  0.923 -0.68   0.92  -0.82   0.79   0.99  -0.87   0.06   0.76  -0.15
 -0.08  -0.346  0.75   0.17  -0.98  -0.94   0.73   0.57  -0.13   0.16
  0.95   0.42   0.36  -0.45  -0.72   0.61   0.29  -0.53  -0.8    0.29
 -0.02   0.22   0.94   0.3   -0.75  -0.07   0.5    0.63   0.73  -0.85
  0.65  -0.26  -0.16   0.2   -0.45   0.81  -0.27  -0.84  -0.69   0.85
 -0.82  -0.3    0.46   0.02  -0.62   0.76  -0.81  -0.38  -0.55   0.2
  0.62  -0.5   -0.03  -0.37  -0.98   0.05  -0.48   0.56   0.2    0.35
 -0.75  -0.77   0.94  -0.65  -0.55   0.02   0.13  -0.28   0.2    0.13 ][ 0.47  -0.59   0.75  -0.62  -0.96   0.17  -0.91   0.03  -0.01   0.82
  0.923 -0.68   0.582 -0.82   0.79  -0.47  -0.87   0.06   0.76  -0.15
 -0.08   0.55   0.75   0.17  -0.98  -0.94   0.73   0.57  -0.13   0.16
  0.95   0.42   0.36  -0.45  -0.72   0.61   0.75  -0.53  -0.8    0.29
 -0.02   0.851  0.94   0.3    0.66  -0.07   0.5    0.63  -0.121 -1.012
  0.65  -0.26   0.73   0.2   -0.45  -0.02  -0.27  -0.84  -0.69   0.85
  0.521 -0.3    0.17   0.63  -0.62   0.76  -0.77  -0.38  -0.55  -0.16
  0.62   0.09  -0.03  -0.37  -0.98   0.05  -0.48   0.56   0.2    0.35
 -0.75  -0.77   1.036 -0.65  -0.55   0.02   0.13  -0.28   0.2    0.878][ 4.7000000e-01 -5.9000000e-01  7.5000000e-01 -6.2000000e-01
  2.2000000e-01  1.7000000e-01 -9.1000000e-01  3.0000000e-02
 -1.0000000e-02  8.2000000e-01  2.7000000e-01 -6.8000000e-01
  9.2000000e-01 -8.2000000e-01  7.9000000e-01 -4.7000000e-01
 -1.2900000e-01  8.8817842e-16  7.6000000e-01  5.0000000e-02
 -8.0000000e-02 -3.4600000e-01  7.5000000e-01  1.7000000e-01
 -2.6900000e-01 -9.4000000e-01  7.3000000e-01 -2.8000000e-01
  5.1000000e-01  1.6000000e-01  9.5000000e-01  4.2000000e-01
  3.6000000e-01 -4.5000000e-01 -7.2000000e-01  6.1000000e-01
  7.5000000e-01 -5.3000000e-01 -8.0000000e-01  2.9000000e-01
 -2.0000000e-02  2.2000000e-01  9.4000000e-01  3.0000000e-01
 -7.5000000e-01 -7.0000000e-02  5.0000000e-01  6.3000000e-01
  7.3000000e-01 -1.0120000e+00  6.5000000e-01 -3.8400000e-01
 -1.6000000e-01  2.0000000e-01 -4.5000000e-01  8.1000000e-01
 -2.7000000e-01 -1.4200000e+00 -6.9000000e-01  8.5000000e-01
 -8.2000000e-01 -3.0000000e-01  1.7000000e-01  6.3000000e-01
 -6.2000000e-01  6.8000000e-01 -8.1000000e-01 -3.8000000e-01
  7.4000000e-01  2.0000000e-01  6.2000000e-01  9.0000000e-02
 -3.0000000e-02 -3.7000000e-01 -9.8000000e-01  5.0000000e-02
 -4.8000000e-01  5.6000000e-01  2.0000000e-01  3.5000000e-01
 -7.5000000e-01 -1.4000000e-01  1.0360000e+00 -6.5000000e-01
 -5.5000000e-01  2.0000000e-02  1.3000000e-01 -2.8000000e-01
  2.0000000e-01  8.7800000e-01][ 0.47  -0.59   0.75  -0.62  -0.96   0.17  -0.91   0.12  -0.01   0.82
  0.72  -0.68  -0.9   -0.82   0.79  -0.47  -0.129  0.06   0.76   0.05
 -0.08   0.55   0.75   0.17  -0.269 -0.94   0.73  -0.28   0.51   0.16
 -0.62   0.42   0.36  -0.45  -0.72   0.61   0.48  -0.53   0.65   0.29
  0.03   0.22   0.94   0.3   -0.75  -0.07  -1.569  0.63  -0.121 -0.85
  0.65  -0.384 -0.16   0.2   -0.45  -0.02  -0.27  -0.84  -0.69   0.85
 -0.82  -0.3    0.17   0.63  -0.62   0.76  -0.77  -0.38  -0.55  -0.16
  0.62  -0.5   -0.03   0.18  -0.98   0.05  -0.48   1.584  0.2    0.2
 -0.12  -0.77   0.94  -0.65  -0.55   0.02   0.13  -0.28   0.2    0.878][ 4.7000000e-01 -5.9000000e-01  7.5000000e-01 -6.2000000e-01
 -9.6000000e-01  1.7000000e-01 -9.1000000e-01  3.0000000e-02
 -1.0000000e-02  8.2000000e-01  2.7000000e-01 -7.5000000e-01
  9.2000000e-01 -8.2000000e-01  7.9000000e-01 -4.7000000e-01
 -1.2900000e-01  8.8817842e-16  7.6000000e-01  5.0000000e-02
 -8.0000000e-02  5.5000000e-01  7.5000000e-01  1.7000000e-01
 -2.6900000e-01 -9.4000000e-01  7.3000000e-01 -2.8000000e-01
  5.1000000e-01  1.6000000e-01  9.5000000e-01  4.2000000e-01
  3.6000000e-01 -4.5000000e-01 -7.9000000e-01  6.1000000e-01
  7.5000000e-01 -5.3000000e-01  6.5000000e-01  2.9000000e-01
 -2.0000000e-02  8.5100000e-01  1.0000000e-01  3.0000000e-01
  6.6000000e-01 -7.0000000e-02  5.0000000e-01  6.3000000e-01
  7.3000000e-01 -8.5000000e-01  6.5000000e-01 -3.8400000e-01
  7.3000000e-01  2.0000000e-01 -4.5000000e-01 -2.0000000e-02
 -2.7000000e-01 -8.4000000e-01 -6.9000000e-01  8.5000000e-01
  5.2100000e-01 -4.2000000e-01  1.7000000e-01  6.3000000e-01
 -6.2000000e-01  7.6000000e-01 -7.7000000e-01 -3.8000000e-01
 -5.5000000e-01 -5.5000000e-02  6.2000000e-01  9.0000000e-02
 -3.0000000e-02 -3.7000000e-01 -9.8000000e-01  5.0000000e-02
 -4.8000000e-01  5.6000000e-01  2.0000000e-01  2.0000000e-01
 -7.5000000e-01 -1.4000000e-01  1.0360000e+00 -6.5000000e-01
 -5.5000000e-01  2.0000000e-02  1.3000000e-01 -2.8000000e-01
  2.0000000e-01  8.7800000e-01][ 4.7000000e-01 -5.9000000e-01  7.5000000e-01 -6.2000000e-01
  2.2000000e-01  8.1000000e-01 -9.1000000e-01  7.1100000e-01
 -1.0000000e-02  8.2000000e-01  2.7000000e-01 -6.8000000e-01
  9.2000000e-01 -8.2000000e-01  7.9000000e-01 -4.7000000e-01
 -1.2900000e-01  8.8817842e-16  6.9000000e-01  5.0000000e-02
 -8.0000000e-02  5.5000000e-01  7.5000000e-01  1.7000000e-01
 -9.8000000e-01 -9.4000000e-01  7.3000000e-01 -2.8000000e-01
  5.1000000e-01  1.6000000e-01  9.5000000e-01  4.2000000e-01
  3.6000000e-01 -4.5000000e-01 -7.2000000e-01  6.1000000e-01
  7.5000000e-01 -5.3000000e-01  4.8100000e-01  2.9000000e-01
 -2.0000000e-02  8.5100000e-01 -1.0000000e-01  4.7000000e-01
 -7.5000000e-01 -7.0000000e-02 -1.3060000e+00  6.3000000e-01
 -1.2100000e-01 -8.5000000e-01  6.5000000e-01 -2.6000000e-01
 -1.6000000e-01  2.0000000e-01 -4.5000000e-01 -2.0000000e-02
 -2.7000000e-01 -8.4000000e-01 -6.9000000e-01  8.5000000e-01
  5.2100000e-01  2.1000000e-01  1.7000000e-01  2.0000000e-02
 -6.2000000e-01  7.6000000e-01  1.3000000e-02 -3.8000000e-01
 -5.5000000e-01  2.0000000e-01  6.2000000e-01 -5.0000000e-01
 -3.0000000e-02  1.8000000e-01 -9.8000000e-01  5.0000000e-02
 -4.8000000e-01  5.6000000e-01  2.0000000e-01  3.5000000e-01
 -1.2000000e-01 -7.7000000e-01  9.4000000e-01 -6.5000000e-01
 -5.5000000e-01  2.0000000e-02  1.3000000e-01  7.0000000e-02
  2.0000000e-01  1.3000000e-01][ 0.47  -0.59   0.75  -0.62   0.22   0.17  -0.91   0.03  -0.45   0.82
  0.923 -0.68   0.92  -0.82   0.79  -0.47  -0.87   0.06   0.76  -0.15
 -0.08  -0.346  0.75   0.17  -0.98  -0.94   0.73   0.57  -0.13   0.16
 -0.62   0.42   0.36  -0.45  -1.414  0.61   0.75  -0.53  -0.8    0.29
 -0.02   0.22   0.94   0.3   -0.75  -0.07  -1.306  0.63  -0.121 -1.012
  0.65  -0.26  -0.16   0.2   -0.45   0.31  -0.27  -0.84  -0.69   0.85
 -0.82  -0.3    0.46   0.02  -0.62   0.76  -0.81  -0.38   0.74  -0.16
  0.62  -0.5   -0.03   0.18  -0.98   0.05  -0.48   0.56   0.2    0.2
 -0.75  -0.77   0.94  -0.65  -0.55   0.02   0.13  -0.28   0.2    0.13 ][ 0.331 -0.59   0.75  -0.62  -0.96   0.17  -0.91   0.03  -0.01   0.82
  0.27  -0.68   0.92  -0.82   0.79  -0.47  -0.87   0.06   0.76  -0.15
 -0.08  -0.346  0.75   0.17  -0.269 -0.94   0.73   0.57  -0.13   0.16
  0.95   0.42   0.36  -0.45  -0.72   0.61   0.75  -0.53   0.65   0.29
 -0.02   0.22   0.94   0.3   -0.75  -0.07  -1.306  0.63   0.73  -1.012
  0.65  -0.384  0.73   0.2   -0.45  -0.02  -0.27  -0.84  -0.69   0.85
 -0.82  -0.42   0.46   0.02  -0.62   0.76  -0.81  -0.38  -0.55  -0.16
  0.62   0.09  -0.03  -0.37  -0.98   0.05  -0.48   0.56   0.2    0.2
 -0.75  -0.77   1.036 -0.65  -0.55   0.02   0.13  -0.28   0.2    0.13 ][ 0.47  -0.59   0.75  -0.62   0.22   0.17  -0.91   0.12  -0.967  0.82
  0.923 -0.68   0.92  -0.82   0.79  -0.47  -0.87   0.06   0.76  -0.15
 -0.08  -0.346  0.75   0.17  -0.98  -0.92   0.73  -0.28  -0.13   0.902
  0.95   0.42   0.36  -0.45  -0.72   0.61   0.48  -0.53  -0.8    0.29
  0.03  -0.57   0.94   0.47  -0.75  -0.07  -1.306  0.63  -0.121 -0.85
  1.264 -0.26  -0.16   0.2   -0.45   0.31  -0.27  -0.84  -0.69   0.85
 -0.82   0.21   0.46   0.02  -0.62   0.68  -0.77  -0.38   0.74   0.2
  0.62  -0.5   -0.03  -0.37  -0.98   0.05  -0.48   1.584  0.2    0.35
 -0.75  -0.77   0.94  -0.65  -0.55   0.02   0.13  -0.28   0.2    0.13 ][ 4.7000000e-01 -5.9000000e-01  7.5000000e-01 -6.2000000e-01
  2.2000000e-01  1.7000000e-01 -9.1000000e-01  3.0000000e-02
 -1.0000000e-02  8.2000000e-01  2.7000000e-01 -7.5000000e-01
  9.2000000e-01 -8.2000000e-01  7.9000000e-01 -4.7000000e-01
 -8.7000000e-01  8.8817842e-16  8.1300000e-01  5.0000000e-02
 -8.0000000e-02  5.5000000e-01  7.5000000e-01  1.7000000e-01
 -2.6900000e-01 -9.4000000e-01  7.3000000e-01  5.7000000e-01
 -1.3000000e-01  1.6000000e-01  9.5000000e-01  4.2000000e-01
  3.6000000e-01 -4.5000000e-01 -7.9000000e-01  6.1000000e-01
  7.5000000e-01 -5.3000000e-01 -8.0000000e-01  2.9000000e-01
 -2.0000000e-02  8.5100000e-01  9.4000000e-01  3.0000000e-01
  6.6000000e-01 -7.0000000e-02  5.0000000e-01  6.3000000e-01
  7.3000000e-01 -8.5000000e-01  6.5000000e-01 -2.6000000e-01
  7.3000000e-01  2.0000000e-01 -4.5000000e-01 -2.0000000e-02
 -2.7000000e-01 -8.4000000e-01 -6.9000000e-01  8.5000000e-01
  5.2100000e-01 -3.0000000e-01  1.7000000e-01  2.0000000e-02
 -6.2000000e-01  6.8000000e-01 -7.7000000e-01 -3.8000000e-01
 -5.5000000e-01  2.0000000e-01  6.2000000e-01 -5.0000000e-01
 -3.0000000e-02 -3.7000000e-01 -9.8000000e-01  5.0000000e-02
 -4.8000000e-01  5.6000000e-01  2.0000000e-01  3.5000000e-01
 -7.5000000e-01 -7.7000000e-01  1.0360000e+00 -6.5000000e-01
 -5.5000000e-01  2.0000000e-02  1.3000000e-01 -2.8000000e-01
  2.0000000e-01  8.7800000e-01][ 4.7000000e-01 -5.9000000e-01  7.5000000e-01 -6.2000000e-01
  2.2000000e-01  1.7000000e-01 -9.1000000e-01  3.0000000e-02
 -1.0000000e-02  8.2000000e-01  2.7000000e-01 -6.8000000e-01
  9.2000000e-01 -8.2000000e-01  7.9000000e-01 -4.7000000e-01
 -8.7000000e-01  8.8817842e-16  7.6000000e-01  5.0000000e-02
 -8.0000000e-02 -3.4600000e-01  7.5000000e-01  1.7000000e-01
 -9.8000000e-01 -1.0760000e+00  7.3000000e-01 -2.8000000e-01
  5.1000000e-01  1.6000000e-01  9.5000000e-01  4.2000000e-01
  3.6000000e-01 -4.5000000e-01 -7.9000000e-01  6.1000000e-01
  7.5000000e-01 -5.3000000e-01  6.5000000e-01  2.9000000e-01
 -2.0000000e-02  8.5100000e-01  9.4000000e-01  3.0000000e-01
 -7.5000000e-01 -7.0000000e-02  5.0000000e-01  6.3000000e-01
  7.3000000e-01 -1.0120000e+00  6.5000000e-01 -2.6000000e-01
  7.3000000e-01  2.0000000e-01 -4.5000000e-01  8.1000000e-01
 -2.7000000e-01 -8.4000000e-01 -6.9000000e-01  8.5000000e-01
 -8.2000000e-01 -3.0000000e-01  4.6000000e-01  2.0000000e-02
 -6.2000000e-01  7.6000000e-01 -7.7000000e-01 -3.8000000e-01
 -5.5000000e-01  2.0000000e-01  6.2000000e-01  9.0000000e-02
 -3.0000000e-02 -3.7000000e-01 -9.8000000e-01  5.0000000e-02
 -4.8000000e-01  5.6000000e-01  2.0000000e-01  3.5000000e-01
 -7.5000000e-01 -1.4000000e-01  1.0360000e+00 -6.5000000e-01
 -5.5000000e-01  2.0000000e-02  1.3000000e-01 -2.8000000e-01
  2.0000000e-01  1.3000000e-01][ 0.47  -0.59   0.75  -0.62   0.22   0.17  -0.91   0.03  -0.01   0.82
  0.72  -0.68   0.92  -0.82   0.79  -0.47  -0.129  0.06   0.76   0.05
 -0.08   0.55   0.75   0.17  -0.269 -0.94   0.73  -0.28  -0.13   0.16
  0.95   0.42   0.36  -0.45  -0.79   0.61   0.75  -0.53  -0.8    0.29
 -0.02   0.22   0.94   0.3   -0.75  -0.07   0.5    0.63  -0.121 -0.85
  0.65  -0.384  0.73   0.2   -0.45  -0.02  -0.27  -0.84  -0.69   0.85
 -0.82  -0.3    0.46   1.465 -0.62   0.68  -0.81  -0.38   0.74  -0.16
  0.62  -0.5   -0.03  -0.37  -0.98   0.05  -0.48   0.56   0.2    0.35
 -0.75  -0.14   1.036 -0.65  -0.55   0.02   0.13  -0.28   0.2    0.878][ 0.47  -0.6    0.08  -0.62  -0.96   0.17  -0.91   0.03  -0.01   0.82
  0.27  -0.75   0.92  -0.82   0.79  -0.47  -0.129  0.06   0.69   0.05
 -0.08  -0.346  0.75   0.17  -0.269 -0.94   0.73   0.57   0.51   0.16
  0.95   0.42   0.36  -0.45  -0.79   0.61   0.75  -0.53  -0.8    0.29
 -0.02   0.22   0.1    0.3    0.66  -0.07   0.5    0.63   0.73  -0.85
  0.349 -0.26   0.73   0.2   -0.45  -0.02  -0.27  -0.84   0.58   0.85
  0.521 -0.3    0.17   0.02  -0.62   0.76  -0.77  -0.38  -0.55  -0.16
  0.62   0.09   0.801  0.18  -0.98   0.05  -0.48   1.584  0.2    0.2
 -0.75  -0.14   0.94  -0.65  -0.55   0.02   0.13   0.07   0.2    0.13 ][ 0.47  -0.59   0.75  -0.26  -0.96   0.17  -0.91   0.12  -1.251  0.82
  0.923 -0.75   0.92  -0.82   0.79  -0.47  -0.87   0.06   0.76  -0.15
 -0.08   0.55   0.75   0.17  -0.98  -0.94   0.73  -0.28   1.498  0.16
 -0.62   0.42   0.36  -0.45  -0.79   0.61   0.75  -0.53   0.481  0.29
 -0.02   0.22   0.94   0.3   -0.75  -0.07  -1.306  0.63  -0.121 -1.012
  0.65  -0.384  0.73   0.2   -0.45   0.948 -0.27  -0.84  -0.69   0.85
 -0.82  -0.3    0.17   0.02  -0.62   0.76  -0.77  -0.38   0.74   0.2
  0.62  -0.5   -0.03   0.18  -0.98   0.05  -0.48   1.584  0.2    0.2
 -0.12  -0.77   1.036 -0.65  -0.55   0.02   0.13   0.07   0.2    0.13 ][ 4.7000000e-01 -5.9000000e-01  8.0000000e-02 -6.2000000e-01
 -9.6000000e-01  1.7000000e-01 -9.1000000e-01  3.0000000e-02
 -4.5000000e-01  8.2000000e-01  9.2300000e-01 -6.8000000e-01
  9.2000000e-01 -8.2000000e-01  7.9000000e-01  9.9000000e-01
 -1.2900000e-01  8.8817842e-16  6.9000000e-01  5.0000000e-02
 -8.0000000e-02  5.5000000e-01  7.5000000e-01  1.7000000e-01
 -9.8000000e-01 -9.4000000e-01  7.3000000e-01  5.7000000e-01
  5.1000000e-01  1.2200000e-01  9.5000000e-01  7.1000000e-01
  3.6000000e-01 -4.5000000e-01 -7.2000000e-01  6.1000000e-01
  7.5000000e-01 -5.3000000e-01 -8.0000000e-01  2.9000000e-01
 -2.0000000e-02  2.2000000e-01  1.0000000e-01  3.0000000e-01
 -7.5000000e-01 -7.0000000e-02 -1.3060000e+00  6.3000000e-01
 -1.2100000e-01 -8.5000000e-01  6.1400000e-01 -2.6000000e-01
 -1.6000000e-01  2.0000000e-01 -4.5000000e-01  3.1000000e-01
 -2.7000000e-01 -8.4000000e-01  5.8000000e-01  8.5000000e-01
 -8.2000000e-01 -3.0000000e-01  1.7000000e-01  2.0000000e-02
 -6.2000000e-01  6.8000000e-01 -2.0000000e-01 -3.8000000e-01
 -5.5000000e-01 -1.6000000e-01  6.2000000e-01 -5.0000000e-01
 -3.0000000e-02  1.8000000e-01 -9.8000000e-01  5.0000000e-02
 -4.8000000e-01  5.6000000e-01  2.0000000e-01  2.0000000e-01
 -7.5000000e-01 -7.7000000e-01  1.0360000e+00 -6.5000000e-01
 -5.5000000e-01  2.0000000e-02  1.3000000e-01 -2.8000000e-01
  2.0000000e-01  8.7800000e-01][ 4.7000000e-01 -5.9000000e-01  7.5000000e-01 -6.2000000e-01
 -9.6000000e-01  1.7000000e-01 -9.1000000e-01  3.0000000e-02
 -1.0000000e-02  8.2000000e-01  2.7000000e-01 -7.5000000e-01
  9.2000000e-01 -8.2000000e-01  7.9000000e-01 -4.7000000e-01
 -1.2900000e-01  8.8817842e-16  7.6000000e-01  5.0000000e-02
 -8.0000000e-02  5.5000000e-01  7.5000000e-01  1.7000000e-01
 -2.6900000e-01 -9.4000000e-01  7.3000000e-01 -2.8000000e-01
  5.1000000e-01  1.6000000e-01  9.5000000e-01  4.2000000e-01
  3.6000000e-01 -4.5000000e-01 -7.9000000e-01  6.1000000e-01
  7.5000000e-01 -5.3000000e-01  6.5000000e-01  9.1900000e-01
 -2.0000000e-02  2.2000000e-01  1.0000000e-01  3.0000000e-01
 -7.5000000e-01 -7.0000000e-02  5.0000000e-01  6.3000000e-01
  7.3000000e-01 -8.5000000e-01  6.5000000e-01 -3.8400000e-01
  7.3000000e-01  2.0000000e-01 -4.5000000e-01 -2.0000000e-02
 -2.7000000e-01 -8.4000000e-01 -6.9000000e-01  8.5000000e-01
  5.2100000e-01 -3.0000000e-01  1.7000000e-01  6.3000000e-01
 -6.2000000e-01  7.6000000e-01 -7.7000000e-01 -3.8000000e-01
 -5.5000000e-01 -1.6000000e-01  6.2000000e-01 -5.0000000e-01
 -3.0000000e-02 -3.7000000e-01 -9.8000000e-01  5.0000000e-02
 -4.8000000e-01  5.6000000e-01  2.0000000e-01  2.0000000e-01
 -7.5000000e-01 -1.4000000e-01  1.0360000e+00 -6.5000000e-01
 -5.5000000e-01  2.0000000e-02  1.3000000e-01 -2.8000000e-01
  2.0000000e-01  8.7800000e-01][ 0.47  -0.59   0.75  -0.62  -0.96   0.17  -0.91   0.03  -0.45   0.82
  0.27  -0.68   0.92  -0.82   0.79  -0.47  -0.129  0.06   0.76   0.05
 -0.08   0.55   0.75   0.17  -0.98  -0.94   0.73  -0.28  -0.13   0.16
  0.95   0.42   0.36  -0.45  -0.72   0.61   0.75  -0.53  -0.8    0.29
 -0.02   0.22   0.94   0.3   -0.75  -0.07  -1.306  0.63   0.73  -0.85
  0.65  -0.384 -0.16   0.2   -0.45  -0.02  -0.27  -0.84  -0.69   0.85
  0.521 -0.42   0.46   0.02  -0.62   0.68  -0.77  -0.38   0.74  -0.52
  0.62  -0.5   -0.03  -0.37  -0.98   0.05  -0.48   0.56   0.2    0.2
 -0.75  -0.14   1.036 -0.65  -0.55   0.02   0.13  -0.28   0.2    0.13 ][ 4.7000000e-01 -5.9000000e-01  7.5000000e-01 -6.2000000e-01
  2.2000000e-01  1.7000000e-01 -9.1000000e-01  3.0000000e-02
 -1.0000000e-02  8.2000000e-01  2.7000000e-01 -6.8000000e-01
 -9.0000000e-01 -8.2000000e-01  7.9000000e-01 -4.7000000e-01
 -8.7000000e-01  8.8817842e-16  7.6000000e-01  5.0000000e-02
 -8.0000000e-02  5.5000000e-01  7.5000000e-01  1.7000000e-01
  2.4900000e-01 -9.4000000e-01  7.3000000e-01 -2.8000000e-01
 -1.3000000e-01  1.6000000e-01 -6.2000000e-01  4.2000000e-01
  3.6000000e-01 -4.5000000e-01 -7.2000000e-01  6.1000000e-01
  7.5000000e-01 -5.3000000e-01  4.8100000e-01  2.9000000e-01
 -2.0000000e-02  8.5100000e-01 -1.0000000e-01  3.0000000e-01
 -7.5000000e-01 -7.0000000e-02  5.0000000e-01  6.3000000e-01
  7.3000000e-01 -8.5000000e-01  6.5000000e-01 -2.6000000e-01
  7.3000000e-01  2.0000000e-01 -4.5000000e-01  9.4800000e-01
 -2.7000000e-01 -8.4000000e-01 -6.9000000e-01  8.5000000e-01
  5.2100000e-01  2.1000000e-01  1.7000000e-01  2.0000000e-02
 -6.2000000e-01  7.6000000e-01 -7.7000000e-01 -3.8000000e-01
  7.4000000e-01 -1.6000000e-01  6.2000000e-01 -5.0000000e-01
 -3.0000000e-02  1.8000000e-01 -9.8000000e-01  5.0000000e-02
 -4.8000000e-01  5.6000000e-01  2.0000000e-01  3.5000000e-01
 -1.2000000e-01 -7.7000000e-01  1.0360000e+00 -6.5000000e-01
 -5.5000000e-01  2.0000000e-02  1.3000000e-01 -2.8000000e-01
  2.0000000e-01  8.7800000e-01][ 0.47   0.327  0.75  -0.62  -0.96   0.17  -0.91   0.03  -1.251  0.82
  0.923 -0.75  -0.9   -0.82   0.79  -0.47  -0.129  0.06   0.76   0.05
 -0.08   0.55   0.75   0.17  -0.269 -0.94   0.73  -0.28   0.51   0.16
 -0.62   0.42   0.36  -0.45  -0.72   0.61   0.75  -0.53   0.65   0.29
  0.03   0.851  0.1    0.3   -0.75  -0.07   0.5    0.63  -0.121 -0.85
  0.65   0.81  -0.16   0.2   -0.45  -0.02  -0.27  -0.84  -0.69   0.85
  0.521 -0.42   0.17   0.63  -0.62   0.76  -0.77  -0.38   0.74   0.2
  0.62  -0.5   -0.03  -0.37  -0.98   0.05  -0.48   0.56   0.2    0.2
 -0.12  -0.77   1.036 -0.65  -0.55   0.02   0.13   0.07   0.53   0.13 ][ 0.47  -0.59   0.75  -0.62  -0.96   0.17  -0.91   0.03  -0.45   0.82
  0.923 -0.68   0.92  -0.82   0.79  -0.47  -0.129 -0.701  0.76   0.05
 -0.08   0.55   0.75   0.17  -0.98  -0.94   0.73   0.57   0.51   0.122
  0.95   0.42   0.36  -0.45  -0.79   0.61   0.75  -0.53   0.65   0.29
 -0.02   0.22   0.1    0.3   -0.75  -0.07  -1.306  0.63  -0.121 -1.012
  0.65  -0.26  -0.16   0.2   -0.45   0.81  -0.27  -0.84  -0.69   0.85
 -0.82  -0.3    0.17   0.02  -0.62   0.68  -0.2   -0.38  -0.55   0.2
  0.62  -0.5   -0.03  -0.37  -0.98   0.05  -0.48   0.56   0.2    0.35
 -0.75  -0.77   1.036 -0.65  -0.55   0.02   0.13  -0.28   0.2    0.878][ 0.47  -0.59   0.08  -0.62   0.22   0.17  -0.91   0.03  -0.967  0.82
  0.923 -0.68   0.92  -0.82   0.79  -0.47  -0.87   0.06   0.76  -0.15
 -0.08  -0.346  0.05   0.17  -0.98  -0.94   0.73  -0.28  -0.13   0.16
 -0.62   0.42   0.36  -1.218 -0.79   0.61   0.75  -0.53  -0.8    0.29
  0.03  -0.57   0.94   0.47   0.66  -0.07  -1.306 -0.551 -0.121 -0.85
  0.65  -0.26  -0.16   0.2   -0.45   0.31  -0.27  -0.98  -0.69   0.85
  0.66  -0.42   0.46   0.02   0.327  0.68  -0.77  -0.38  -0.55   0.2
  0.62  -0.5   -0.03  -0.37  -0.98   0.05  -0.48   1.584  0.2    0.35
  0.088 -0.77   0.94  -0.65  -0.55   0.02   0.13  -0.28   0.53   0.13 ][ 4.7000000e-01 -5.9000000e-01  7.5000000e-01 -6.2000000e-01
  2.2000000e-01  1.7000000e-01 -9.1000000e-01  3.0000000e-02
 -1.0000000e-02  8.2000000e-01  9.2300000e-01 -6.8000000e-01
  9.2000000e-01 -8.2000000e-01  7.9000000e-01 -4.7000000e-01
 -8.7000000e-01  8.8817842e-16  7.6000000e-01  5.0000000e-02
 -8.0000000e-02 -3.4600000e-01  7.5000000e-01  1.7000000e-01
 -9.8000000e-01 -9.4000000e-01  7.3000000e-01  5.7000000e-01
 -1.3000000e-01  1.2200000e-01  9.5000000e-01  4.2000000e-01
  3.6000000e-01 -4.5000000e-01 -7.9000000e-01  6.1000000e-01
  7.5000000e-01 -5.3000000e-01 -8.0000000e-01  2.9000000e-01
 -2.0000000e-02  2.2000000e-01  1.0000000e-01  3.0000000e-01
 -7.5000000e-01 -7.0000000e-02 -1.3060000e+00  6.3000000e-01
 -1.2100000e-01 -1.0120000e+00  6.5000000e-01 -2.6000000e-01
 -1.6000000e-01  2.0000000e-01 -4.5000000e-01  8.1000000e-01
 -2.7000000e-01 -8.4000000e-01 -6.9000000e-01  8.5000000e-01
 -8.2000000e-01 -3.0000000e-01  4.6000000e-01  2.0000000e-02
 -6.2000000e-01  6.8000000e-01 -8.1000000e-01 -3.8000000e-01
 -5.5000000e-01  2.0000000e-01  6.2000000e-01 -5.0000000e-01
 -3.0000000e-02 -3.7000000e-01 -9.8000000e-01  5.0000000e-02
 -4.8000000e-01  5.6000000e-01  2.0000000e-01  7.6000000e-01
 -7.5000000e-01 -7.7000000e-01  1.0360000e+00 -6.5000000e-01
 -5.5000000e-01  2.0000000e-02  1.3000000e-01 -2.8000000e-01
  2.0000000e-01  1.3000000e-01][ 4.7000000e-01 -5.9000000e-01  8.0000000e-02 -6.2000000e-01
  2.2000000e-01  1.7000000e-01 -9.1000000e-01  3.0000000e-02
 -1.0000000e-02  8.2000000e-01  2.7000000e-01 -7.5000000e-01
  9.2000000e-01 -8.2000000e-01  7.9000000e-01 -4.7000000e-01
 -8.7000000e-01  8.8817842e-16  7.6000000e-01  5.0000000e-02
 -8.0000000e-02  5.5000000e-01  7.5000000e-01  1.7000000e-01
 -2.6900000e-01 -9.4000000e-01  7.3000000e-01 -2.8000000e-01
  5.1000000e-01  1.6000000e-01  9.5000000e-01  4.2000000e-01
  3.6000000e-01 -4.5000000e-01 -7.9000000e-01  6.1000000e-01
  4.8000000e-01 -5.3000000e-01 -8.0000000e-01  2.9000000e-01
  3.0000000e-02 -5.7000000e-01  9.4000000e-01  4.7000000e-01
  6.6000000e-01 -7.0000000e-01  5.0000000e-01  6.3000000e-01
  7.3000000e-01 -8.5000000e-01  1.3260000e+00 -3.8400000e-01
 -1.6000000e-01  2.0000000e-01 -4.5000000e-01  3.1000000e-01
 -2.7000000e-01 -8.4000000e-01 -6.9000000e-01  8.5000000e-01
  6.6000000e-01 -4.2000000e-01  1.7000000e-01  6.3000000e-01
 -6.2000000e-01  7.6000000e-01 -7.7000000e-01 -3.8000000e-01
 -5.5000000e-01  2.0000000e-01  6.2000000e-01  9.0000000e-02
 -3.0000000e-02  7.2000000e-01 -9.8000000e-01  5.0000000e-02
 -4.8000000e-01  5.6000000e-01  2.0000000e-01  2.0000000e-01
 -7.5000000e-01 -1.4000000e-01  1.0360000e+00 -6.5000000e-01
 -5.5000000e-01 -1.5400000e-01  1.3000000e-01 -2.8000000e-01
  5.3000000e-01  8.7800000e-01][ 0.47  -0.59   0.75  -0.26   0.22   0.17  -1.368  0.12  -0.45   0.82
  0.923 -0.68   0.92  -0.82   0.79  -0.47  -0.87   0.06   0.76  -0.68
 -0.08   0.55   0.75   0.17  -0.98  -0.92   0.73   0.57  -0.13   0.16
 -0.62   0.42   0.36  -0.45  -0.72   0.61   0.75  -0.53  -0.8    0.29
 -0.02  -0.57   0.94   0.3   -0.75  -0.07   0.5   -0.551 -0.121 -1.012
  0.65  -0.26  -0.16   0.2   -0.45   0.81  -0.27  -0.84  -0.69   0.85
 -0.82  -0.3    0.46  -0.62  -0.62   0.68  -0.77  -0.38  -0.55   0.2
  0.62  -0.5   -0.03   0.72  -0.98   0.05  -0.48   0.56   0.2    0.35
 -0.75  -0.77   1.036 -0.65  -0.55   0.02   0.13   0.07   0.2    0.13 ][ 0.47  -0.59   0.08  -0.62  -0.96   0.17  -0.91   0.03  -0.01   0.82
  0.72  -0.68   0.92  -0.82   0.79  -0.47  -0.87   0.06   1.448 -0.15
 -0.08   0.55   0.05   0.17  -0.269 -0.94   0.73  -0.28   0.51   0.16
 -0.62   0.42   0.36  -0.45  -0.79   0.61   0.75  -0.53  -0.8    0.29
  0.03  -0.57   0.1    0.47   0.66  -0.7   -1.306 -0.551 -0.121 -1.591
  0.614 -0.26  -0.16   0.2   -0.45   0.31  -0.27  -0.84  -0.69   0.85
 -0.82  -0.3    0.46   0.02  -0.62   0.76  -0.2   -0.38  -0.55   0.2
  0.62  -0.5   -0.03   0.72  -0.98   0.28  -0.48   1.584  0.2    0.35
  0.088 -0.77   1.036 -0.65  -0.55   0.02   0.13  -0.28   0.2    0.878][ 0.47  -0.6    0.08  -0.62  -0.96   0.17  -0.97   0.03  -0.967  0.82
  0.923 -0.68   0.92  -0.82   0.79  -0.47  -0.87   0.06   0.69  -0.15
 -0.08  -0.346  0.75   0.17  -0.269 -0.94   0.73  -0.28  -0.13   0.16
 -0.62   0.42   0.36  -0.45  -0.72   0.61   0.75  -0.53  -0.8    0.29
 -0.02   0.22   0.94   0.3   -0.75  -0.07   0.5    0.63  -0.121 -0.85
  0.65  -0.26  -0.16   0.2   -0.45   0.31  -0.27  -1.594 -0.69   0.85
 -0.82   0.21   0.46   0.02  -0.62   0.68  -0.81  -0.38  -0.55   0.2
  0.62  -0.5   -0.03  -0.37  -0.98   0.05  -0.48   1.584  0.2    0.35
 -0.75  -0.77   0.94  -0.65  -0.55   0.02   0.13  -0.28   0.2    0.13 ][ 4.7000000e-01 -5.9000000e-01  7.5000000e-01 -6.2000000e-01
 -9.6000000e-01  1.7000000e-01 -9.1000000e-01  3.0000000e-02
 -4.5000000e-01  8.2000000e-01  2.7000000e-01 -6.8000000e-01
  9.2000000e-01 -8.2000000e-01  7.9000000e-01 -4.7000000e-01
 -8.7000000e-01  8.8817842e-16  7.6000000e-01 -1.5000000e-01
 -8.0000000e-02 -3.4600000e-01  7.5000000e-01  1.7000000e-01
 -2.6900000e-01 -9.4000000e-01  7.3000000e-01  5.7000000e-01
 -1.3000000e-01  1.6000000e-01  9.5000000e-01  4.2000000e-01
  3.6000000e-01 -4.5000000e-01 -7.2000000e-01  6.1000000e-01
  7.5000000e-01 -5.3000000e-01 -8.0000000e-01  2.9000000e-01
 -2.0000000e-02  8.5100000e-01  1.0000000e-01  3.0000000e-01
 -7.5000000e-01 -7.0000000e-02  5.0000000e-01  6.3000000e-01
  7.3000000e-01 -8.5000000e-01  6.5000000e-01 -2.6000000e-01
 -1.6000000e-01  2.0000000e-01 -4.5000000e-01 -2.0000000e-02
 -2.7000000e-01 -8.4000000e-01 -6.9000000e-01  8.5000000e-01
 -8.2000000e-01 -4.2000000e-01  4.6000000e-01  6.3000000e-01
 -6.2000000e-01  6.8000000e-01 -8.1000000e-01 -3.8000000e-01
 -5.5000000e-01 -1.6000000e-01  6.2000000e-01  9.0000000e-02
 -3.0000000e-02  5.1400000e-01 -9.8000000e-01  5.0000000e-02
 -4.8000000e-01  5.6000000e-01  2.0000000e-01  3.5000000e-01
 -7.5000000e-01 -1.4000000e-01  1.0360000e+00 -6.5000000e-01
 -5.5000000e-01  2.0000000e-02  1.3000000e-01 -2.8000000e-01
  2.0000000e-01  1.3000000e-01][ 4.7000000e-01 -3.8300000e-01  7.5000000e-01 -6.2000000e-01
 -9.6000000e-01  1.7000000e-01 -9.1000000e-01  3.0000000e-02
 -1.0000000e-02  8.2000000e-01  9.2300000e-01 -6.8000000e-01
  9.2000000e-01 -8.2000000e-01  7.9000000e-01 -4.7000000e-01
 -8.7000000e-01  8.8817842e-16  7.6000000e-01  5.0000000e-02
 -8.0000000e-02 -3.4600000e-01  7.5000000e-01  1.7000000e-01
 -2.6900000e-01 -9.4000000e-01  7.3000000e-01 -2.8000000e-01
  5.1000000e-01  1.6000000e-01  9.5000000e-01  4.2000000e-01
  3.6000000e-01 -4.5000000e-01 -7.9000000e-01  6.1000000e-01
  7.5000000e-01 -5.3000000e-01 -8.0000000e-01  2.9000000e-01
 -2.0000000e-02  8.5100000e-01  9.4000000e-01  3.0000000e-01
 -7.5000000e-01 -7.0000000e-02  5.0000000e-01  6.3000000e-01
  7.3000000e-01 -1.0120000e+00  6.5000000e-01 -3.8400000e-01
 -1.6000000e-01  2.0000000e-01 -4.5000000e-01  8.1000000e-01
 -2.7000000e-01 -8.4000000e-01 -6.9000000e-01  8.5000000e-01
 -8.2000000e-01 -3.0000000e-01  1.7000000e-01  6.3000000e-01
 -6.2000000e-01  6.8000000e-01 -7.7000000e-01 -3.8000000e-01
 -5.5000000e-01  2.0000000e-01  6.2000000e-01  9.0000000e-02
 -3.0000000e-02 -3.7000000e-01 -9.8000000e-01  5.0000000e-02
 -4.8000000e-01  5.6000000e-01  2.0000000e-01  3.5000000e-01
 -7.5000000e-01 -7.7000000e-01  1.0360000e+00 -6.5000000e-01
 -5.5000000e-01  2.0000000e-02  1.3000000e-01 -2.8000000e-01
  2.0000000e-01  1.3000000e-01][ 4.7000000e-01 -5.9000000e-01  7.5000000e-01 -6.2000000e-01
  2.2000000e-01  8.1000000e-01 -9.1000000e-01  3.0000000e-02
 -1.0000000e-02  8.2000000e-01  9.2300000e-01 -6.8000000e-01
 -9.0000000e-01 -8.2000000e-01  7.9000000e-01 -4.7000000e-01
 -1.2900000e-01  8.8817842e-16  7.6000000e-01  5.0000000e-02
 -8.0000000e-02  5.5000000e-01  7.5000000e-01  1.7000000e-01
 -2.6900000e-01 -9.4000000e-01  7.3000000e-01 -2.8000000e-01
  5.1000000e-01  1.6000000e-01  9.5000000e-01  4.2000000e-01
  3.6000000e-01 -4.5000000e-01 -7.9000000e-01  6.1000000e-01
  7.5000000e-01 -5.3000000e-01  4.8100000e-01  2.9000000e-01
 -2.0000000e-02  8.5100000e-01  1.0000000e-01  3.0000000e-01
 -7.5000000e-01 -7.0000000e-02 -1.3060000e+00  6.3000000e-01
  7.3000000e-01 -8.5000000e-01  6.5000000e-01 -2.6000000e-01
  7.3000000e-01  2.0000000e-01 -4.5000000e-01 -2.0000000e-02
 -2.7000000e-01 -8.4000000e-01 -6.9000000e-01  8.5000000e-01
  5.2100000e-01  2.1000000e-01  4.6000000e-01 -1.7400000e-01
 -6.2000000e-01  6.8000000e-01  1.3000000e-02 -3.8000000e-01
 -5.5000000e-01 -1.6000000e-01  6.2000000e-01 -5.0000000e-01
 -3.0000000e-02 -3.7000000e-01 -9.8000000e-01  5.0000000e-02
 -4.8000000e-01  5.6000000e-01  2.0000000e-01  2.0000000e-01
 -7.5000000e-01 -7.7000000e-01  9.4000000e-01 -6.5000000e-01
 -5.5000000e-01  2.0000000e-02  1.3000000e-01 -2.8000000e-01
  2.0000000e-01  1.3000000e-01][ 0.47  -0.59   0.75  -0.62   0.22   0.81  -0.91   0.03  -0.45   0.82
  0.923 -0.68   0.92  -0.82   0.79  -0.47  -0.87   0.06   1.506 -0.15
 -0.08   0.892  0.75   0.17  -0.98  -0.92   0.73  -0.28  -0.13   0.16
 -0.62   0.42   0.36  -0.45  -0.72   0.61   0.84  -0.53  -0.8    0.29
 -0.02  -0.57   0.94   0.47  -0.75  -0.07   0.5    0.63  -0.121 -1.012
  0.65  -0.26  -0.16  -0.88  -0.45  -0.087 -0.27  -0.84  -0.69   0.85
 -0.82  -0.3    0.46   0.02  -0.62   0.68  -0.81  -0.38   0.74  -0.16
  0.62  -0.5   -0.03   0.18  -0.98   0.28  -0.48   0.56   0.2    0.35
 -0.12  -0.91   1.036 -0.65  -0.55   0.02   0.13   0.07   0.2    0.13 ][ 4.7000000e-01 -5.9000000e-01  7.5000000e-01 -6.2000000e-01
 -9.6000000e-01  1.7000000e-01 -9.1000000e-01  3.0000000e-02
 -1.0000000e-02  8.2000000e-01  9.2300000e-01 -7.5000000e-01
  9.2000000e-01 -8.2000000e-01  7.9000000e-01 -4.7000000e-01
 -8.7000000e-01  8.8817842e-16  7.6000000e-01  5.0000000e-02
 -8.0000000e-02  5.5000000e-01  7.5000000e-01  1.7000000e-01
 -2.6900000e-01 -9.4000000e-01  7.3000000e-01  5.7000000e-01
 -1.3000000e-01  1.6000000e-01  9.5000000e-01  4.2000000e-01
  3.6000000e-01 -5.1200000e-01 -7.9000000e-01  6.1000000e-01
  7.5000000e-01 -5.3000000e-01  6.5000000e-01  2.9000000e-01
 -2.0000000e-02 -5.6900000e-01  9.4000000e-01  3.0000000e-01
 -7.5000000e-01 -7.0000000e-02  5.0000000e-01  6.3000000e-01
 -1.2100000e-01 -8.5000000e-01  6.5000000e-01 -3.8400000e-01
  7.3000000e-01  2.0000000e-01 -4.5000000e-01 -2.0000000e-02
 -2.7000000e-01 -8.4000000e-01 -6.9000000e-01  8.5000000e-01
  5.2100000e-01 -3.0000000e-01  1.7000000e-01  6.3000000e-01
 -6.2000000e-01  7.6000000e-01 -7.7000000e-01 -3.8000000e-01
  7.4000000e-01 -1.6000000e-01  6.2000000e-01 -5.0000000e-01
 -3.0000000e-02 -3.7000000e-01 -9.8000000e-01  5.0000000e-02
 -4.8000000e-01  5.6000000e-01  2.0000000e-01  2.0000000e-01
 -7.5000000e-01 -1.4000000e-01  1.0360000e+00 -6.5000000e-01
 -5.5000000e-01  2.0000000e-02  1.3000000e-01 -2.8000000e-01
  2.0000000e-01  8.7800000e-01][ 0.47  -0.59   0.08  -0.26  -0.96   0.17  -0.91   0.03  -0.01   1.199
  0.27  -0.75   0.92  -0.82   0.79  -0.47  -0.129  0.06   0.76  -0.15
 -0.08  -0.66   0.75   0.17  -0.269 -0.94   0.73  -0.28   0.51   0.16
 -0.62   0.42   0.36  -0.45  -0.79   0.61   0.75  -0.53  -0.8    0.29
  0.03  -0.57   0.1    0.47   0.66  -0.07   0.5    0.63   0.73  -1.591
  1.326  0.81  -0.16   0.2   -0.45   0.31  -0.27  -0.84  -0.69   0.85
  0.521 -0.42   0.17   0.63  -0.62   0.76  -0.77  -0.38  -0.55   0.2
  0.62  -0.5   -0.03   0.72  -0.98   0.05  -0.48   1.584  0.2    0.2
 -0.75  -0.77   0.94  -0.65  -0.55   0.02   0.13  -0.28   0.53   0.878][ 4.7000000e-01 -5.9000000e-01  8.0000000e-02 -2.6000000e-01
  2.2000000e-01  1.7000000e-01 -9.1000000e-01  3.0000000e-02
 -1.0000000e-02  8.2000000e-01  9.2300000e-01 -6.8000000e-01
  9.2000000e-01 -8.2000000e-01  7.9000000e-01 -4.7000000e-01
 -8.7000000e-01  8.8817842e-16  7.6000000e-01  5.0000000e-02
 -8.0000000e-02  5.5000000e-01  7.5000000e-01  1.7000000e-01
 -2.6900000e-01 -9.4000000e-01  7.3000000e-01 -2.8000000e-01
  5.1000000e-01  1.6000000e-01  9.5000000e-01  4.2000000e-01
  3.6000000e-01 -4.5000000e-01 -7.9000000e-01  6.1000000e-01
  4.8000000e-01 -5.3000000e-01 -8.0000000e-01  2.9000000e-01
  3.0000000e-02  8.5100000e-01  9.4000000e-01  4.7000000e-01
  6.6000000e-01 -7.0000000e-02  1.6700000e-01  6.3000000e-01
  7.3000000e-01 -8.5000000e-01  1.3260000e+00  8.1000000e-01
  2.3800000e-01  2.0000000e-01 -4.5000000e-01 -2.0000000e-02
 -2.7000000e-01 -8.4000000e-01 -6.9000000e-01  8.5000000e-01
  5.2100000e-01 -4.2000000e-01  4.6000000e-01  6.3000000e-01
 -6.2000000e-01  7.6000000e-01 -7.7000000e-01 -3.8000000e-01
 -5.5000000e-01  2.0000000e-01  6.2000000e-01  9.0000000e-02
 -3.0000000e-02  7.2000000e-01 -9.8000000e-01  2.8000000e-01
 -4.8000000e-01  1.5840000e+00  2.0000000e-01  2.0000000e-01
  8.8000000e-02 -7.7000000e-01  9.4000000e-01 -6.5000000e-01
 -5.5000000e-01  2.0000000e-02  1.3000000e-01 -2.8000000e-01
  2.0000000e-01  8.7800000e-01][ 0.47  -0.6    0.08  -0.62   0.22   0.976 -0.91   0.03  -0.45   0.82
  0.923 -0.68   0.92  -0.82   0.79  -0.47  -0.87   0.06   0.69  -0.15
 -0.08  -0.346  0.75   0.17  -0.98  -0.94   0.73   0.57  -0.13   0.16
  0.95   0.42   0.36  -0.45  -0.72   0.61   0.84  -0.53  -0.8    0.29
 -0.02   0.22   0.1    0.3   -0.75  -0.07  -1.306  0.63   0.73  -0.85
  0.65  -0.26  -0.16   0.2   -0.45   0.31  -0.27  -0.84  -0.69   0.85
  0.15  -0.3    0.46   0.02  -0.62   0.76  -0.81  -0.38   0.74  -0.16
  0.62  -0.5   -0.03   0.18  -0.98   0.05  -0.48   0.56   0.2    0.35
 -0.75  -0.77   0.94  -0.65  -0.55   0.02   0.13   0.07   0.2    0.13 ][ 4.7000000e-01 -5.9000000e-01  7.5000000e-01 -6.2000000e-01
 -9.6000000e-01  1.7000000e-01 -9.1000000e-01  3.0000000e-02
 -4.5000000e-01  8.2000000e-01  9.2300000e-01 -7.5000000e-01
  9.2000000e-01 -8.2000000e-01  7.9000000e-01 -4.7000000e-01
 -1.2900000e-01  8.8817842e-16  7.6000000e-01 -1.5000000e-01
 -8.0000000e-02  5.5000000e-01  7.5000000e-01  1.7000000e-01
 -2.6900000e-01 -9.4000000e-01  7.3000000e-01 -2.8000000e-01
 -1.3000000e-01  1.6000000e-01  9.5000000e-01  4.2000000e-01
  3.6000000e-01 -4.5000000e-01 -7.9000000e-01  6.1000000e-01
  7.5000000e-01 -5.3000000e-01  6.5000000e-01  2.9000000e-01
 -2.0000000e-02  8.5100000e-01  3.0800000e-01  3.0000000e-01
  6.6000000e-01 -7.0000000e-02  5.0000000e-01  6.3000000e-01
  7.3000000e-01 -1.0120000e+00  6.5000000e-01 -2.6000000e-01
  7.3000000e-01  2.0000000e-01 -4.5000000e-01  8.1000000e-01
 -2.7000000e-01 -8.4000000e-01 -6.9000000e-01  8.5000000e-01
 -8.2000000e-01 -4.2000000e-01  4.6000000e-01  2.0000000e-02
 -6.2000000e-01  6.8000000e-01 -7.7000000e-01 -3.8000000e-01
  7.4000000e-01  2.0000000e-01  6.2000000e-01 -5.0000000e-01
 -3.0000000e-02 -3.7000000e-01 -9.8000000e-01  5.0000000e-02
 -4.8000000e-01  5.6000000e-01  2.0000000e-01  3.5000000e-01
 -7.5000000e-01 -1.4000000e-01  1.0360000e+00 -6.5000000e-01
 -5.5000000e-01  2.0000000e-02  1.3000000e-01 -2.8000000e-01
  2.0000000e-01  8.7800000e-01][ 0.47  -0.59   0.75  -0.62   0.22   0.17  -0.91   0.03  -0.45   0.82
  0.923 -0.68  -0.9   -0.82   0.79  -0.47  -0.87   0.06   0.76  -0.15
 -0.08   0.55   0.75   0.17  -0.98  -0.92   0.73   0.57  -0.13   0.16
  0.95   0.42   0.36  -0.45  -0.72   0.61   0.48  -0.53  -0.8    0.29
  0.03  -0.57   0.94   0.47  -0.75   0.54  -1.306  0.63  -0.121 -0.85
  0.65  -0.26  -0.16   0.2   -0.45   0.31  -0.27  -0.84  -0.69   0.85
 -0.82  -0.3    0.46   0.02  -0.62   0.68  -0.81  -0.38   0.74   0.2
  0.62  -0.5   -0.03  -0.37  -0.98   0.05  -0.48   0.56   0.2    0.35
 -0.75  -0.77   1.036 -0.65  -1.117  0.02   0.13   0.07   0.2    0.13 ][ 0.47  -0.59   0.75  -0.62   0.22   0.17  -0.91   0.03  -0.01   0.482
  0.72  -0.68   0.92  -0.82   0.79  -0.47  -0.87   0.06   0.76   0.05
 -0.08  -0.346  0.75   0.17  -0.98  -0.94   0.73  -0.28   0.51   0.16
 -0.62   0.42   0.36  -0.45  -0.72   0.61   0.48  -0.53  -0.8    0.29
 -0.02   0.22   0.94   0.3   -0.75   0.54   0.167  0.63  -0.121 -0.85
  0.65  -0.26  -0.16   0.2   -0.45   0.31  -0.27  -0.84  -0.69   0.85
 -0.82  -0.3    0.46   0.02  -0.62   0.68  -0.81  -0.38   0.74   0.2
  0.62  -0.5   -0.03  -0.37  -1.964  0.05  -0.48   1.584  0.2    0.35
 -0.75  -0.77   1.036 -0.65  -0.55   0.02   0.13   0.07   0.2    0.878][ 4.7000000e-01 -5.9000000e-01  7.5000000e-01 -6.2000000e-01
 -9.6000000e-01  1.7000000e-01 -9.1000000e-01  3.0000000e-02
 -4.5000000e-01  8.2000000e-01  9.2300000e-01 -6.8000000e-01
  9.2000000e-01 -8.2000000e-01  7.9000000e-01 -4.7000000e-01
 -1.2900000e-01  8.8817842e-16  7.6000000e-01 -1.5000000e-01
 -8.0000000e-02 -3.4600000e-01  7.5000000e-01  1.7000000e-01
 -9.8000000e-01 -9.4000000e-01  7.3000000e-01 -2.8000000e-01
  5.1000000e-01  1.6000000e-01  9.5000000e-01  4.2000000e-01
  3.6000000e-01 -4.5000000e-01 -7.9000000e-01  6.1000000e-01
  7.5000000e-01 -5.3000000e-01 -8.0000000e-01  2.9000000e-01
 -2.0000000e-02  2.2000000e-01  1.0000000e-01  3.0000000e-01
 -7.5000000e-01 -7.0000000e-02  5.0000000e-01  6.3000000e-01
  7.3000000e-01 -8.5000000e-01  6.5000000e-01 -3.8400000e-01
  7.3000000e-01  2.0000000e-01 -4.5000000e-01 -2.0000000e-02
 -2.8500000e-01 -8.4000000e-01 -6.9000000e-01  8.5000000e-01
 -8.2000000e-01 -3.0000000e-01  1.7000000e-01  2.0000000e-02
 -6.2000000e-01  6.8000000e-01 -7.7000000e-01 -3.8000000e-01
  7.4000000e-01  2.0000000e-01  6.2000000e-01  9.0000000e-02
 -3.0000000e-02 -3.7000000e-01 -9.8000000e-01  5.0000000e-02
 -4.8000000e-01  5.6000000e-01  2.0000000e-01  2.0000000e-01
 -7.5000000e-01 -1.4000000e-01  1.0360000e+00 -6.5000000e-01
 -5.5000000e-01  2.0000000e-02  1.3000000e-01 -2.8000000e-01
  2.0000000e-01  8.7800000e-01][ 4.7000000e-01 -5.9000000e-01  7.5000000e-01 -6.2000000e-01
 -9.6000000e-01  1.7000000e-01 -9.1000000e-01  3.0000000e-02
 -1.0000000e-02  8.2000000e-01  2.7000000e-01 -7.5000000e-01
  9.2000000e-01 -8.2000000e-01  7.9000000e-01 -4.7000000e-01
 -8.7000000e-01  8.8817842e-16  6.9000000e-01  5.0000000e-02
 -8.0000000e-02 -3.4600000e-01  7.5000000e-01  1.7000000e-01
 -2.6900000e-01 -9.4000000e-01  7.3000000e-01 -2.8000000e-01
  5.1000000e-01  1.6000000e-01  9.5000000e-01  4.2000000e-01
  3.6000000e-01 -4.5000000e-01 -7.9000000e-01  6.1000000e-01
  7.5000000e-01 -5.3000000e-01  6.5000000e-01  2.9000000e-01
 -2.0000000e-02  8.5100000e-01  1.0000000e-01  3.0000000e-01
  6.6000000e-01 -7.0000000e-02  5.0000000e-01  6.3000000e-01
  7.3000000e-01 -8.5000000e-01  6.5000000e-01 -3.8400000e-01
  7.3000000e-01  2.0000000e-01 -4.5000000e-01  3.1000000e-01
 -2.7000000e-01 -8.4000000e-01  5.8000000e-01  8.5000000e-01
  5.2100000e-01 -4.2000000e-01  1.7000000e-01  6.3000000e-01
 -6.2000000e-01  7.6000000e-01 -7.7000000e-01 -3.8000000e-01
 -5.5000000e-01 -1.6000000e-01  6.2000000e-01  9.0000000e-02
 -3.0000000e-02 -3.7000000e-01 -9.8000000e-01  5.0000000e-02
 -4.8000000e-01  5.6000000e-01  2.0000000e-01  2.0000000e-01
 -7.5000000e-01 -1.4000000e-01  9.4000000e-01 -6.5000000e-01
 -5.5000000e-01 -2.6000000e-01 -1.0500000e-01 -2.8000000e-01
  2.0000000e-01  8.7800000e-01][ 0.47  -0.59   0.75  -0.62   0.22   0.17  -0.91   0.03  -0.45   0.82
  0.923 -0.68  -0.9   -0.82   0.79  -0.47  -0.87   0.06   0.76  -0.15
 -0.08   0.55   0.75   0.17  -0.98  -0.94   0.73   0.57  -0.13   0.902
  0.95   0.42   0.36  -0.45  -0.72   0.61   0.48  -0.53  -0.8    0.29
 -0.02  -0.57   0.94   0.3   -0.75  -0.07   0.167  0.63  -0.121 -1.012
  0.65  -0.26  -0.16   0.2   -0.45   0.31  -0.27  -0.84  -0.69   0.85
 -0.82  -0.3    0.46   0.02  -0.62   0.68  -0.81  -0.38   0.74   0.2
  0.62  -0.5   -0.03  -0.37  -0.98   0.05  -0.48   1.584  0.2    0.35
 -0.75  -0.77   1.036 -0.65  -0.55  -0.671  0.13   0.07   0.2    0.13 ][ 0.47  -0.59   0.75  -0.62  -0.96   0.17  -0.91   0.03  -0.01   0.82
  0.923 -0.68   0.92  -0.82   0.79  -0.47  -0.87   0.06   0.76  -0.15
 -0.08  -0.346  0.75   0.17  -0.269 -0.94   0.73  -0.28  -0.13   0.16
  0.95   0.42   0.36  -0.45  -0.72   0.61   0.75  -0.53  -0.861  0.29
 -0.02   0.22   0.1    0.3   -0.75  -0.07  -1.306  0.63  -0.121 -1.012
  0.65  -0.26  -0.16   0.2   -0.45   0.81  -0.27  -0.84  -0.69   0.85
  0.521 -0.3    0.17   0.63  -0.62   0.68  -0.77  -0.38   0.74   0.2
  0.62   0.09  -0.03  -0.37  -0.98   0.05  -0.48   0.56   0.2    0.35
 -0.75  -0.14   1.036 -0.65  -0.55   0.02   0.13  -0.28   0.2    0.13 ][ 4.7000000e-01 -5.9000000e-01  7.5000000e-01 -6.2000000e-01
  2.2000000e-01  1.7000000e-01 -9.1000000e-01  3.0000000e-02
 -1.0000000e-02  8.2000000e-01  2.7000000e-01 -6.8000000e-01
  9.2000000e-01 -8.2000000e-01  7.9000000e-01 -4.7000000e-01
 -1.2900000e-01  8.8817842e-16  7.6000000e-01 -1.5000000e-01
 -8.0000000e-02  5.5000000e-01  7.5000000e-01  1.7000000e-01
 -2.6900000e-01 -9.4000000e-01  7.3000000e-01  5.7000000e-01
 -1.3000000e-01  1.6000000e-01  9.5000000e-01  4.2000000e-01
  3.6000000e-01 -4.5000000e-01 -7.2000000e-01  6.1000000e-01
  7.5000000e-01 -5.3000000e-01  6.5000000e-01  2.9000000e-01
 -2.0000000e-02  2.2000000e-01  9.4000000e-01  3.0000000e-01
 -7.5000000e-01 -7.0000000e-02  5.0000000e-01  6.3000000e-01
  1.5860000e+00 -1.0120000e+00  6.5000000e-01 -3.8400000e-01
 -1.6000000e-01  2.0000000e-01 -4.5000000e-01  8.1000000e-01
 -2.7000000e-01 -8.4000000e-01 -6.9000000e-01  8.5000000e-01
 -8.2000000e-01 -4.2000000e-01  4.6000000e-01  2.0000000e-02
 -6.2000000e-01  7.6000000e-01 -8.1000000e-01 -3.8000000e-01
 -5.5000000e-01 -1.6000000e-01  6.2000000e-01 -5.0000000e-01
 -3.0000000e-02 -3.7000000e-01 -9.8000000e-01  5.0000000e-02
 -4.8000000e-01  5.6000000e-01  2.0000000e-01  2.0000000e-01
 -7.5000000e-01 -7.7000000e-01  1.0360000e+00 -6.5000000e-01
 -5.5000000e-01  2.0000000e-02  1.3000000e-01 -2.8000000e-01
  2.0000000e-01  1.3000000e-01][ 4.7000000e-01 -5.9000000e-01  7.5000000e-01 -6.2000000e-01
  2.2000000e-01  1.7000000e-01 -9.1000000e-01  3.0000000e-02
 -1.0000000e-02  8.2000000e-01  9.2300000e-01 -6.8000000e-01
 -9.0000000e-01 -8.2000000e-01  7.9000000e-01 -4.7000000e-01
 -1.2900000e-01  8.8817842e-16  7.6000000e-01 -1.5000000e-01
 -8.0000000e-02 -3.4600000e-01  7.5000000e-01  1.7000000e-01
 -9.8000000e-01 -9.4000000e-01  7.3000000e-01  5.7000000e-01
 -1.3000000e-01  1.6000000e-01  9.5000000e-01  4.2000000e-01
  3.6000000e-01 -4.5000000e-01 -7.2000000e-01  6.1000000e-01
  7.5000000e-01 -1.2960000e+00 -8.0000000e-01  2.9000000e-01
 -2.0000000e-02 -5.7000000e-01  9.4000000e-01  3.0000000e-01
 -7.5000000e-01  5.4000000e-01 -1.3060000e+00  6.3000000e-01
  7.3000000e-01 -1.0120000e+00  6.1400000e-01 -2.6000000e-01
 -1.6000000e-01  2.0000000e-01 -4.5000000e-01  8.1000000e-01
 -2.7000000e-01 -8.4000000e-01 -6.9000000e-01  8.5000000e-01
 -8.2000000e-01 -3.0000000e-01  4.6000000e-01  2.0000000e-02
 -6.2000000e-01  6.8000000e-01 -7.7000000e-01 -3.8000000e-01
  7.4000000e-01  2.0000000e-01  6.2000000e-01 -5.0000000e-01
 -3.0000000e-02 -3.7000000e-01 -9.8000000e-01  5.0000000e-02
 -4.8000000e-01  5.6000000e-01  2.0000000e-01  3.5000000e-01
 -7.5000000e-01 -7.7000000e-01  1.0360000e+00 -6.5000000e-01
 -5.5000000e-01  2.0000000e-02  1.3000000e-01  7.0000000e-02
  2.0000000e-01  8.7800000e-01][ 0.47  -0.59   0.75  -0.26   0.22   0.17  -0.91   0.12  -0.01   0.482
  0.923 -0.68   0.92  -0.82   0.79  -0.47  -0.129  0.06   0.76  -0.15
 -0.08   0.55   0.75   0.17  -0.269 -0.92   0.73  -0.28   0.51   0.16
 -0.62   0.42   0.36  -0.45  -0.72   0.61   0.48  -0.53  -0.8    0.29
 -0.02  -0.57   0.94   0.47   0.66   0.54   0.167 -0.551  0.73   0.037
  1.326 -0.26  -0.16   0.2   -0.45   0.31  -0.27  -0.98  -0.69   0.85
 -0.82  -0.42   0.46   0.63  -0.62   0.76  -0.77  -0.38  -0.55   0.2
  0.62  -0.5   -0.03   0.72  -0.98   0.05  -0.48   1.584  0.2    0.35
 -0.75  -0.14   0.94  -0.65  -0.55   0.02   0.13   0.07   0.2    0.878][ 0.47  -0.59   0.75  -0.62  -0.96   0.17  -0.91   0.12  -0.01   0.82
  0.923 -0.68   0.92  -0.82   0.79  -0.47  -0.129  0.06   0.76  -0.15
 -0.08   0.55   0.75   0.17  -0.98  -0.94   1.533 -0.28   0.51   0.16
 -0.62   0.42   0.36  -0.45  -0.79   0.61   0.48  -0.53   0.65   0.29
  0.03   0.851  0.94   0.3   -0.75  -0.07  -1.306  0.63  -0.121 -0.85
  0.65  -0.384  0.73   0.2   -0.45  -0.02  -0.27  -0.84  -0.69   0.85
 -0.82  -0.3    0.46   0.63  -0.62   0.76  -0.77  -0.38   0.74   0.2
  0.62   0.09  -0.03  -0.37  -0.98   0.05  -0.48   1.584  0.2    0.35
 -0.12  -0.77   1.036 -0.65  -0.55   0.02   0.13   0.07   0.2    0.878]