[ 0.47  -0.59   0.75  -0.62   0.22   0.17  -0.91   0.03  -0.967  0.82
  0.923 -0.68   0.92  -0.82   0.79  -0.47  -0.87   0.06   0.69  -0.15
 -0.08  -0.346  0.75   0.17  -0.269 -0.94   0.73  -0.28  -0.13   0.16
  0.95   0.42   0.36  -0.45  -0.72   0.665  0.75  -0.53  -0.8    0.29
 -0.02   0.22   0.1    0.3   -0.75   0.169 -1.088  0.63  -0.121 -0.85
  0.65  -0.26  -0.16   0.2    0.347  0.81  -0.27  -1.594 -0.69   0.85
 -0.82   0.21   0.17   0.02  -0.62   0.68  -0.77  -0.38  -0.55   0.2
  0.62  -0.5   -0.03  -0.37  -0.98   0.05  -0.48   1.584  0.2    1.02
 -0.75  -0.14   1.036 -0.65  -0.55   0.02   0.13  -0.28   0.2    0.13 ][ 0.47  -0.59   0.75  -0.62  -0.96   0.17  -0.97   0.03  -0.01   0.82
  0.72  -0.68   0.92  -0.82   0.79  -0.47  -0.87   0.06   0.69  -0.15
 -0.08  -0.346  0.75   0.17  -0.269 -0.94   0.73  -0.28  -0.13  -0.177
  0.95   1.102  0.36  -0.45  -0.72   0.665  0.75  -0.53  -0.8    0.29
 -0.02   0.22   0.1    0.3   -0.75   0.169 -1.306  0.63  -0.121 -0.85
  0.65  -0.26   0.726  0.2    0.347  0.81  -0.27  -0.84  -0.69   0.85
 -0.82   0.21   0.17   0.02  -0.62   0.68  -0.77  -0.031 -0.55   0.2
  0.62  -0.5   -0.03  -0.37  -0.98   0.05  -0.48   1.584  0.2    0.35
 -0.75  -0.14   1.036 -0.65  -0.55   0.02   0.13  -0.28   0.2    0.13 ][ 0.47  -0.59   0.75  -0.62   0.22   0.17  -0.91   0.03  -0.01   0.82
  0.72  -0.68   0.92  -0.82   0.79  -0.47  -0.87   0.06   0.69  -0.15
 -0.08  -0.346  0.75   0.17  -0.269 -0.94   0.73  -0.28  -0.13   0.16
  0.95   0.42   0.36  -0.45  -0.72   0.665  0.75  -0.53  -0.8    0.29
 -0.02   0.198  0.1    0.3   -0.75   0.169 -1.088  0.63  -0.121 -0.85
  0.65  -0.26  -0.16   0.2    0.347  0.81  -0.27  -1.594 -0.69   0.85
 -0.82   0.21   0.17   0.02  -0.62   0.68  -0.77  -0.38  -0.55   0.2
  0.62  -0.5   -0.03  -0.37  -0.98   0.05  -0.48   1.584  0.2    0.798
 -0.75  -0.14   1.036 -0.65  -0.55   0.02   0.13  -0.28   0.2    0.13 ][ 0.47  -0.59   0.75  -0.62  -0.96   0.17  -0.97   0.03  -0.01   0.82
  0.72  -0.68   0.92  -0.82   0.79  -0.47  -0.87   0.06   0.76  -0.15
 -0.08  -0.346  0.75   0.17  -0.269 -0.94   0.73  -0.28  -0.13   0.16
  0.95   1.102  0.36  -0.45  -0.72   0.61   0.75  -0.53  -0.8    0.29
 -0.02   0.22   0.1    0.3   -0.75  -0.07  -1.306  0.63  -0.121 -0.85
  0.65  -0.26   0.726  0.2   -0.45   0.81  -0.27  -0.84  -0.69   0.85
 -0.82   0.21   0.17   0.02  -0.62   0.68  -0.77  -0.031 -0.55   0.2
  0.62  -0.5   -0.03  -0.37  -0.98   0.05  -0.48   1.584  0.2    0.35
 -0.75  -0.14   1.036 -0.65  -0.55   0.02   0.13  -0.28   0.2    0.13 ][ 0.47  -0.59   0.75  -0.62  -0.96   0.17  -0.97   0.03  -0.01   0.82
  0.923 -0.68   0.92  -1.397  0.79  -0.47  -0.87   0.06   0.76  -0.15
 -0.08  -0.346  0.75   0.17  -0.269 -0.94   0.73  -0.28  -0.13   0.16
  0.95   1.102  0.36  -0.45  -0.72   0.61   0.75  -0.53  -0.8    0.29
 -0.02   0.22  -0.533  0.3   -0.75  -0.07  -1.306  0.63  -0.121 -0.85
  0.65  -0.26   0.726  0.2   -0.45   0.81  -0.27  -1.594 -1.075  0.85
 -0.82   0.21   0.17   0.02  -0.62   0.68  -0.77  -0.031 -0.55   0.2
  0.62  -0.5   -0.03  -0.37  -0.98   0.05  -0.48   1.584  0.2    0.35
 -0.75  -0.14   1.036 -0.65  -0.55   0.02   0.13  -0.28   0.2    0.13 ][ 0.47  -0.59   0.75  -0.62   0.22   0.17  -0.97   0.03  -0.967  0.82
  0.72  -0.68   0.92  -1.397  0.79  -0.47  -0.87   0.06   0.76  -0.15
 -0.08  -0.346  0.75   0.17  -0.269 -0.94   0.73  -0.28  -0.13   0.16
  0.95   1.102  0.36  -0.45  -0.79   0.61   0.75  -0.53  -0.8    0.29
 -0.02   0.22   0.1    0.838 -0.75  -0.07  -1.306  0.63  -0.599 -0.85
  0.65  -0.26   0.726  0.2   -0.45   0.81  -0.27  -1.594 -0.69   0.85
 -0.82   0.21   0.17   0.02  -0.62   1.477 -0.77  -0.031 -0.55   0.2
  0.62   0.09  -0.03  -0.37  -0.98   0.05  -0.48   1.584  0.2    0.35
 -0.75  -0.14   1.036 -0.65  -0.55   0.02   0.13  -0.28   0.2    0.13 ][ 0.47  -0.461  0.08  -0.62  -0.96   0.17  -0.97   0.03  -0.967  0.82
  0.72  -0.68   0.92  -1.397  0.79  -0.47  -0.87   0.06   0.76  -0.15
 -0.08  -0.346  0.75   0.17  -0.269 -0.94   0.73  -0.28  -0.13   0.16
 -0.62   1.102  0.36  -0.45  -0.72   0.61   0.75  -0.53  -0.8    0.29
 -0.02   0.22   0.1    0.3   -1.173 -0.07   0.5    0.63  -0.121 -0.85
  0.65  -0.26   0.726  0.2   -0.45   0.31  -0.27  -1.594 -1.075  0.85
 -0.82   0.21   0.17   0.02  -0.62   0.68  -0.81  -0.031 -0.55   0.2
  0.62  -0.5   -0.03  -0.37  -0.98   0.05  -0.48   1.584  0.2    0.35
 -0.75  -0.14   1.036 -0.65  -0.55   0.02   0.13  -0.28   0.2    0.13 ][ 0.47  -0.59   0.75  -0.62   0.22   0.17  -0.91   0.03  -0.967  0.82
  0.923 -0.68   0.92  -0.82   0.79  -0.47  -0.87   0.06   0.69  -0.15
 -0.08  -0.346  0.75   0.17  -0.269 -0.94   0.73  -0.28   0.465  0.16
  0.95   0.42   0.36  -0.45  -0.72   0.61   0.75  -0.53  -0.8    0.29
 -0.02   0.22   0.1    0.3   -0.75  -0.07  -1.088  0.63  -0.121 -0.765
  0.65  -0.26  -0.16   0.2   -0.45   0.81  -0.27  -1.594 -0.69   0.85
 -0.82   0.21   0.17   0.02  -0.62   0.68  -0.77  -0.38  -0.55   0.2
  0.62  -0.5   -0.03  -0.37  -0.98   0.05  -0.48   1.584  0.2    0.35
 -0.75  -0.14   1.036 -0.65  -0.55   0.02   0.13  -0.28   0.2    0.13 ][ 0.47  -0.59   0.75  -0.62   0.22   0.17  -0.97   0.03  -0.01   0.82
  0.72  -0.68   0.92  -0.82   0.79  -0.47  -0.87   0.06   0.69  -0.15
 -0.08  -0.346  0.75   0.17  -0.269 -0.94   0.73  -0.28  -0.13   0.16
  0.95   1.102  0.36  -0.45  -0.72   0.61   0.75  -0.53  -0.8    0.29
 -0.02   0.22   0.1    0.3   -0.75  -0.07  -1.088  0.63  -0.121 -0.85
  0.65  -0.26  -0.16   0.2    0.347  0.81  -0.27  -1.594 -0.69   0.85
 -0.82   0.21   0.17   0.02  -0.62   0.68  -0.77  -0.031 -0.55   0.2
  0.62  -0.5   -0.03  -0.37  -0.98   0.05  -0.48   1.584  0.2    0.798
 -0.75  -0.14   1.036 -0.65  -0.55   0.02   0.13  -0.28   0.2    0.13 ][ 0.47  -0.461  0.75  -0.62  -0.96   0.17  -0.97   0.03  -0.01   0.82
  0.72  -0.68   0.92  -0.82   0.79  -0.47  -0.87   0.06   0.76  -0.15
 -0.08  -0.346  0.75   0.17  -0.269 -0.94   0.73  -0.28  -0.13  -0.643
  0.95   1.102  0.36  -0.45  -0.79   0.61   0.75  -0.53  -0.8    0.29
 -0.02   0.22   0.1    0.3   -0.75  -0.07  -1.306  0.63  -0.121 -0.85
  0.65  -0.26   0.726  0.2   -0.45   0.81  -0.27  -0.84  -0.69   0.85
 -0.82   0.21   0.17   0.02  -0.62   0.68  -0.81  -0.031 -0.55   0.2
  0.62  -0.5   -0.03  -0.37  -0.98   0.05  -0.48   1.584  0.2    0.35
 -0.75  -0.14   0.94  -0.65  -0.55   0.02   0.13  -0.28   0.2    0.13 ][ 0.47  -0.59   0.75  -0.62   0.22   0.17  -0.91   0.03  -0.967  0.82
  0.923 -0.68   0.92  -0.82   0.79  -0.47  -0.87   0.06   0.69  -0.15
 -0.08  -0.346  0.75   0.17  -0.269 -0.94   0.73  -0.28   0.465  0.16
  0.95   0.42   0.36  -0.45  -0.72   0.61   0.75  -0.53  -0.8    0.29
 -0.02   0.22   0.1    0.3   -0.76  -0.07  -1.306  0.63  -0.121 -0.85
  0.65  -0.26  -0.16   0.2   -0.45   0.81  -0.27  -1.594 -0.69   0.85
 -0.82   0.21   0.17   0.02  -0.62   0.68  -0.77  -0.38  -0.55   0.2
  0.62  -0.5   -0.03  -0.37  -0.98   0.05  -0.48   1.584  0.2    0.35
 -0.75  -0.14   1.036 -0.65  -0.55   0.02   0.13  -0.28   0.2    0.13 ][ 0.47  -0.59   0.75  -0.62   0.22   0.17  -0.91   0.03  -0.01   0.82
  0.923 -0.68   0.92  -0.82   0.79  -0.47  -0.87   0.06   0.69  -0.15
 -0.08  -0.346  0.75   0.17  -0.269 -0.94   0.73  -0.28  -0.13   0.16
  0.95   0.42   0.36  -0.45  -0.72   0.61   0.75  -0.53  -0.8    0.29
 -0.02   0.22   0.94   0.3   -0.75  -0.07  -1.088  0.63  -0.121 -0.85
  0.65  -0.26  -0.16   0.2   -0.45   0.81  -0.345 -1.594 -0.69   0.85
 -0.82   0.21   0.17   0.02  -0.62   0.68  -0.77  -0.38  -0.55   0.2
  0.62  -0.5   -0.03  -0.37  -0.98   0.05  -0.48   1.584  0.2    0.35
 -0.75  -0.77   1.036 -0.65  -0.55   0.02   0.13  -0.28   0.2    0.13 ][ 0.47  -0.461  0.75  -0.62  -0.96   0.17  -0.97   0.03  -0.01   0.82
  0.923 -0.68   0.92  -0.82   0.79  -0.47  -0.87   0.06   0.76  -0.15
 -0.08  -0.582  0.75   0.17  -0.269 -0.94   0.73  -0.035  0.51   0.16
  0.95   1.102  0.36  -0.45  -0.72   0.61   0.75  -0.53  -0.8    0.29
 -0.02   0.22   0.1    0.3   -0.75  -0.07  -1.306  0.63  -0.121 -0.85
  0.161 -0.26  -0.16   0.2   -0.45   0.31  -0.27  -0.84  -0.69   0.85
 -0.82   0.21   0.17   0.02  -0.62   0.68  -0.81  -0.031 -0.55   0.2
  0.62  -0.5   -0.03  -0.37  -0.98   0.05  -0.48   1.584  0.2    0.35
 -0.75  -0.14   1.036 -0.65  -0.55   0.02   0.13  -0.28   0.2    0.13 ][ 0.47  -0.59   0.75  -0.62   0.22   0.17  -0.97   0.464 -0.967  0.82
  0.923 -0.68   0.92  -1.397  0.79  -0.47  -0.87   0.06   0.69  -0.15
 -0.08  -0.346  0.75   0.17  -0.269 -0.94   0.73  -0.28  -0.13   0.16
  0.95   0.42   0.36  -0.45  -0.72   0.61   0.75  -0.53  -0.8    0.29
 -0.02   0.22   0.1    0.3   -0.75  -0.07  -1.088  0.63  -0.121 -0.85
  0.614 -0.26  -0.16   0.2   -0.45   0.81  -0.27  -0.84  -0.69   0.85
 -0.82   0.21   0.17   0.02  -0.62   0.68  -0.77  -0.38  -0.55   0.2
  0.62  -0.5   -0.03  -0.37  -0.98   0.05  -0.48   1.584  0.2    0.35
 -0.75  -0.14   1.036 -0.65  -0.55   0.02   0.13  -0.28   0.2    0.13 ][ 0.47  -0.59   0.75  -0.62   0.22   0.17  -0.97   0.03  -0.01   0.82
  0.923 -0.68   0.92  -1.397  0.79  -0.47  -0.87   0.06   0.69  -0.15
 -0.08  -0.346  0.75   0.17  -0.269 -0.94   0.73  -0.28  -0.13   0.16
  0.95   0.42   0.36  -0.45  -0.72   0.61   0.451 -0.53  -0.8    0.29
 -0.02   0.22   0.1    0.3   -0.75  -0.07  -1.306  0.63  -0.121 -0.85
  0.65  -0.26  -0.16   0.2    0.347  0.81  -0.27  -1.594 -0.69   0.85
 -0.82   0.21   0.17   0.02  -0.62   0.68  -0.77  -0.031 -0.55   0.2
  0.62  -0.5   -0.03  -0.37  -0.98   0.05  -0.48   1.584  0.2    0.35
 -0.75  -0.14   1.036 -0.65  -0.454  0.02   0.13  -0.28   0.2    0.13 ][ 0.47  -0.59   0.75  -0.62   0.22   0.17  -0.97   0.03  -0.967  0.82
  0.72  -0.68   0.92  -0.82   0.79  -0.47  -0.87   0.06   0.69  -0.15
 -0.08  -0.346  0.75   0.17  -0.269 -0.94   0.73  -0.28  -0.13   0.16
  0.95   0.42   0.36  -0.45  -0.72   0.61   0.75  -0.53  -0.8    0.29
 -0.02   0.22   0.1    0.3   -0.75  -0.07  -1.088  0.462 -0.121 -0.85
  0.65  -0.26   0.726  0.2    0.347  0.81  -0.27  -0.84  -0.69   0.85
 -0.82   0.21   0.17   0.02  -0.62   0.68  -0.81  -0.38  -0.55   0.2
  0.62  -0.5   -0.03  -0.37  -0.98   0.05  -0.48   1.584  0.2    0.35
 -0.75  -0.14   1.036 -0.65  -0.55   0.02   0.13  -0.28   0.2    0.13 ][ 0.47  -0.59   0.75  -0.62   0.22   0.17  -0.97   0.03  -0.967  0.82
  0.923 -0.68   0.92  -0.82   0.79  -0.47  -0.87   0.06   0.69  -0.15
 -0.08  -0.346  0.75   0.17  -0.269 -0.94   0.73  -0.28  -0.13   0.16
  0.95   0.42   0.36  -0.45  -0.72   0.61   0.75  -0.53  -0.8    0.29
 -0.02   0.22   0.1    0.3   -0.75  -0.07  -1.306  0.63  -0.121 -0.85
  0.65  -0.26  -0.16   0.2    0.347  0.81  -0.27  -1.594 -0.69   0.85
  0.038  0.21   0.17   0.02  -0.62   0.68  -0.77  -0.38  -0.55   0.2
  0.62  -0.5   -0.03  -0.37  -0.98   0.05  -0.48   1.584  0.2    0.35
 -0.75  -0.14   1.036 -0.65  -0.55   0.02   0.13  -0.28   0.2    0.13 ][ 0.47  -0.59   0.75  -0.62   0.22   0.17  -0.631  0.03  -0.01   0.82
  0.72  -0.68   0.92  -1.397  0.79  -0.47  -0.87   0.06   0.76  -0.15
 -0.08  -0.346  0.75   0.17  -0.269 -0.94   0.73  -0.28   0.51   0.16
  0.95   0.42   0.36  -0.45  -0.79   0.61   0.75  -0.53  -0.8    0.29
 -0.02   0.22   0.94   0.838  0.66  -0.07   0.5    0.63  -0.121 -0.765
  0.65  -0.26  -0.16   0.2    0.394  0.31  -0.27  -1.594 -0.69   0.85
 -0.82  -0.606  0.17   0.02  -0.62   1.477 -0.77  -0.031 -0.55   0.2
  0.62   0.09  -0.03  -0.37  -0.98   0.05  -0.48   1.584  0.2    0.35
 -0.75  -0.14   1.405 -0.65  -0.55   0.02   0.13  -0.28   0.2    0.878][ 0.47  -0.59   0.75  -0.62   0.22   0.17  -0.97   0.03  -0.01   0.82
  0.72  -0.68   0.92  -0.82   0.79  -0.47  -0.87   0.06   0.76  -0.15
 -0.08  -0.346  0.75   0.17  -0.269 -0.94   0.73  -0.28  -0.13   0.16
  0.95   1.102  0.36  -0.45  -0.72   0.61   0.75  -0.53  -0.8    0.29
 -0.107  0.22   0.1    0.3   -0.75  -0.07  -1.306  0.63  -0.121 -0.85
  0.65  -0.26   0.726  0.2   -0.45   0.81  -0.27  -0.84  -0.69   0.85
 -0.82   0.21   0.17   0.02  -0.62   0.68  -0.77  -0.38  -0.55   0.2
  0.62  -0.5   -0.03  -0.37  -0.98   0.05  -0.48   1.584  0.2    0.35
 -0.75  -0.14   1.036 -0.65  -0.55   0.02   0.13  -0.28   0.2    0.13 ][ 0.47  -0.461  0.08  -0.62  -0.96   0.17  -0.97   0.03  -0.967  0.82
  0.923 -0.68   0.92  -0.82   0.79  -0.47  -0.87   0.06   0.69  -0.15
 -0.08  -0.582  0.75   0.17  -0.269 -0.94   0.73  -0.035  0.51   0.16
  0.95   0.42   0.36  -0.45  -0.72   0.61   0.75  -0.53  -0.8    0.29
 -0.02   0.22   0.94   0.3   -0.75  -0.07   0.5    0.63  -0.121 -0.85
  0.65  -0.26  -0.16   0.2   -0.45   0.31  -0.27  -0.84  -0.69   0.85
  0.521  0.21   0.17   0.02  -0.62   0.68  -0.81  -0.031 -0.55   0.2
  0.62  -0.5   -0.03  -0.37  -0.98   0.05  -0.48   1.584  0.2    0.35
 -0.75  -0.77   1.036 -0.65  -0.55   0.02   0.13  -0.28   0.2    0.13 ][ 0.47  -0.461  0.75  -0.62  -0.96   0.17  -0.91   0.03  -0.01   0.82
  0.72  -0.68   0.92  -0.82   0.79  -0.47  -0.87   0.06   0.69  -0.15
 -0.08  -0.346  0.75   0.17  -0.269 -0.94   0.73  -0.28  -0.13  -0.643
  0.95   0.42   0.36  -0.45  -0.72   0.61   0.75  -0.53  -0.8    0.29
 -0.02   0.198  0.1    0.3   -0.75   0.169 -1.306  0.63  -0.121 -0.85
  0.65  -0.26  -0.16   0.2   -0.45   0.81  -0.27  -1.594 -0.69   0.85
 -0.82   0.21   0.17   0.02  -0.62   0.68  -0.77  -0.031 -0.55   0.2
  0.62  -0.5   -0.03  -0.37  -0.98   0.05  -0.48   1.584  0.2    0.798
 -0.75  -0.14   1.441 -0.65  -0.55   0.02   0.13  -0.28   0.2    0.13 ][ 0.47  -0.461  0.75  -0.62  -0.96   0.17  -0.97   0.03  -0.967  0.82
  0.72  -0.68   0.92  -0.82   0.79  -0.47  -0.87   0.06   0.76  -0.15
 -0.08  -0.582  0.75   0.17  -0.269 -0.94   0.73  -0.28   0.51   0.16
  0.95   1.102  0.36  -0.45  -0.72   0.61   0.75  -0.53  -0.8    0.29
 -0.02   0.22   0.94   0.3   -0.75  -0.07   0.5    0.63  -0.121 -0.85
  0.65  -0.26  -0.16   0.2   -0.45   0.31  -0.27  -0.84  -0.69   0.85
 -0.82   0.21   0.17   0.02  -0.62   0.68  -0.77  -0.031 -0.55   0.2
  0.62  -0.5   -0.03  -0.37  -0.98   0.05  -0.48   1.029  0.2    0.35
 -0.75  -0.77   1.036 -0.65  -0.55   0.02   0.13  -0.28   0.2    0.13 ][ 0.47  -0.59   0.75  -0.62  -0.96   0.17  -0.97   0.03  -0.01   0.82
  0.72  -0.68   0.92  -1.397  0.79  -0.47  -0.87   0.06   0.69  -0.15
 -0.08  -0.346  0.75   0.17  -0.269 -0.94   0.73  -0.28  -0.13  -0.177
  0.95   1.102  0.36  -0.45  -0.72   0.61   0.75  -0.53  -0.8    0.29
 -0.02   0.22   0.1    0.3   -0.75   0.169 -1.306  0.63  -0.121 -0.85
  0.65  -0.26   0.726  0.2   -0.45   0.81  -0.27  -0.84  -1.075  0.85
 -0.82   0.21   0.17   0.02  -0.62   0.68  -0.77  -0.031 -0.55   0.2
  0.62  -0.5   -0.03  -0.37  -0.98   0.05  -0.48   1.584  0.2    0.35
 -0.75  -0.14   0.766 -0.65  -0.55   0.02   0.13  -0.28   0.2    0.13 ][ 0.47  -0.461  0.08  -0.62  -0.96   0.17  -0.97   0.03  -0.967  1.193
  0.923 -0.68   0.92  -0.82   0.79  -0.47  -0.87   0.06   0.69  -0.15
 -0.08  -0.346  0.75   0.17  -0.269 -0.94   0.73  -0.28   0.51   0.16
  0.95   1.102  0.36  -0.45  -0.72   0.61   0.75  -0.53  -0.8    0.29
 -0.02   0.22   0.1    0.3   -0.75  -0.07  -1.088  0.63  -0.121 -0.85
  0.65  -0.26  -0.16   0.2   -0.45   0.31  -0.27  -0.84  -0.69   0.85
  0.521  0.21   0.17   0.02  -0.62   0.68  -0.77  -0.031 -0.55   0.2
  0.62  -0.5   -0.03  -0.37  -0.98   0.05  -0.48   1.584  0.2    0.35
 -0.75  -0.14   1.036 -0.65  -0.55   0.02   0.13  -0.28   0.2    0.13 ][ 0.47  -0.59   0.75  -0.62   0.22   0.17  -0.97   0.03  -0.967  0.82
  0.923 -0.68   0.92  -1.397  0.79  -0.47  -0.87   0.06   0.69  -0.15
 -0.08  -0.346  0.75   0.17  -0.269 -0.94   0.73  -0.28  -0.13   0.16
  0.95   1.102  0.36  -0.45  -0.72   0.61   0.75  -0.53  -0.8    0.29
 -0.02   0.22   0.1    0.838 -0.75   0.169 -1.088  0.63  -0.121 -0.85
  0.65  -0.26   0.726  0.2    0.347  0.81  -0.27  -1.594 -0.69   0.85
 -0.791  0.21   0.17   0.02  -0.62   1.477 -0.77  -0.38  -0.55   0.2
  0.62  -0.5   -0.03  -0.37  -0.98   0.05  -0.48   1.584  0.2    1.02
 -0.75  -0.14   1.036 -0.65  -0.55   0.02   0.13  -0.28   0.2    0.13 ][ 0.47  -0.461  0.75  -0.62  -0.96   0.17  -0.97   0.03  -0.967  0.82
  0.923 -0.68   0.92  -0.82   0.79  -0.47  -0.87   0.06   0.76  -0.15
 -0.08  -0.346  0.75   0.17  -0.269 -0.94   0.73  -0.035 -0.13   0.16
  0.95   1.102  0.36  -0.45  -0.72   0.246  0.75  -0.53  -0.8    0.29
 -0.02   0.22   0.1    0.3   -0.75  -0.07  -1.306  0.63  -0.121 -0.85
  0.65  -0.26  -0.16   0.2   -0.45   0.31  -0.27  -0.84  -0.69   0.85
  0.521  0.21   0.17   0.02  -0.62   0.68  -0.81  -0.031 -0.55   0.2
  0.62  -0.5   -0.03  -0.37  -0.98   0.05  -0.48   1.584  0.2    0.35
 -0.75  -0.77   1.036 -0.65  -0.55   0.02   0.13  -0.28   0.2    0.13 ][ 0.47  -0.59   0.75  -0.62   0.22   0.17  -0.97   0.03  -0.01   0.82
  0.923 -0.68   0.92  -0.82   0.79  -0.47  -0.87   0.06   0.76  -0.15
 -0.08  -0.346  0.75   0.17  -0.269 -0.94   0.73  -0.28  -0.13   0.16
  0.95   1.102  0.36  -0.45  -0.72   0.61   0.75  -0.53  -0.8    0.29
 -0.02   0.22   0.1    0.3   -0.75  -0.07  -1.306  0.63  -0.121 -0.765
  0.65   0.17   0.726  0.2   -0.45   0.81  -0.27  -0.84  -0.69   0.85
 -0.82   0.21   0.17   0.02  -0.62   0.68  -0.77  -0.031 -0.55   0.2
  0.62  -0.5   -0.03  -0.37  -0.98   0.05  -0.48   1.584  0.2    0.35
 -0.75  -0.14   1.036 -0.65  -0.55   0.02   0.13  -0.28   0.2    0.13 ][ 0.47  -0.59   0.75  -0.62   0.22   0.17  -0.91   0.03  -0.01   0.82
  0.923 -0.68   0.92  -0.82   0.79  -0.47  -0.87   0.06   0.69  -0.15
 -0.08  -0.346  0.75  -0.222 -0.269 -0.94   0.73  -0.28  -0.13   0.16
  0.95   0.42   0.36  -0.45  -0.72   0.665  0.75  -0.53  -0.8    0.29
 -0.02   0.198  0.1    0.3   -0.75   0.169 -1.088  0.63  -0.121 -0.85
  0.65  -0.26  -0.16   0.2    0.347  0.81  -0.27  -1.594 -0.69   0.85
 -0.82   0.21   0.17   0.02  -0.62   0.68  -0.77  -0.38  -0.55   0.2
  0.62  -0.5   -0.03  -0.37  -0.98   0.05  -0.48   1.584  0.2    0.798
 -0.75  -0.14   1.036 -0.65  -0.55   0.02   0.13  -0.28   0.2    0.13 ][ 0.47  -0.59   0.75  -0.62   0.22   0.17  -0.91   0.03  -0.967  0.82
  0.208 -0.68   0.92  -0.82   0.79  -0.47  -0.87   0.06   0.69  -0.15
 -0.08  -0.346  0.75   0.17  -0.269 -0.94   0.73  -0.28   0.465  0.16
  0.95   0.42   0.36  -0.45  -0.72   0.61   0.75  -0.53  -0.8    0.29
 -0.02   0.22   0.1    0.3   -0.75  -0.07  -1.088  0.462 -0.121 -0.765
  0.65  -0.26   0.726  0.2   -0.45   0.81  -0.27  -1.594 -0.69   0.85
 -0.82   0.21   0.17   0.02  -0.62   0.68  -0.81  -0.38  -0.55   0.2
  0.62  -0.5   -0.03  -0.37  -0.98   0.05  -0.48   1.584  0.2    0.35
 -0.75  -0.14   1.036 -0.65  -0.55   0.02   0.13  -0.28   0.2    0.13 ][ 0.47  -0.461  0.75  -0.62  -0.96   0.17  -0.97   0.03  -0.01   0.82
  0.923 -0.68   0.92  -0.82   0.79  -0.47  -0.87   0.06   0.69  -0.15
 -0.08  -0.346  0.75   0.17  -0.269 -0.94   0.73  -0.035  0.51   0.16
  0.95   0.42   0.36  -0.45  -0.72   0.61   0.75  -0.53  -0.8    0.29
 -0.02   0.22   0.94  -0.517 -0.75  -0.07   0.5    0.63  -0.121 -0.85
  0.65  -0.26  -0.16   0.2   -0.45   0.31  -0.345 -0.84  -0.69   0.85
 -0.82   0.21   0.17   0.02  -0.62   0.68  -0.77  -0.38  -0.55   0.2
  0.62  -0.5   -0.03  -0.37  -0.98   0.05  -0.48   1.584  0.2    0.35
 -0.75  -0.77   1.036 -0.65  -0.55   0.02   0.13  -0.28   0.2    0.13 ][ 0.47  -0.59   0.75  -0.62   0.22   0.17  -0.91   0.03  -0.01   0.82
  0.72  -0.68   0.92  -0.82   0.79  -0.47  -0.87   0.06   0.76  -0.15
 -0.08  -0.346  0.75   0.17  -0.269 -0.94   0.73  -0.28   0.465  0.16
  0.95   0.42   0.36  -0.45  -0.72   0.61   0.75  -0.53  -0.8    0.29
 -0.02   0.22   0.1    0.3   -0.75  -0.07  -1.306  0.63  -0.121 -0.85
  0.65  -0.26  -0.16   0.2   -0.45   0.81  -0.27  -0.84  -0.69   0.85
 -0.82   0.21   0.17   0.02  -0.62   0.68  -0.77  -0.38  -0.354  0.2
  0.62  -0.5   -0.03  -0.37  -0.98   0.05  -0.48   1.584  0.2    0.35
 -0.75  -0.14   1.036 -0.65  -0.55   0.02   0.13  -0.28   0.2    0.13 ][ 0.47  -0.59   0.75  -0.62   0.22   0.17  -0.97   0.03  -0.967  0.82
  0.72  -0.68   0.92  -0.82   0.79  -0.47  -0.87   0.06   0.76  -0.15
 -0.08  -0.346  0.75   0.17  -0.269 -0.94   0.73  -0.28  -0.13   0.16
 -0.62   1.102  0.36  -0.45  -0.72   0.61   0.75  -0.53  -0.8    0.29
 -0.02   0.22   0.1    0.3   -1.173 -0.07  -1.306  0.63  -0.121 -0.85
  0.65  -0.26   0.726  0.2   -0.45   0.31  -0.27  -1.594 -1.075  0.85
 -0.82   0.21   0.17   0.02  -0.62   0.68  -0.77  -0.031 -0.55   0.2
  0.62  -0.5   -0.03  -0.37  -0.98   0.05  -0.48   1.584  0.2    0.35
 -0.75  -0.14   1.036 -0.65  -0.55   0.02   0.13  -0.28  -0.733  0.13 ][ 0.47  -0.009  0.75  -0.62   0.22   0.17  -0.91   0.03  -0.01   0.82
  0.72  -0.68   0.92  -0.82   0.79  -0.47  -0.87   0.06   0.69  -0.15
 -0.08  -0.346  0.75   0.17  -0.269 -0.94   0.73  -0.28  -0.13   0.16
  0.95   1.102  0.36  -0.45  -0.72   0.665  0.75  -0.53  -0.8    0.29
 -0.02   0.22   0.1    0.3   -0.75  -0.07  -1.088  0.63  -0.121 -0.85
  0.65  -0.26  -0.16   0.2    0.347  0.81  -0.27  -1.594 -0.69   0.85
 -0.82   0.21   0.17   0.02  -0.62   0.68  -0.77  -0.031 -0.55   0.2
  0.62  -0.5   -0.03  -0.37  -0.98   0.05  -0.48   1.584  0.2    0.798
 -0.75  -0.14   1.036 -0.65  -0.55   0.02   0.13  -0.28   0.2    0.13 ][ 0.47  -0.59   0.08  -0.62   0.22   0.17  -0.91   0.03  -0.967  0.82
  0.923 -0.68   0.92  -0.82   0.79  -0.47  -0.87   0.06   0.69  -0.15
 -0.08  -0.346  0.75   0.17  -0.269 -0.94   0.73  -0.28  -0.13   0.16
  0.95   1.102  0.36  -0.984 -0.72   0.61   0.75  -0.53  -0.8    0.29
 -0.02   0.22   0.1    0.3   -1.173  0.169  0.5    0.63  -0.121 -0.85
  0.65  -0.26  -0.16   0.2   -0.45   0.31  -0.27  -1.594 -0.69   0.85
 -0.82   0.21   0.17   0.02  -0.62   0.68  -0.81  -0.38  -0.55   0.2
  0.62  -0.5   -0.03  -0.37  -0.98   0.05  -0.48   1.584  0.2    1.02
 -0.75  -0.14   1.036 -0.65  -0.55   0.02   0.13  -0.28   0.2    0.13 ][ 0.47  -0.461  0.08  -0.62   0.22   0.17  -0.91   0.03  -0.967  0.82
  0.923 -0.68   0.92  -0.942  0.79  -0.47  -0.87   0.06   0.76  -0.15
 -0.08  -0.346  0.75   0.17  -0.269 -0.94   0.73  -0.28  -0.13   0.16
  0.95   0.42   0.36  -0.45  -0.72   0.665  0.75  -0.53  -0.8    0.29
 -0.02   0.22   0.1    0.3   -0.75  -0.07  -1.088  0.63  -0.121 -0.85
  0.65  -0.26   0.726  0.2    0.347  0.81  -0.27  -1.594 -1.075  0.85
 -0.82   0.21   0.17   0.02  -0.62   0.68  -0.81  -0.031 -0.55   0.2
  0.62  -0.5   -0.03  -0.37  -0.98   0.05  -0.48   1.584  0.2    1.02
 -0.75  -0.14   1.036 -0.65  -0.55   0.02   0.13  -0.28   0.2    0.13 ][ 0.47  -0.59   0.75  -0.62  -0.96   0.17  -0.97   0.03  -0.01   0.82
  0.923 -0.68   0.92  -1.397  0.79  -0.47  -0.87   0.06   0.76  -0.15
 -0.08  -0.346  0.75   0.17  -0.269 -0.94   0.73  -0.28  -0.13   0.16
  0.95   1.102  0.36  -0.45  -0.79   0.61   0.75  -0.53  -0.8    0.29
 -0.02   0.22  -0.533  0.838 -0.75  -0.07  -1.306  0.63  -0.208 -0.85
  0.65  -0.26   0.726  0.2   -0.45   0.81  -0.27  -1.594 -0.69   0.85
 -0.82   0.21   0.17   0.02  -0.62   1.477 -0.77  -0.031 -0.55   0.2
  0.62  -0.5   -0.03  -0.37  -0.98   0.05  -0.48   1.584  0.2    0.35
 -0.75  -0.14   1.036 -0.65  -0.55   0.02   0.13  -0.28   0.2    0.13 ][ 0.47  -0.59   0.75  -0.62  -0.96   0.17  -0.97   0.03  -0.967  0.82
  0.923 -0.68   0.92  -0.82   0.79  -0.47  -0.87   0.06   0.69  -0.15
 -0.08  -0.346  0.75   0.17  -0.269 -0.94   0.73  -0.035 -0.13   0.16
  0.95   0.42   0.36  -0.45  -0.72   0.665  0.75  -0.53  -0.8    0.29
 -0.02   0.22   0.94   0.3   -0.75  -0.07   0.5    0.63  -0.121 -0.85
  1.441 -0.26  -0.16   0.2    0.347  0.31  -0.27  -0.84  -0.69   0.85
 -0.82   0.21   0.17   0.02  -0.62   0.68  -0.77  -0.38  -0.55   0.2
  0.62  -0.5   -0.03  -0.37  -0.98   0.05  -0.48   1.584  0.2    0.35
 -0.75  -0.14   1.036 -0.65  -0.55   0.02   0.13  -0.28   0.2    0.13 ][ 0.47  -0.59   0.75  -0.62  -0.96   0.17  -0.97   0.03  -0.01   0.82
  0.923 -0.68   0.92  -0.82   0.79  -0.47  -0.87   0.06   0.76  -0.15
 -0.08  -0.346  0.75   0.17  -0.269 -0.94   0.73  -0.28   0.51   0.16
  0.95   0.42   0.36  -0.45  -0.72   0.61   0.75  -0.53  -0.8    0.29
 -0.02   0.22   0.1    0.3   -0.75  -0.07  -1.306  0.63  -0.121 -0.85
  0.65  -0.26  -0.16   0.2    0.347  0.81  -0.27  -1.594 -0.69   0.546
 -0.82   0.21   0.17   0.02  -0.62   0.68  -0.77  -0.031 -0.55   0.2
  0.62  -0.5   -0.03  -0.37  -0.98   0.05  -0.48   1.584  0.2    0.35
 -0.75  -0.14   1.036 -0.65  -0.55   0.02   0.13  -0.28   0.2    0.13 ][ 0.47  -0.59   0.75  -0.62  -0.96   0.17  -0.97   0.03  -0.967  0.82
  0.923 -0.68   0.92  -1.397  0.79  -0.47  -0.87   0.06   0.76  -0.15
 -0.08  -0.346  0.75   0.17  -0.269 -0.94   0.73  -0.28  -0.13   0.16
  0.95   1.102  0.36  -0.45  -0.72   0.61   0.75  -0.53  -0.8    0.29
 -0.02   0.22   0.1    0.838 -0.75  -0.07  -1.306  0.63  -0.599 -0.85
  0.65  -0.26   0.726  0.2   -0.45   0.81  -0.27  -0.876 -0.69   0.85
 -0.82   0.21   0.17   0.02  -0.62   1.477 -0.77  -0.031 -0.55   0.2
  0.62  -0.5   -0.03  -0.37  -0.98   0.05  -0.48   1.584  0.2    0.35
 -0.75  -0.14   1.036 -0.65  -0.55   0.02   0.13  -0.28   0.2    0.13 ][ 0.47  -0.59   0.75  -0.62  -0.96   0.17  -0.91   0.03  -0.967  0.82
  0.923 -0.68   0.92  -0.82   0.79  -0.47  -0.87   0.06   0.69  -0.15
 -0.08  -0.346  0.75   0.17  -0.269 -0.94   0.73  -0.28  -0.13   0.16
  0.95   1.102  0.36  -0.45  -0.72   0.665  0.75  -0.53  -0.8    0.29
 -0.02   0.22   0.1    0.3   -0.75   0.169 -1.088  0.63  -0.121 -0.85
  0.65  -0.26  -0.16   0.2    0.347  0.81  -0.27  -1.594 -0.69   0.85
 -0.82   0.21   0.17   0.02  -0.62   0.68  -0.77  -0.38  -0.55   0.2
  0.62  -0.5   -0.03  -0.37  -0.98   0.05  -0.48   1.584  0.2    0.35
 -0.75  -0.14   1.036 -0.65  -0.55   0.02   0.326 -0.28   0.2    0.13 ][ 0.47  -0.461  0.08  -0.62  -0.96   0.17  -0.97   0.03  -0.967  0.82
  0.923 -0.68   0.92  -0.82   0.79  -0.47  -0.87   0.06   0.69  -0.15
 -0.08  -0.582  0.75   0.17  -0.269 -0.94   0.73  -0.035  0.51   0.16
 -0.62   0.42   0.36  -0.45  -0.72   0.61   0.75  -0.53  -0.8    0.29
 -0.02   0.22   0.1    0.3   -1.173 -0.07   0.5    0.63  -0.121 -0.85
  0.65  -0.26   0.726  0.2   -0.45   0.31  -0.27  -1.594 -1.075  0.85
 -0.82   0.21   0.17   0.02  -0.62   0.68  -0.81  -0.031 -0.55   0.879
  0.62  -0.5   -0.03  -0.37  -0.98   0.05  -0.48   1.584  0.2    0.35
 -0.75  -0.14   1.036 -0.65  -0.55   0.02   0.13  -0.28   0.2    0.13 ][ 0.47  -0.461  0.08  -0.62  -0.96   0.17  -0.91   0.03  -0.967  0.82
  0.72  -0.68   0.92  -1.397  0.79  -0.47  -0.87   0.06   0.76  -0.15
 -0.08  -0.346  0.75   0.17  -0.269 -0.94   0.73  -0.28  -0.13   0.16
  0.95   1.102  0.36  -0.45  -0.72   0.61   0.75  -0.53  -0.8    0.29
 -0.02   0.22   0.1    0.3   -1.173 -0.07  -1.088  0.63  -0.367 -0.765
  0.65  -0.26   0.726  0.2   -0.45   0.31  -0.27  -1.594 -0.69   0.85
 -0.82   0.21   0.17   0.02  -0.62   0.68  -0.81  -0.38  -0.55   0.2
  0.62  -0.5   -0.03  -0.37  -0.98   0.05  -0.48   1.584  0.2    0.35
 -0.75  -0.14   1.036 -0.65  -0.55   0.02   0.13  -0.28   0.2    0.13 ][ 0.47  -0.59   0.75  -0.62  -0.96   0.17  -0.97   0.03  -0.01   0.82
  0.72  -0.68   0.92  -1.397  0.79  -0.47  -0.87   0.06   0.69  -0.15
 -0.08  -0.346  0.75   0.17  -0.269 -0.94   0.73  -0.28  -0.13   0.16
  0.95   1.102  0.36  -0.45  -0.72   0.665  0.75  -0.53  -0.8    0.29
 -0.02   0.22   0.1    0.3   -0.75   0.004 -1.306  0.63  -0.121 -0.85
  0.65  -0.26   0.726  0.2    0.347  0.81  -0.27  -0.84  -0.69   0.85
 -0.82   0.21   0.17   0.02  -0.62   0.68  -0.77  -0.031 -0.55   0.2
  0.62  -0.5   -0.03  -0.37  -0.98   0.05  -0.48   1.584  0.2    0.35
 -0.75  -0.14   1.036 -0.65  -0.55   0.02   0.13  -0.28   0.2    0.13 ][ 0.47  -0.59   0.08  -0.62   0.22   0.17  -0.91   0.03  -0.967  0.82
  0.72  -0.68   0.92  -1.397  0.79  -0.47  -0.87   0.06   0.76  -0.15
 -0.08  -0.346  0.75   0.17  -0.269 -0.94   0.73  -0.28  -0.13   0.16
  0.95   0.42   0.36  -0.45  -0.72   0.61   0.75  -0.53  -0.8    0.29
 -0.02   0.22   0.1    0.3   -0.75  -0.07  -1.088  0.63  -0.121 -0.85
  0.65  -1.028 -0.16   0.2   -0.45   0.31  -0.27  -1.594 -1.075  0.85
 -0.82   0.21   0.17   0.02  -0.62   0.68  -0.81  -0.38  -0.55   0.2
  0.62  -0.5   -0.03  -0.37  -0.98   0.05  -0.48   1.584  0.2    1.02
 -0.75  -0.14   1.036 -0.65  -0.55   0.02   0.13  -0.28   0.2    0.13 ][ 0.47  -0.59   0.75  -0.62   0.22   0.127 -0.91   0.03  -0.01   0.82
  0.923 -0.68   0.92  -0.82   0.79  -0.47  -0.87   0.06   0.69  -0.15
 -0.08  -0.582  0.75   0.17  -0.269 -0.94   0.73  -0.28  -0.13   0.16
  0.95   0.42   0.36  -0.45  -0.72   0.665  0.75  -0.53  -0.8    0.29
 -0.02   0.198  0.94   0.3   -0.75   0.169  0.5    0.63  -0.121 -0.85
  0.65  -0.26  -0.16   0.2    0.347  0.31  -0.27  -0.84  -0.69   0.85
  0.521  0.21   0.17   0.02  -0.62   0.68  -0.81  -0.031 -0.55   0.2
  0.62  -0.5   -0.03  -0.37  -0.98   0.05  -0.48   1.584  0.2    0.798
 -0.75  -0.14   1.036 -0.65  -0.55   0.02   0.13  -0.28   0.2    0.13 ][ 0.47  -0.59   0.08  -0.62   0.22   0.17  -0.97   0.03  -0.967  0.82
  0.72  -0.68   0.92  -1.397  0.79  -0.935 -0.87   0.06   0.76  -0.15
 -0.08  -0.346  0.75   0.17  -0.269 -0.94   0.73  -0.035 -0.13   0.16
  0.95   0.42   0.36  -0.45  -0.79   0.61   0.75  -0.53  -0.8    0.29
 -0.02   0.22   0.1    0.3   -0.75  -0.07  -1.306  0.63  -0.599 -0.85
  0.65  -0.26  -0.16   0.2   -0.45   0.31  -0.27  -0.84  -0.69   0.85
  0.521  0.21   0.17   0.02  -0.62   0.68  -0.81  -0.031 -0.55   0.2
  0.62   0.09  -0.03  -0.37  -0.98   0.05  -0.48   1.584  0.2    0.35
 -0.75  -0.77   1.036 -0.65  -0.55   0.02   0.13  -0.28   0.2    0.13 ][ 0.47  -0.461  0.75  -0.62  -0.96   0.17  -0.97   0.464 -0.967  0.82
  0.923 -0.68   0.92  -1.397  0.79  -0.47  -0.87   0.06   0.69  -0.15
 -0.08  -0.582  0.75   0.17  -0.269 -0.94   0.73  -0.28   0.51   0.16
  0.95   0.42   0.36  -0.45  -0.72   0.61   0.75  -0.53  -0.8    0.29
 -0.02   0.22   0.1    0.3   -0.75  -0.07   0.5    0.63  -0.121 -0.85
  0.65   0.475 -0.16   0.2   -0.45   0.31  -0.27  -0.84  -0.69   0.85
 -0.82   0.21   0.17   0.02  -0.62   0.68  -0.81  -0.38  -0.55   0.2
  0.62  -0.5   -0.03  -0.37  -0.98   0.05  -0.48   1.584  0.2    0.35
 -0.75  -0.77   1.036 -0.65  -0.55   0.02   0.13  -0.28   0.2    0.13 ][ 0.47  -0.59   0.75  -0.62   0.22   0.17  -0.97   0.03  -0.01   0.82
  0.72  -0.68   0.92  -0.82   0.79  -0.47  -0.87   0.06   0.69  -0.15
 -0.08  -0.346  0.75   0.17  -0.269 -0.94   0.73  -0.28  -0.13  -0.177
  0.95   0.42   0.36  -0.45  -0.72   0.665  0.75  -0.53  -0.8    0.29
 -0.02   0.22   0.1    0.3   -0.75   0.169 -1.088 -0.258 -0.121 -0.85
  0.65  -0.26  -0.16   0.2    0.347  0.81  -0.27  -0.84  -0.69   0.85
 -0.82   0.21   0.17   0.02  -0.62   0.68  -0.77  -0.38  -0.55   0.2
  0.62  -0.5   -0.03  -0.37  -0.98   0.05  -0.48   1.584  0.2    0.35
 -0.75  -0.14   1.036 -0.65  -0.55   0.02   0.13  -0.28   0.2    0.13 ][ 0.47  -0.59   0.08  -0.62  -0.442  0.17  -0.91   0.03  -0.967  0.82
  0.923 -0.68   0.92  -0.82   0.79  -0.47  -0.87   0.06   0.69  -0.15
 -0.08  -0.582  0.75   0.17  -0.269 -0.94   0.73  -0.28   0.465  0.16
  0.95   0.42   0.36  -0.45  -0.72   0.61   0.75  -0.53  -0.8    0.29
 -0.02   0.22   0.1    0.3   -0.75  -0.07   0.5    0.63  -0.121 -0.85
  0.65  -0.26  -0.16   0.2   -0.45   0.31  -0.27  -1.594 -0.69   0.85
 -0.82   0.21   0.17   0.02  -0.62   0.68  -0.77  -0.031 -0.55   0.2
  0.62  -0.5   -0.03  -0.37  -0.98   0.05  -0.48   1.584  0.2    0.35
 -0.75  -0.14   1.036 -0.65  -0.55   0.02   0.13  -0.28   0.2    0.13 ][ 0.47  -0.109  0.08  -0.62   0.22   0.17  -0.97   0.03  -0.967  0.82
  0.72  -0.68   0.92  -1.397  0.79  -0.47  -0.87   0.06   0.76  -0.15
 -0.08  -0.346  0.75   0.17  -0.269 -0.94   0.73  -0.28  -0.13   0.16
 -0.62   1.102  0.36  -0.45  -0.79   0.61   0.75  -0.53  -0.8    0.29
 -0.02   0.22   0.1    0.838 -0.75  -0.07   0.5    0.63  -0.121 -0.85
  0.65  -0.26   0.726  0.2   -0.45   0.31  -0.27  -1.594 -0.69   0.85
 -0.82   0.21   0.17   0.02  -0.62   1.477 -0.77  -0.031 -0.55   0.2
  0.62  -0.5   -0.03  -0.37  -0.98   0.05  -0.48   1.584  0.2    0.35
 -0.75  -0.14   1.036 -0.65  -0.55   0.02   0.13  -0.28   0.2    0.13 ][ 0.47  -0.59   0.75  -0.62   0.22   0.17  -0.97   0.03  -0.967  0.82
  0.923 -0.68   0.92  -0.82   0.79  -0.47  -0.87   0.06   0.76  -0.15
 -0.08  -0.582  0.75   0.17  -0.269 -0.94   0.73  -0.035 -0.13   0.16
  0.95   1.102  0.36  -0.45  -0.72   0.665  0.75  -0.53  -0.8    0.29
 -0.02   0.22   0.1    0.3   -0.75  -0.07  -1.306  0.63  -0.121 -0.85
  0.65  -0.26  -0.16   0.2    0.347  0.31  -0.27  -1.594 -0.69   0.85
 -0.82   0.21   0.17   0.02  -0.62   0.68  -0.81  -0.38  -0.55   1.19
  0.62  -0.5   -0.03  -0.37  -0.98   0.05  -0.48   1.584  0.2    1.02
 -0.75  -0.14   1.036 -0.65  -0.55   0.02   0.13  -0.28   0.2    0.13 ][ 0.47  -0.59   0.75  -0.62   0.22   0.17  -0.97   0.03  -0.967  0.82
  0.923 -0.68   0.92  -0.82   0.79  -0.47  -0.87   0.06   0.69  -0.15
 -0.08  -0.346  0.75   0.17  -0.269 -0.94   0.73  -0.28  -0.13   0.16
  0.95   1.102  0.36  -0.45  -0.72   0.61   0.75  -0.53  -0.8    0.29
 -0.02   0.22   0.94   0.838 -0.75  -0.07  -1.088  0.63  -0.121 -0.85
  0.65  -0.26   0.726  0.2   -0.45   0.81  -0.27  -1.594 -0.69   0.85
 -0.82   0.21   0.17   0.02  -0.62   0.68  -0.77  -0.38  -0.55   0.2
  0.62   0.09  -0.03  -0.37  -0.98   0.05  -0.48   1.584  0.2    0.35
 -0.75  -0.14   1.036 -0.65  -0.355  0.02   0.13  -0.28   0.2    0.13 ][ 0.47  -0.59   0.75  -0.62   0.22   0.17  -0.97   0.03  -0.01   0.82
  0.923 -0.68   0.92  -1.397  0.79  -0.47  -1.863  0.06   0.69  -0.15
 -0.08  -0.346  0.75   0.17  -0.269 -0.94   0.73  -0.28  -0.13  -0.177
  0.95   1.102  0.36  -0.45  -0.72   0.665  0.75  -0.53  -0.8    0.29
 -0.02   0.22   0.1    0.3   -0.75   0.169 -1.306  0.63  -0.121 -0.85
  0.65  -0.26  -0.16   0.2    0.347  0.81  -0.27  -1.594 -0.69   0.85
 -0.82   0.21   0.17   0.02  -0.62   0.68  -0.77  -0.031 -0.55   0.2
  0.62  -0.5   -0.03  -0.37  -0.98   0.05  -0.48   1.584  0.2    0.35
 -0.75  -0.14   1.036 -0.65  -0.55   0.02   0.13  -0.28   0.2    0.13 ][ 0.47  -0.59   0.75  -0.62  -0.96   0.17  -0.91   0.03  -0.01   0.82
  0.72  -0.68   0.92  -0.82   0.79  -0.47  -0.87   0.06   0.76   0.154
 -0.08  -0.346  0.75   0.17  -0.269 -0.94   0.73  -0.035 -0.13   0.16
  0.95   0.42   0.36  -0.45  -0.72   0.61   0.75  -0.53  -0.8    0.29
 -0.02   0.22   0.1    0.3   -0.75  -0.07  -1.088  0.63  -0.121 -0.85
  0.65  -0.26  -0.16   0.2    0.347  0.31  -0.27  -1.594 -0.69   0.85
 -0.82   0.21   0.17   0.02  -0.62   0.68  -0.81  -0.031 -0.55   0.2
  0.62  -0.5   -0.03  -0.37  -0.98   0.05  -0.48   1.584  0.2    0.35
 -0.75  -0.14   1.036 -0.65  -0.55   0.02   0.13  -0.28   0.2    0.13 ][ 0.47  -0.461  0.75  -0.62  -0.96   0.17  -0.97   0.464 -0.01   0.82
  0.923 -0.68   0.92  -0.82   0.79  -0.47  -0.87   0.06   0.76  -0.15
 -0.08  -0.346  0.75   0.17  -0.269 -0.94   0.73  -0.28  -0.13  -0.643
  0.95   0.42   0.36  -0.45  -0.79   0.61   0.75  -0.53  -0.8    0.29
 -0.02   0.22   0.1    0.3   -0.75  -0.07  -1.088  0.63  -0.121 -0.85
  0.65  -0.26  -0.16   0.2   -0.45   0.81  -0.27  -0.84  -0.69   0.85
 -0.82   0.21   0.17   0.02  -0.62   0.68  -0.81  -0.031 -0.55   0.2
  0.62  -0.5   -0.03  -0.37  -1.787  0.05  -0.48   1.584  0.2    0.35
 -0.75  -0.14   0.94  -0.65  -0.55   0.02   0.13  -0.28   0.2    0.13 ][ 0.47  -0.59   0.75  -0.62   0.22   0.17  -0.91   0.03  -0.01   0.82
  0.923 -0.68   0.92  -1.397  0.79  -0.47  -0.87   0.06   0.69  -0.15
 -0.08  -0.346  0.75   0.17  -0.269 -0.94   0.73  -0.28  -0.13   0.16
  0.95   0.42   0.36  -0.45  -0.72   0.665  0.75  -0.282 -0.8    0.29
 -0.02   0.22   0.1    0.3   -0.75   0.169 -1.088  0.63  -0.121 -0.85
  0.65  -0.26  -0.16   0.2    0.347  0.81  -0.27  -1.594 -0.69   0.85
 -0.82   0.21   0.17   0.02  -0.62   0.68  -0.77  -0.031 -0.55   0.2
  0.62  -0.5   -0.03  -0.37  -0.98   0.05  -0.48   1.584  0.2    0.798
 -0.75  -0.14   1.036 -0.65  -0.454  0.02   0.13  -0.28   0.2    0.13 ][ 0.47  -0.59   0.75  -0.62   0.22   0.17  -0.97   0.03  -0.967  0.82
  0.923 -0.68   0.92  -0.82   0.79  -0.47  -0.87   0.06   0.69  -0.15
 -0.08  -0.346  0.75   0.17  -0.269 -0.94   0.73  -0.28  -0.13   0.16
  0.95   0.42   0.36  -0.45  -0.72   0.61   0.75  -0.53  -0.8    0.29
 -0.02   0.22   0.1    0.3   -0.75   0.835 -1.306  0.63  -0.121 -0.85
  0.65  -0.26  -0.16   0.2    0.347  0.81  -0.27  -1.594 -0.69   0.85
  0.038  0.21   0.17   0.02  -0.62   0.68  -0.77  -0.031 -0.55   0.2
  0.62  -0.5   -0.03  -0.37  -0.98   0.05  -0.48   1.584  0.2    0.35
 -0.75  -0.14   1.036 -0.65  -0.55   0.02   0.13  -0.28   0.2    0.13 ][ 0.47  -0.461  0.75  -0.62  -0.96   0.17  -0.97   0.03  -0.967  0.82
  0.923 -0.68   0.92  -1.397  0.79  -0.47  -0.87   0.06   0.76  -0.15
 -0.08  -0.582  0.75   0.17  -0.269 -0.94   0.73  -0.035 -0.13   0.16
  0.95   0.42   0.36  -0.45  -0.72   0.61   0.75  -0.53  -0.8    0.29
 -1.011  0.22   0.94   0.838 -0.75  -0.07   0.5    0.63  -0.121 -0.85
  0.65  -0.26   0.726  0.2   -0.45   0.81  -0.27  -1.594 -0.69   0.85
 -0.82   0.21   0.17   0.02  -0.62   1.477 -0.77  -0.031 -0.55   0.2
  0.62   0.09  -0.03  -0.37  -0.98   0.05  -0.48   1.584  0.2    0.35
 -0.75  -0.14   1.036 -0.65  -0.55   0.02   0.13  -0.28   0.2    0.13 ][ 0.47  -0.59   0.75  -0.62   0.22   0.17  -0.97   0.03  -0.967  0.82
  0.923 -0.68   0.92  -0.82   0.79  -0.47  -0.87   0.06   0.69  -0.15
 -0.08  -0.346  0.75   0.17  -0.269 -0.94   0.73  -0.28  -0.13   0.16
  0.95   1.102  0.36  -0.45  -0.72   0.61   0.75  -0.53  -0.8    0.29
 -0.02   0.22   0.1    0.3   -0.75   0.169 -1.088  0.63  -0.121 -0.85
  0.65  -0.26  -0.16   0.2    0.347  0.81  -0.27  -1.594 -0.69   0.85
 -0.82   0.21   0.17   0.02  -0.62   0.68  -0.77  -0.38  -0.55   0.2
  0.62  -0.5   -0.03  -0.37  -0.98   0.05  -0.48   1.584  0.2    1.02
 -0.75  -0.14   1.036 -0.65  -0.55   0.02   0.13  -0.28   0.828  0.13 ][ 0.47  -0.461  0.75  -0.62  -0.96   0.17  -0.97   0.03  -0.01   0.82
  0.72  -0.68   0.92  -0.82   0.79  -0.47  -0.87   0.06   0.69  -0.15
 -0.08  -0.346  0.75   0.17  -0.269 -0.94   0.73  -0.28   0.51   0.16
  0.95   0.42   0.36  -0.45  -0.72   0.61   0.75  -0.53  -0.8    0.29
 -0.02   0.198  0.1    0.3   -0.75   0.169  0.5    1.115 -0.121 -0.85
  0.65  -0.26  -0.16   0.2    0.347  0.81  -0.27  -1.594 -0.69   0.85
 -0.82   0.21   0.17   0.02  -0.62   0.68  -0.81  -0.38  -0.55   0.2
  0.62  -0.5   -0.03  -0.37  -0.98   0.05  -0.48   1.584  0.2    0.35
 -0.75  -0.77   1.036 -0.65  -0.55   0.02   0.13  -0.28   0.2    0.13 ][ 0.47  -0.59   0.75  -0.62   0.22   0.17  -0.91   0.03  -0.01   0.82
  0.72  -0.68   0.92  -0.82   0.79  -0.47  -0.87   0.06   0.69  -1.136
 -0.08  -0.346  0.75   0.17  -0.269 -0.94   0.73  -0.28   0.465  0.16
  0.95   0.42   0.36  -0.45  -0.72   0.665  0.75  -0.53  -0.8    0.29
 -0.02   0.198  0.1    0.3   -0.75  -0.07  -1.088  0.63  -0.121 -0.765
  0.65  -0.26  -0.16   0.2    0.347  0.81  -0.27  -1.594 -0.69   0.85
 -0.82   0.21   0.17   0.02  -0.62   0.68  -0.77  -0.38  -0.55   0.2
  0.62  -0.5   -0.03  -0.37  -0.98   0.05  -0.48   1.584  0.2    0.798
 -0.75  -0.14   1.036 -0.65  -0.55   0.02   0.13  -0.28   0.2    0.13 ][ 0.47  -0.59   0.75  -0.62  -0.96   0.17  -0.91   0.678 -0.01   0.82
  0.923 -0.68   0.92  -0.82   0.79  -0.47  -0.87   0.06   0.76  -0.15
 -0.08  -0.346  0.75   0.17  -0.269 -0.94   0.73  -0.28  -0.13   0.16
  0.95   0.42   0.36  -0.45  -0.72   0.665  0.75  -0.53  -0.8    0.29
 -0.02   0.22  -0.533  0.3   -0.75  -0.07  -1.306  0.63  -0.121 -0.85
  0.65  -0.26  -0.16   0.2    0.347  0.81  -0.27  -1.594 -1.075  0.85
 -0.82   0.21   0.17   0.02  -0.62   0.68  -0.77  -0.031 -0.55   0.2
  0.62  -0.5   -0.03  -0.37  -0.98   0.05  -0.48   1.584  0.2    0.35
 -0.75  -0.14   1.036 -0.65  -0.55   0.02   0.13  -0.28   0.2    0.13 ][ 0.47  -0.59   0.75  -0.62   0.22   0.17  -0.91   0.03  -0.967  0.82
  0.72  -0.68   0.92  -0.82   0.79  -0.47  -0.87   0.06   0.69  -0.15
 -0.08  -0.346  0.75   0.17  -0.269 -0.94   0.73  -0.28   0.51   0.16
  0.95   0.42   0.36  -0.45  -0.72   0.61   0.75  -0.53  -0.8    0.29
 -0.02   0.22   0.94   0.838  0.66   0.169 -1.088  0.63  -0.121 -0.85
  0.684 -0.26  -0.16   0.2    0.394  0.81  -0.27  -1.594 -0.69   0.85
 -0.82   0.21   0.17   0.02  -0.62   0.68  -0.77  -0.38  -0.55   0.2
  0.62  -0.5   -0.03  -0.37  -0.98   0.05  -0.48   1.584  0.2    0.35
 -0.75  -0.14   1.036 -0.65  -0.55   0.02   0.13  -0.28   0.2    0.878][ 0.47  -0.461  0.75  -0.62   0.22   0.17  -0.91   0.03  -0.967  0.82
  0.923 -0.68   0.92  -0.82   0.79  -0.47  -0.87   0.06   0.76  -0.15
 -0.08  -0.346  0.75   0.17  -0.269 -0.94   0.73  -0.28  -0.13   0.16
  0.95   0.42   0.36  -0.45  -0.72   0.61   0.75  -0.53  -0.8    0.29
 -0.02   0.22   0.1    0.3   -0.75   0.169 -1.306  0.63  -0.121 -0.85
  0.161 -0.26  -0.16   0.2   -0.45   0.81  -0.27  -1.594 -0.69   1.406
 -0.82   0.21   0.17   0.02  -0.62   0.68  -0.77  -0.031 -0.55   0.2
  0.62  -0.5   -0.03  -0.37  -0.98   0.05  -0.48   1.584  0.2    0.35
 -0.75  -0.14   1.036 -0.65  -0.55   0.02   0.13  -0.28   0.2    0.13 ][ 0.47  -0.59   0.75  -0.62  -0.96   0.17  -0.91   0.03  -0.967  0.82
  0.923 -0.68   0.92  -0.82   0.079 -0.47  -0.87   0.06   0.69  -0.15
 -0.08  -0.582  0.75   0.17  -0.269 -0.94   0.73  -0.28   0.51   0.16
  0.95   0.42   0.36  -0.45  -0.72   0.665  0.75  -0.53  -0.8    0.29
 -0.02   0.22   0.1    0.3   -0.75   0.169 -1.088  0.63  -0.121 -0.85
  0.65  -0.26  -0.16   0.2    0.347  0.81  -0.27  -0.84  -0.69   0.85
 -0.82   0.21   0.17   0.02  -0.62   0.68  -0.81  -0.031 -0.55   0.2
  0.62  -0.5   -0.03  -0.37  -0.98   0.05  -0.48   1.584  0.2    0.35
 -0.75  -0.14   1.036 -0.65  -0.55   0.02   0.13  -0.28   0.2    0.13 ][ 0.47  -0.461  0.08  -0.62   0.22   0.17  -0.97   0.03  -0.967  0.82
  0.923 -0.68   0.92  -0.82   0.79  -0.47  -0.87   0.06   0.69  -0.15
 -0.08  -0.346  0.75   0.17  -0.269 -0.94   0.73  -0.035  0.51   0.692
  0.95   0.42   0.36  -0.45  -0.72   0.61   0.75  -0.53  -0.8    0.29
 -0.02   0.22   0.94   0.3   -0.75  -0.07  -1.088  0.63  -0.121 -0.85
  0.65  -0.26  -0.16   0.2   -0.45   0.31  -0.27  -1.594 -0.69   0.85
  0.521  0.21   0.17   0.02  -0.62   0.68  -0.77  -0.38  -0.55   0.2
  0.62  -0.5   -0.03  -0.37  -0.98   0.05  -0.48   1.584  0.2    0.35
 -0.75  -0.14   1.036 -0.65  -0.55   0.02   0.13  -0.28   0.2    0.13 ][ 0.47  -0.59   0.75  -0.62   0.22   0.17  -0.91   0.03  -0.01   0.82
  0.72  -0.68   0.92  -0.82   0.79  -0.47  -0.87   0.06   0.69  -0.15
 -0.08  -0.346  0.75   0.17  -0.269 -0.94   0.73  -0.28  -0.13   0.16
  0.95   0.42   0.36  -0.45  -0.72   0.61   0.75  -0.53  -0.8    0.29
 -0.02   0.22   0.1    0.3   -0.75  -0.07  -1.088  0.63  -0.121 -0.85
  0.65  -0.26  -0.16   0.2   -0.45   0.81  -0.27  -1.594 -1.198  0.85
 -0.82   0.21   0.17   0.02  -0.62   0.68  -0.77  -0.38  -0.55   0.2
  0.62  -0.5   -0.03  -0.37  -0.98   0.05  -0.48   1.584  0.2    0.35
 -0.75  -0.14   1.036 -0.65  -0.55   0.02   0.13  -0.28   0.2    0.13 ][ 0.47  -0.59   0.75  -0.62   0.22   0.17  -0.97   0.03  -0.967  0.82
  0.923 -0.68   0.92  -0.82   0.79  -0.47  -0.87   0.06   0.76  -0.15
 -0.08  -0.346  0.75   0.17  -0.269 -0.94   0.73  -0.28  -0.13   0.16
  0.95   1.102  0.36  -0.45  -0.79   0.665  0.75  -0.53  -0.8    0.29
 -0.02   0.22   0.1    0.3   -0.75  -0.07  -1.088  0.63  -0.599 -0.85
  0.65  -0.26   0.726  0.2   -0.45   0.81  -0.27  -1.594 -0.69   0.85
 -0.82   0.21   0.17   0.02  -0.62   1.035 -0.77  -0.38  -0.55   0.2
  0.62   0.09  -0.03  -0.37  -0.98   0.05  -0.48   1.584  0.2    0.35
 -0.75  -0.14   1.036 -0.65  -0.55   0.02   0.13  -0.28   0.2    0.13 ][ 0.47  -0.59   0.75  -0.62   0.22   0.17  -0.91   0.03  -0.01   0.82
  0.923 -0.68   0.92  -0.82   0.79  -0.47  -0.87   0.06   0.76  -0.15
 -0.08  -0.346  0.75   0.17  -0.269 -0.94   0.73  -0.28  -0.13  -0.643
  0.95   1.102  0.36  -0.45  -0.72   0.665  0.75  -0.53  -0.8    0.29
 -0.02   0.22   0.1    0.3   -0.75   0.169 -1.088  0.63  -0.121 -0.85
  0.65  -0.26  -0.16   0.2    0.347  0.81  -0.27  -0.84  -0.69   0.85
 -0.82   0.118  0.17   0.02  -0.62   0.68  -0.81  -0.031 -0.55   0.2
  0.62  -0.5   -0.03  -0.37  -0.98   0.05  -0.48   1.584  0.2    0.35
 -0.75  -0.14   1.036 -0.65  -0.55   0.02   0.13  -0.28   0.2    0.13 ][ 0.47  -0.59   0.75  -0.62   0.22   0.17  -0.91   0.03  -0.967  0.82
  0.923 -0.68   0.92  -1.397  0.79  -0.47  -0.87   0.06   0.69  -0.15
 -0.08  -0.346  0.75   0.17  -0.269 -0.94   0.73  -0.28  -0.13   0.16
  0.95   1.102  0.36  -0.45  -0.79   0.61   0.75  -0.53  -0.8    0.29
 -0.02   0.22   0.1    0.3   -0.75  -0.07  -1.088  0.63  -0.121 -0.85
  0.65  -0.26   0.726  0.2    0.347  0.81  -0.27  -1.901 -0.69   0.85
 -0.82   0.21   0.17   0.02  -0.62   0.68  -0.77  -0.38  -0.55   0.2
  0.62  -0.5   -0.03  -0.37  -0.98   0.05  -0.48   1.584  0.2    0.35
 -0.75  -0.14   1.036 -0.65  -0.55   0.02   0.13  -0.28   0.2    0.13 ][ 0.47  -0.59   0.75  -0.62  -0.896  0.17  -0.97   0.03  -0.01   0.82
  0.923 -0.68   0.92  -1.397  0.79  -0.47  -0.87   0.06   0.69  -0.15
 -0.08  -0.346  0.75   0.17  -0.269 -0.94   0.73  -0.28  -0.13   0.16
  0.95   1.102  0.36  -0.45  -0.72   0.61   0.75  -0.53  -0.8    0.29
 -0.02   0.22  -0.533  0.3   -0.75  -0.07  -1.306  0.63  -0.121 -0.85
  0.65  -0.26   0.726  0.2   -0.45   0.81  -0.27  -0.84  -0.69   0.85
 -0.82   0.21   0.17   0.02  -0.62   0.68  -0.77  -0.031 -0.55   0.2
  0.62  -0.5   -0.03  -0.37  -0.98   0.05  -0.48   1.584  0.2    0.35
 -0.75  -0.14   1.036 -0.65  -0.55   0.02   0.13  -0.28   0.2    0.13 ][ 0.47  -0.461  0.75  -0.62  -0.96   0.17  -0.97   0.03  -0.967  0.82
  0.72  -0.68   0.92  -0.82   0.79  -0.47  -0.87   0.06   0.69  -0.15
 -0.08  -0.346  0.75   0.17  -0.269 -0.94   0.73  -0.28  -0.13   0.16
 -0.62   1.102  0.36  -0.45  -0.72   0.61   0.75  -0.53  -0.8    0.29
 -0.02   0.22   0.1    0.3   -0.75  -0.07   0.5    0.462 -0.121 -0.85
  0.65  -0.26   0.726  0.2    0.347  0.81  -0.27  -0.84  -1.075  0.85
 -0.82   0.21   0.17   0.02  -0.62   0.68  -0.307 -0.031 -0.55   0.2
  0.62  -0.5   -0.03  -0.37  -0.98   0.05  -0.48   1.584  0.2    0.35
 -0.75  -0.14   1.036 -0.65  -0.55   0.02   0.13  -0.28   0.2    0.13 ][ 0.47  -0.59   0.75  -0.62  -0.96   0.17  -0.91   0.03  -0.01   0.82
  0.72  -0.68   0.92  -0.82   0.79  -0.47  -0.87   0.06   0.76  -0.15
 -0.08  -0.346  0.75   0.17  -0.269 -0.94   0.73  -0.28  -0.257  0.16
  0.95   1.102  0.36  -0.45  -0.72   0.665  0.75  -0.53  -0.8    0.29
 -0.02   0.198  0.1    0.3   -0.75  -0.07  -1.088  0.63  -0.121 -0.85
  0.65  -0.26  -0.16   0.2    0.347  0.81  -0.27  -0.84  -0.69   0.85
 -0.82   0.21   0.17   0.02  -0.62   0.68  -0.77  -0.38  -0.55   0.2
  0.62  -0.5   -0.03  -0.37  -0.98   0.05  -0.48   1.584  0.2    0.798
 -0.75  -0.14   1.036 -0.65  -0.55   0.02   0.13  -0.28   0.2    0.13 ][ 0.47  -0.59   0.75   0.179  0.22   0.17  -0.91   0.03  -0.01   0.82
  0.923 -0.68   0.92  -0.82   0.79  -0.47  -0.87   0.06   0.69  -0.15
 -0.08  -0.346  0.75   0.17  -0.269 -0.94   0.73  -0.28  -0.13   0.16
  0.95   0.42   0.36  -0.45  -0.72   0.61   0.75  -0.53  -0.8    0.29
 -0.02   0.22   0.94   0.3   -0.75   0.169 -1.088  0.63  -0.121 -0.85
  0.65  -0.26  -0.16   0.2    0.347  0.81  -0.27  -1.594 -0.69   0.85
 -0.82   0.21   0.17   0.02  -0.62   0.68  -0.77  -0.38  -0.55   0.2
  0.62  -0.5   -0.03  -0.37  -0.98   0.05  -0.48   1.584  0.2    1.02
 -0.75  -0.77   1.036 -0.65  -0.55   0.02   0.13  -0.28   0.2    0.13 ][ 0.47  -0.461  0.75  -0.62  -0.96   0.17  -0.97   0.03  -0.967  0.82
  0.72  -0.68   0.92  -0.82   0.79  -0.47  -0.87   0.06   0.69  -0.15
 -0.08  -0.346  0.75   0.17  -0.269 -0.94   0.73  -0.28  -0.13   0.16
  0.95   1.102  0.36  -0.45  -0.72   0.61   0.75  -0.53  -0.8    0.29
 -0.02   0.22   0.1    0.3   -1.173 -0.07   0.5    0.63  -0.121 -0.85
  0.65  -0.26   0.726  0.2    0.347  0.31  -0.27  -1.594 -0.69   0.85
 -0.82   0.21   0.17   0.02  -0.62   0.68  -0.77  -0.031 -0.55   0.2
  0.62  -0.5   -0.03  -0.37  -0.98   0.05  -0.48   1.584  0.2    0.35
 -0.75  -0.14   1.036 -0.65  -0.55   0.02   0.13  -0.28  -0.61   0.13 ]