[ 0.29 -0.3  -0.11 -0.83  0.5  -0.1  -0.39 -0.97  0.2   0.44 -0.66  0.19
 -0.43 -0.46  0.54  0.53 -0.36  0.33  0.81  0.77 -0.27  0.53  0.98 -0.44
 -0.13 -0.64  0.63  0.39 -0.91 -0.69  0.6  -0.83  0.99 -0.39 -0.94 -0.4
 -0.38  0.18  0.55  0.7  -0.83  0.82  0.03 -0.88 -0.14 -0.11  0.03  0.61
  0.39  0.89 -0.4   0.83 -0.88  0.13 -0.54  0.82  0.8   0.14 -0.77 -0.12
  0.24 -0.92 -0.58 -0.58 -0.79  0.62  0.7  -0.69 -0.41  0.84 -0.37  0.14
  0.71 -0.5   0.28 -0.62  0.2  -0.81  0.11 -0.79 -0.88  0.84 -0.22 -0.67
 -0.32 -0.6  -0.66 -0.32 -0.76 -0.41][-0.13 -0.03  0.49  0.97  0.49  0.89 -0.86 -1.   -0.76 -0.45 -0.97 -0.72
  0.88 -0.82  0.24 -0.83  0.29  0.26  0.67 -0.69  0.36  0.98 -0.94 -0.66
  0.72 -0.89  0.63 -0.01  0.18  0.35 -0.3   0.69  0.45  0.66  0.51 -0.1
 -0.11  0.72  0.4  -0.17  0.66 -0.33 -0.44  0.58 -0.62 -0.38  0.05 -0.27
 -0.94 -0.63 -0.67 -0.96  0.83 -0.12  0.21 -0.6  -0.1  -0.23 -0.89 -0.11
 -0.55 -0.82  0.83  0.34 -0.15 -0.42  0.94 -0.08  0.41  0.26  0.63 -0.22
  0.79  0.77  0.39  0.96  0.38  0.53 -0.27  0.97  0.96  0.63 -0.96 -0.62
  0.66  0.37 -0.14  0.99  0.04 -0.67][-0.63 -0.37  0.8   0.37  0.94  0.97  0.59 -0.85 -0.36  0.39 -0.22 -0.05
 -0.94  0.44 -0.33 -0.57  0.69 -0.58  0.42 -0.71  0.21 -0.43 -0.56 -0.5
 -0.04  0.22 -0.01 -0.25 -0.29 -0.68  0.4   0.62 -0.38  0.16  0.52  0.41
  0.52  0.17  0.61 -0.96 -0.69  0.01 -0.31 -0.29  0.96  0.69 -0.95  0.98
  0.88  0.26  0.1   0.72 -0.3   0.35 -0.67 -0.81  0.39 -0.36  0.45 -0.54
  0.08  0.99 -0.09  0.39 -0.06  0.63 -0.13 -0.67 -0.95  0.3   0.47 -0.39
 -0.55  0.62  0.89 -0.11  0.15 -0.8   0.87 -0.54  0.97  0.99  0.64 -0.84
 -0.05  0.18  0.45  0.25  0.42  0.29][ 7.5000000e-01  3.7000000e-01 -6.6000000e-01 -7.2000000e-01
 -7.2000000e-01  1.4000000e-01  6.6000000e-01 -3.8000000e-01
 -7.4000000e-01  9.8000000e-01  3.6000000e-01  1.6000000e-01
 -3.3000000e-01  4.7000000e-01 -1.7000000e-01  6.0000000e-02
 -3.0000000e-01 -5.3000000e-01 -5.3000000e-01 -2.6000000e-01
 -3.4000000e-01  7.0000000e-02  2.8000000e-01  6.0000000e-01
 -4.0000000e-02 -7.7000000e-01 -8.5000000e-01  9.7000000e-01
  4.8000000e-01 -6.6000000e-01 -3.7000000e-01  8.8817842e-16
  4.2000000e-01 -2.3000000e-01 -4.5000000e-01 -1.9000000e-01
  2.5000000e-01  9.5000000e-01 -4.0000000e-02  8.4000000e-01
 -5.0000000e-01  6.0000000e-02  1.7000000e-01  1.0000000e-01
  4.4000000e-01  1.6000000e-01 -7.4000000e-01  5.2000000e-01
 -8.3000000e-01 -5.4000000e-01 -2.7000000e-01  4.0000000e-02
 -9.9000000e-01 -9.8000000e-01  9.6000000e-01  9.1000000e-01
  2.7000000e-01  4.0000000e-02 -3.2000000e-01  3.7000000e-01
  4.2000000e-01  6.2000000e-01 -3.7000000e-01  1.2000000e-01
 -9.3000000e-01 -1.5000000e-01 -6.5000000e-01 -2.0000000e-01
 -8.7000000e-01 -2.2000000e-01 -9.4000000e-01 -4.7000000e-01
 -6.5000000e-01  7.5000000e-01 -4.5000000e-01  3.2000000e-01
  4.7000000e-01 -9.0000000e-01 -3.0000000e-01  6.3000000e-01
 -6.0000000e-01  3.6000000e-01 -2.0000000e-01 -2.6000000e-01
 -6.6000000e-01 -6.5000000e-01  3.2000000e-01  9.1000000e-01
 -4.6000000e-01  1.6000000e-01][ 0.35 -0.69 -0.38 -0.73  0.97 -0.44 -0.43 -0.8   0.42 -0.62  0.25 -0.58
  0.83  0.05 -0.42 -0.79  0.13  0.62 -0.59 -0.82 -0.75 -0.62  0.76 -0.39
  0.2   0.3   0.43  0.77 -0.18  0.94 -0.69  0.01  0.38 -0.77 -0.59 -0.61
  0.69  0.22  0.95 -0.59  0.21 -0.19 -0.25  0.1   0.68  0.71 -0.83 -0.99
 -0.88 -0.65  0.48 -0.7  -0.98 -0.96 -0.19  0.38  0.17 -0.21 -0.3  -0.07
  0.91  0.04 -0.8  -0.46 -0.61  0.05 -0.83  0.85 -0.94 -0.97  0.04  0.53
 -0.64 -0.59  0.06 -0.96  0.31  0.12  0.17 -0.62  0.7   0.11  0.6  -0.84
 -0.83  0.87 -0.75  0.23 -0.08 -0.09][-1.0000000e-02  3.9000000e-01 -8.5000000e-01 -5.8000000e-01
 -1.8000000e-01  4.4000000e-01 -4.9000000e-01  1.9000000e-01
  9.9000000e-01  3.2000000e-01 -5.5000000e-01  6.7000000e-01
  8.8000000e-01  4.2000000e-01 -8.2000000e-01 -8.8000000e-01
  7.0000000e-01  1.8000000e-01  5.0000000e-01 -5.6000000e-01
  9.5000000e-01  3.4000000e-01 -2.0000000e-01  9.3000000e-01
  6.3000000e-01 -9.3000000e-01 -8.4000000e-01 -5.7000000e-01
 -5.9000000e-01  4.0000000e-02 -6.0000000e-02 -2.0000000e-02
  8.6000000e-01  8.0000000e-02  1.4000000e-01 -1.0000000e-01
  7.0000000e-01  4.4000000e-01 -4.3000000e-01 -6.0000000e-01
 -3.5000000e-01  9.7000000e-01 -2.0000000e-02 -3.1000000e-01
 -5.3000000e-01  3.7000000e-01  9.8000000e-01 -9.0000000e-01
  7.0000000e-01 -4.7000000e-01  8.1000000e-01  7.8000000e-01
  8.2000000e-01  7.4000000e-01 -1.0000000e-01  1.3000000e-01
  1.5000000e-01 -4.2000000e-01 -1.3000000e-01  7.3000000e-01
 -2.3000000e-01 -1.6000000e-01  3.8000000e-01  1.9000000e-01
 -3.6000000e-01  6.8000000e-01 -2.2000000e-01  4.0000000e-01
 -5.8000000e-01  2.0000000e-01  1.0000000e-02 -4.0000000e-02
  8.8817842e-16  9.8000000e-01 -1.0000000e-01 -3.3000000e-01
 -1.8000000e-01 -5.3000000e-01 -4.6000000e-01 -3.8000000e-01
 -3.6000000e-01  7.2000000e-01 -8.0000000e-01  4.2000000e-01
 -1.4000000e-01 -5.4000000e-01 -9.1000000e-01  1.7000000e-01
 -3.4000000e-01  6.0000000e-02][-0.18  0.22 -0.52 -0.09  0.96  0.49 -0.78 -0.36 -0.46  0.74  0.79 -0.18
 -0.78 -0.03  0.34 -0.36  0.68  0.29  0.7   0.02 -0.29  0.49  0.86 -0.7
 -0.6  -0.18  0.2  -0.43  0.08 -0.06  0.37 -0.29 -0.83  0.45  0.91  0.05
 -0.15 -0.23  0.58  0.87  0.28  0.11  0.21 -0.11 -0.32  0.41  0.84 -0.1
  0.9  -0.05  0.32  0.74 -0.29 -0.44 -0.74 -0.25  0.93 -0.33 -0.45 -0.93
 -0.2  -0.04  0.85  0.53  0.64  0.9  -0.15  0.52 -0.77 -0.75 -0.06  0.16
 -0.4  -0.39 -0.65  0.23  0.85  0.44  0.13  0.96  0.06  0.73  0.16 -0.42
  0.78 -0.15 -0.5  -0.15 -0.75 -0.05][ 1.0000000e-01  5.1000000e-01  7.5000000e-01  1.0000000e-02
 -4.7000000e-01 -6.5000000e-01  6.0000000e-01 -6.4000000e-01
  2.0000000e-01 -6.0000000e-02  8.3000000e-01  2.2000000e-01
 -7.7000000e-01 -7.8000000e-01  1.2000000e-01 -6.4000000e-01
 -5.1000000e-01  2.0000000e-02  8.8000000e-01 -6.7000000e-01
 -9.7000000e-01  6.4000000e-01 -4.4000000e-01 -6.0000000e-02
 -9.8000000e-01  9.6000000e-01 -5.6000000e-01  8.8817842e-16
 -1.0000000e-02  7.8000000e-01  2.1000000e-01  3.1000000e-01
  9.7000000e-01  8.0000000e-01 -6.1000000e-01  1.5000000e-01
 -3.0000000e-02  8.0000000e-02 -8.6000000e-01 -3.4000000e-01
  5.0000000e-02 -3.2000000e-01  3.0000000e-01  4.5000000e-01
 -2.0000000e-01 -1.4000000e-01  3.9000000e-01  3.4000000e-01
 -9.0000000e-01 -8.1000000e-01 -1.2000000e-01  5.6000000e-01
  1.1000000e-01  2.2000000e-01  1.0000000e-02  6.8000000e-01
  6.9000000e-01  9.4000000e-01  8.0000000e-02 -8.5000000e-01
  7.2000000e-01 -1.1000000e-01  2.3000000e-01  6.9000000e-01
  2.4000000e-01 -5.2000000e-01  5.9000000e-01 -9.9000000e-01
 -1.9000000e-01 -9.0000000e-01 -7.9000000e-01  7.8000000e-01
  9.6000000e-01 -6.0000000e-02 -8.4000000e-01 -1.1000000e-01
  5.0000000e-01 -1.6000000e-01  7.1000000e-01 -9.2000000e-01
 -1.4000000e-01  1.9000000e-01  1.3000000e-01 -5.7000000e-01
  5.6000000e-01  8.7000000e-01 -2.4000000e-01 -1.0000000e-01
 -1.1000000e-01  2.3000000e-01][ 4.9000000e-01 -1.0000000e-02 -3.3000000e-01  4.4000000e-01
  1.0000000e-02  6.8000000e-01 -5.1000000e-01  8.3000000e-01
 -3.4000000e-01  6.6000000e-01  6.9000000e-01  1.2000000e-01
  8.2000000e-01 -1.7000000e-01 -1.5000000e-01  8.0000000e-02
  7.0000000e-01 -7.0000000e-02  6.7000000e-01  5.1000000e-01
 -7.8000000e-01  7.8000000e-01 -1.5000000e-01 -9.0000000e-01
  6.0000000e-01  9.8000000e-01  8.5000000e-01  3.5000000e-01
 -5.1000000e-01 -4.8000000e-01 -7.1000000e-01  5.4000000e-01
  3.4000000e-01 -5.0000000e-01 -3.9000000e-01  8.5000000e-01
  7.8000000e-01 -8.4000000e-01  2.0000000e-02  8.1000000e-01
  3.7000000e-01 -3.5000000e-01  6.4000000e-01  5.9000000e-01
  5.8000000e-01  3.8000000e-01 -8.7000000e-01 -2.6000000e-01
  3.3000000e-01 -3.7000000e-01  8.6000000e-01  7.9000000e-01
 -3.5000000e-01 -6.5000000e-01  9.0000000e-01  3.2000000e-01
  8.8000000e-01 -2.5000000e-01 -1.8000000e-01 -1.5000000e-01
 -6.4000000e-01  7.2000000e-01 -7.2000000e-01 -6.7000000e-01
 -8.3000000e-01 -1.9000000e-01 -4.5000000e-01  4.1000000e-01
  5.1000000e-01 -5.6000000e-01 -9.4000000e-01 -2.4000000e-01
 -5.0000000e-02  6.2000000e-01  8.8817842e-16  1.7000000e-01
  2.4000000e-01 -9.1000000e-01 -4.2000000e-01 -5.0000000e-01
  4.9000000e-01 -6.0000000e-02  5.0000000e-02  8.4000000e-01
  1.5000000e-01 -4.5000000e-01  7.9000000e-01  8.6000000e-01
  6.6000000e-01  3.3000000e-01][-0.16  0.32  0.86  0.15 -0.09  0.36  0.73 -0.13  0.29  0.52 -0.4   0.79
  0.93  0.39  0.11 -0.23  0.27  0.07  0.6   0.32  0.5  -0.98 -0.69  0.51
  0.42  0.42 -0.3   0.65  0.21  0.4  -0.81  0.56 -0.81 -0.06 -0.16 -0.1
 -0.45 -0.46  0.05 -0.97  0.46 -0.75 -0.65  0.59  0.1   0.49 -0.61  0.11
 -0.08  0.68  0.75  0.95 -0.15 -0.76 -0.85 -0.21 -0.89 -0.92 -0.73  0.39
  0.31 -0.59 -0.55 -0.16 -0.07  0.62  0.08  0.4  -0.12  0.27  0.05 -0.4
 -0.76 -0.86  0.87  0.14 -0.35 -0.01  0.19 -0.57 -0.5   0.28  0.26 -0.75
  0.38  0.75 -0.23 -0.81  0.08  0.84][ 9.6000000e-01  4.4000000e-01 -2.5000000e-01 -4.0000000e-02
 -1.2000000e-01  8.6000000e-01  7.5000000e-01 -6.0000000e-01
 -9.0000000e-01  7.9000000e-01 -6.4000000e-01 -2.2000000e-01
 -5.5000000e-01  2.5000000e-01  8.0000000e-01 -9.8000000e-01
  5.1000000e-01  5.6000000e-01 -1.4000000e-01  8.1000000e-01
 -4.8000000e-01  7.3000000e-01  3.1000000e-01 -9.7000000e-01
  5.6000000e-01 -7.0000000e-02  8.0000000e-02 -9.5000000e-01
  6.6000000e-01 -6.1000000e-01  7.2000000e-01 -6.9000000e-01
 -2.8000000e-01  1.8000000e-01 -5.4000000e-01 -1.8000000e-01
 -8.6000000e-01 -3.1000000e-01 -1.9000000e-01  9.2000000e-01
  9.8000000e-01 -8.2000000e-01 -4.1000000e-01 -3.5000000e-01
  3.2000000e-01 -3.6000000e-01  6.0000000e-02 -5.7000000e-01
  7.1000000e-01 -9.6000000e-01  3.4000000e-01  9.1000000e-01
 -4.5000000e-01  6.7000000e-01 -4.3000000e-01 -8.0000000e-02
  9.4000000e-01  3.7000000e-01 -1.0000000e-02 -5.1000000e-01
 -8.0000000e-02 -2.3000000e-01  3.1000000e-01  8.5000000e-01
  7.0000000e-01  6.8000000e-01  5.7000000e-01  2.0000000e-02
 -6.1000000e-01  8.8817842e-16  4.2000000e-01  9.2000000e-01
  1.4000000e-01 -8.7000000e-01 -5.8000000e-01 -2.6000000e-01
  6.0000000e-01  5.6000000e-01  2.3000000e-01 -7.6000000e-01
 -8.2000000e-01 -3.6000000e-01 -4.2000000e-01  3.9000000e-01
  6.3000000e-01  7.0000000e-01 -3.4000000e-01 -6.0000000e-01
  1.9000000e-01 -6.7000000e-01][-0.49  0.97  0.87  0.94  0.56 -0.38  0.04 -0.46 -0.02  0.39 -0.01 -0.63
  0.98  0.9  -0.3   0.18 -0.04 -0.3  -0.63 -0.02  0.83  0.64  0.82 -0.02
  0.73 -0.76 -0.39 -0.2   0.78 -0.55 -0.16 -0.38  0.56  0.89  0.19 -0.21
 -0.76 -0.04 -0.17 -0.5  -0.59 -0.33  0.49  0.79 -0.87 -0.27 -0.11 -0.2
 -0.3  -0.69  0.28  0.53 -0.51 -0.34 -0.82  0.32  0.9   0.38  0.07  0.51
 -0.8   0.67  0.14 -0.48  0.26  0.48  0.39 -0.92 -0.56 -0.92 -0.42  0.63
  0.18 -0.51 -0.7   0.88 -0.01  0.16 -0.9  -0.1  -0.88 -0.75  0.03 -0.74
  0.82 -0.49  0.84  0.26  0.35 -0.77][ 1.9000000e-01  2.4000000e-01  4.5000000e-01  5.0000000e-02
  9.3000000e-01  2.8000000e-01  8.4000000e-01  9.8000000e-01
 -3.7000000e-01 -6.9000000e-01  9.7000000e-01  9.4000000e-01
 -8.7000000e-01  9.2000000e-01 -9.3000000e-01  1.8000000e-01
  2.3000000e-01  7.4000000e-01  6.6000000e-01  9.0000000e-02
 -7.3000000e-01  5.6000000e-01 -8.8000000e-01  1.2000000e-01
 -8.5000000e-01 -8.1000000e-01  8.2000000e-01  6.0000000e-02
 -2.5000000e-01  4.5000000e-01  3.1000000e-01 -5.7000000e-01
 -4.4000000e-01  9.1000000e-01 -5.1000000e-01 -7.3000000e-01
 -7.3000000e-01  6.5000000e-01 -3.8000000e-01 -6.7000000e-01
  5.8000000e-01 -4.8000000e-01 -7.4000000e-01 -1.9000000e-01
  8.0000000e-01  2.4000000e-01 -5.0000000e-01 -5.4000000e-01
 -8.2000000e-01 -6.9000000e-01  8.3000000e-01 -1.8000000e-01
 -7.0000000e-01 -3.0000000e-02 -1.8000000e-01 -5.2000000e-01
  1.6000000e-01 -8.2000000e-01  5.5000000e-01 -7.8000000e-01
 -7.3000000e-01  9.5000000e-01 -9.4000000e-01 -5.6000000e-01
  9.5000000e-01  2.3000000e-01  6.7000000e-01  4.3000000e-01
 -8.2000000e-01  3.0000000e-02 -9.5000000e-01 -8.9000000e-01
  7.3000000e-01 -5.6000000e-01  9.8000000e-01  7.1000000e-01
 -3.8000000e-01  3.1000000e-01  6.1000000e-01 -6.0000000e-02
  3.7000000e-01  8.8817842e-16  2.6000000e-01  2.8000000e-01
 -3.6000000e-01 -7.8000000e-01  2.1000000e-01 -1.2000000e-01
 -1.5000000e-01  9.0000000e-01][ 0.52  0.33  0.62  0.56 -0.88  0.87  0.56 -0.91 -0.38 -0.59  0.78 -0.5
  0.24  0.2  -0.12 -0.92 -0.01  0.51  0.84 -0.34 -0.74 -0.3  -0.8  -0.32
  0.27  0.56  0.03  0.2   0.7  -0.04  0.09 -0.21 -0.81 -0.51  0.45  0.14
 -0.04  0.3   0.76  0.83 -0.64  0.55 -0.79 -0.04  0.54  0.04  0.91 -0.56
 -0.78 -0.81 -0.62  0.88 -0.93  0.99  0.55 -0.8  -0.31  0.17  0.28 -0.54
  0.36 -0.8   0.41  0.11 -0.54 -0.57 -0.8   0.85  0.73  0.58 -0.77  0.29
  0.15 -0.05  0.7  -0.83  0.42  0.9   0.85  0.7   0.97 -0.23  0.08 -0.44
  0.62  0.54  0.83  0.99  0.46 -0.82][ 9.4000000e-01 -6.1000000e-01  5.5000000e-01 -8.4000000e-01
 -6.5000000e-01 -5.6000000e-01 -2.6000000e-01  8.1000000e-01
  3.2000000e-01  9.6000000e-01 -5.0000000e-01  8.6000000e-01
 -6.8000000e-01  6.8000000e-01 -9.1000000e-01 -6.2000000e-01
  2.2000000e-01 -5.0000000e-02  3.2000000e-01 -3.0000000e-02
 -3.0000000e-01 -7.7000000e-01  3.1000000e-01 -2.3000000e-01
  8.1000000e-01 -2.1000000e-01 -5.5000000e-01 -7.0000000e-02
 -3.0000000e-01  5.1000000e-01  6.2000000e-01 -5.1000000e-01
  3.8000000e-01  2.4000000e-01  1.8000000e-01  9.5000000e-01
 -4.9000000e-01 -1.6000000e-01  8.1000000e-01  6.5000000e-01
 -3.3000000e-01 -1.3000000e-01  7.6000000e-01 -9.7000000e-01
  9.4000000e-01 -8.7000000e-01 -4.8000000e-01  5.0000000e-01
 -1.7000000e-01 -9.3000000e-01 -3.4000000e-01  8.8817842e-16
  1.2000000e-01 -2.9000000e-01  8.7000000e-01  3.0000000e-01
  4.5000000e-01  8.1000000e-01  6.4000000e-01  7.0000000e-02
  2.9000000e-01 -2.3000000e-01  3.2000000e-01  2.8000000e-01
 -6.5000000e-01 -6.7000000e-01 -8.0000000e-02  1.0000000e-02
  4.3000000e-01 -9.5000000e-01  9.3000000e-01  6.8000000e-01
 -8.0000000e-02 -8.7000000e-01  7.4000000e-01 -9.7000000e-01
  3.0000000e-02 -5.1000000e-01  3.2000000e-01  5.7000000e-01
  3.5000000e-01 -5.1000000e-01  6.5000000e-01  8.5000000e-01
  3.4000000e-01  4.0000000e-01 -1.0000000e-01 -6.6000000e-01
  5.3000000e-01  4.6000000e-01][ 0.34 -0.94 -0.45 -0.42 -0.76  0.37 -0.41  0.14 -0.33 -0.35  0.07  0.44
 -0.43 -0.63  0.45  0.79  0.42 -0.01 -0.61 -0.03 -0.95  0.16 -0.69  0.52
  0.46  0.18 -0.41 -0.43  0.88 -0.89 -0.35  0.75 -0.28 -0.24  0.76 -0.47
  0.59 -0.38 -0.8   0.43  0.67 -0.67 -0.92  0.05 -0.15 -0.83 -0.59 -0.72
 -0.78 -0.2   0.72 -0.7  -0.75 -0.5   0.3   0.98 -0.69  0.25 -0.73 -0.62
 -0.12  0.67 -0.18 -0.52 -0.62 -0.04 -0.03  0.15 -0.67  0.26  0.41  0.55
 -0.26  0.74  0.26  0.64 -0.99 -0.32  0.92 -0.39 -0.27  0.32  0.08 -0.36
  0.62 -0.24 -0.84 -0.87  0.13  0.94][-0.29  0.2  -0.97  0.25 -0.78 -0.3  -0.83 -0.04  0.06  0.93  0.2   0.74
 -0.07 -0.67  0.89 -0.42  0.85  0.56  0.4  -0.22 -0.91  0.55 -0.89 -0.2
  0.23 -0.57  0.4   0.61 -0.27 -0.35  0.61 -0.35  0.87 -0.35 -0.34 -0.79
  0.5   0.11  0.86  0.38 -0.9   0.97 -0.3  -0.78 -0.35 -0.07  0.59 -0.2
  0.58  0.22 -0.34  0.18  0.75 -0.98 -0.48  0.81 -0.31  0.6  -0.71 -0.09
  0.06  0.08  0.77 -0.17 -0.22  0.25  0.35 -0.79 -0.69 -0.72  0.02  0.89
  0.31  0.58  0.38  0.15 -0.05 -0.93  0.65 -0.68 -0.68 -0.91 -0.84  0.01
 -0.43  0.55  0.71 -0.43  0.34  0.3 ][ 0.47 -0.3  -0.38  0.07  0.61 -0.9   0.19  0.67 -0.45 -0.08 -0.14  0.01
 -0.88 -0.22  0.54  0.99 -0.17 -0.8  -0.18 -0.51  0.94 -0.79 -0.31 -0.68
  0.3  -0.81 -0.04  0.5  -0.48  0.26  0.32  0.99  0.82  0.26 -1.    0.28
  0.04 -0.56 -0.76  0.71  0.35 -0.51 -0.74  0.92  0.24  0.78  0.17 -0.03
  0.35  0.73  0.7   0.45  0.62 -0.77 -0.71  0.05 -0.58 -0.43 -0.61 -0.41
 -0.84 -0.29 -0.39  0.25 -0.71  0.73  0.85  0.33 -0.51 -0.58 -0.88 -0.41
 -0.8  -0.61  0.36  0.43 -0.52 -0.45  0.2   0.19  0.57  0.08 -0.98  0.37
 -0.47  0.7   0.11 -0.24  0.83  0.68][ 0.37 -0.73  0.1   0.05 -0.72  0.38 -0.46  0.47 -0.87 -0.95 -0.2  -0.1
  0.36 -0.53  0.19 -0.59  0.16 -0.72 -0.66  0.87  0.97 -0.17  0.42 -0.37
  0.63  0.46  0.37  0.18  0.23 -0.37  0.35 -0.83  0.54  0.82  0.2   0.78
  0.88  0.39 -0.95 -0.22 -0.75  0.92 -0.72 -0.18 -0.71 -0.65  0.26  0.84
  0.27  0.39  0.79 -0.13  0.25  0.82  0.36  0.27  0.46 -0.68 -0.54  0.34
  0.23  0.18 -0.95 -0.27  0.03  0.09 -0.57  0.93 -0.59 -0.33 -0.17 -0.39
  0.22 -0.4   0.11  0.51 -0.33 -0.34 -0.15 -0.16  0.29  0.33  0.94 -0.25
 -0.74  0.93  0.95 -0.07  0.39 -0.57][ 0.69  0.5  -0.14 -0.96 -0.3   0.54  0.19  0.19  0.26 -0.19 -0.57  0.78
 -0.83 -0.55  0.81  0.25 -0.6   0.31  0.54  0.37  0.11  0.27 -0.94  0.08
  0.66  0.13 -0.48  0.09  0.39  0.66  0.7   0.67 -0.15 -0.11  0.51  0.9
 -0.29 -0.66 -0.1   0.65 -0.9  -0.34 -0.03  0.26  0.53 -0.12  0.45 -0.75
 -0.52  0.41 -0.05  0.17  0.52 -0.21  0.48  0.8  -0.98  0.35  0.29 -0.49
 -0.3  -0.8   0.97 -0.84  0.25  0.22  0.35  0.86 -0.82 -0.52 -0.03 -0.06
  0.38  0.26 -0.81 -0.32 -0.37  0.45  0.8  -0.7  -0.56  0.07 -0.01 -0.98
 -0.23  0.8   0.5  -0.68  0.3   0.71][ 0.83  0.3  -0.89 -0.97  0.59 -0.15 -0.89  0.9  -0.65 -0.73 -0.84 -0.32
 -0.2  -0.69  0.15 -0.25  0.15 -0.32 -0.23  0.08 -0.07 -0.62 -0.94  0.44
 -0.16  0.8   0.78  0.93  0.87  0.48  0.03  0.31  0.34  0.83  0.99 -0.18
 -0.43  0.51  0.05 -0.64 -0.72 -0.89 -0.63 -0.1   0.99 -0.88  0.05  0.43
 -0.45 -0.63 -0.1  -0.68  0.78 -0.34 -0.29 -0.95 -0.13 -0.79  0.23 -0.85
  0.84  0.26  0.73  0.77 -0.04 -0.37  0.19 -0.46  0.91  0.75 -0.64 -0.28
  0.13  0.99 -0.44 -0.43  0.87  0.2  -0.3  -0.79  0.59  0.33  0.01  0.88
 -0.55  0.56 -0.8   0.03  0.73 -0.55][ 5.6000000e-01 -9.8000000e-01  4.1000000e-01 -4.7000000e-01
 -9.7000000e-01 -8.2000000e-01  3.2000000e-01 -7.3000000e-01
 -8.0000000e-02 -4.1000000e-01 -5.5000000e-01  4.5000000e-01
 -4.8000000e-01 -6.6000000e-01  2.7000000e-01 -2.0000000e-02
  1.8000000e-01  5.8000000e-01  2.2000000e-01 -9.8000000e-01
  5.3000000e-01 -5.0000000e-01  9.0000000e-02 -5.4000000e-01
  2.6000000e-01  7.3000000e-01  8.6000000e-01  2.7000000e-01
  3.1000000e-01  5.0000000e-02  9.2000000e-01 -7.8000000e-01
  8.9000000e-01  7.5000000e-01  5.0000000e-01 -8.4000000e-01
  3.8000000e-01 -8.6000000e-01  3.0000000e-01  8.8817842e-16
  3.6000000e-01  8.7000000e-01 -1.7000000e-01 -1.5000000e-01
  9.1000000e-01  7.0000000e-02 -5.0000000e-02  7.1000000e-01
  7.3000000e-01 -5.2000000e-01 -1.8000000e-01  8.8817842e-16
 -1.5000000e-01 -6.2000000e-01  3.7000000e-01 -9.0000000e-02
 -8.0000000e-02  7.8000000e-01  1.0000000e-02  3.0000000e-02
  8.5000000e-01  3.3000000e-01  9.0000000e-02  5.2000000e-01
  4.6000000e-01  8.4000000e-01  4.6000000e-01 -6.1000000e-01
 -5.8000000e-01 -6.4000000e-01 -7.1000000e-01 -9.7000000e-01
 -3.1000000e-01  4.4000000e-01  7.7000000e-01  5.2000000e-01
 -9.1000000e-01  2.1000000e-01 -9.3000000e-01 -5.9000000e-01
  9.9000000e-01 -5.9000000e-01  3.4000000e-01 -2.3000000e-01
 -8.0000000e-02 -7.8000000e-01  7.9000000e-01  7.8000000e-01
  5.8000000e-01 -8.6000000e-01][ 0.91  0.37 -0.98  0.59 -0.97  0.52  0.5   0.54 -0.55  0.89  0.54  0.01
 -0.7   0.14  0.46 -0.12 -0.43  0.66  0.13  0.77  0.43 -0.02  0.14 -0.1
 -0.74 -0.96 -0.14 -0.91 -0.99 -0.67  0.65  0.45  0.87  0.65 -0.63  0.04
 -0.38  0.29 -0.33  0.35 -0.52 -0.9  -0.34  0.1   0.85  0.62 -0.41  0.65
 -0.53 -0.5   0.41  0.64  0.74 -0.1  -0.15  0.81  0.11 -0.84 -0.2   0.72
  0.21 -0.69 -0.02 -0.52  0.95  0.84  0.62 -0.94 -0.41  0.83  0.03  0.85
 -0.4   0.94 -0.35  0.35  0.13 -0.6   0.79 -0.95 -0.75  0.9   0.17  0.21
 -0.37  0.81 -0.22 -0.43  0.5   0.08][-3.7000000e-01 -5.0000000e-02  2.3000000e-01 -3.8000000e-01
  3.9000000e-01 -4.0000000e-01  5.2000000e-01 -9.6000000e-01
  1.7000000e-01 -3.7000000e-01  8.8817842e-16  5.8000000e-01
  7.5000000e-01  2.8000000e-01  3.9000000e-01  9.5000000e-01
  3.0000000e-01  3.0000000e-01  4.1000000e-01 -7.5000000e-01
 -2.9000000e-01  1.5000000e-01  9.2000000e-01  7.4000000e-01
  8.7000000e-01 -8.2000000e-01 -9.5000000e-01 -8.0000000e-01
 -3.5000000e-01 -4.0000000e-01 -2.6000000e-01  1.9000000e-01
 -2.5000000e-01  8.8817842e-16 -8.7000000e-01  7.2000000e-01
 -1.4000000e-01 -4.3000000e-01 -3.0000000e-02  6.2000000e-01
 -9.5000000e-01 -6.3000000e-01  7.8000000e-01  8.0000000e-01
  6.2000000e-01  9.7000000e-01  7.0000000e-02 -2.4000000e-01
  9.2000000e-01  9.2000000e-01  4.3000000e-01 -2.2000000e-01
 -8.9000000e-01 -5.4000000e-01 -7.8000000e-01 -8.7000000e-01
  2.8000000e-01 -5.0000000e-02 -7.9000000e-01  5.0000000e-01
  6.2000000e-01  6.7000000e-01  6.9000000e-01  6.1000000e-01
 -9.5000000e-01 -7.1000000e-01  7.8000000e-01  3.5000000e-01
 -8.7000000e-01  9.1000000e-01  6.3000000e-01  3.2000000e-01
 -4.3000000e-01 -8.7000000e-01 -5.0000000e-02 -8.9000000e-01
  4.2000000e-01  1.0000000e-02 -3.4000000e-01  6.4000000e-01
 -4.0000000e-01 -2.6000000e-01 -9.7000000e-01  3.0000000e-02
 -1.0000000e-02  5.8000000e-01 -9.1000000e-01  2.9000000e-01
  3.3000000e-01  5.2000000e-01][-7.6000000e-01 -7.0000000e-02  6.8000000e-01 -7.3000000e-01
 -1.7000000e-01 -4.4000000e-01  6.4000000e-01 -2.8000000e-01
 -2.0000000e-01  5.5000000e-01  5.3000000e-01  8.6000000e-01
  8.8817842e-16  3.2000000e-01 -5.1000000e-01  9.0000000e-01
  2.8000000e-01 -6.3000000e-01 -9.5000000e-01  3.9000000e-01
  3.8000000e-01  7.0000000e-02  4.4000000e-01 -6.9000000e-01
  9.3000000e-01  2.9000000e-01  6.4000000e-01  2.7000000e-01
  5.0000000e-02  1.3000000e-01  1.1000000e-01  5.0000000e-01
  2.1000000e-01  8.2000000e-01 -1.0000000e-01  7.9000000e-01
 -5.9000000e-01 -2.7000000e-01 -5.3000000e-01 -2.6000000e-01
  2.5000000e-01 -1.8000000e-01  6.1000000e-01  2.3000000e-01
  1.9000000e-01  8.6000000e-01  2.3000000e-01  7.6000000e-01
 -6.3000000e-01 -8.9000000e-01  7.0000000e-01 -7.6000000e-01
 -3.5000000e-01  9.7000000e-01 -8.8000000e-01  4.4000000e-01
 -3.8000000e-01 -2.5000000e-01  1.8000000e-01 -7.0000000e-01
  2.9000000e-01 -2.9000000e-01 -5.9000000e-01  2.6000000e-01
 -9.5000000e-01  8.3000000e-01 -6.0000000e-01  3.9000000e-01
  8.6000000e-01  2.5000000e-01  3.9000000e-01 -6.2000000e-01
 -5.5000000e-01  1.5000000e-01 -8.0000000e-02 -1.0000000e+00
  2.6000000e-01  7.1000000e-01  4.0000000e-02 -3.8000000e-01
 -4.3000000e-01 -3.0000000e-02  7.3000000e-01 -5.9000000e-01
  1.1000000e-01 -1.0000000e-02 -3.6000000e-01  9.5000000e-01
  2.3000000e-01 -9.0000000e-01][ 0.65  0.76 -0.31  0.08 -0.82 -0.69 -0.49 -0.71 -0.73 -0.43 -0.53  0.23
  0.76 -0.6   0.77  0.84 -0.88 -0.49 -0.08  0.4  -0.01  0.15  0.6   0.12
  0.56  0.18 -0.95  0.34 -0.97  0.2   0.39  0.43 -0.78  0.54  0.34  0.24
  0.05  0.49  0.19  0.93 -0.22  0.3   0.49 -0.89  0.94 -0.89  0.37 -0.19
 -0.03  0.4   0.55  0.75  0.68  0.93 -0.89  0.33  0.16  0.25 -0.12  0.52
  0.59 -0.68  0.9  -0.58 -0.68 -0.68 -0.82  0.99 -0.81  0.35 -0.54 -0.97
 -0.01  0.22 -0.65 -0.88 -0.31  0.85 -0.2  -0.88  0.33  0.19  0.26  0.95
  0.88 -0.15  0.99  0.53  0.22  0.13][ 0.88 -0.35 -0.59  0.72 -0.94  0.49  0.07  0.81  0.12 -0.73 -0.76 -0.66
 -0.14  0.88 -0.59 -0.66  0.95 -0.09  0.45  0.9   0.98 -0.51 -0.48  0.7
 -0.28 -0.55 -0.76  0.72 -1.    0.7  -0.49  0.22  0.46  0.77  0.7   0.17
  0.38  0.8  -0.85 -0.01  0.46  0.25 -0.4  -0.69 -0.9   0.12  0.94  0.25
  0.01  0.75 -0.87  0.34 -0.05 -0.93  0.9  -0.96  0.17  0.8   0.51 -0.13
  0.93  0.34  0.5   0.49 -0.87 -0.14 -0.87  0.91  0.72  0.73 -0.12 -0.11
 -0.27 -0.18  0.76 -0.81 -0.2  -0.08  0.7   0.43  0.79 -0.69 -0.6  -0.13
  0.48 -0.09 -0.1  -0.18  0.44  0.82][-0.31 -0.89 -0.07  0.94  0.74  0.22  0.08 -0.69 -0.01 -0.94 -0.49  0.82
  0.96  0.3   0.43 -0.49  0.06 -0.07  0.68 -0.29  0.64 -0.98  0.54 -0.6
 -0.03  0.6  -0.07 -0.72  0.11  0.27 -0.69 -0.63 -0.32 -0.73  0.7  -0.46
  0.42  0.32 -0.07 -0.49 -0.34 -0.83  0.17  0.52  0.45  0.84  0.77 -0.41
  0.7  -0.64 -0.05 -0.54  0.67 -0.42  0.25  0.23 -0.03  0.22 -0.12  0.64
 -0.69 -0.96  0.19 -0.55  0.8  -0.86  0.9   0.34 -0.88 -0.97  0.18 -0.62
 -0.61 -0.19  0.76 -0.02 -0.96 -0.35 -0.79 -0.22 -0.68  0.17  0.97 -0.61
 -0.26 -0.04  0.07  0.03 -0.26 -0.62][-5.9000000e-01 -9.0000000e-01 -4.0000000e-01 -7.7000000e-01
 -6.8000000e-01 -9.0000000e-02  3.0000000e-01  7.0000000e-02
 -8.7000000e-01 -1.0000000e-01 -4.6000000e-01  7.3000000e-01
  3.0000000e-01 -1.4000000e-01  6.3000000e-01 -6.2000000e-01
 -7.6000000e-01 -2.1000000e-01 -4.6000000e-01  3.6000000e-01
 -8.0000000e-02  8.6000000e-01 -1.2000000e-01  1.8000000e-01
  3.0000000e-01 -7.5000000e-01 -4.4000000e-01  7.8000000e-01
 -6.8000000e-01 -2.1000000e-01  9.8000000e-01 -6.0000000e-01
 -7.8000000e-01 -9.0000000e-01  5.6000000e-01  3.3000000e-01
  7.1000000e-01 -7.3000000e-01  8.2000000e-01 -4.5000000e-01
  7.6000000e-01  4.5000000e-01  8.8817842e-16 -2.0000000e-01
  9.8000000e-01 -5.1000000e-01  6.8000000e-01  5.1000000e-01
 -7.3000000e-01 -2.9000000e-01 -6.2000000e-01  6.7000000e-01
  4.4000000e-01  1.7000000e-01 -6.9000000e-01 -1.9000000e-01
 -1.0000000e-02 -8.0000000e-02 -5.8000000e-01  6.5000000e-01
  8.7000000e-01  7.5000000e-01  4.7000000e-01  9.6000000e-01
  7.0000000e-01 -6.6000000e-01  2.0000000e-01  7.6000000e-01
  3.5000000e-01 -4.6000000e-01 -2.2000000e-01  6.0000000e-01
  6.1000000e-01  5.2000000e-01 -4.9000000e-01  3.0000000e-02
  4.3000000e-01 -6.3000000e-01 -7.4000000e-01  1.4000000e-01
  3.3000000e-01  8.0000000e-01  3.2000000e-01  1.2000000e-01
  4.0000000e-02 -4.4000000e-01 -3.6000000e-01 -1.2000000e-01
 -7.6000000e-01 -1.5000000e-01][ 1.5000000e-01 -1.4000000e-01 -9.2000000e-01  2.5000000e-01
  2.8000000e-01 -3.9000000e-01  5.4000000e-01 -9.2000000e-01
  7.6000000e-01  8.8817842e-16 -8.9000000e-01  9.8000000e-01
 -1.6000000e-01 -8.3000000e-01 -8.0000000e-01 -6.4000000e-01
  4.9000000e-01 -4.3000000e-01  2.3000000e-01  2.8000000e-01
  8.0000000e-02  8.0000000e-02  8.7000000e-01 -2.2000000e-01
  3.9000000e-01  3.4000000e-01 -7.3000000e-01 -8.4000000e-01
  2.2000000e-01 -7.0000000e-01 -2.2000000e-01 -9.0000000e-01
  3.0000000e-01  5.7000000e-01  2.8000000e-01 -6.8000000e-01
 -4.0000000e-01 -3.7000000e-01  2.5000000e-01 -2.4000000e-01
  1.0000000e-01 -6.5000000e-01 -8.1000000e-01 -7.3000000e-01
 -8.1000000e-01  8.8817842e-16 -1.9000000e-01  8.4000000e-01
 -6.0000000e-02  1.7000000e-01 -1.9000000e-01 -8.9000000e-01
  8.2000000e-01  5.1000000e-01  2.3000000e-01 -8.7000000e-01
  9.6000000e-01 -7.3000000e-01  5.2000000e-01 -8.8000000e-01
  8.9000000e-01  7.0000000e-01  4.6000000e-01 -3.0000000e-02
 -5.2000000e-01  2.7000000e-01 -3.5000000e-01 -6.7000000e-01
 -2.8000000e-01  7.3000000e-01 -5.4000000e-01 -6.4000000e-01
  3.9000000e-01 -9.8000000e-01 -5.1000000e-01 -6.9000000e-01
  6.6000000e-01  6.2000000e-01  8.3000000e-01 -6.2000000e-01
 -4.3000000e-01 -7.0000000e-02  7.2000000e-01  2.0000000e-01
  2.2000000e-01 -2.1000000e-01  7.7000000e-01  3.2000000e-01
  4.0000000e-01  6.9000000e-01][ 0.12 -0.07  0.44 -0.61  0.3   0.26  0.4  -0.76  0.91  0.22  0.74 -0.76
  0.08 -0.17 -0.65  0.45 -0.42  0.41  0.2  -0.91 -0.41 -0.85  0.84 -0.58
 -0.74 -0.41 -0.35 -0.44 -0.8   0.82  0.73 -0.87  0.63  0.58 -0.71  0.4
  0.65  0.26 -0.15  0.16  0.42 -0.2   0.52  0.48 -0.34 -0.53  0.38  0.36
  0.43 -0.67 -0.89 -0.87  0.96  0.37  0.45 -0.81 -0.15  0.4  -0.53 -0.83
  0.36  0.12 -1.   -0.99 -0.54  0.25 -1.   -0.45 -0.52  0.59  0.04 -0.47
  0.1   0.77 -0.32 -0.47 -0.55  0.09 -0.62 -0.48 -0.99 -0.69  0.23  0.34
  0.7  -0.84 -0.77  0.44 -0.71  0.07][-9.0000000e-02 -9.4000000e-01 -6.2000000e-01 -5.4000000e-01
 -1.5000000e-01  8.4000000e-01 -6.7000000e-01  9.0000000e-02
 -2.7000000e-01  6.8000000e-01  1.4000000e-01 -5.0000000e-02
 -9.7000000e-01 -8.5000000e-01 -5.0000000e-01 -5.6000000e-01
  9.2000000e-01  6.4000000e-01 -2.2000000e-01  9.1000000e-01
  4.3000000e-01  9.7000000e-01 -6.7000000e-01  4.0000000e-02
  9.5000000e-01  6.6000000e-01 -9.6000000e-01  6.0000000e-01
  8.0000000e-01 -2.8000000e-01 -2.6000000e-01 -8.0000000e-01
  7.5000000e-01  9.3000000e-01 -8.9000000e-01  6.5000000e-01
  8.8000000e-01  7.7000000e-01  3.3000000e-01 -5.0000000e-02
 -5.9000000e-01 -9.4000000e-01 -7.8000000e-01  2.8000000e-01
 -3.8000000e-01  9.0000000e-01  7.1000000e-01  7.8000000e-01
  3.0000000e-01  9.5000000e-01  1.5000000e-01 -9.4000000e-01
  2.4000000e-01  8.8817842e-16  4.1000000e-01 -8.2000000e-01
 -7.4000000e-01  8.0000000e-02 -2.1000000e-01 -2.7000000e-01
 -5.2000000e-01 -5.2000000e-01  5.8000000e-01 -6.3000000e-01
  3.4000000e-01  8.8817842e-16  4.7000000e-01  9.0000000e-01
 -4.1000000e-01  2.4000000e-01  4.7000000e-01 -1.0000000e-01
 -3.1000000e-01 -3.4000000e-01 -8.7000000e-01 -5.4000000e-01
  3.0000000e-01 -8.6000000e-01 -8.8000000e-01 -9.9000000e-01
 -4.1000000e-01 -1.1000000e-01  6.1000000e-01  5.8000000e-01
 -7.2000000e-01 -5.0000000e-02  9.4000000e-01 -3.6000000e-01
 -8.7000000e-01 -3.9000000e-01][-0.82  0.4   0.91 -0.15 -0.82  0.93 -0.62 -0.44 -0.7   0.09  0.12  0.61
  0.65  0.88 -0.7   0.45  0.65  0.26 -0.95 -0.45  0.75 -0.39  0.28  0.72
  0.17 -0.59  0.28 -0.96  0.98 -0.54 -0.71  0.62 -0.39  0.23 -0.95  0.66
  0.34  0.77  0.72  0.27  0.35  0.7   0.93 -0.83  0.46  0.34 -0.26 -0.36
 -0.45 -0.88 -0.57  0.25 -0.97 -0.99 -0.56  0.44  0.61 -0.63 -0.95  0.27
 -0.92 -0.52 -0.31  0.4   0.62 -0.68  0.64 -0.81 -0.82 -0.45  0.65  0.22
  0.68 -0.05  0.49 -0.13  0.33  0.41 -0.23  0.37  0.54 -0.08 -0.05 -0.22
 -0.28  0.43  0.43 -0.46 -0.05 -0.09][ 1.6000000e-01  8.5000000e-01 -5.3000000e-01 -2.1000000e-01
  2.0000000e-01 -4.7000000e-01  2.6000000e-01 -7.3000000e-01
 -4.3000000e-01  3.4000000e-01 -8.0000000e-01 -5.2000000e-01
  3.7000000e-01 -3.0000000e-01  2.4000000e-01 -8.2000000e-01
 -6.3000000e-01 -9.6000000e-01  5.3000000e-01  3.0000000e-01
 -1.1000000e-01  5.1000000e-01  9.8000000e-01 -2.1000000e-01
  5.3000000e-01 -7.9000000e-01  5.3000000e-01 -3.8000000e-01
 -8.5000000e-01 -4.9000000e-01  6.5000000e-01  2.1000000e-01
 -3.0000000e-02  7.7000000e-01 -3.1000000e-01 -9.5000000e-01
  4.3000000e-01 -7.6000000e-01 -9.4000000e-01 -6.8000000e-01
 -5.4000000e-01  3.4000000e-01  1.9000000e-01 -5.0000000e-01
 -2.4000000e-01 -9.0000000e-01  3.7000000e-01 -4.7000000e-01
 -2.1000000e-01 -2.1000000e-01 -2.2000000e-01 -6.7000000e-01
  6.7000000e-01 -3.4000000e-01  9.7000000e-01  5.9000000e-01
  9.6000000e-01 -8.2000000e-01  5.6000000e-01  3.8000000e-01
 -1.0000000e+00  8.8817842e-16  5.5000000e-01 -5.5000000e-01
 -1.0000000e-01  5.0000000e-01 -2.0000000e-02 -8.0000000e-02
 -5.1000000e-01  8.5000000e-01 -9.3000000e-01  3.7000000e-01
 -8.1000000e-01  1.0000000e-02 -7.1000000e-01  6.3000000e-01
 -4.3000000e-01 -1.2000000e-01  6.2000000e-01 -8.0000000e-01
 -5.2000000e-01 -8.2000000e-01 -2.6000000e-01  3.0000000e-02
  5.9000000e-01 -1.0000000e-01 -3.2000000e-01  5.3000000e-01
 -6.3000000e-01 -5.1000000e-01][ 0.52 -0.58  0.3  -0.28 -0.35 -0.5  -0.02  0.15 -0.69 -0.07 -0.03  0.04
  0.91 -0.01  0.64  0.97 -0.5   0.19  0.64  0.91 -0.58 -0.67  0.24 -0.3
 -0.96  0.37 -0.44 -0.75 -0.82 -0.24  0.18  0.83 -0.52 -0.48  0.04 -0.46
 -0.59  0.53  0.66 -0.44 -0.2   0.8   0.34 -0.34  0.29  0.05  0.06 -0.03
  0.89  0.99 -0.77  0.72  0.19  0.28 -0.14 -0.72 -0.84 -0.3   0.23  0.13
  0.29  0.72  0.68 -0.73  0.13  0.25  0.57  0.84 -0.12  0.05 -0.42 -0.21
  0.6  -0.53 -0.41  0.49 -0.58  0.05 -0.93  0.59 -0.04  0.84 -0.65  0.69
 -0.56 -0.79  0.28 -0.04  0.42 -0.33][ 0.37  0.6   0.77 -0.56  0.13  0.56  0.04 -0.42 -0.26  0.15 -0.03 -0.82
  0.54 -0.62  0.19 -0.01 -0.54  0.78 -0.27 -0.68  0.07 -0.07  0.1   0.47
 -0.9   0.97  0.98 -0.31 -0.9  -0.46 -0.84 -0.22 -0.09 -0.57  0.83  0.23
 -0.58 -0.58 -0.32 -0.55 -0.26 -0.47 -0.15  0.43  0.68  0.04  0.71 -0.19
  0.46  0.89  0.25 -0.93 -0.29  0.55 -0.34  0.16 -0.72 -0.76  0.88 -0.87
  0.33 -0.54  0.91  0.03  0.5   0.42 -0.2   0.27 -0.87 -0.74  0.92  0.43
  0.47  0.34  0.49 -0.26 -0.28 -0.94 -0.73  0.01  0.09 -0.36 -0.15  0.34
 -0.8   0.93  0.76 -0.64 -0.4   0.36][ 1.5000000e-01 -4.1000000e-01 -6.6000000e-01  3.8000000e-01
  5.0000000e-02  8.8817842e-16 -6.9000000e-01  1.1000000e-01
  2.8000000e-01 -3.8000000e-01 -6.3000000e-01  6.0000000e-01
  7.9000000e-01  5.8000000e-01  9.9000000e-01  6.6000000e-01
  5.0000000e-02 -5.0000000e-02  6.9000000e-01  8.0000000e-02
  8.8817842e-16  1.0000000e-01  8.3000000e-01  7.2000000e-01
  2.5000000e-01  5.9000000e-01  2.7000000e-01 -2.2000000e-01
 -8.8000000e-01 -4.3000000e-01 -4.1000000e-01 -7.3000000e-01
  4.3000000e-01 -2.1000000e-01  3.6000000e-01 -7.6000000e-01
 -3.0000000e-01 -6.0000000e-01  2.9000000e-01  9.3000000e-01
 -6.3000000e-01 -9.0000000e-02 -3.0000000e-02 -6.4000000e-01
  8.8000000e-01 -6.6000000e-01  9.7000000e-01  6.2000000e-01
 -8.0000000e-01 -5.8000000e-01 -2.5000000e-01 -2.6000000e-01
 -4.0000000e-02  9.4000000e-01 -7.3000000e-01 -1.8000000e-01
  6.0000000e-01 -2.5000000e-01  4.0000000e-01  2.0000000e-02
  7.9000000e-01  1.5000000e-01  6.1000000e-01 -1.5000000e-01
  5.1000000e-01  6.8000000e-01 -5.5000000e-01 -8.0000000e-02
  1.2000000e-01  8.3000000e-01  5.0000000e-02  5.5000000e-01
  7.0000000e-02  4.7000000e-01 -1.6000000e-01  8.1000000e-01
  3.5000000e-01 -6.5000000e-01 -3.3000000e-01  2.2000000e-01
 -5.2000000e-01 -4.0000000e-01 -9.0000000e-01 -1.7000000e-01
  5.6000000e-01 -6.4000000e-01 -3.8000000e-01 -3.5000000e-01
  3.0000000e-02  9.0000000e-01][ 0.8  -0.33  0.98  0.15 -0.86 -0.62  0.73 -0.94 -0.6  -0.68  0.27 -0.42
 -0.42 -0.78  0.84  0.97 -0.93 -0.78 -0.23  0.61 -0.93 -0.26  0.93  0.32
  0.55 -0.87  0.91  0.37 -0.02 -0.09  0.71 -0.53 -0.65  0.77 -0.53  0.16
  0.26  0.78 -0.52  0.2  -0.63 -0.51 -0.58 -0.32 -0.72 -0.6  -0.33 -0.66
  0.35 -0.44 -0.64 -0.94 -0.15 -0.08 -0.83  0.87  0.45 -0.47 -0.99 -0.17
  0.88  0.65 -0.21 -1.   -0.07 -0.27  0.98 -0.74 -0.13  0.62 -0.43 -0.18
  0.15  0.93  0.66  0.14 -0.83 -1.    0.99 -0.5  -0.01 -0.46 -0.03  0.68
  0.02  0.24 -0.39  0.53 -0.47 -0.14][-8.1000000e-01  4.7000000e-01  3.0000000e-02  1.2000000e-01
  2.4000000e-01 -1.3000000e-01 -8.6000000e-01 -6.2000000e-01
  5.0000000e-02  7.1000000e-01 -1.0000000e-01 -3.6000000e-01
 -2.0000000e-01 -2.7000000e-01  4.9000000e-01 -1.9000000e-01
 -2.0000000e-01 -7.8000000e-01  7.5000000e-01 -4.7000000e-01
 -1.3000000e-01  8.8817842e-16 -3.2000000e-01 -2.7000000e-01
  9.1000000e-01 -5.4000000e-01 -7.6000000e-01 -6.5000000e-01
 -8.0000000e-02 -4.9000000e-01  8.6000000e-01 -9.6000000e-01
 -1.3000000e-01  6.0000000e-02 -9.7000000e-01 -5.0000000e-01
 -2.6000000e-01  3.6000000e-01 -4.5000000e-01  2.3000000e-01
  6.1000000e-01 -1.2000000e-01 -8.0000000e-02  9.0000000e-02
 -1.8000000e-01  5.9000000e-01  7.3000000e-01 -2.2000000e-01
 -6.1000000e-01  7.9000000e-01 -3.8000000e-01  7.3000000e-01
  5.0000000e-01  5.3000000e-01  9.8000000e-01 -3.0000000e-02
  8.6000000e-01  1.0000000e-02 -4.7000000e-01  3.0000000e-02
 -7.1000000e-01  1.4000000e-01  9.1000000e-01 -3.3000000e-01
 -2.3000000e-01  6.5000000e-01  4.9000000e-01 -2.4000000e-01
 -6.5000000e-01  3.7000000e-01 -2.0000000e-02  2.9000000e-01
  1.7000000e-01  9.3000000e-01  7.0000000e-02 -4.3000000e-01
 -8.5000000e-01  9.0000000e-02  3.8000000e-01  6.8000000e-01
  7.4000000e-01  7.0000000e-02  4.4000000e-01 -6.4000000e-01
 -1.8000000e-01  5.7000000e-01  3.5000000e-01  4.8000000e-01
  7.4000000e-01 -1.1000000e-01][-0.99 -0.15 -0.34 -0.05 -0.31 -0.48  0.13 -0.8   0.41 -1.    0.89  0.71
  0.25 -0.88  0.41  0.59  0.36  0.78  0.3  -0.48 -0.28 -0.38  0.33  0.24
  0.87  0.92 -0.88 -0.76 -0.97  0.69 -0.57  0.01 -0.6   0.95  0.66 -0.57
  0.64  0.92  0.94  0.11  0.03  0.49 -0.4  -0.21 -0.12 -0.02  0.57  0.43
 -0.85 -0.8   0.78 -0.05  0.58  0.64  0.2  -0.92 -0.56 -0.25  0.54  0.77
 -0.66  0.3  -0.99  0.35  0.51 -0.95 -0.97  0.49  0.21 -0.37  0.27 -0.78
 -0.43  0.84 -0.2   0.42 -0.74  0.94  0.21  0.97  0.46  0.55  0.99  0.85
  0.44 -0.18 -0.51 -0.45 -0.18 -0.71][ 4.7000000e-01 -7.8000000e-01  7.5000000e-01  6.0000000e-02
 -9.6000000e-01 -4.6000000e-01 -3.3000000e-01  5.6000000e-01
 -9.2000000e-01 -1.8000000e-01  2.7000000e-01 -2.3000000e-01
 -6.3000000e-01 -5.4000000e-01  3.9000000e-01  3.1000000e-01
 -4.1000000e-01 -5.4000000e-01  1.9000000e-01 -6.8000000e-01
  7.0000000e-01  4.4000000e-01  5.0000000e-02 -3.0000000e-02
  7.9000000e-01 -5.8000000e-01  2.2000000e-01 -5.3000000e-01
 -6.5000000e-01  1.6000000e-01 -3.0000000e-02  8.5000000e-01
 -9.8000000e-01 -3.0000000e-02 -7.2000000e-01  3.9000000e-01
 -1.5000000e-01 -8.1000000e-01  7.1000000e-01  8.8817842e-16
 -7.7000000e-01 -3.5000000e-01 -1.0000000e-01  4.7000000e-01
  1.9000000e-01  7.8000000e-01 -1.0000000e-01 -2.8000000e-01
 -4.3000000e-01 -5.5000000e-01  6.5000000e-01 -3.0000000e-01
  6.4000000e-01  7.0000000e-02  4.0000000e-02 -6.9000000e-01
 -4.4000000e-01  1.5000000e-01 -6.9000000e-01 -4.3000000e-01
  6.6000000e-01  2.1000000e-01 -3.5000000e-01 -2.4000000e-01
  4.6000000e-01 -9.3000000e-01 -7.0000000e-01  1.2000000e-01
  1.0000000e-01 -7.0000000e-02  8.0000000e-01  6.6000000e-01
  4.4000000e-01  1.8000000e-01 -2.5000000e-01 -2.5000000e-01
  1.5000000e-01 -9.8000000e-01 -7.1000000e-01  3.5000000e-01
 -7.5000000e-01 -9.1000000e-01 -6.2000000e-01  7.1000000e-01
  1.6000000e-01  6.3000000e-01 -1.3000000e-01 -2.8000000e-01
  4.5000000e-01 -8.8000000e-01][-6.2000000e-01  7.1000000e-01 -6.9000000e-01  4.0000000e-01
  9.9000000e-01 -4.9000000e-01  6.9000000e-01 -4.0000000e-01
  7.0000000e-02 -1.0000000e+00 -8.8000000e-01 -6.0000000e-01
 -9.9000000e-01 -2.6000000e-01 -5.4000000e-01 -2.5000000e-01
 -5.0000000e-02  3.3000000e-01  9.4000000e-01  9.9000000e-01
 -5.8000000e-01  8.2000000e-01 -3.3000000e-01  7.9000000e-01
  5.0000000e-01 -5.0000000e-02 -5.5000000e-01  2.6000000e-01
 -6.8000000e-01  7.0000000e-01 -7.2000000e-01 -6.3000000e-01
  4.5000000e-01  1.7000000e-01  4.9000000e-01 -9.6000000e-01
  9.0000000e-02 -8.0000000e-02  3.4000000e-01 -8.9000000e-01
 -1.0000000e-02  8.9000000e-01  5.7000000e-01 -5.5000000e-01
  8.9000000e-01  3.6000000e-01  4.6000000e-01  3.8000000e-01
 -2.8000000e-01  9.2000000e-01  4.3000000e-01  7.0000000e-02
 -3.9000000e-01  9.8000000e-01  8.8000000e-01 -8.0000000e-02
 -1.5000000e-01 -4.6000000e-01  2.3000000e-01 -2.7000000e-01
 -7.2000000e-01  8.1000000e-01  4.7000000e-01 -9.5000000e-01
  3.5000000e-01  9.1000000e-01  3.1000000e-01  3.1000000e-01
  8.8817842e-16 -3.0000000e-02  2.7000000e-01  5.6000000e-01
 -1.0000000e+00 -9.2000000e-01  1.3000000e-01  4.0000000e-01
 -7.8000000e-01  2.5000000e-01 -4.1000000e-01  2.3000000e-01
  7.3000000e-01 -8.0000000e-01 -2.0000000e-02  8.7000000e-01
 -1.5000000e-01 -2.0000000e-01 -7.2000000e-01  7.2000000e-01
 -2.7000000e-01  8.0000000e-02][-0.38  0.04  0.59 -0.77  0.92 -0.12 -0.96  0.96  0.64  0.09  0.35 -0.08
 -0.1   0.24 -0.4  -1.   -0.45 -0.91 -0.73  0.68 -0.07 -0.44  0.72 -0.29
 -0.93 -0.48 -0.37  0.16  0.67 -0.52  0.66  0.34 -0.35 -0.25  0.24 -0.04
  0.94  0.72 -0.73 -0.46 -0.8  -0.43  0.28  0.63 -0.28 -0.36  0.26 -0.56
 -0.05  0.48  0.38 -0.66 -0.8  -0.32  0.35 -0.85 -0.4   0.64  0.15 -0.34
 -0.26  0.22  0.97 -0.42 -0.85 -0.5   0.82 -0.22  0.86 -0.16  0.21  0.26
 -0.97  0.39  0.27  0.61 -0.49  0.6   0.13 -0.24  0.42  0.17  0.86  0.54
  0.27  0.71  0.16 -0.64 -0.57  0.24][ 0.63  0.26 -0.5  -0.51  0.03  0.33  0.81 -0.07 -0.17 -0.4   0.94 -0.3
  0.22 -0.57  0.18 -0.03 -0.82  0.24  0.45 -0.83 -0.3   0.17 -0.37  0.03
  0.15  0.7  -0.07  0.66  0.6   0.84  0.75  0.81 -0.7   0.13 -0.67 -0.71
  0.81  0.73 -0.13  0.67  0.8   0.77 -0.55 -0.44 -0.2  -0.87 -0.58 -0.99
 -0.15 -0.84  0.72  0.2  -0.23  0.22 -0.5  -0.45  0.09  0.28  0.84  0.15
  0.15 -0.05  0.89 -0.89  0.37  0.29  0.64  0.79  0.95  0.95  0.48 -0.53
 -0.9  -0.15 -0.29  0.85  0.5   0.1  -0.87 -0.75 -0.6  -0.04 -0.25 -0.99
  0.52  0.27 -0.46  0.56 -0.69  0.61][ 0.58 -0.84 -0.9   0.59 -0.23 -0.24  0.5   0.42  0.49  0.58  0.24 -0.66
  0.6  -0.57  0.34 -0.26 -0.42  0.47 -0.21  0.12 -0.77  0.62  0.32  0.14
  0.04  0.51  0.05 -0.55  0.53  0.17  0.78  0.82  0.61  0.76  0.88 -0.16
 -0.18 -0.3  -0.41 -0.4  -0.05  0.93 -0.91  0.42  0.7  -0.59  0.7  -0.33
 -0.83 -0.1   0.4   0.11  0.59  0.19  0.64 -0.4   0.87 -0.03  0.07  0.11
 -0.4  -0.65  0.48  0.52 -0.13  0.32 -0.17  0.33 -0.81 -0.67  0.17 -0.41
 -0.75 -0.27  0.63 -0.18 -0.02 -0.11  0.55 -0.72 -0.86 -0.47 -0.52 -0.68
  0.66  0.32  0.36  0.93 -0.81 -0.11][-0.63  0.63  0.7   0.27  0.87  0.28  0.56  0.57  0.49  0.96 -0.21  0.85
  0.36 -0.88 -0.85  0.64 -0.87  0.85 -0.74  0.63 -0.52 -0.51  0.84 -0.26
 -0.24  0.15  0.64  0.49  0.24 -0.92 -0.69 -0.34  0.88 -0.69  0.99 -0.79
  0.49  0.79  0.14 -0.78 -0.13 -0.03 -0.72  0.28 -0.92 -0.26 -0.11 -0.61
  0.84 -0.96 -0.96  0.26  0.14  0.36  0.86  0.02  0.32  0.59  0.79  0.27
 -0.51  0.16 -0.8  -0.26  0.19 -0.18  0.49  0.13  0.89  0.1   0.3  -0.55
  0.47  0.61  0.75 -0.47  0.35 -0.49 -0.52  0.55 -0.38 -0.92  0.72 -0.74
  0.21  0.72 -0.34 -0.9  -0.05  0.07][ 0.85  0.88  0.83  0.82  0.09 -0.49  0.33  0.99  0.73 -0.06 -0.65 -0.47
  0.01 -0.24  0.52  0.35  0.32 -0.12  0.74  0.72  0.1  -0.07 -0.49  0.67
 -0.39  0.41  0.68  0.81 -0.15 -0.78  0.53  0.01  0.88  0.69 -0.04 -0.43
  0.43  0.66 -0.37 -0.29  0.83  0.58 -0.46 -0.39 -0.41 -0.1   0.24  0.99
 -0.28  0.21 -0.09 -0.01 -0.33 -0.56  0.18 -0.3   0.78  0.86  0.61  0.46
  0.51 -0.99 -0.58 -0.67  0.76 -0.87 -0.47  0.31 -0.72  0.01 -0.15  0.57
  0.51  0.36  0.99  0.52 -0.09  0.73 -0.12  0.1   0.28  0.1  -0.21 -0.75
 -0.42 -0.82  0.99  0.87  0.08 -0.93][ 0.75  0.39  0.5  -0.35  0.14 -0.03 -0.36 -0.12 -0.82  0.91  0.39 -0.64
  0.06 -0.3   0.58 -0.84  0.95 -0.54  0.57  0.39  0.58 -0.76  0.22  0.72
  0.91 -0.55  0.45 -0.17 -0.27 -0.91 -0.68 -0.67  0.96  0.62 -0.4  -0.83
  0.5  -0.11  0.95 -0.94 -0.88 -0.3  -0.87 -0.25 -0.62 -0.88  0.42  0.45
 -0.81  0.22 -0.3   0.61  0.65  0.76  0.49  0.9  -0.39  0.29  0.53 -0.68
 -0.82 -0.42 -0.45 -0.55  0.48 -0.52  0.15  0.62 -0.8  -0.82  0.63 -0.55
  0.22  0.69  0.42  0.23  0.7  -0.03  0.08  0.5  -0.25  0.08 -0.52 -0.52
 -0.71  0.17 -0.18 -0.21  0.86 -0.71][ 0.75  0.01  0.11 -0.46  0.31 -0.44  0.8   0.2   0.89 -0.81  0.87  0.24
  0.09 -0.21 -0.19 -0.63  0.05  0.9   0.34 -0.71 -0.34  0.05 -0.19  0.05
  0.28 -0.3   0.97  0.03  0.38 -0.74 -0.14 -0.54  0.95 -0.87 -0.24 -0.26
 -0.69  0.67 -0.02  0.02 -0.64  0.55  0.61 -0.3  -0.47  0.87  0.39 -0.23
 -0.47  0.05  0.66  0.1  -0.07  0.67  0.14  0.49  0.64  0.26 -0.48 -0.26
  0.69 -0.74 -0.27  0.86  0.29 -0.23  0.3  -0.17  0.67  0.92 -0.37  0.61
 -0.79 -0.09 -0.72 -0.1  -0.28  0.68  0.45 -0.07  0.7   0.77 -0.05 -0.9
 -0.32  0.12 -0.31 -0.68  0.58 -0.06][-7.8000000e-01 -1.0000000e+00 -1.6000000e-01 -8.0000000e-01
  7.2000000e-01 -8.0000000e-02  9.9000000e-01  7.6000000e-01
  5.5000000e-01  2.9000000e-01  7.6000000e-01 -4.4000000e-01
  8.2000000e-01  5.6000000e-01  2.4000000e-01  6.0000000e-01
 -8.1000000e-01 -1.8000000e-01  8.0000000e-01  6.8000000e-01
  6.6000000e-01 -9.3000000e-01  4.0000000e-01 -8.7000000e-01
  5.7000000e-01 -7.2000000e-01 -1.2000000e-01  2.4000000e-01
  8.4000000e-01 -9.8000000e-01 -1.2000000e-01  1.4000000e-01
  5.0000000e-01 -2.8000000e-01  2.5000000e-01 -4.4000000e-01
  6.1000000e-01 -5.4000000e-01  7.5000000e-01 -3.0000000e-02
  3.8000000e-01  1.8000000e-01  5.0000000e-01  2.6000000e-01
  1.7000000e-01  7.6000000e-01  5.8000000e-01  3.8000000e-01
 -5.7000000e-01  1.1000000e-01  6.0000000e-01  7.7000000e-01
  1.2000000e-01 -4.9000000e-01 -6.7000000e-01  6.3000000e-01
 -9.6000000e-01  2.0000000e-01  1.0000000e-01  1.0000000e-01
  3.7000000e-01  2.2000000e-01  4.3000000e-01  4.0000000e-01
 -2.0000000e-02 -4.6000000e-01  8.8817842e-16 -5.6000000e-01
  3.8000000e-01  4.4000000e-01  8.9000000e-01  6.5000000e-01
 -9.5000000e-01 -9.3000000e-01 -6.2000000e-01 -9.6000000e-01
  4.0000000e-01 -4.9000000e-01  3.3000000e-01 -7.7000000e-01
  6.4000000e-01 -9.2000000e-01  4.2000000e-01 -8.1000000e-01
  1.8000000e-01  7.0000000e-02 -8.0000000e-02 -2.4000000e-01
  5.6000000e-01 -1.4000000e-01][ 0.54  0.13 -0.64  0.16  0.48 -0.96 -0.52  0.16 -0.57 -0.06 -0.92  0.34
 -0.43  0.74  0.38 -0.17 -0.58  0.89 -0.18  0.95  0.7   0.46  0.15 -0.75
  0.25  0.26  0.22 -0.09 -0.24 -0.89 -0.36  0.63 -0.67  0.25  0.92 -0.96
  0.45  0.72 -0.47  0.29  0.6  -0.35 -0.83 -0.58 -0.18 -0.13 -0.22 -0.23
 -0.6  -0.68  0.29  0.89 -0.47  0.24 -0.73 -0.62  0.09 -0.05 -0.32 -0.71
  0.26 -0.96  0.93 -0.97 -0.98 -0.17 -0.86 -0.16  0.27 -0.41 -0.38 -0.79
  0.92  0.86 -0.53 -0.65 -0.37 -0.05 -0.9   0.8   0.98 -0.74  0.69 -0.02
 -0.72  0.04 -0.3  -0.99 -0.08 -0.97][-0.31 -0.63 -0.64 -0.08 -0.21 -0.02 -0.35  0.57  0.7  -0.91 -0.67  0.44
 -0.43 -0.09 -0.2   0.43 -0.61  0.58  0.77 -0.95  0.07 -0.05 -0.35  0.87
  0.49  0.5  -0.37 -0.29 -0.96  0.79 -0.26 -0.77 -0.81 -0.61 -0.7  -0.86
 -0.12 -0.87  0.02  0.32 -0.22  0.42  0.03  0.57  0.54 -0.84  0.14 -0.07
 -0.48  0.25  0.02  0.03  0.57 -0.6  -0.07 -0.33 -0.14 -0.17 -0.22 -0.14
 -0.45  0.54 -0.15  0.26 -0.13 -0.86  0.81 -0.49 -0.98  0.67  0.87 -0.05
  0.31 -0.66  0.69 -0.03  0.32 -0.17  0.43  0.78  0.43  0.58  0.06  0.27
  0.5   0.76 -0.09 -0.16 -0.44 -0.84][-9.0000000e-02  9.0000000e-01 -8.7000000e-01  8.9000000e-01
 -3.4000000e-01  3.7000000e-01 -9.9000000e-01  2.0000000e-01
  1.3000000e-01  1.2000000e-01  8.8000000e-01  2.7000000e-01
  8.2000000e-01 -9.0000000e-02 -9.4000000e-01 -3.2000000e-01
 -8.9000000e-01 -3.4000000e-01  8.1000000e-01  8.3000000e-01
  3.0000000e-01 -1.6000000e-01  7.0000000e-02  1.3000000e-01
 -4.2000000e-01  5.2000000e-01 -3.4000000e-01  7.5000000e-01
  3.8000000e-01 -4.2000000e-01  4.0000000e-01  8.5000000e-01
  2.0000000e-02  3.3000000e-01  3.5000000e-01  6.2000000e-01
 -3.4000000e-01 -8.3000000e-01  1.0000000e-02 -6.7000000e-01
 -4.9000000e-01 -5.5000000e-01  6.7000000e-01 -7.0000000e-02
 -1.5000000e-01  2.9000000e-01 -1.7000000e-01 -9.5000000e-01
 -9.4000000e-01  8.9000000e-01  4.0000000e-02  1.9000000e-01
  9.4000000e-01  8.7000000e-01 -6.6000000e-01 -8.3000000e-01
  5.3000000e-01 -7.6000000e-01  8.6000000e-01  6.4000000e-01
  5.0000000e-01 -3.0000000e-02  5.7000000e-01  4.3000000e-01
 -5.0000000e-02 -1.4000000e-01 -9.3000000e-01  3.3000000e-01
 -9.5000000e-01 -5.2000000e-01 -2.0000000e-02 -9.1000000e-01
  8.9000000e-01  4.2000000e-01  1.8000000e-01 -8.7000000e-01
  5.4000000e-01 -5.8000000e-01 -7.6000000e-01  6.0000000e-02
  1.0000000e-02  8.8817842e-16  3.7000000e-01 -3.5000000e-01
 -5.6000000e-01  9.2000000e-01  3.7000000e-01 -1.7000000e-01
 -3.9000000e-01 -5.2000000e-01][-0.15  0.19 -0.31 -0.78 -0.71  0.04  0.29 -0.55 -0.49 -0.4  -0.96  0.39
  0.75 -0.15 -0.24 -0.9   0.35  0.48 -0.94  0.57 -0.36  0.24 -0.45 -0.02
  0.39 -0.69 -0.85  0.68 -0.98 -0.99  0.29 -0.02 -0.56  0.7   0.79  0.57
 -0.86  0.77  0.83 -0.57 -0.17 -0.4  -0.45 -0.58  0.95 -0.13  0.74 -0.28
  0.74  0.53  0.52 -0.08 -0.8   0.91  0.97 -0.99 -0.23  0.43 -0.84  0.87
 -0.91  0.99  0.31  0.32 -0.77  0.47 -0.9   0.88 -0.91  0.22 -0.39 -0.05
 -0.82 -0.68  0.2   0.83 -0.71 -0.16 -0.46  0.48 -0.24  0.34  0.69 -0.1
 -0.45  0.27  0.81 -0.17  0.27 -0.37][ 1.4000000e-01  1.8000000e-01  6.1000000e-01 -7.4000000e-01
 -3.9000000e-01 -8.2000000e-01 -7.9000000e-01 -3.1000000e-01
 -6.2000000e-01  8.2000000e-01  8.1000000e-01  6.1000000e-01
 -2.2000000e-01 -4.9000000e-01 -9.2000000e-01  9.9000000e-01
 -2.0000000e-01 -5.6000000e-01  9.7000000e-01 -7.9000000e-01
  7.1000000e-01  5.0000000e-01  9.9000000e-01  8.1000000e-01
 -8.0000000e-01  9.0000000e-01  6.0000000e-02  8.8817842e-16
 -9.3000000e-01 -8.2000000e-01  3.7000000e-01  2.3000000e-01
  1.9000000e-01 -3.9000000e-01  8.8000000e-01  9.3000000e-01
  9.6000000e-01 -9.7000000e-01 -2.3000000e-01 -8.2000000e-01
  6.4000000e-01 -1.3000000e-01 -8.7000000e-01  5.7000000e-01
  1.1000000e-01 -1.9000000e-01  7.0000000e-01 -2.7000000e-01
  8.7000000e-01 -2.4000000e-01 -5.4000000e-01  1.8000000e-01
 -8.6000000e-01  2.8000000e-01  9.8000000e-01  3.8000000e-01
  8.5000000e-01 -1.5000000e-01  3.9000000e-01  6.9000000e-01
  5.1000000e-01 -4.5000000e-01 -1.6000000e-01 -4.8000000e-01
  8.9000000e-01 -7.0000000e-01  3.2000000e-01  6.5000000e-01
 -1.2000000e-01  4.1000000e-01  6.0000000e-01 -1.2000000e-01
 -2.2000000e-01 -5.0000000e-02 -4.4000000e-01 -7.4000000e-01
 -9.3000000e-01  3.0000000e-02  1.1000000e-01  3.8000000e-01
 -5.7000000e-01 -8.2000000e-01  9.5000000e-01  5.8000000e-01
 -2.7000000e-01 -4.7000000e-01 -7.5000000e-01 -7.8000000e-01
 -6.0000000e-01 -9.2000000e-01][ 0.4  -0.1   0.97 -0.64 -0.48 -0.77  0.7  -0.98 -0.06 -0.54  0.93 -0.43
  0.1  -0.77 -0.57  0.82 -1.   -0.76 -0.01 -0.28  0.07 -0.52 -0.51 -0.71
  0.48 -0.07  0.29 -0.52  0.8   0.87 -0.39 -0.01  0.52 -0.94  0.49  0.87
  0.74  0.24  0.78 -0.7  -0.05  0.92 -0.78  0.23  0.87 -1.   -0.62  0.1
 -0.92  0.05 -0.22 -0.65 -0.26  0.12  0.04 -0.33  0.28  0.15  0.91 -0.4
 -0.35  0.35 -0.08  0.93 -0.52  0.9  -0.39  0.26 -0.08  0.94 -0.21  0.88
  0.54 -0.98  0.2   0.8   0.23  0.12  0.02  0.62  0.86 -0.46  0.23 -0.65
 -0.86  0.23  0.02 -0.14  0.64 -0.18][ 0.4  -0.71 -0.49 -0.55  0.78  0.5  -0.59 -0.2   0.95 -0.01 -0.73  0.72
 -0.1  -0.43 -0.04 -0.36  0.84  0.51 -0.28  0.93  0.3   0.41  0.5   0.5
 -0.04  0.5  -0.2  -0.32 -0.95 -0.55  0.71  0.54 -0.52  0.7   0.13 -0.91
 -0.57 -0.32 -0.92 -0.43  0.41 -0.56 -0.36  0.24 -0.9  -0.87 -0.35  0.07
  0.11 -0.47  0.43 -0.22 -0.71 -0.04 -0.45  0.47  0.64  0.81  0.48 -0.61
 -0.15 -0.62 -0.35  0.91  0.48  0.03  0.74 -0.36 -0.97  0.56  0.46 -0.06
  0.89 -0.63 -0.22 -0.54  0.3  -1.    0.46 -0.36  0.19 -0.43 -0.8  -0.89
 -0.51  0.32  0.53 -0.55  0.84  0.45][ 0.09 -0.67  0.34  0.83  0.78 -0.36 -0.94  0.47  0.66  0.95 -0.14  0.47
  0.56  0.49  0.84  0.29  0.46 -0.53  0.16  0.42  0.75  0.05 -0.36  0.05
 -0.9  -0.12  0.42 -0.55  0.49  0.65 -0.77 -0.18 -0.91 -0.09  0.75  0.91
 -0.89 -0.06 -0.61  0.05  0.46 -0.04 -0.16  0.26  0.51 -0.89 -0.99  0.77
 -0.57 -0.38 -0.52 -0.64  0.02  0.31  0.93  0.04  0.34 -0.51  0.51  0.53
 -1.    0.84  0.95  0.13 -0.72 -0.15 -0.4   0.94  0.54  0.91  0.44 -0.7
  0.48 -0.79 -0.19 -0.97 -0.73 -0.1  -0.24  0.85 -0.35  0.82 -0.02  0.67
 -0.76  0.95 -0.81  0.01  0.55 -0.14][ 3.9000000e-01  7.5000000e-01  6.5000000e-01  1.9000000e-01
 -9.9000000e-01  8.1000000e-01 -9.7000000e-01  1.2000000e-01
 -4.5000000e-01  1.9000000e-01 -2.2000000e-01 -7.7000000e-01
 -2.0000000e-02 -7.8000000e-01  6.7000000e-01  1.4000000e-01
  7.9000000e-01 -1.1000000e-01  6.9000000e-01  8.8817842e-16
 -7.0000000e-02 -6.6000000e-01  2.8000000e-01  2.1000000e-01
 -8.7000000e-01 -7.4000000e-01 -7.2000000e-01 -3.5000000e-01
  3.7000000e-01 -4.0000000e-02  9.5000000e-01 -3.3000000e-01
  8.7000000e-01 -7.0000000e-02 -1.0000000e-02  2.1000000e-01
  5.1000000e-01  1.8000000e-01 -9.2000000e-01 -6.3000000e-01
  3.0000000e-02  3.0000000e-01  3.3000000e-01 -4.3000000e-01
 -8.0000000e-01 -7.0000000e-01 -4.7000000e-01  3.8000000e-01
  4.0000000e-01 -5.7000000e-01 -1.7000000e-01  8.1000000e-01
  1.7000000e-01 -8.8000000e-01 -3.0000000e-01  3.1000000e-01
  4.5000000e-01  5.4000000e-01  1.7000000e-01  9.7000000e-01
  6.8000000e-01  4.0000000e-02  1.7000000e-01 -6.2000000e-01
 -1.5000000e-01  9.3000000e-01 -7.7000000e-01 -1.3000000e-01
 -1.1000000e-01 -1.6000000e-01  9.9000000e-01  9.0000000e-02
  8.9000000e-01 -2.7000000e-01 -8.0000000e-01  1.8000000e-01
  4.6000000e-01 -2.0000000e-02  1.9000000e-01 -6.0000000e-01
  9.2000000e-01 -3.4000000e-01 -6.2000000e-01 -7.1000000e-01
 -5.5000000e-01 -2.6000000e-01  2.0000000e-01 -3.3000000e-01
  5.3000000e-01  4.7000000e-01][ 7.3000000e-01  1.4000000e-01 -7.6000000e-01  2.1000000e-01
  8.1000000e-01 -7.2000000e-01 -8.4000000e-01  2.4000000e-01
  4.4000000e-01  2.7000000e-01  6.9000000e-01  3.9000000e-01
 -7.7000000e-01  9.4000000e-01 -9.8000000e-01 -2.9000000e-01
  4.8000000e-01 -1.2000000e-01  3.5000000e-01  6.5000000e-01
 -7.0000000e-01 -7.2000000e-01 -5.6000000e-01 -3.1000000e-01
  2.9000000e-01 -4.0000000e-01  6.5000000e-01  8.8817842e-16
 -7.1000000e-01 -8.5000000e-01  7.0000000e-01 -3.1000000e-01
 -9.4000000e-01  8.9000000e-01 -1.0000000e+00 -5.3000000e-01
 -6.6000000e-01 -9.6000000e-01  2.9000000e-01  8.7000000e-01
 -4.1000000e-01  1.8000000e-01 -4.4000000e-01 -9.9000000e-01
  3.5000000e-01 -5.0000000e-02  4.5000000e-01  9.4000000e-01
  6.2000000e-01 -2.4000000e-01 -4.5000000e-01 -4.0000000e-01
 -8.4000000e-01 -9.0000000e-01 -6.6000000e-01  3.2000000e-01
  1.5000000e-01 -2.0000000e-01  6.2000000e-01 -9.0000000e-02
  2.5000000e-01  8.7000000e-01 -3.3000000e-01 -1.5000000e-01
  1.8000000e-01 -3.9000000e-01 -7.1000000e-01  7.5000000e-01
  9.2000000e-01 -2.2000000e-01  6.4000000e-01 -1.6000000e-01
  6.4000000e-01 -3.6000000e-01  2.5000000e-01  6.8000000e-01
  2.1000000e-01  3.2000000e-01 -1.6000000e-01 -6.5000000e-01
  9.6000000e-01  3.4000000e-01 -7.1000000e-01  2.4000000e-01
 -1.0000000e-01 -7.8000000e-01 -5.1000000e-01  3.7000000e-01
  4.0000000e-01  7.8000000e-01][-7.8000000e-01  6.2000000e-01  7.4000000e-01  9.7000000e-01
  2.2000000e-01 -9.8000000e-01 -7.6000000e-01  3.0000000e-02
 -1.0000000e-02 -7.7000000e-01 -3.1000000e-01 -7.5000000e-01
 -9.0000000e-01 -9.4000000e-01  9.1000000e-01  5.0000000e-02
  7.0000000e-02  7.6000000e-01  7.2000000e-01  7.7000000e-01
  5.1000000e-01 -8.7000000e-01  7.5000000e-01 -8.9000000e-01
  8.0000000e-01  5.7000000e-01  3.1000000e-01  5.7000000e-01
  1.7000000e-01  5.3000000e-01 -6.4000000e-01 -5.1000000e-01
  1.7000000e-01  1.3000000e-01 -2.8000000e-01 -7.5000000e-01
  8.4000000e-01  5.4000000e-01 -7.6000000e-01  6.1000000e-01
  8.8817842e-16  7.0000000e-02 -4.0000000e-01 -6.7000000e-01
 -4.0000000e-01  9.3000000e-01 -5.8000000e-01 -3.2000000e-01
 -2.2000000e-01 -1.8000000e-01 -5.0000000e-01 -3.8000000e-01
 -2.7000000e-01  3.0000000e-02 -8.5000000e-01  5.5000000e-01
 -1.2000000e-01 -8.9000000e-01 -6.6000000e-01 -7.9000000e-01
 -8.2000000e-01 -4.2000000e-01 -6.1000000e-01 -5.7000000e-01
 -1.6000000e-01  2.0000000e-01  8.6000000e-01  4.2000000e-01
  1.1000000e-01 -9.9000000e-01  9.6000000e-01  4.8000000e-01
 -6.2000000e-01  2.2000000e-01 -1.0000000e-01  7.7000000e-01
  1.0000000e-01 -8.0000000e-02 -2.0000000e-02 -3.4000000e-01
 -5.8000000e-01 -2.0000000e-01 -3.6000000e-01  8.7000000e-01
  7.6000000e-01 -8.5000000e-01 -4.0000000e-01  6.1000000e-01
 -1.8000000e-01  1.0000000e-02][-2.0000000e-02 -3.8000000e-01 -6.5000000e-01 -2.2000000e-01
  6.3000000e-01  6.7000000e-01 -6.2000000e-01  8.2000000e-01
 -7.5000000e-01 -9.0000000e-02  5.7000000e-01  9.0000000e-02
  4.6000000e-01 -6.6000000e-01  6.5000000e-01 -7.1000000e-01
  2.3000000e-01  6.9000000e-01 -4.0000000e-01 -3.9000000e-01
  3.7000000e-01 -2.7000000e-01  4.0000000e-01 -3.8000000e-01
 -9.5000000e-01  9.3000000e-01  3.5000000e-01 -2.0000000e-02
  8.1000000e-01 -9.0000000e-02 -2.7000000e-01 -4.9000000e-01
 -7.1000000e-01  5.9000000e-01 -8.2000000e-01  2.1000000e-01
  1.7000000e-01  9.6000000e-01 -1.0000000e-01 -3.0000000e-01
 -5.5000000e-01 -3.7000000e-01 -8.8000000e-01 -3.6000000e-01
  2.1000000e-01 -3.5000000e-01  8.8000000e-01  9.6000000e-01
 -4.2000000e-01 -2.1000000e-01 -8.1000000e-01  4.8000000e-01
 -5.1000000e-01 -8.4000000e-01  8.8817842e-16 -8.3000000e-01
 -5.3000000e-01 -2.3000000e-01  5.5000000e-01  3.3000000e-01
  2.2000000e-01  2.2000000e-01 -7.3000000e-01 -2.0000000e-01
  1.8000000e-01 -7.4000000e-01 -4.5000000e-01  2.4000000e-01
 -9.1000000e-01  1.1000000e-01 -1.9000000e-01 -1.7000000e-01
  8.8817842e-16 -8.3000000e-01 -4.1000000e-01 -7.4000000e-01
 -1.6000000e-01  3.3000000e-01 -6.3000000e-01  8.6000000e-01
  1.0000000e-01 -6.4000000e-01 -6.6000000e-01  7.9000000e-01
 -5.0000000e-02 -1.3000000e-01 -2.0000000e-02 -6.1000000e-01
 -5.0000000e-01 -7.6000000e-01][ 0.2  -0.32  0.26  0.58  0.75  0.65 -0.38 -0.02 -0.42  0.8   0.31 -0.9
 -0.72 -0.6  -0.91  0.04 -0.45 -0.77  0.57  0.39  0.17 -0.98  0.55 -0.39
 -0.77 -0.62  0.59 -0.95 -0.1   0.52  0.3   0.54  0.35  0.83  0.24 -0.58
 -0.76 -0.94 -0.1   0.01  0.56  0.81  0.3  -0.8   0.06 -0.13 -0.7   0.44
 -0.06  0.37 -0.54  0.77  0.19 -0.42  0.82  0.58 -0.85 -0.44  0.17 -0.16
  0.8  -0.01  0.94 -0.49 -0.31 -1.   -0.98  0.86  0.89  0.98  0.71  0.65
  0.93 -0.35  0.56  0.07  0.72  0.59  0.81  0.98  0.07 -0.75  0.31  0.14
  0.14  0.34 -0.2   0.6  -0.9   0.32][-7.0000000e-01  3.3000000e-01 -8.1000000e-01 -9.0000000e-02
 -4.7000000e-01 -8.8000000e-01 -5.7000000e-01 -6.2000000e-01
  9.2000000e-01  8.8817842e-16  8.7000000e-01  3.6000000e-01
  6.4000000e-01 -3.6000000e-01  5.1000000e-01  3.2000000e-01
  4.4000000e-01 -4.3000000e-01 -3.7000000e-01 -4.0000000e-01
 -9.2000000e-01  4.9000000e-01 -4.3000000e-01  1.7000000e-01
  5.9000000e-01 -1.3000000e-01  3.0000000e-02 -1.8000000e-01
 -5.3000000e-01  4.0000000e-01  4.7000000e-01  4.0000000e-02
  9.3000000e-01 -4.0000000e-01  5.6000000e-01 -7.1000000e-01
  9.8000000e-01 -7.6000000e-01  6.6000000e-01 -3.8000000e-01
  7.8000000e-01  9.4000000e-01 -9.8000000e-01  3.7000000e-01
  9.0000000e-01  8.0000000e-02  8.3000000e-01  8.5000000e-01
  8.4000000e-01  5.8000000e-01 -9.4000000e-01  3.3000000e-01
  3.4000000e-01  8.0000000e-01 -3.1000000e-01  3.6000000e-01
 -7.1000000e-01  5.0000000e-02  9.6000000e-01 -7.9000000e-01
  3.2000000e-01  8.0000000e-01  2.0000000e-02 -2.7000000e-01
  7.6000000e-01  6.1000000e-01 -9.0000000e-02  8.5000000e-01
  3.9000000e-01  8.1000000e-01  3.3000000e-01  7.9000000e-01
 -5.9000000e-01  9.1000000e-01  8.0000000e-01  3.6000000e-01
  9.0000000e-02  6.9000000e-01  2.8000000e-01  8.9000000e-01
 -7.4000000e-01  9.9000000e-01 -4.1000000e-01  5.6000000e-01
 -3.0000000e-01 -2.1000000e-01 -2.1000000e-01 -5.6000000e-01
  1.8000000e-01 -8.9000000e-01][-4.0000000e-01  2.8000000e-01 -5.0000000e-02 -1.6000000e-01
 -7.1000000e-01 -4.1000000e-01  2.8000000e-01 -6.9000000e-01
  1.5000000e-01  7.5000000e-01  2.4000000e-01 -3.0000000e-02
  8.1000000e-01 -1.7000000e-01 -9.4000000e-01  4.0000000e-01
  2.6000000e-01  4.7000000e-01 -2.1000000e-01 -3.6000000e-01
 -5.0000000e-02  7.4000000e-01 -1.7000000e-01  6.5000000e-01
  1.5000000e-01  4.5000000e-01 -9.5000000e-01 -6.5000000e-01
  6.4000000e-01 -4.5000000e-01 -1.7000000e-01  8.4000000e-01
 -5.4000000e-01 -3.3000000e-01 -9.0000000e-01  5.2000000e-01
  5.0000000e-01  7.3000000e-01  3.8000000e-01  6.3000000e-01
  4.7000000e-01  3.5000000e-01  3.9000000e-01  2.3000000e-01
 -9.1000000e-01 -5.0000000e-01  8.3000000e-01 -2.3000000e-01
  8.9000000e-01  2.0000000e-01 -2.0000000e-02  3.9000000e-01
  3.9000000e-01  9.8000000e-01  8.0000000e-02 -5.3000000e-01
 -5.7000000e-01 -8.0000000e-02 -7.8000000e-01  2.7000000e-01
 -9.1000000e-01  8.5000000e-01  9.0000000e-01  9.0000000e-02
 -9.2000000e-01  3.0000000e-01  9.5000000e-01  8.3000000e-01
 -4.9000000e-01  6.2000000e-01 -5.8000000e-01  8.8817842e-16
 -1.9000000e-01 -6.9000000e-01  5.2000000e-01  6.0000000e-01
  9.6000000e-01 -8.4000000e-01  9.9000000e-01  2.1000000e-01
 -9.8000000e-01 -3.5000000e-01 -1.7000000e-01  2.7000000e-01
 -7.3000000e-01 -8.6000000e-01  8.0000000e-01 -9.9000000e-01
 -3.9000000e-01  2.6000000e-01][ 2.6000000e-01 -6.0000000e-01  8.0000000e-02 -2.6000000e-01
 -6.9000000e-01  1.7000000e-01  4.1000000e-01 -4.3000000e-01
 -3.4000000e-01  8.2000000e-01  7.2000000e-01 -6.8000000e-01
  9.2000000e-01 -8.2000000e-01  7.9000000e-01  9.9000000e-01
 -8.7000000e-01  8.8817842e-16  7.6000000e-01  5.0000000e-02
 -8.0000000e-02  4.3000000e-01 -7.3000000e-01  1.7000000e-01
 -3.2000000e-01 -9.2000000e-01  7.3000000e-01 -2.8000000e-01
  5.1000000e-01  8.8817842e-16 -6.2000000e-01  4.2000000e-01
  3.6000000e-01 -4.5000000e-01 -2.7000000e-01  6.1000000e-01
  4.8000000e-01 -5.3000000e-01  6.5000000e-01  2.9000000e-01
 -2.0000000e-02 -5.7000000e-01  1.0000000e-01  3.0000000e-01
 -7.5000000e-01  5.4000000e-01  5.0000000e-01 -1.9000000e-01
  7.3000000e-01 -8.5000000e-01  5.2000000e-01 -2.6000000e-01
 -1.6000000e-01 -2.4000000e-01 -4.5000000e-01 -6.6000000e-01
 -9.8000000e-01 -9.8000000e-01  5.8000000e-01  8.5000000e-01
  1.5000000e-01 -3.0000000e-01  4.6000000e-01  2.0000000e-02
 -6.2000000e-01  7.6000000e-01 -8.1000000e-01 -3.8000000e-01
 -5.5000000e-01 -5.1000000e-01  6.2000000e-01  9.3000000e-01
 -3.0000000e-02  7.2000000e-01  4.8000000e-01  2.8000000e-01
 -4.8000000e-01  5.6000000e-01  2.0000000e-01  2.0000000e-01
 -1.2000000e-01 -1.4000000e-01  9.4000000e-01 -6.5000000e-01
 -2.3000000e-01  3.2000000e-01  1.3000000e-01  7.0000000e-02
  2.0000000e-01  1.3000000e-01][-0.63 -0.9  -0.42  0.5  -0.18 -0.26  0.69  0.08  0.83 -0.15  0.25  0.09
 -1.    0.65  0.02  0.7   0.35 -0.59 -0.03 -0.74 -0.02 -0.34 -0.55  0.11
  0.96 -0.69  0.51 -0.39 -0.2   0.41  0.58  0.91  0.48  0.53 -0.08 -0.73
 -0.73 -0.73  0.34 -0.09  0.63  0.68  0.39 -0.02  0.13  0.13  0.7  -0.66
  0.26 -0.98 -0.36  0.68  0.04  0.59  0.93  0.47 -0.57  0.52  0.48 -0.73
  0.28 -0.42  0.94  0.76  0.09  0.26  0.21 -0.7  -0.37  0.23  0.73 -0.47
 -0.83  0.32 -0.21  0.95 -0.74  0.03 -0.64  0.78 -0.02  0.38  0.19  0.31
 -0.06 -0.21  0.01 -0.27  0.66  0.59][ 0.61  0.53  0.41 -0.61  0.75 -0.32 -0.58  0.48  0.75 -0.34 -0.59  0.65
 -0.33 -0.08  0.06 -0.44  0.7  -0.73 -0.94  0.44  0.84 -0.1  -0.91 -0.12
 -0.85 -0.44 -0.15  0.7  -0.29 -0.23  0.34 -0.19 -0.89  0.01 -0.08  0.04
 -0.09 -0.96 -0.89  0.48 -0.18  0.26  0.71 -0.4  -0.7  -0.68  0.09  0.71
  0.62 -0.43 -0.54 -0.49  0.44  0.93 -0.2  -0.31  0.2   0.78  0.45 -0.06
  0.76 -0.46 -0.15 -0.32  0.63  0.43  0.31  0.49 -0.79  0.66  0.73 -0.4
 -0.11 -0.58  0.03  0.5  -0.43 -0.44  0.88  0.54 -0.12  0.34 -0.79 -1.
  0.09 -0.56 -0.76  0.64  0.01  0.83][-0.82 -0.02  0.84 -0.34 -0.81  0.08  0.31 -0.31 -0.46  0.24  0.5  -0.39
 -0.33  0.13 -0.46 -0.89  0.51  0.83  0.14 -0.37 -0.4   0.59 -0.96 -0.72
 -0.24  0.06 -0.8  -0.76  0.44  0.02 -0.58  0.66 -0.86  0.4   0.18  0.3
 -1.    0.06  0.06  0.86 -0.84 -0.97  0.3   0.2  -0.47  0.54  0.85 -0.17
  0.84 -0.08  0.55 -0.03  0.87  0.88  0.68  0.33  0.07  0.5  -0.09  0.33
 -0.27 -0.88  0.48  0.37 -0.82 -0.44 -0.55 -0.72  0.84 -0.9  -0.38 -0.63
 -0.76  0.57  0.83 -0.59 -0.04 -0.65  0.55  0.01 -0.73 -0.01  0.41 -0.02
 -0.34 -0.43  0.47  0.78  0.15 -0.44][ 5.0000000e-01 -9.1000000e-01  1.4000000e-01  9.2000000e-01
  3.2000000e-01 -2.3000000e-01 -9.8000000e-01  8.2000000e-01
  4.5000000e-01 -7.1000000e-01  3.6000000e-01 -2.2000000e-01
 -6.9000000e-01 -6.6000000e-01  7.2000000e-01 -8.7000000e-01
  6.8000000e-01 -2.2000000e-01 -5.0000000e-01 -6.8000000e-01
 -8.7000000e-01  3.5000000e-01  9.0000000e-02 -5.2000000e-01
 -3.0000000e-02  5.5000000e-01 -2.3000000e-01 -9.2000000e-01
  2.0000000e-01  2.3000000e-01  9.0000000e-02  2.1000000e-01
  4.0000000e-01  1.5000000e-01 -8.0000000e-02 -8.2000000e-01
  6.3000000e-01  1.2000000e-01 -8.1000000e-01  1.7000000e-01
  1.6000000e-01  7.4000000e-01  3.0000000e-01  8.8817842e-16
  2.7000000e-01  2.3000000e-01 -2.9000000e-01 -9.5000000e-01
  2.1000000e-01 -8.2000000e-01 -8.9000000e-01 -6.0000000e-01
  6.9000000e-01 -8.8000000e-01  4.0000000e-02  1.1000000e-01
 -6.3000000e-01 -3.1000000e-01  3.3000000e-01  8.0000000e-01
  8.6000000e-01  6.1000000e-01 -9.6000000e-01  2.4000000e-01
  2.6000000e-01  8.9000000e-01  1.0000000e-02 -3.0000000e-01
  7.3000000e-01 -3.2000000e-01  3.1000000e-01 -4.8000000e-01
  4.8000000e-01 -4.0000000e-01 -2.2000000e-01 -1.1000000e-01
  2.9000000e-01  4.3000000e-01  8.7000000e-01 -2.0000000e-01
  9.4000000e-01 -5.0000000e-01  1.3000000e-01 -9.6000000e-01
 -8.0000000e-01 -5.7000000e-01  8.4000000e-01  1.3000000e-01
  3.8000000e-01 -6.5000000e-01][ 1.3000000e-01 -9.6000000e-01 -4.0000000e-02 -9.0000000e-02
 -3.4000000e-01  5.0000000e-01  3.5000000e-01  9.2000000e-01
  7.4000000e-01 -3.1000000e-01 -5.4000000e-01 -7.8000000e-01
 -4.5000000e-01  7.0000000e-01 -5.2000000e-01 -7.3000000e-01
 -6.5000000e-01  2.5000000e-01 -7.0000000e-02  3.6000000e-01
 -2.4000000e-01 -3.6000000e-01  7.0000000e-01 -6.2000000e-01
  6.8000000e-01  1.4000000e-01  2.9000000e-01 -7.7000000e-01
 -4.2000000e-01 -1.0000000e-02  8.7000000e-01 -7.4000000e-01
  5.2000000e-01  8.0000000e-01 -4.7000000e-01 -7.0000000e-01
 -4.4000000e-01  3.9000000e-01  2.3000000e-01 -3.8000000e-01
 -6.3000000e-01  9.0000000e-01 -5.3000000e-01 -9.5000000e-01
 -3.7000000e-01 -8.0000000e-02  5.0000000e-01  8.0000000e-02
  3.9000000e-01  7.5000000e-01  4.8000000e-01  8.4000000e-01
 -6.8000000e-01 -6.0000000e-01  6.1000000e-01  6.5000000e-01
 -4.4000000e-01  5.0000000e-01 -6.3000000e-01 -9.8000000e-01
 -1.1000000e-01 -6.7000000e-01 -3.2000000e-01 -1.0000000e+00
 -9.2000000e-01 -7.0000000e-01  7.6000000e-01 -2.2000000e-01
  9.7000000e-01 -3.1000000e-01 -4.1000000e-01  3.7000000e-01
  1.9000000e-01  9.8000000e-01 -5.8000000e-01  4.8000000e-01
  1.4000000e-01  2.7000000e-01  8.0000000e-02  8.8817842e-16
  3.5000000e-01 -6.7000000e-01  3.1000000e-01  4.4000000e-01
 -4.0000000e-02 -5.1000000e-01  7.1000000e-01 -4.7000000e-01
 -3.1000000e-01 -5.7000000e-01][ 5.8000000e-01 -7.3000000e-01 -6.1000000e-01  4.4000000e-01
 -8.8000000e-01 -7.6000000e-01  8.8817842e-16 -8.2000000e-01
  4.2000000e-01  4.6000000e-01  5.5000000e-01 -1.7000000e-01
 -7.7000000e-01  6.9000000e-01  9.0000000e-01  7.0000000e-02
  6.3000000e-01 -6.7000000e-01 -6.0000000e-02 -8.0000000e-02
 -8.3000000e-01  6.8000000e-01 -5.1000000e-01 -9.0000000e-01
  3.7000000e-01 -7.6000000e-01  1.3000000e-01 -7.4000000e-01
  3.1000000e-01  9.0000000e-01 -9.2000000e-01 -1.3000000e-01
 -9.2000000e-01 -3.3000000e-01  8.2000000e-01 -1.0000000e-02
 -4.0000000e-01  8.0000000e-01 -1.0000000e-01 -4.5000000e-01
 -1.3000000e-01  4.2000000e-01 -8.6000000e-01  3.9000000e-01
 -6.1000000e-01  2.0000000e-01  8.3000000e-01  3.0000000e-02
  7.8000000e-01 -5.4000000e-01 -4.6000000e-01 -7.3000000e-01
  8.8817842e-16  3.1000000e-01 -5.9000000e-01  5.0000000e-01
  8.0000000e-02 -6.3000000e-01  6.8000000e-01 -1.0000000e-01
 -4.9000000e-01  4.0000000e-02 -6.5000000e-01  8.6000000e-01
 -5.3000000e-01 -3.5000000e-01 -9.0000000e-01 -1.0000000e+00
  5.5000000e-01  2.7000000e-01  7.0000000e-01 -4.5000000e-01
  8.5000000e-01 -8.7000000e-01 -8.3000000e-01 -8.4000000e-01
  4.3000000e-01 -2.2000000e-01  8.5000000e-01 -8.1000000e-01
  9.2000000e-01 -3.9000000e-01  8.7000000e-01 -9.0000000e-01
  7.8000000e-01 -8.3000000e-01 -1.4000000e-01 -3.6000000e-01
  6.1000000e-01 -1.4000000e-01][ 0.75  0.78  0.33  0.44 -0.33 -0.6   0.06  0.41 -0.1  -0.6  -0.66 -0.23
 -0.84 -0.98 -0.23  0.22 -0.36 -0.31  0.32 -0.2   0.49 -0.92  0.34  0.51
 -0.63  0.73 -0.52 -0.7  -0.16 -0.75  0.37 -0.64 -0.72  0.29 -0.44 -0.37
 -0.23  0.27 -0.47  0.42 -0.39  0.15  0.95 -0.41 -0.52 -0.82 -0.62 -0.57
 -0.53  0.95 -0.45  0.04  0.09  0.56 -0.13 -0.53 -0.15  0.68 -0.67 -0.58
 -0.38 -0.18  0.68  0.92  0.18 -0.2   0.96 -0.69 -0.85  0.58  0.24  0.01
 -0.95  0.31 -0.35 -0.12 -0.03  0.04  0.54  0.81  0.94  0.62  0.68  0.85
 -0.37  0.97  0.01  0.12  0.76  0.72][ 0.44 -0.66 -0.2   0.92  0.99  0.29 -0.44 -0.97  0.91  0.2   0.83  0.3
 -0.04 -0.54  0.55  0.82 -1.    0.45  0.49  0.33  0.44  0.33 -0.88 -0.94
 -0.66  0.93  0.42 -0.79 -0.58  0.32 -0.31  0.03  0.71 -0.14 -0.19 -0.65
  0.41 -0.21  0.82  0.38  0.4   0.97  0.69  0.73 -0.81  0.21 -0.63  0.32
 -0.43  0.04 -0.37  0.55  0.5  -0.85  0.08  0.26 -0.32 -1.    0.74  0.4
 -0.31  0.28  0.73 -0.41 -0.8   0.64  0.31 -0.37  0.69 -0.47 -0.71  0.51
 -0.5  -0.6   0.44  0.97 -0.62 -0.14  0.76  0.91  0.97  0.11 -0.84  0.16
  0.36 -0.96  0.54  0.6   0.18 -0.52][ 0.57 -0.59  0.55 -0.62  0.75  0.42 -0.91  0.77 -0.01  0.53 -0.79 -0.17
 -0.62 -0.57  0.81  0.05  0.43  0.06  0.63 -0.15  0.11 -0.47  0.21  0.36
 -0.98 -0.94 -0.76 -0.7  -0.13  0.14  0.71  0.42  0.87 -0.75 -0.79  0.83
  0.75  0.23 -0.8   0.9  -0.47  0.22  0.94  0.12  0.66  0.83 -0.03  0.63
  0.46  0.36  0.47 -0.58  0.73  0.2   0.18 -0.02 -0.27 -0.84 -0.69 -0.94
 -0.83 -0.39 -0.94  0.63  0.77  0.68 -0.2  -0.52  0.74  0.2  -0.88 -0.5
 -0.94 -0.37 -0.98  0.05  0.39  0.97  0.11  0.4   0.05 -0.77 -0.96  0.6
 -0.74  0.02 -0.15 -0.05 -0.48 -0.39]