[ 0.47  -0.59   0.75  -0.62  -0.96   0.17  -0.91   0.03  -0.54   0.82
  0.923 -0.68   0.92  -0.811  0.888 -1.127 -0.87   0.06   0.69  -1.136
 -0.08  -0.346  0.75   0.17  -0.269 -0.94   0.73  -0.28  -0.494  0.16
  0.95   1.102  0.36  -0.45  -0.72   0.665  0.75  -0.53  -0.8    0.29
 -0.02   0.198  0.466  0.3   -1.076 -0.07  -1.673  1.027 -1.039 -0.85
  0.65  -0.26  -0.16   0.2    0.347  0.81  -0.27  -1.247 -0.69  -0.141
 -0.82   0.21   0.17   0.02  -0.62   0.68  -0.81  -0.031 -0.55   0.2
  0.62  -0.5   -0.03  -0.37  -0.98   0.05  -0.48   1.584  0.2    1.02
 -0.75  -0.14   1.439 -0.65  -0.55   0.02   0.13  -0.28   0.2    0.13 ][ 0.47  -0.59   0.75  -0.62   0.22   0.17  -0.97   0.03  -0.01   0.82
  0.923 -0.68   0.92  -1.397  0.79  -1.127 -0.87   0.06   0.69  -0.15
 -0.08  -0.346  0.75   0.17  -0.948 -0.94   0.73  -0.28  -0.257  0.16
  0.95   1.102  0.36  -0.45  -0.72   0.665  0.75  -0.53  -0.8    0.29
 -0.02   0.22   0.466  0.3   -1.076 -0.07  -1.088  0.757 -0.121 -0.85
  0.65  -0.26  -0.16   0.2    0.347  0.81  -0.27  -1.247 -0.69   0.85
 -0.82   0.21   0.17   0.02  -0.62   0.68  -0.81  -0.031 -0.55   0.246
  0.62  -0.5   -0.03  -0.37  -0.98   0.05  -0.48   1.584  0.2    1.02
 -0.75  -0.14   1.439 -0.65  -1.005  0.02   0.13  -0.28   0.2    0.13 ][ 0.47  -0.59   0.75  -0.62  -0.96   0.17  -0.97   0.03  -0.01   0.82
  0.923 -0.68   0.92  -1.397  0.79  -1.127 -0.87  -0.044  0.69  -1.136
 -0.08  -0.346  0.75   0.17  -0.269 -0.94   0.73  -0.035 -0.257  0.16
  0.642  1.102  0.36  -0.45  -0.72   0.665  0.75  -0.53  -0.8    0.29
 -0.02   0.198  0.466  0.3   -0.75  -0.07  -1.673  0.63  -0.121 -0.85
  0.65  -0.26  -0.16   0.2   -0.45   0.81  -0.27  -1.247 -0.69  -0.141
 -0.82   0.21   0.17   0.02  -0.62   0.68  -1.148 -0.031 -0.55   0.2
  0.62  -0.5   -0.03  -0.37  -0.98   0.05  -0.48   1.584  0.2    1.02
 -0.75  -0.14   1.439 -0.65  -0.55   0.02   0.13  -0.28   0.2    0.13 ][ 0.47  -0.59   0.75  -0.62  -0.96   0.17  -0.84   0.03  -0.01   0.82
  0.923 -0.68   0.92  -1.397  0.79  -1.127 -0.87   0.06   0.76  -0.15
 -0.08  -0.346  0.75   0.17  -0.269 -1.223  0.73  -0.646 -0.257  0.16
  0.95   1.102  0.36  -0.45  -0.72   0.665  0.75  -0.53  -0.8    0.29
 -0.02   0.198  0.466  0.3   -0.75  -0.07  -1.088  0.63  -0.08  -0.85
  0.65  -0.26  -0.16   0.2    0.347  0.81  -0.27  -1.247 -0.69   0.85
 -0.82   0.21   0.17   0.02  -0.62   0.68  -0.81  -0.031 -0.55   0.2
  0.62  -0.5   -0.03  -0.37  -0.98   0.05  -0.48   1.663  0.2    1.02
 -0.75  -0.14   1.439 -0.65  -1.159  0.02   0.13  -0.28   0.2    0.13 ][ 0.47  -0.59   0.75  -0.62  -0.96   0.17  -0.97   0.03  -0.01   0.82
  0.923 -0.68   0.92  -1.397  0.888 -1.127 -0.87   0.06   1.01  -1.136
 -0.08  -0.346  0.75   0.17  -0.269 -0.94   0.73  -0.035 -0.257  0.16
  0.95   1.102  0.36  -0.45  -0.72   0.665  0.75  -0.53  -0.8    0.29
 -0.02   0.198  0.466  0.3   -0.75  -0.07  -1.673  0.63  -0.121 -0.457
  0.65  -0.26  -0.16   0.2   -0.45   0.81  -0.27  -1.247 -0.69  -0.141
 -0.82   0.21   0.17   0.02  -0.62   0.68  -0.81  -0.031 -0.55   0.2
  0.62  -0.5   -0.03  -0.37  -0.98   0.05  -0.48   1.584  0.2    1.02
 -0.75  -0.14   1.439 -0.65  -0.56   0.02   0.13  -0.28   0.2    0.13 ][ 0.47  -0.27   0.75  -0.62  -0.96   0.17  -0.91  -0.678 -0.01   0.82
  0.923 -0.68   0.92  -0.617  0.79  -0.47  -0.87   0.06   0.69  -1.136
 -0.08  -0.346  0.75   0.17  -0.269 -0.94   0.73  -0.28  -0.257  0.16
  0.642  1.102  0.36  -0.45  -0.72   0.665  0.75  -0.53  -0.8    0.29
 -0.02   0.198  0.466  0.3   -0.75  -0.07  -1.088  0.63  -0.121 -0.85
  0.65  -0.26  -0.16   0.2    0.347  0.81  -0.27  -1.247 -0.69   0.85
 -0.82   0.21   0.17   0.02  -0.62   0.68  -0.81  -0.031 -0.55   0.2
  0.62  -0.5   -0.03  -0.37  -0.98   0.05  -0.48   1.584  0.2    1.02
 -0.75  -0.14   1.439 -0.65  -0.55   0.02   0.13  -0.28   0.2    0.13 ][ 0.47  -0.59   0.75  -0.62  -0.96   0.17  -0.84   0.03  -0.01   0.82
  0.923 -0.68   0.92  -1.397  0.79  -1.127 -0.87   0.06   0.69  -0.15
 -0.08  -0.346  0.75   0.17  -0.269 -1.223  0.73  -0.531 -0.257  0.16
  0.95   1.102  0.36  -0.45  -0.72   0.665  0.75  -0.53  -0.8    0.29
 -0.02   0.22   0.466 -0.508 -0.75  -0.07  -1.673  0.63  -0.121 -0.85
  0.65  -0.26  -0.16   0.2    0.347  0.582 -0.27  -1.247 -0.69   0.85
 -0.82   0.21   0.17   0.02  -0.62   0.68  -0.81  -0.031 -0.55   0.2
  0.62  -0.5   -0.03  -0.37  -0.98   0.05  -0.48   1.663  0.2    1.02
 -0.75  -0.14   1.439 -0.65  -0.55   0.02   0.13  -0.28   0.2    0.13 ][ 0.47  -0.59   0.75  -0.62  -0.96   0.17  -0.91   0.03  -0.01   0.82
  0.923 -0.68   0.92  -1.397  0.888 -1.127 -0.87   0.06   0.69  -0.15
 -0.08  -0.346  0.75   0.17  -0.269 -1.223  0.73  -0.531 -0.257  0.16
  0.95   1.102  0.36  -0.45  -0.72   0.665  0.75  -0.53  -0.8    0.29
 -0.02   0.22   0.466 -0.508 -0.75  -0.07  -1.088  0.63  -0.121 -0.85
  0.65  -0.26  -0.16   0.2    0.347  0.81  -0.27  -1.594 -0.69   0.85
 -0.82   0.21   0.17   0.02  -0.62   0.68  -0.81  -0.031 -0.55   0.2
  0.62  -0.5   -0.03  -0.37  -0.98   0.05  -0.48   1.584  0.2    1.02
 -0.75  -0.14   1.439 -0.65  -0.55   0.02   0.13  -0.28   0.2    0.13 ][ 0.47  -0.59   0.75  -0.62   0.22   0.17  -0.91   0.03  -0.01   0.82
  0.923 -0.68   0.92  -1.397  0.79  -1.127 -0.87   0.06   0.69  -1.136
 -0.08  -0.346  0.75   0.17  -0.269 -0.94   0.73  -0.28  -0.257  0.16
  0.642  1.102  0.36  -0.45  -0.72   0.665  0.75  -0.53  -0.8    0.29
 -0.02   0.198  0.466  0.3   -1.076 -0.07  -1.088  0.342 -0.121 -0.85
  0.65  -0.26  -0.16   0.2    0.347  0.81  -0.27  -1.247 -0.69  -0.141
 -0.82   0.21   0.17   0.02  -0.62   0.68  -0.81  -0.031 -0.55   0.2
  0.62  -0.5   -0.03  -0.37  -0.98   0.05  -0.48   1.584  0.2    1.02
 -0.75  -0.14   1.439 -0.65  -0.55   0.02   0.13  -0.28   0.2    0.13 ][ 0.47  -0.59   0.75  -0.62  -0.96   0.17  -0.91   0.03  -0.01   0.82
  0.923 -0.68   0.92  -1.397  0.79  -1.127 -0.87   0.06   0.69  -0.15
 -0.08  -0.346  0.75   0.17  -0.269 -1.223  0.73  -0.531 -0.257  0.16
  0.95   1.102  0.36  -0.45  -0.72   0.665  0.75  -0.53  -0.8    0.29
 -0.02   0.22   0.466 -0.508 -0.75  -0.07  -1.088  0.63  -0.121 -0.85
  0.65  -0.26  -0.16   0.2    0.347  0.81  -0.27  -1.247 -0.69   0.85
 -0.82   0.21   0.17   0.02  -0.62   0.68  -0.81  -0.031 -0.55   0.2
  0.62  -0.5   -0.03  -0.37  -0.98   0.05  -0.48   1.584  0.2    1.02
 -0.75  -0.14   1.439 -0.65  -1.159  0.02   0.13  -0.28   0.2    0.13 ][ 0.47  -0.59   0.75  -0.62  -0.96   0.17  -0.97  -0.785 -0.01   0.82
  0.923 -0.68   0.92  -1.397  0.79  -1.127 -0.87  -0.044  0.69  -1.136
 -0.08  -0.346  0.75   0.17  -0.269 -0.94   0.73  -0.035 -0.257  0.16
  0.642  1.102  0.36  -0.45  -0.72   0.665  0.75  -0.53  -0.8    0.29
 -0.02   0.198  0.1    0.3   -1.076 -0.07  -1.673  0.757 -0.121 -0.85
  0.65  -0.26  -0.16   0.2    0.347  0.81  -0.27  -1.247 -0.69   0.85
 -0.82   0.21   0.17   0.02  -0.62   0.68  -0.81  -0.031 -0.55   0.2
  0.62  -0.5   -0.03  -0.37  -0.98   0.05  -0.48   1.584  0.2    1.02
 -0.75  -0.14   1.439 -0.65  -0.55   0.02   0.13  -0.28   0.2    0.13 ][ 0.47  -0.59   0.75  -0.62  -0.96   0.17  -0.97   0.03  -0.01   0.82
  0.923 -0.68   0.92  -1.397  0.79  -1.127 -0.87   0.06   0.69  -1.136
 -0.08  -0.346  0.609  0.17  -0.269 -0.94   0.73  -0.28  -0.257  0.16
  0.95   1.102  0.36  -0.45  -0.72   0.665  0.75  -0.53  -0.8    0.29
 -0.02   0.198  0.466  0.3   -1.076 -0.07  -1.088  0.63  -0.009 -0.85
  0.65  -0.26  -0.16  -0.23  -0.45   0.81  -0.27  -1.247 -0.69   0.85
 -0.82   0.21   0.17   0.02  -0.62   0.68  -0.81  -0.031 -0.55   0.2
  0.62  -0.5   -0.03  -0.37  -0.98   0.05  -0.48   1.584  0.2    1.02
 -0.75  -0.14   1.439 -0.65  -0.55   0.02   0.13  -0.28   0.2    0.13 ][ 0.47  -0.59   0.75  -0.62  -0.96   0.17  -0.97   0.03  -0.01   0.82
  0.923 -0.68   0.92  -1.397  0.79  -1.127 -0.87   0.257  0.69  -1.136
 -0.08  -0.346  0.609  0.17  -0.269 -0.94   0.73  -0.531 -0.257  0.16
  0.95   1.102  0.36  -0.45  -0.72   0.665  0.75  -0.53  -0.8    0.29
 -0.02   0.22   0.466  0.3   -0.75  -0.07  -1.088  0.63  -0.121 -0.85
  0.65  -0.26  -0.16   0.2    0.347  0.81  -0.27  -1.247 -0.69   0.85
 -0.82   0.21   0.17   0.02  -0.62   0.68  -0.81  -0.031 -0.55   0.2
  0.62  -0.5   -0.03  -0.37  -0.98   0.05  -0.48   1.584  0.2    1.02
 -0.75  -0.14   1.439 -0.65  -1.159  0.02   0.13  -0.28   0.2    0.13 ][ 0.47  -0.59   0.75  -0.62  -0.96   0.17  -0.97   0.03  -0.01   0.82
  0.923 -0.68   0.92  -1.397  0.888 -1.127 -0.87   0.06   0.69  -1.136
 -0.08  -0.346  0.75   0.17  -0.269 -0.94   0.73  -0.28  -0.257  0.16
  0.95   1.102  0.36  -0.45  -0.72   0.665  0.75  -0.53  -0.8    0.29
 -0.02   0.198  0.148  0.3   -0.75  -0.07  -1.088  0.63  -0.121 -0.85
  0.65  -0.461 -0.16  -0.23   0.347  0.81  -0.27  -1.594 -0.69   0.85
 -0.82   0.151  0.17   0.02  -0.62   0.68  -0.81  -0.031 -0.55   0.246
  0.62  -0.5   -0.03  -0.37  -0.98   0.05  -0.48   1.584  0.2    1.02
 -0.75  -0.14   1.439 -0.65  -0.55   0.02   0.13  -0.28   0.2    0.13 ][ 0.504 -0.59   0.75  -0.62  -0.96   0.17  -0.97  -0.785 -0.01   0.82
  0.923 -0.68   0.92  -1.397  0.79  -1.127 -0.87   0.06   0.69  -1.136
 -0.08  -0.346  0.75   0.17  -0.269 -1.223  0.73  -0.28  -0.257  0.16
  0.642  1.102  0.36  -0.45  -0.72   0.665  0.75  -0.53  -0.8    0.29
 -0.02   0.198  0.466  0.3   -1.076 -0.07  -1.673  0.63  -0.121 -0.85
  0.65  -0.26  -0.16   0.2    0.347  0.81  -0.27  -1.247 -0.69   0.85
 -0.82   0.21   0.17   0.02  -0.62   0.68  -0.77  -0.031 -0.55   0.2
  0.62  -0.5   -0.03  -0.37  -0.98   0.05  -0.48   1.584  0.2    1.02
 -0.75  -0.14   1.439 -0.65  -0.55   0.02   0.13  -0.28   0.2    0.13 ][ 0.47  -0.59   0.75  -0.62   0.22   0.17  -0.97   0.03  -0.01   0.82
  0.923 -0.68   0.92  -1.397  0.79  -1.127 -0.87   0.06   0.69  -1.136
 -0.08  -0.346  0.75   0.17  -0.269 -0.94   0.73  -0.28  -0.257  0.16
  0.642  1.102  0.36  -0.45  -0.72   0.665  0.75  -0.53  -0.8    0.29
 -0.02   0.198  0.148  0.3   -1.076 -0.07  -1.088  0.63  -0.121 -0.85
  0.65  -0.26  -0.16  -0.23   0.347  0.81  -0.27  -1.247 -0.69   0.85
 -0.82   0.21   0.17   0.02  -0.62   0.68  -0.81  -0.031 -0.55   0.2
  0.62  -0.5   -0.03  -0.37  -0.98   0.05  -0.48   1.584  0.2    1.02
 -0.75  -0.14   1.439 -0.65  -0.55   0.02   0.13  -0.28   0.2    0.13 ][ 0.47  -0.59   0.75  -0.62  -0.96   0.17  -0.97   0.03  -0.01   0.82
  0.923 -0.68   0.92  -1.397  0.79  -1.127 -0.87   0.06   0.69  -0.15
 -0.08  -0.346  0.75  -0.082 -0.269 -0.94   0.73  -0.28  -0.257  0.16
  0.95   1.102  0.36  -0.45  -0.72   0.665  0.75  -0.53  -0.8    0.29
 -0.02   0.198  0.466  0.3   -1.076 -0.07  -1.088  0.63  -0.009 -0.85
  0.65  -0.26  -0.16   0.2    0.347  0.81  -0.27  -1.247 -0.69   0.85
 -0.82   0.21   0.17   0.02  -0.62   0.68  -0.81  -0.031 -0.55   0.2
  0.62  -0.5   -0.03  -0.37  -0.98   0.05  -0.48   1.584  0.2    1.02
 -0.75  -0.14   1.439 -0.65  -0.55   0.02   0.13  -0.28   0.2    0.13 ][ 0.47  -0.59   0.75  -0.62  -0.96   0.17  -0.91   0.03  -0.01   0.82
  0.923 -0.68   0.92  -1.397  0.79  -1.127 -0.87  -0.044  0.69  -0.15
 -0.08  -0.346  0.75   0.17  -0.269 -0.94   0.73  -0.531 -0.257  0.16
  0.95   1.102  0.36  -0.45  -0.72   0.665  0.75  -0.53  -0.8    0.29
 -0.02   0.198  0.466 -0.508 -0.75  -0.07  -1.673  0.63  -0.121 -0.85
  0.65  -0.26  -0.16   0.2    0.347  0.81  -0.27  -1.247 -0.69  -0.141
 -0.82   0.21   0.17   0.309 -0.62   0.68  -1.148 -0.031 -0.55   0.2
  0.62  -0.5   -0.03  -0.37  -0.98   0.05  -0.48   1.584  0.2    1.02
 -0.75  -0.14   1.439 -0.65  -0.55   0.02   0.13  -0.28   0.2    0.13 ][ 0.47  -0.59   0.75  -0.62  -0.96   0.245 -0.97   0.03  -0.01   0.82
  0.923 -0.68   0.92  -2.337  0.79  -1.127 -0.87   0.06   0.69  -0.15
 -0.08  -0.346  0.75   0.17  -0.269 -1.223  0.73  -0.28  -0.257  0.16
  0.95   1.102  0.36  -0.45  -0.72   0.665  0.75  -0.53  -0.8    0.29
 -0.02   0.198  0.466  0.3   -0.75  -0.07  -1.088  0.63  -0.121 -0.85
  0.65  -0.26  -0.16   0.2    0.347  0.81  -0.27  -1.247 -0.69   0.85
 -0.82   0.21   0.17   0.02  -0.62   0.68  -0.77  -0.031 -0.55   0.2
  0.62  -0.5   -0.03  -0.37  -0.98   0.05  -0.48   1.584  0.2    1.02
 -0.75  -0.14   1.439 -0.65  -0.55   0.02   0.13  -0.28   0.2    0.13 ][ 0.47  -0.59   0.75  -0.62  -0.96   0.17  -0.97  -0.678 -0.01   0.82
  0.923 -0.68   0.92  -0.811  0.888 -0.47  -0.87   0.06   0.69  -1.136
 -0.08  -0.346  0.75   0.17  -0.948 -0.94   0.73  -0.28  -0.257  0.16
  0.642  1.102  0.36  -0.45  -0.72   0.665  0.75  -0.53  -0.8    0.29
 -0.02   0.198  0.466  0.3   -0.75  -0.07  -1.088  0.63  -0.121 -0.85
  0.65  -0.777 -0.16   0.2    0.347  0.81  -1.106 -1.247 -0.69   0.85
 -0.82   0.21   0.17   0.02  -0.62   0.68  -0.81  -0.031 -0.55   0.246
  0.62  -0.5   -0.03  -0.37  -0.98   0.05  -0.48   1.584  0.2    1.02
 -0.75  -0.14   1.439 -0.65  -0.55   0.02   0.13  -0.28   0.2    0.13 ][ 0.47  -0.59   0.75  -0.62  -0.96   0.17  -0.97   0.03  -0.01   0.82
  0.923 -0.68   0.92  -1.397  1.348 -1.127 -0.87   0.06   0.69  -0.15
 -0.08  -0.346  0.75   0.17  -0.269 -1.223  0.73  -0.531 -0.257  0.16
  0.95   1.102  0.36  -0.45  -0.72   0.665  0.75  -0.53  -0.8    0.29
 -0.02   0.198  0.466 -0.508 -0.75  -0.07  -1.673  0.63  -0.121 -0.85
  0.65  -0.26  -0.16   0.2    0.347  0.81  -0.27  -1.247 -0.69   0.85
 -0.82   0.21   0.17   0.02  -0.62   0.68  -0.81  -0.031 -0.55   0.2
  0.62  -0.5   -0.03  -0.37  -0.98   0.05  -0.48   1.584  0.2    1.02
 -0.75  -0.14   1.439 -0.65  -0.55   0.02   0.13  -0.28   0.2    0.13 ][ 0.47  -0.59   0.75  -0.62  -0.96   0.17  -0.97   0.03  -0.01   0.82
  0.923 -0.68   0.92  -2.337  0.79  -1.127 -0.87   0.06   0.69  -0.15
 -0.08  -0.346  0.75   0.17  -0.269 -1.223  0.73  -0.035 -0.257  0.16
  0.95   1.102  0.36  -0.45  -0.72   0.665  0.75  -0.53  -0.8    0.29
 -0.02   0.198  0.466  0.3   -1.076 -0.07  -1.088  1.192 -0.121 -0.85
  0.65  -0.26  -0.16   0.2    0.347  0.81  -0.27  -1.247 -0.69   0.85
 -0.82   0.21   0.17   0.02  -0.62   0.68  -0.77  -0.031 -0.55   0.2
  0.62  -0.5   -0.03  -0.37  -0.98   0.05  -0.48   1.584  0.2    1.02
 -0.75  -0.14   1.439 -0.65  -0.55   0.02   0.13  -0.28   0.2    0.13 ][ 0.504 -0.59   0.75  -0.62  -0.96   0.17  -0.84   0.03  -0.01   0.82
  0.923 -0.68   0.92  -1.397  0.79  -1.127 -0.87   0.06   0.69  -0.15
 -0.08  -0.346  0.75   0.17  -0.269 -1.223  0.73  -0.28  -0.257  0.16
  0.642  1.102  0.36  -0.085 -0.72   0.665  0.75  -0.53  -0.8    0.29
 -0.02   0.198  0.466  0.3   -0.75  -0.07  -1.673  0.63  -0.08  -0.85
  0.65  -0.26  -0.16   0.2    0.347  0.81  -0.27  -1.247 -0.69   0.85
 -0.82   0.21   0.17   0.02  -0.62   0.68  -0.81  -0.031 -0.55   0.2
  0.62  -0.5   -0.03  -0.37  -0.98   0.05  -0.48   1.663  0.2    1.02
 -0.75  -0.14   1.439 -0.65  -0.55   0.02   0.13  -0.28   0.2    0.13 ][ 0.47  -0.59   0.75  -0.62  -0.96   0.17  -0.91   0.03  -0.01   0.82
  0.923 -0.68   0.92  -1.397  0.79  -1.127 -0.87   0.06   0.69  -0.15
 -0.08  -0.346  0.75   0.17  -0.269 -1.223  0.73  -0.531 -0.257  0.16
  0.95   1.102  0.36  -0.45  -0.72   0.665  0.75  -0.53  -0.8    0.29
 -0.02   0.22   0.466 -0.508 -0.75  -0.07  -1.088  0.63  -0.121 -0.85
  0.65  -0.26  -0.16   0.2    0.347  0.81  -0.27  -1.594 -0.69   0.85
 -0.82   0.21   0.17   0.02   0.357  0.68  -0.81  -0.031 -0.55   0.2
  0.62  -0.5   -0.03  -0.37  -0.98   0.05  -0.48   1.584  0.2    1.02
 -0.75  -0.14   1.439 -0.65  -0.55   0.02   0.13  -0.28   0.2    0.13 ][ 0.47  -0.59   0.75  -0.62  -0.96   0.17  -0.97  -0.678 -0.01   0.82
  0.923 -0.68   0.92  -1.397  0.888 -0.47  -0.87   0.06   0.69  -1.136
 -0.08  -0.346  0.75   0.17  -0.948 -1.223  0.73  -0.28  -0.257  0.16
  0.95   1.102  0.36  -0.45  -0.72   0.665  0.75  -0.53  -0.8    0.29
 -0.02   0.198  0.466  0.3   -0.75  -0.07  -1.088  0.63  -0.121 -0.85
  0.65  -0.777 -0.16   0.2    0.495  0.81  -0.27  -1.247 -0.69   0.85
 -0.82   0.21   0.17   0.02  -0.62   0.68  -0.81  -0.031 -0.55   0.246
  0.62  -0.5   -0.03  -0.37  -0.98   0.05  -0.48   1.584  0.2    1.02
 -0.75  -0.14   1.439 -0.65  -0.55   0.02   0.13  -0.28   0.2    0.13 ][ 0.47  -0.59   0.75  -0.62  -0.96   0.17  -0.97   0.03  -0.01   0.82
  0.923 -0.76   0.92  -1.397  0.79  -1.127 -0.87   0.06   0.69  -0.15
 -0.08  -0.346  0.75   0.17  -0.269 -0.94   0.73  -0.531 -0.257  0.16
  0.95   1.102  0.36  -0.45  -0.72   0.665  0.75  -0.53  -0.8    0.29
 -0.02   0.198  0.466  0.3   -1.076 -0.07  -1.088  0.63  -0.009 -0.85
  0.65  -0.26  -0.16  -0.23  -0.45   0.81  -0.27  -1.247 -0.69   0.85
 -0.82   0.21   0.17   0.02  -0.62   0.68  -0.81  -0.031 -0.55   0.2
  0.62  -0.5   -0.03  -0.37  -0.98   0.05  -0.48   1.584  0.2    1.02
 -0.75  -0.14   1.439 -0.65  -0.55   0.02   0.13  -0.28   0.2    0.13 ][ 0.47  -0.59   0.75  -0.62  -0.96   0.17  -0.91   0.03  -0.54   0.82
  0.923 -0.68   0.92  -1.397  0.888 -1.127 -0.87   0.06   0.69  -0.15
 -0.08  -0.346  0.75   0.17  -0.269 -1.223  0.73  -0.28  -0.257  0.16
  0.95   1.102  0.36  -0.357 -0.72   0.665  0.75  -0.53  -0.8    0.29
 -0.02   0.198  0.466  0.3   -0.75  -0.07  -1.088  1.027 -1.039 -0.85
  0.65  -0.26  -0.16   0.2    0.347  0.81  -0.27  -1.247 -0.69  -0.141
 -0.82   0.21   0.17   0.02  -0.62   0.68  -0.81  -0.031 -0.55   0.2
  0.62  -0.5   -0.03  -0.37  -0.98   0.05  -0.48   1.584  0.2    1.02
 -0.75  -0.14   1.439 -0.65  -0.55   0.02   0.13  -0.28   0.2    0.13 ][ 0.47  -0.59   0.75  -0.62  -0.96   0.17  -0.91   0.03  -0.01   0.82
  0.923 -0.68   0.92  -0.811  0.888 -1.127 -0.87  -0.044  0.69  -1.136
 -0.08  -0.346  0.75   0.17  -0.269 -0.94   0.73  -0.28  -0.494  0.16
  0.95   1.102  0.36  -0.45  -0.72   0.665  0.75  -0.53  -0.8    0.29
 -0.02   0.872  0.466  0.3   -0.75  -0.07  -1.673  1.027 -0.121 -0.85
  0.65  -0.26  -0.16   0.2   -0.45   0.81  -0.27  -1.247 -0.69  -0.141
 -0.82   0.21   0.17   0.02  -0.62   0.68  -1.148 -0.031 -0.55   0.2
  0.62  -0.5   -0.03  -0.37  -0.98   0.05  -0.48   1.584  0.2    1.02
 -0.75  -0.14   1.439 -0.65  -0.55   0.02   0.13  -0.28   0.2    0.13 ][ 0.47  -0.59   0.75  -0.62  -0.96   0.17  -0.91   0.03  -0.01   0.82
  0.923 -0.68   0.92  -1.397  0.79  -1.127 -0.87   0.06   0.69  -1.136
 -0.08  -0.346  0.75   0.17  -0.269 -0.94   0.73  -0.531 -0.257  0.16
  0.95   1.102  0.36  -0.45  -0.72   0.665  0.75  -0.53  -0.8    0.29
 -0.02   0.22   1.372  0.3   -1.076 -0.07  -1.088  0.342 -0.121 -0.85
  0.65  -0.26  -0.16   0.2    0.347  0.81  -0.27  -1.247 -0.69   0.85
 -0.82   0.21   0.17   0.02  -0.62   0.68  -0.81  -0.031 -0.55   0.2
  0.62  -0.5   -0.03  -0.37  -0.98   0.05  -0.48   1.584  0.2    1.02
 -0.75  -0.14   1.439 -0.65  -1.159  0.02   0.13  -0.28   0.2    0.13 ][ 0.47  -0.59   0.75  -0.62   0.22   0.17  -0.97   0.03  -0.01   0.82
  0.449 -0.68   0.92  -1.397  0.79  -1.127 -0.87   0.06   0.69  -1.136
 -0.08  -0.346  0.75   0.17  -0.948 -0.94   0.73  -0.28  -0.257  0.16
  0.642  1.102  0.36  -0.45  -0.72   0.665  0.75  -0.53  -0.8    0.29
 -0.02   0.22   0.466  0.3   -1.076 -0.07  -1.088  0.63  -0.121 -0.85
  0.65  -0.26  -0.16   0.2    0.347  0.81  -0.27  -1.247 -0.69   0.85
 -0.82   0.21   0.17   0.02  -0.62   0.68  -0.81  -0.031 -0.55   0.246
  0.62  -0.5   -0.03  -0.37  -0.98   0.05  -0.48   1.584  0.2    1.02
 -0.75  -0.14   1.439 -0.65  -0.55   0.02   0.13  -0.28   0.2    0.13 ][ 0.47  -0.59   0.75  -0.62  -0.96   0.17  -0.91   0.03  -0.01   0.82
  0.923 -0.68   0.92  -1.397  0.79  -1.127 -0.87   0.06   0.69  -0.15
 -0.08  -0.346  0.75   0.17  -0.269 -0.94   0.73  -0.035 -0.257  0.16
  0.95   1.102  0.36  -0.45  -0.72   0.665  0.75  -0.53  -0.8    0.29
 -0.02   0.198  0.466  0.3   -0.75  -0.07  -1.673  0.63  -0.121 -0.457
  0.65  -0.26  -0.16   0.2   -0.45   0.81  -0.27  -1.205 -0.69   0.85
 -0.82   0.21   0.17   0.02  -0.62   0.68  -0.81  -0.031 -0.55   0.2
  0.62  -0.5   -0.03  -0.37  -0.98   0.05  -0.48   1.584  0.2    1.02
 -0.75  -0.14   1.439 -0.65  -0.56   0.02   0.13  -0.28   0.2    0.13 ][ 0.47  -0.59   0.75  -0.62  -0.96   0.17  -0.91  -0.678 -0.01   0.82
  0.923 -0.68   0.92  -0.617  0.888 -0.47  -0.87   0.06   0.69  -1.136
 -0.08  -0.346  0.75   0.17  -0.269 -0.94   0.73  -0.28  -0.257  0.16
  0.642  1.102  0.36  -0.45  -0.72   0.665  0.75  -0.53  -0.8    0.29
 -0.02   0.198  0.466  0.3   -0.75  -0.07  -1.088  0.63  -0.121 -0.85
  0.65  -0.26  -0.16   0.2    0.347  0.81  -1.106 -1.247 -0.69   0.85
 -0.82   0.21   0.17   0.02  -0.62   0.68  -0.81  -0.031 -0.55   0.2
  0.62  -0.5   -0.03  -0.37  -0.98   0.05  -0.48   1.584  0.2    1.02
 -0.75  -0.14   1.337 -0.65  -0.55   0.02   0.13  -0.28   0.2    0.13 ][ 0.504 -0.59   0.75  -0.62  -0.96   0.17  -0.97  -0.785 -0.01   0.82
  0.923 -0.68   0.92  -1.397  0.79  -1.127 -0.87   0.06   0.69  -1.136
 -0.08  -0.346  0.438  0.17  -0.269 -0.94   0.73  -0.035 -0.257  0.16
  0.642  1.102  0.36  -0.45  -0.72   0.665  0.75  -0.53  -0.8    0.29
 -0.02   0.198  0.466  0.3   -1.076 -0.07  -1.673  0.63  -0.121 -0.85
  0.65  -0.26  -0.16   0.2   -0.45   0.81  -0.27  -1.247 -0.69  -0.141
 -0.82   0.21   0.17   0.02  -0.62   0.68  -1.148 -0.031 -0.55   0.2
  0.62  -0.5   -0.03  -0.37  -0.98   0.05  -0.48   1.584  0.2    1.02
 -0.75  -0.14   1.439 -0.65  -0.55   0.02   0.13  -0.28   0.2    0.13 ][ 0.47  -0.27   0.75  -0.62  -0.96   0.17  -0.91   0.03  -0.01   0.82
  0.923 -0.68   0.92  -0.811  0.888 -1.127 -0.87   0.06   0.69  -1.136
 -0.08  -0.346  0.75   0.17  -0.269 -0.94   0.73  -0.28  -0.494  0.16
  0.642  1.102  0.36  -0.45  -0.72   0.665  0.75  -0.53  -0.8    0.29
 -0.02   0.198  0.666  0.3   -1.076 -0.07  -1.088  1.027 -0.121 -0.85
  0.65  -0.26  -0.16   0.2    0.347  0.81  -0.27  -1.247 -0.69  -0.141
 -0.82   0.21   0.17   0.02  -0.62   0.68  -0.81  -0.031 -0.55   0.2
  0.62  -0.5   -0.03  -0.37  -0.98   0.05  -0.48   1.584  0.2    1.02
 -0.75  -0.14   1.439 -0.65  -0.55   0.02   0.13  -0.28   0.2    0.13 ][ 0.47  -0.59   0.75  -0.62  -0.96   0.17  -0.97  -0.785 -0.01   0.82
  0.923 -0.68   0.92  -1.397  0.79  -1.127 -0.87   0.06   0.69  -1.136
 -0.08  -0.346  0.609  0.17  -0.269 -0.94   0.73  -0.28  -0.257  0.16
  0.642  1.102  0.36  -0.45  -0.72   0.665  0.75  -0.53  -0.8    0.29
 -0.02   0.198  0.1    0.3   -1.076 -0.07  -1.088  0.63  -0.009 -0.85
  0.65  -0.26  -0.16   0.2   -0.45   0.81  -0.27  -1.247 -0.69   0.85
 -0.82   0.21   1.01   0.02  -0.62   0.68  -0.81  -0.031 -0.55   0.2
  0.62  -0.5   -0.03  -0.37  -0.98   0.05  -0.48   1.584  0.2    1.02
 -0.75  -0.14   1.439 -0.65  -0.55   0.02   0.13  -0.28   0.2    0.13 ][ 0.47  -0.59   0.75  -0.62  -0.96   0.17  -0.97   0.03  -0.01   0.82
  0.923 -0.68   0.92  -1.397  0.921 -1.127 -0.87   0.06   0.76  -0.15
 -0.08  -0.346  0.75   0.17  -0.269 -1.223  0.73  -0.646 -0.257  0.16
  0.95   1.102  0.36  -0.45  -0.72   0.665  0.75  -0.53  -0.8    0.29
 -0.02   0.198  0.466  0.3   -0.75  -0.07  -1.088  0.63  -0.08  -0.85
  0.65  -0.26  -0.16   0.2    0.347  0.81  -0.27  -1.594 -0.69   0.85
 -0.82   0.151  0.17   0.02  -0.62   0.68  -0.81  -0.031 -0.55   0.246
  0.62  -0.5   -0.03  -0.37  -0.98   0.05  -0.48   1.663  0.2    1.02
 -0.75  -0.14   1.439 -0.65  -1.159  0.02   0.13  -0.28   0.2    0.13 ][ 0.47  -0.59   0.75  -0.62   0.22   0.17  -0.97   0.03  -0.01   0.82
  0.923 -0.68   0.92  -1.397  0.79  -1.127 -0.87   0.06   0.69  -0.15
 -0.08  -0.346  0.75   0.17  -0.269 -1.223  0.73  -0.28  -0.257  0.16
  0.95   1.102  0.36  -0.45  -0.72   0.665  0.75  -0.53  -0.8    0.29
 -0.02   0.22   0.466  0.3   -0.75  -0.07  -1.088  0.63  -0.121 -0.85
  0.65  -0.26  -0.16   0.2    0.347  0.686 -0.27  -1.247 -0.69   0.85
 -0.82   0.21   0.17   0.02  -0.62   0.68  -0.81  -0.031 -0.55   0.2
  0.62  -0.5   -0.03  -0.37  -0.98   0.05  -0.48   1.584  0.2    1.02
 -0.75  -0.14   1.439 -0.65  -1.005  0.02   0.13  -0.28   0.2    0.13 ][ 0.47  -0.59   0.75  -0.62  -0.96   0.17  -0.97   0.03  -0.01   0.82
  0.923 -0.68   0.92  -1.397  0.79  -1.127 -0.87   0.257  0.69  -1.136
 -0.08  -0.346  0.75   0.17  -0.269 -0.94   0.73  -0.28  -0.257  0.16
  0.95   1.102  0.36  -0.45  -0.72   0.665  0.75  -0.53  -0.8    0.29
 -0.02   0.22   0.148  0.3   -1.076 -0.07  -1.088  0.63  -0.121 -0.85
  0.65   0.707 -0.16  -0.23   0.347  0.81  -0.27  -1.247 -0.69   0.85
 -0.82   0.21   0.17   0.02  -0.62   0.68  -0.81  -0.031 -0.55   0.2
  0.62  -0.5   -0.03  -0.37  -0.98   0.05  -0.48   1.584  0.2    1.02
 -0.75  -0.14   1.439 -0.65  -0.55   0.02   0.13  -0.28   0.2    0.13 ][ 0.47  -0.59   0.75  -0.62  -0.96   0.17  -0.91   0.03  -0.01   0.82
  0.923 -0.68   0.92  -1.397  0.79  -1.127 -0.87   0.06   0.76  -1.136
 -0.08  -0.346  0.75   0.17  -0.269 -1.223  0.73  -0.646 -0.257  0.16
  0.95   1.102  0.36  -0.45  -0.72   0.665  0.75  -0.53  -0.8    0.29
 -0.02   0.198  0.466  0.3   -1.076 -0.07  -1.673  1.027 -0.08  -0.85
  0.65  -0.26  -0.16   0.2    0.347  0.81  -0.27  -1.247 -0.69  -0.141
 -0.82   0.21   0.17   0.02  -0.62   0.68  -0.81  -0.031 -0.55   0.2
  0.62  -0.5   -0.03  -0.698 -0.98   0.05  -0.48   1.663  0.2    1.02
 -0.75  -0.14   1.439 -0.65  -0.55   0.02   0.13  -0.28   0.2    0.13 ][ 0.47  -0.59   0.75  -0.62  -0.96   0.17  -0.97   0.03  -0.01   0.82
  0.923  0.258  0.92  -2.337  0.79  -1.127 -0.87   0.257  0.69  -0.15
 -0.08  -0.346  0.609  0.17  -0.269 -0.94   0.73  -0.28  -0.257  0.16
  0.95   1.102  0.36  -0.45  -0.72   0.665  0.75  -0.53  -0.8    0.29
 -0.02   0.198  0.466  0.3   -0.75  -0.07  -1.088  0.63  -0.121 -0.85
  0.65  -0.26  -0.16   0.2    0.347  0.81  -0.27  -1.247 -0.69   0.85
 -0.82   0.21   0.17   0.02  -0.62   0.68  -0.81  -0.031 -0.55   0.2
  0.62  -0.5   -0.03  -0.37  -0.98   0.05  -0.48   1.584  0.2    1.02
 -0.75  -0.14   1.439 -0.65  -1.159  0.02   0.13  -0.28   0.2    0.13 ][ 0.47  -0.59   0.75  -0.62  -0.96   0.17  -0.97   0.03  -0.01   0.82
  0.923 -0.68   0.92  -1.397  0.888 -1.127 -0.87   0.06   0.69  -1.136
 -0.08  -0.346  0.609  0.17  -0.269 -0.94   0.73  -0.28  -0.257  0.16
  0.95   1.102  0.36  -0.45  -0.72   0.665  0.75  -0.53  -0.8    0.29
 -0.02   0.198  0.466  0.3   -0.75  -0.07  -1.088  0.63  -0.009 -0.85
  0.116 -0.777 -0.16   0.2   -0.45   0.81  -1.106 -1.247 -0.69   0.85
 -0.82   0.21   0.17   0.02  -0.62   0.68  -0.81  -0.031 -0.55   0.2
  0.62  -0.5   -0.03  -0.37  -0.98   0.05  -0.48   1.584  0.2    1.02
 -0.75  -0.14   1.439 -0.65  -0.55   0.02   0.13  -0.28   0.2    0.13 ][ 0.47   0.183  0.75  -0.62   0.22   0.17  -0.97   0.03  -0.01   0.82
  0.923 -0.68   0.92  -1.397  0.79  -1.127 -0.87   0.06   0.69  -1.136
 -0.08  -0.346  0.75   0.17  -0.269 -0.94   0.73  -0.28  -0.257  0.16
  0.642  1.102  0.36  -0.45  -0.72   0.665  0.75  -0.53  -0.8    0.29
 -0.02   0.198  0.466  0.3   -1.076 -0.07  -1.088  0.342 -0.009 -0.85
  0.65  -0.26  -0.16  -0.23  -0.45   0.81  -0.27  -1.247 -0.69  -0.141
 -0.82   0.21   0.17   0.02  -0.62   0.68  -0.81  -0.031 -0.55   0.2
  0.62  -0.5   -0.03  -0.37  -0.98   0.05  -0.48   1.584  0.2    1.02
 -0.75  -0.14   1.439 -0.65  -0.55   0.02   0.13  -0.28   0.2    0.13 ][ 0.47  -0.59   0.75  -0.62  -0.96   0.17  -0.97   0.03  -0.01   0.82
  0.923 -0.68   0.92  -1.397  0.79  -1.127 -0.87   0.06   1.01  -1.136
 -0.08  -0.346  0.75   0.17  -0.269 -0.94   0.73  -0.531 -0.257  0.16
  0.95   1.102  0.36  -0.45  -0.72   0.665  0.75  -0.53  -0.8    0.29
 -0.02   0.198  0.466  0.3   -0.75  -0.07  -1.088  0.63  -0.121 -0.457
  0.65  -0.26  -0.16   0.2    0.347  0.81  -0.27  -1.247 -0.69   0.85
 -0.82   0.21   0.17   0.02  -0.62   0.68  -0.81  -0.031 -0.55   0.2
  0.62  -0.5   -0.03  -0.37  -0.98   0.05  -0.48   1.584  0.2    1.02
 -0.75  -0.14   1.439 -0.65  -0.56   0.448  0.13  -0.28   0.2    0.13 ][ 0.504 -0.59   0.75  -0.62   0.22   0.17  -0.97  -0.785 -0.01   0.82
  0.923 -0.68   0.92  -1.397  0.79  -1.127 -0.87   0.06   0.69  -0.15
 -0.08  -0.346  0.75   0.17  -0.948 -1.223  0.73  -0.28  -0.257  0.16
  0.95   1.102  0.36  -0.45  -0.72   0.665  0.75  -0.53  -0.8    0.29
 -0.02   0.22   0.466  0.3   -1.076 -0.07  -1.673  0.757 -0.121 -0.85
  0.65  -0.26  -0.16   0.2    0.347  0.81  -0.27  -1.247 -1.117  0.85
 -0.82   0.21   0.17   0.02  -0.62   0.68  -0.77  -0.031 -0.55   0.2
  0.62  -0.5   -0.03  -0.37  -0.98   0.05  -0.48   1.584  0.2    1.02
 -0.75  -0.14   1.439 -0.65  -0.55   0.02   0.13  -0.28   0.2    0.13 ][ 0.47  -0.59   0.75  -0.62  -0.96   0.17  -0.97   0.03  -0.01   0.82
  0.923 -0.68   0.92  -1.397  0.79  -1.127 -0.87   0.06   0.69  -0.15
 -0.08  -0.346  0.75  -0.082 -0.269 -0.94   0.73  -0.28  -0.257  0.16
  0.95   1.102  0.36  -0.45  -0.72   0.665  0.75  -0.53  -0.8    0.29
 -0.02   0.198  0.148  0.3   -1.076 -0.07  -1.088  0.63  -0.121 -0.85
  0.65  -0.26  -0.16  -0.23   0.347  0.81  -0.27  -1.594 -0.69   0.85
 -0.82   0.21   0.17   0.02  -0.62   0.68  -0.81  -0.031 -0.55   0.246
  0.62  -0.5   -0.03  -0.37  -0.98   0.05  -0.48   1.584  0.2    1.02
 -0.75   0.793  1.439 -0.65  -0.55   0.02   0.13  -0.28   0.2    0.13 ][ 0.47  -0.59   0.75  -0.62  -0.96   0.17  -0.97  -0.785 -0.01   0.82
  0.923 -0.68   0.92  -1.397  0.79  -1.127 -0.87   0.06   0.69  -1.136
 -0.08  -0.346  0.609  0.17  -0.269 -0.94   0.125 -0.28  -0.257  0.16
  0.95   1.102  0.36  -0.45  -0.72   0.665  0.75  -0.53  -0.8    0.29
 -0.02   0.198  0.466  0.3   -1.076 -0.07  -1.088  0.63  -0.009 -0.85
  0.65  -0.26  -0.16   0.2   -0.45   0.81  -0.27  -1.247 -0.69   0.85
 -0.82   0.21   0.17   0.02  -0.62   0.68  -0.77  -0.031 -0.55   0.2
  0.62  -0.5   -0.03  -0.37  -0.98   0.05  -0.48   1.584  0.2    1.02
 -0.75  -0.14   1.439 -0.65  -0.55   0.02   0.13  -0.28   0.2    0.13 ][ 0.47  -0.59   0.75  -0.62  -0.96   0.17  -0.84   0.03  -0.01   0.82
  0.923 -0.68   0.92  -1.397  0.79  -1.127 -0.87   0.06   0.69  -0.15
 -0.08  -0.346  0.75   0.17  -0.269 -1.223  0.73  -0.28  -0.257  0.16
  0.95   1.102  0.36  -0.45  -0.72   0.665  0.75  -0.53  -0.8    0.29
 -0.02   0.198  0.466  0.3   -0.75  -0.07  -1.088  0.63  -0.009 -0.85
  0.65  -0.26  -0.16   0.2    0.347  0.81  -0.27  -1.247 -0.69   0.85
 -0.82   0.21   0.17   0.759 -0.62   0.68  -0.81  -0.031 -0.55   0.2
  0.62  -0.5   -0.03  -0.37  -0.98   0.05  -0.48   1.663  0.2    1.02
 -0.75  -0.14   1.439 -0.65  -1.159  0.02   0.13  -0.28   0.2    0.13 ][ 0.47  -0.59   0.75  -0.62  -0.96   0.17  -0.97   0.03  -0.01   0.82
  0.923 -0.68   0.92  -0.811  0.888 -1.127 -0.87   0.06   0.69  -1.136
 -0.08  -0.346  0.75   0.17  -0.269 -0.94   0.73  -0.531 -0.257  0.16
  0.95   1.102  0.36  -0.45  -0.72   0.665  0.75  -0.53  -0.8    0.29
 -0.02   0.198  0.466  0.3   -0.75  -0.07  -1.088  1.027 -0.121 -0.85
  0.65   0.565 -0.16   0.2    0.347  0.81  -0.27  -1.247 -0.69  -0.141
 -0.82   0.21   0.17   0.02  -0.62   0.68  -0.81  -0.031 -0.55   0.2
  0.62  -0.5   -0.03  -0.37  -0.98   0.05  -0.48   1.584  0.2    1.02
 -0.75  -0.14   1.439 -0.65  -1.159  0.02   0.13  -0.28   0.2    0.13 ][ 0.47  -0.59   0.75  -0.62  -0.96   0.17  -0.84   0.03  -0.01   0.82
  0.923 -0.68   0.92  -1.397  0.79  -1.127 -0.87   0.257  0.69  -1.136
 -0.08  -0.346  0.609  0.17  -0.269 -1.223  0.73  -0.531 -0.257  0.16
  0.95   1.102  0.36  -0.45  -0.72   0.665  0.75  -0.53  -0.8    0.29
 -0.02   0.22   0.466  0.3   -0.75  -0.07  -1.088  0.63  -0.121 -0.85
  0.65  -0.26  -0.16   0.2    0.347  0.582 -0.27  -1.247 -0.69   0.85
 -0.82   0.21   0.17   0.02  -0.62   0.644 -0.81  -0.031 -0.55   0.2
  0.62  -0.5   -0.03  -0.37  -0.98   0.05  -0.48   1.663  0.2    1.02
 -0.75  -0.14   1.439 -0.65  -1.159  0.02   0.13  -0.28   0.2    0.13 ][ 0.47  -0.59   0.75  -0.62  -0.96   0.17  -0.91   0.03  -0.01   0.82
  0.923 -0.68   0.92  -0.617  0.79  -0.47  -0.87   0.06   0.69  -1.136
 -0.08  -0.346  0.75   0.17  -0.269 -0.94   0.73  -0.28  -0.257  0.16
  0.95   1.102  0.36  -0.45  -0.72   0.665  0.75  -0.53  -0.8    0.29
 -0.02   0.198  0.466  0.3   -1.076 -0.07  -1.088  0.63  -1.039 -0.85
  0.65  -0.26  -0.16   0.2    0.347  0.81  -0.27  -1.247 -0.69   0.85
 -0.82   0.21   0.17   0.02  -0.62   0.68  -0.81  -0.031 -0.55   0.2
  0.62  -0.5   -0.03  -0.37  -0.98   0.05  -0.48   1.584  0.2    1.02
 -0.75  -0.14   1.325 -0.65  -0.55   0.02   0.13  -0.28   0.2    0.13 ][ 1.261 -0.59   0.75  -0.62  -0.96   0.17  -0.97   0.03  -0.01   0.82
  0.923 -0.68   0.92  -1.397  0.888 -1.127 -0.87   0.06   0.69  -1.136
 -0.08  -0.346  0.609  0.17  -0.269 -0.94   0.73  -0.531 -0.257  0.16
  0.95   1.102  0.36  -0.45  -0.72   0.665  0.75  -0.53  -0.8    0.29
 -0.02   0.22   0.466  0.3   -0.75  -0.07  -1.673  0.63  -0.121 -0.85
  0.65  -0.26  -0.16   0.2   -0.45   0.81  -0.27  -1.247 -0.69  -0.141
 -0.82   0.21   0.17   0.02  -0.62   0.68  -0.81  -0.031 -0.55   0.2
  0.62  -0.5   -0.03  -0.37  -0.98   0.05  -0.48   1.584  0.2    1.02
 -0.75  -0.14   1.439 -0.65  -1.159  0.02   0.13  -0.28   0.2    0.13 ][ 0.47  -0.59  -0.231 -0.62  -0.96   0.17  -0.97   0.03  -0.01   0.82
  0.923 -0.68   0.92  -1.397  0.79  -1.127 -0.87   0.06   0.69  -1.136
 -0.08  -0.346  0.75   0.17  -0.269 -1.223  0.73  -0.035 -0.257  0.16
  0.642  1.102  0.36  -0.45  -0.72   0.665  0.75  -0.53  -0.8    0.29
 -0.02   0.198  0.466  0.3   -1.076 -0.07  -1.673  0.63  -0.121 -0.85
  0.65  -0.26  -0.16   0.2    0.347  0.582 -0.27  -1.247 -0.69   0.85
 -0.82   0.21   0.17   0.02  -0.62   0.68  -0.81  -0.031 -0.55   0.2
  0.62  -0.5   -0.03  -0.37  -0.98   0.05  -0.48   1.663  0.2    1.02
 -0.75  -0.14   1.439 -0.65  -0.55   0.02   0.13  -0.28   0.2    0.13 ][ 0.47  -0.59   0.75  -0.62  -0.96   0.17  -0.97   0.03  -0.01   0.82
  0.923 -0.68   0.92  -0.811  0.888 -1.127 -0.87   0.06   0.69  -1.136
 -0.08  -0.346  0.75   0.17  -0.269 -0.94   0.73  -0.28  -0.494  0.16
  0.642  1.102  0.36  -0.45  -0.72   0.665  0.75  -0.53  -0.8    0.29
 -0.02   0.198  0.466  0.3   -1.076 -0.07  -1.673  1.027 -1.039 -0.85
  0.65  -0.26  -0.16   0.2    0.347  0.81  -0.27  -1.247 -0.69  -0.846
 -0.82   0.21   0.17   0.02  -0.62   0.68  -0.81  -0.031 -0.55   0.246
  0.62  -0.5   -0.03  -0.37  -0.98   0.05  -0.48   1.584  0.2    1.02
 -0.75  -0.14   1.439 -0.65  -0.55   0.02   0.13  -0.28   0.2    0.13 ][ 0.47  -0.59   0.75  -0.62  -0.96   0.17  -0.91   0.03  -0.01   0.82
  0.923 -0.68   0.92  -1.397  0.79  -1.127 -0.87   0.06   0.69  -1.136
 -0.08  -0.346  0.609  0.17  -0.269 -0.94   0.73  -0.28  -0.494  0.16
  0.95   1.102  0.36  -0.45  -0.72   0.665  0.75  -0.53  -0.8    0.29
 -0.02   0.22   0.466  0.3   -1.076 -0.07  -1.088  0.63  -1.039 -0.85
  0.65  -0.26  -0.16   0.2    0.347  0.81  -0.27  -1.247 -0.69  -0.141
 -0.82   0.21   0.17   0.02  -0.62   0.68  -0.81  -0.031 -0.55   0.2
  0.62  -0.5   -0.03  -0.37  -0.98   0.05  -0.48   2.341  0.2    1.02
 -0.75  -0.14   1.439 -0.65  -1.159  0.02   0.13  -0.28   0.2    0.13 ][ 0.47  -0.59   0.75  -0.62   0.22   0.17  -0.91   0.03  -0.01   0.82
  0.923 -0.68   0.92  -1.397  0.79  -1.127 -0.87  -0.782  0.69  -1.136
 -0.08  -0.346  0.75   0.17  -0.269 -0.94   0.73  -0.035 -0.257  0.16
  0.642  1.102  0.36  -0.45  -0.72   0.665  0.75  -0.53  -0.8    0.29
 -0.02   0.198  0.466  0.3   -0.75  -0.07  -1.088  0.342 -0.121 -0.85
  0.65  -0.26  -0.16   0.2    0.347  0.81  -0.27  -1.247 -0.69  -0.141
 -0.82   0.21   0.17   0.02  -0.62   0.68  -0.81  -0.031 -0.55   0.2
  0.62  -0.5   -0.03  -0.37  -0.98   0.05  -0.48   1.584  0.2    1.02
 -0.75  -0.14   1.439 -0.65  -0.56   0.02   0.13  -0.28   0.2    0.13 ][ 0.47  -0.59   0.75  -0.62  -0.96   0.17  -0.91   0.03  -0.01   0.82
  0.923 -0.68   0.92  -0.811  0.888 -0.47  -0.87   0.06   0.612 -1.136
 -0.08  -0.346  0.75   0.17  -0.948 -0.94   0.73  -0.28  -0.257  0.16
  0.642  1.102  0.36  -0.45  -0.72   0.665  0.75  -0.53  -0.8    0.29
 -0.02   0.22   0.466 -0.508 -0.75  -0.07  -1.088  0.63  -0.121 -0.85
  0.65  -0.26  -0.16   0.2    0.347  0.81  -1.106 -1.594 -0.69   0.85
 -0.82   0.21   0.17   0.02  -0.62   0.68  -0.81  -0.031 -0.55   0.2
  0.62  -0.5   -0.03  -0.37  -0.98   0.05  -0.48   1.584  0.2    1.02
 -0.75  -0.14   1.439 -0.65  -0.55   0.02   0.13  -0.28   0.2    0.13 ][ 0.47  -0.59   0.75  -0.62  -0.96   0.17  -0.97   0.03  -0.01   0.82
  0.923 -0.68   0.92  -1.397  0.888 -0.47  -0.87  -0.044  0.69  -1.136
 -0.08  -0.346  0.75   0.17  -0.948 -0.94   0.73  -0.28  -0.257 -0.173
  0.642  1.102  0.36  -0.45  -0.72   0.665  0.75  -0.53  -0.8    0.29
 -0.02   0.198  0.466  0.3   -0.75  -0.07  -1.088  0.63  -0.121 -0.85
  0.65  -0.777 -0.16   0.2    0.347  0.81  -0.27  -1.247 -0.69  -0.141
 -0.82   0.21   0.17   0.02  -0.62   0.68  -0.81  -0.031 -0.55   0.246
  0.62  -0.5   -0.03  -0.37  -0.98   0.05  -0.48   1.584  0.2    1.02
 -0.75  -0.14   1.439 -0.65  -0.55   0.02   0.13  -0.28   0.2    0.13 ][ 0.47  -0.59   0.75  -0.62  -0.96   0.17  -0.97   0.03  -0.01   0.82
  0.923 -0.68   0.92  -1.477  0.79  -1.127 -0.87   0.06   0.69  -1.136
 -0.08  -0.346  0.75   0.17  -0.269 -0.94   0.73  -0.28  -0.257  0.16
  0.95   1.102  0.36  -0.45  -0.72   0.665  0.75  -0.53  -0.8    0.29
 -0.02   0.198  0.466 -0.508 -1.076 -0.07  -1.673  0.63  -0.121 -0.85
  0.65  -0.26  -0.16   0.2    0.347  0.81  -0.27  -1.247 -0.69  -0.141
 -0.82   0.21   0.17   0.02  -0.62   0.68  -0.77  -0.031 -0.55   0.2
  0.62  -0.5   -0.03  -0.37  -0.98   0.05  -0.48   1.584  0.2    1.02
 -0.75  -0.14   1.439 -0.65  -0.55   0.02   0.13  -0.28   0.2    0.13 ][ 0.47  -0.59   0.75  -0.62  -1.777  0.17  -0.97   0.03  -0.01   0.82
  0.923 -0.68   0.92  -0.811  0.79  -0.47  -0.87   0.06   0.69  -1.136
 -0.08  -0.346  0.75   0.17  -0.948 -0.94   0.73  -0.28  -0.257  0.16
  0.642  1.102  0.36  -0.45  -0.72   0.665  0.75  -0.53  -0.8    0.29
 -0.02   0.198  0.466  0.3   -0.75  -0.07  -1.088  0.63  -0.08  -0.85
  0.65  -0.777 -0.16   0.2    0.347  0.81  -0.27  -1.247 -0.69   0.85
 -0.82   0.21   0.17   0.02  -0.62   0.68  -0.81  -0.031 -0.55   0.246
  0.62  -0.5   -0.03  -0.37  -0.98   0.05  -0.48   1.663  0.2    1.02
 -0.75  -0.14   1.439 -0.65  -1.159  0.02   0.13  -0.28   0.2    0.13 ][ 0.47  -0.59   0.75  -0.62  -0.96   0.17  -0.97   0.03  -0.01   0.82
  0.923 -0.68   0.92  -1.397  0.483 -1.127 -0.87  -0.044  0.69  -1.136
 -0.08  -0.346  0.75   0.17  -0.269 -0.94   0.73  -0.035 -0.257  0.16
  0.642  1.102  0.36  -0.45  -0.72   0.665  0.75  -0.53  -0.8    0.29
 -0.02   0.198  0.466  0.3   -0.75  -0.07  -1.088  0.63  -0.121 -0.85
  0.65  -0.461 -0.16   0.2   -0.45   0.81  -0.27  -1.594 -0.69   0.85
 -0.82   0.151  0.17   0.02  -0.62   0.68  -1.148 -0.031 -0.55   0.246
  0.62  -0.5   -0.03  -0.37  -0.98   0.05  -0.48   1.584  0.2    1.02
 -0.75  -0.14   1.439 -0.65  -0.55   0.02   0.13  -0.28   0.2    0.13 ][ 0.47  -0.59   0.75  -0.62  -0.96   0.17  -0.97   0.03  -0.01   0.82
  0.923 -0.68   0.92  -1.397  0.79  -1.127 -0.87  -0.044  0.69  -1.136
 -0.08  -0.346  0.609  0.17  -0.269 -0.94   0.73  -0.035 -0.257  0.16
  0.95   1.102 -0.618 -0.45  -0.72   0.665  0.75  -0.53  -0.8    0.29
 -0.02   0.198  0.466  0.3   -1.076 -0.07  -1.088  0.63  -0.009 -0.85
  0.65  -0.26  -0.16  -0.23  -0.45   0.81  -0.27  -1.247 -0.69  -0.141
 -0.82   0.21   0.17   0.02  -0.62   0.68  -1.148 -0.031 -0.55   0.2
  0.62  -0.5   -0.03  -0.37  -0.98   0.05  -0.48   1.584  0.2    1.02
 -0.75  -0.14   1.439 -0.65  -0.55   0.02   0.13  -0.28   0.2    0.13 ][ 0.47  -0.59   0.75  -0.62   0.22   0.17  -0.97   0.03  -0.01   0.82
  0.923 -0.68   0.92  -1.397  0.79  -1.127 -0.87  -0.044  0.69  -0.15
 -0.08  -0.346  0.75   0.17  -0.269 -0.94   0.73  -0.531 -0.257  0.16
  0.642  1.102  0.36  -0.45  -0.72   0.665  0.75  -0.53  -0.8    0.29
 -0.02   0.198  0.148 -0.508 -1.076 -0.07  -1.673  0.63  -0.121 -0.85
  0.65  -0.26  -0.16   0.2    0.347  0.81  -0.27  -1.247 -0.69   0.85
 -0.82   0.21   0.17   0.02  -0.62   0.68  -1.148 -0.031 -0.55   0.2
  0.62  -0.5    0.12  -0.37  -0.98   0.05  -0.48   1.584  0.2    1.02
 -0.75  -0.14   1.439 -0.65  -0.55   0.02   0.13  -0.28   0.2    0.13 ][ 0.47  -0.59   0.75  -0.62  -0.96   0.17  -0.91  -0.678 -0.01   0.82
  0.923 -0.68   0.92  -0.617  0.79  -0.47  -0.87   0.06   0.69  -1.136
 -0.08  -0.346  0.135  0.17  -0.269 -0.94   0.73  -0.035 -0.257  0.16
  0.642  1.102  0.36  -0.45  -0.72   0.665  0.75  -0.53  -0.8    0.29
 -0.02   0.198  0.466  0.3   -0.75  -0.07  -1.673  0.63  -0.121 -0.85
  0.65  -0.26  -0.16   0.2   -0.45   0.81  -0.27  -1.247 -0.69  -0.141
 -0.82   0.21   0.17   0.02  -0.62   0.68  -0.81  -0.031 -0.55   0.2
  0.62  -0.5   -0.03  -0.37  -0.98   0.05  -0.48   1.584  0.2    1.02
 -0.75  -0.14   1.439 -0.65  -0.55   0.02   0.13  -0.28   0.2    0.13 ][ 0.47  -0.59   0.75  -0.62  -0.96   0.17  -0.97   0.03  -0.01   0.82
  0.923 -0.68   0.92  -1.397  0.79  -1.127 -0.87   0.06   0.69  -1.136
 -0.08  -0.346  0.75   0.17  -0.269 -0.94   0.73  -0.035 -0.257  0.16
  0.95   1.102  0.36  -0.45  -0.72   0.665  0.75  -0.946 -0.8    0.29
 -0.02   0.198  0.466  0.3   -0.75  -0.07  -1.673  0.63  -0.121 -0.457
  0.65  -0.26  -0.16   0.2   -0.45   0.81  -0.27  -1.247 -0.69  -0.141
 -0.82   0.21   0.17   0.02  -0.62   0.68  -0.81  -0.031 -0.55   0.2
  0.62  -0.5   -0.03  -0.37  -0.98   0.05  -0.48   1.584  0.2    1.02
 -0.75  -0.14   1.439 -0.65  -0.55   0.02   0.13  -0.28   0.2    0.13 ][ 0.47  -0.59   0.75  -0.62  -0.96  -0.238 -0.97  -0.678 -0.54   0.82
  0.923 -0.68   0.92  -0.811  0.888 -1.127 -0.87   0.06   0.69  -1.136
 -0.08  -0.346  0.75   0.17  -0.269 -0.94   0.73  -0.28  -0.257  0.16
  0.95   1.102  0.36  -0.45  -0.72   0.665  0.75  -0.53  -0.8    0.29
 -0.02   0.198  0.466  0.3   -1.076 -0.07  -1.673  1.027 -0.121 -0.85
  0.65  -0.777 -0.16   0.2    0.347  0.81  -0.27  -1.247 -0.69  -0.141
 -0.82   0.21   0.17   0.02  -0.62   0.68  -0.81  -0.031 -0.55   0.2
  0.62  -0.5   -0.03  -0.37  -0.98   0.05  -0.48   1.584  0.2    1.02
 -0.75  -0.14   1.439 -0.65  -0.55   0.02   0.13  -0.28   0.2    0.13 ][ 0.47  -0.59   0.75  -0.62  -0.96   0.17  -0.97  -0.785 -0.01   0.82
  0.923 -0.68   0.92  -1.397  0.79  -1.127 -0.87   0.06   0.69  -1.136
 -0.08  -0.346  0.75   0.17  -0.269 -0.94   0.73  -0.28  -0.257  0.16
  0.642  1.102  0.36  -0.45  -0.72   0.665  0.75  -0.53  -0.8    0.29
 -0.02   0.198  0.1    0.3   -1.076 -0.07  -1.673  0.757 -0.121 -0.85
  0.65  -0.26  -0.16   0.2    0.347  0.81  -1.079 -1.247 -0.69   0.85
 -0.82   0.21   0.17   0.02  -0.62   0.68  -0.77  -0.031 -0.55   0.2
  0.62  -0.5   -0.03  -0.37  -0.98   0.05  -0.48   1.584  0.2    1.02
 -0.75  -0.14   1.439 -0.65  -0.55   0.02   0.13  -0.28   0.2    0.13 ][ 0.47  -0.59   0.75  -0.62  -0.96   0.17  -0.91   0.03  -0.54   0.82
  0.923 -0.68   0.92  -0.811  0.888 -1.127 -0.87   0.06   0.69  -1.136
 -0.08  -0.346  0.75   0.17  -0.269 -0.94   0.73  -0.28  -0.257  0.16
  0.95   1.102  0.36  -0.45  -0.72   0.665  0.75  -0.53  -0.8    0.29
 -0.02   0.198  0.466  0.3   -0.75  -0.07  -1.673  0.63  -1.039 -0.85
  0.65  -0.26  -0.16   0.2    0.347  0.81  -0.27  -1.247 -0.69  -0.141
 -0.82   0.151  0.17   0.02  -0.62   0.68  -0.81  -0.031 -0.55   0.246
  0.62  -0.5   -0.03  -0.37  -0.98   0.05  -0.48   1.584  0.2    1.02
 -0.75  -0.14   1.439 -0.65   0.108  0.02   0.13  -0.28   0.2    0.13 ][ 0.47  -0.59   0.75  -0.62  -0.96   0.17  -0.91   0.03  -0.01   0.82
  0.923 -0.68   0.92  -0.811  0.79  -1.127 -0.87   0.06   0.69  -0.15
 -0.08  -0.346  0.75   0.17  -1.451 -0.94   0.73  -0.28  -0.257  0.16
  0.642  1.102  0.36  -0.45  -0.72   0.665  0.75  -0.53  -0.8    0.29
 -0.02   0.198  0.466 -0.508 -0.75  -0.07  -1.088  0.63  -0.121 -0.85
  0.65  -0.777 -0.16   0.2    0.347  0.81  -0.27  -1.247 -0.69   0.85
 -0.82   0.21   0.17   0.02  -0.62   0.68  -0.81  -0.031 -0.55   0.2
  0.62  -0.5   -0.03  -0.37  -0.98   0.05  -0.48   1.584  0.2    1.02
 -0.75  -0.14   1.439 -0.65  -1.159  0.02   0.13  -0.28   0.2    0.13 ][ 0.47  -0.59   0.75  -0.62  -0.96   0.003 -0.91   0.03  -0.01   0.82
  0.923 -0.68   0.92  -0.811  0.888 -1.127 -0.87   0.06   0.69  -1.136
 -0.08  -0.346  0.75   0.17  -0.948 -0.94   0.73  -0.28  -0.257  0.16
  0.642  1.102  0.36  -0.45  -0.72   0.665  0.75  -0.53  -0.8    0.29
 -0.02   0.198  0.466  0.3   -0.75  -0.07  -1.088  1.027 -0.121 -0.85
  0.65  -0.777 -0.16   0.2    0.347  0.81  -0.27  -1.247 -0.69  -0.141
 -0.82   0.21   0.17   0.02  -0.62   0.68  -0.81  -0.031 -0.55   0.2
  0.62  -0.5   -0.03  -0.37  -0.98   0.05  -0.48   1.584  0.2    1.02
 -0.75  -0.14   1.439 -0.65  -0.55   0.02   0.13  -0.28   0.2    0.13 ][ 0.47  -0.59   0.75  -0.62  -0.96   0.245 -0.97   0.03  -0.519  0.82
  0.923 -0.68   0.92  -2.337  0.888 -0.47  -0.87   0.06   0.69  -0.15
 -0.08  -0.346  0.75   0.17  -0.269 -0.94   0.73  -0.28  -0.257  0.16
  0.642  1.102  0.36  -0.45  -0.72   0.665  0.75  -0.53  -0.8    0.29
 -0.02   0.198  0.466  0.3   -0.75  -0.07  -1.088  0.63  -0.121 -0.85
  0.65  -0.777 -0.16   0.2    0.347  0.81  -1.106 -1.247 -0.69   0.85
 -0.82   0.21   0.17   0.02  -0.62   0.68  -0.81  -0.031 -0.55   0.246
  0.62  -0.5   -0.03  -0.37  -0.98   0.05  -0.48   1.584  0.2    1.02
 -0.75  -0.14   1.439 -0.65  -0.55   0.02   0.13  -0.28   0.2    0.13 ][ 0.47  -0.59   0.75  -0.62  -0.96   0.17  -0.84   0.03  -0.54   0.82
  0.923 -0.68   0.92  -0.811  0.888 -1.127 -0.87   0.06   0.69  -0.15
 -0.08  -0.346  0.75   0.17  -0.269 -0.94   0.73  -0.531 -0.494  0.16
  0.95   1.102  0.36  -0.45  -0.72   0.665  0.75  -0.53  -0.8    0.29
 -0.02   0.198  0.466  0.3   -0.75  -0.07  -1.673  0.63  -1.039 -0.85
  0.65  -0.26  -0.16   0.2    0.347  0.582 -0.27  -1.249 -0.69  -0.141
 -0.82   0.21   0.17   0.02  -0.62   0.68  -0.81  -0.031 -0.55   0.2
  0.62  -0.5   -0.03  -0.37  -0.98   0.05  -0.48   1.584  0.2    1.02
 -0.75  -0.14   1.439 -0.65  -0.55   0.02   0.13  -0.28   0.2    0.13 ][ 0.47  -0.59   0.75  -0.62   0.22   0.17  -0.97  -0.785 -0.01   0.82
  0.923 -0.68   0.92  -1.397  0.79  -1.127 -0.87   0.06   0.69  -0.15
 -0.08  -0.346  0.75   0.17  -0.948 -0.94   0.73  -0.28  -0.257  0.16
  0.95   1.102  0.36  -0.45  -0.72   0.665  0.75  -0.53  -0.8    0.29
 -0.02   0.198  0.466  0.3   -1.076 -0.07  -1.088  0.757 -0.121 -0.85
  0.65  -0.26  -0.16   0.2    0.347  0.81  -0.27  -1.247 -0.69   0.85
 -0.82   0.21   0.17   0.02  -0.62   0.68  -0.81  -0.031 -0.55   0.246
  0.62  -0.5   -0.03  -0.37  -0.98   0.05  -0.48   1.584  0.2    1.02
 -0.75  -0.14   0.824 -0.65  -0.55   0.02   0.13  -0.28   0.2    0.13 ][ 0.47  -0.27   0.75  -0.62  -0.96   0.17  -0.91  -0.678 -0.54   0.82
  0.923 -0.68   0.92  -0.811  0.888 -1.127 -0.87   0.06   0.69  -1.136
 -0.08  -0.346  0.75   0.17  -0.269 -0.94   0.73  -0.28  -0.257  0.16
  0.95   1.102 -0.069 -0.45  -0.72   0.665  0.75  -0.53  -0.8    0.29
 -0.02   0.198  0.466  0.3   -0.75  -0.07  -1.673  1.027 -1.039 -0.85
  0.65  -0.26  -0.16   0.2    0.347  0.81  -0.27  -1.247 -0.69   0.85
 -0.82   0.21   0.17   0.02  -0.62   0.68  -0.81  -0.031 -0.55   0.2
  0.62  -0.5   -0.03  -0.37  -0.98   0.05  -0.48   1.584  0.2    1.02
 -0.75  -0.14   1.439 -0.65  -0.55   0.02   0.13  -0.28   0.2    0.13 ][ 0.47  -0.59   0.75  -0.62  -0.96   0.17  -0.84   0.03  -0.01   0.82
  0.923 -0.68   0.92  -1.397  0.79  -1.127 -0.87   0.06   0.76  -1.136
 -0.08  -0.346  0.75   0.17  -0.269 -1.223  0.73  -0.28  -0.257  0.16
  0.736  1.102  0.36  -0.45  -0.72   0.665  0.75  -0.53  -0.8    0.29
 -0.02   0.198  0.466  0.3   -0.75  -0.07  -1.088  0.63  -0.08  -0.85
  0.65  -0.26  -0.16   0.2    0.347  0.81  -0.27  -1.247 -0.69   0.85
 -0.82   0.21   0.17   0.02  -0.62   0.68  -0.81  -0.031 -0.55   0.2
  0.62  -0.5   -0.03  -0.37  -0.98   0.05  -0.48   1.663  0.2    1.02
 -0.75  -0.14   1.439 -0.65  -1.159  0.02   0.13  -0.28   0.2    0.13 ][ 0.47  -0.59   0.75  -0.62  -0.96   0.17  -0.97   0.03  -0.01   0.82
  0.923 -0.68   1.595 -1.397  0.79  -1.127 -0.87  -0.044  0.69  -1.136
 -0.08  -0.346  0.75   0.17  -0.269 -1.223  0.73  -0.531 -0.257  0.16
  0.95   1.102  0.36  -0.45  -0.72   0.665  0.75  -0.53  -0.8    0.29
 -0.02   0.198  0.466 -0.508 -0.75  -0.07  -1.673  0.63  -0.121 -0.85
  0.65  -0.26  -0.16   0.2   -0.45   0.81  -0.27  -1.247 -0.69  -0.141
 -0.82   0.21   0.17   0.02  -0.62   0.68  -0.81  -0.031 -0.55   0.2
  0.62  -0.5   -0.03  -0.37  -0.98   0.05  -0.48   1.663  0.2    1.02
 -0.75  -0.14   1.439 -0.65  -0.55   0.02   0.13  -0.28   0.2    0.13 ]