[ 0.47  -0.59   0.08  -0.62  -0.96   0.17  -0.97   0.03  -0.967  0.82
  0.72  -0.68   0.92  -0.82   0.79  -0.47  -0.87   0.06   0.76   0.05
 -0.08   0.55   0.965  0.17  -0.269 -0.94   0.73  -0.28  -0.13   0.16
  0.95   0.42   0.36  -0.45  -0.79   0.61   0.75  -0.53   0.65   0.29
 -0.02   0.851  0.1    0.3    0.66  -0.07   0.5    0.63  -0.121 -0.85
  0.65  -0.384 -0.16   0.2   -0.45   0.81  -0.27  -1.594 -0.69   0.85
  0.66  -0.42   0.17   0.02  -0.62   0.68  -0.77  -0.38  -0.55  -0.16
  0.62   0.09  -0.03  -0.37  -0.98   0.05  -0.48   0.56   0.2    0.35
 -0.75  -0.77   1.036 -0.65  -0.55   0.02   0.13  -0.28   0.2    0.878][ 0.47  -0.59   0.75  -0.62  -0.96   0.17  -0.97   0.03  -0.01   0.82
  0.72  -0.68   0.92  -0.82   0.79  -0.47  -0.87   0.06   0.76  -0.15
 -0.08  -0.346  0.75   0.17  -0.269 -0.94   0.73  -0.28  -0.13   0.16
  0.95   0.42   0.36  -0.45  -0.72   0.61   0.75  -0.53   0.65   0.29
 -0.02   0.22   0.1    0.3   -0.75  -0.07  -1.306  0.63  -0.121 -0.85
  0.614 -0.26  -0.16   0.2   -0.45   0.81  -0.27  -0.84  -0.69   0.85
 -0.82  -0.606  0.17   0.02  -0.62   0.68  -0.77  -0.38  -0.55   0.2
  0.62   0.09  -0.03  -0.37  -0.98   0.05  -0.48   0.56   0.2    0.35
 -0.75  -0.77   1.036 -0.65  -0.55   0.02   0.13  -0.28   0.2    0.878][ 0.47  -0.59   0.75  -0.62   0.22   0.17  -0.91   0.03  -0.01   0.82
  0.923 -0.68   0.92  -0.82   0.79  -0.47  -0.87   0.06   0.69  -0.15
 -0.08  -1.097  0.75   0.17  -0.269 -0.94   0.73  -0.28   0.51   0.16
  0.95   0.42   0.36  -0.45  -0.79   0.61   0.75  -0.53  -0.8    0.29
 -0.02   0.22   0.1    0.3   -0.75  -0.07   0.5    0.63  -0.121 -0.85
  0.65  -0.384 -0.16   0.2   -0.45   0.31  -0.27  -0.84  -0.69   0.85
 -0.82  -0.3    0.46   0.63  -0.62   0.68  -0.81  -0.38  -0.55  -0.055
  0.62  -0.5   -0.03  -0.37  -0.98   0.05  -0.48   1.584  0.2    0.35
 -0.75  -0.77   0.94  -0.65  -0.55   0.02   0.13  -0.28   0.2    0.548][ 4.7000000e-01 -5.9000000e-01  7.5000000e-01 -6.2000000e-01
 -9.6000000e-01  1.7000000e-01 -9.1000000e-01  3.0000000e-02
 -1.0000000e-02  8.2000000e-01  2.7000000e-01 -7.5000000e-01
  9.2000000e-01 -8.2000000e-01  7.9000000e-01 -4.7000000e-01
 -1.2900000e-01  8.8817842e-16  7.6000000e-01  5.0000000e-02
 -8.0000000e-02  5.5000000e-01  7.5000000e-01  1.7000000e-01
 -2.6900000e-01 -9.4000000e-01  7.3000000e-01 -2.8000000e-01
  5.1000000e-01  1.6000000e-01  9.5000000e-01  4.2000000e-01
  3.6000000e-01 -4.5000000e-01 -7.9000000e-01  6.1000000e-01
  7.5000000e-01 -5.3000000e-01  6.5000000e-01  2.9000000e-01
 -2.0000000e-02  8.5100000e-01  1.0000000e-01  3.0000000e-01
  6.6000000e-01 -7.0000000e-02  5.0000000e-01  6.3000000e-01
  7.3000000e-01 -8.5000000e-01  6.5000000e-01 -3.8400000e-01
  7.3000000e-01  2.0000000e-01 -4.5000000e-01 -2.0000000e-02
 -2.7000000e-01 -8.4000000e-01 -6.9000000e-01  8.5000000e-01
  5.2100000e-01 -4.2000000e-01  1.7000000e-01  6.3000000e-01
 -6.2000000e-01  7.6000000e-01 -7.7000000e-01 -3.8000000e-01
 -5.5000000e-01 -5.5000000e-02  6.2000000e-01  9.0000000e-02
 -3.0000000e-02 -3.7000000e-01 -9.8000000e-01  5.0000000e-02
 -4.8000000e-01  5.6000000e-01  2.0000000e-01  2.0000000e-01
 -7.5000000e-01 -1.4000000e-01  1.0360000e+00 -6.5000000e-01
 -5.5000000e-01  2.0000000e-02  1.3000000e-01 -2.8000000e-01
  2.0000000e-01  8.7800000e-01][ 0.47  -0.59   0.75  -0.62  -0.96   0.17  -0.91   0.03  -1.251  0.82
  0.27  -0.75  -0.9   -0.82   0.79  -0.47  -0.129  0.06   0.76   0.05
 -0.08   0.55   0.75   0.17  -0.98  -0.94   0.73  -0.28  -0.13   0.16
  0.95   0.42   0.36  -0.45  -0.79   0.61   0.75  -0.53   0.65   0.29
 -0.02   0.22  -0.1    0.3    0.66  -0.07   0.5    0.63  -0.121 -1.012
  0.614 -0.384  0.73   0.2   -0.45  -0.02  -0.27  -0.84  -0.69   0.85
  0.521 -0.42   0.17   0.63  -0.62   0.68  -0.77  -0.38  -0.55  -0.055
  0.62  -0.5   -0.03  -0.37  -0.98   0.05  -0.48   0.56   0.2    0.35
 -0.12  -0.14   1.287 -0.65  -0.55   0.02   0.13  -0.28   0.2    0.878][ 4.7000000e-01 -5.9000000e-01  7.5000000e-01 -6.2000000e-01
 -9.6000000e-01  1.7000000e-01 -9.7000000e-01  3.0000000e-02
 -1.0000000e-02  8.2000000e-01  7.2000000e-01 -7.5000000e-01
  9.2000000e-01 -8.2000000e-01  7.9000000e-01 -4.7000000e-01
 -1.2900000e-01  8.8817842e-16  6.9000000e-01 -1.5000000e-01
 -8.0000000e-02 -3.4600000e-01  1.5810000e+00  1.7000000e-01
 -2.6900000e-01 -9.4000000e-01  7.3000000e-01 -1.5600000e-01
  5.1000000e-01  1.6000000e-01 -6.2000000e-01  4.2000000e-01
  3.6000000e-01 -4.5000000e-01 -7.9000000e-01  6.1000000e-01
  7.5000000e-01 -5.3000000e-01  6.5000000e-01  2.9000000e-01
 -2.0000000e-02  8.5100000e-01  1.0000000e-01  3.0000000e-01
 -7.5000000e-01 -7.0000000e-02  5.0000000e-01  6.3000000e-01
 -1.2100000e-01 -8.5000000e-01  6.5000000e-01 -2.6000000e-01
  7.3000000e-01  2.0000000e-01 -4.5000000e-01  8.1000000e-01
 -2.7000000e-01 -8.4000000e-01 -6.9000000e-01  8.5000000e-01
  5.2100000e-01 -4.2000000e-01  1.7000000e-01  2.0000000e-02
 -6.2000000e-01  6.8000000e-01 -7.7000000e-01 -3.8000000e-01
 -5.5000000e-01 -5.5000000e-02  6.2000000e-01  9.0000000e-02
 -3.0000000e-02  4.5800000e-01 -9.8000000e-01  5.0000000e-02
 -4.8000000e-01  5.6000000e-01  2.0000000e-01  3.5000000e-01
 -7.5000000e-01 -1.4000000e-01  9.4000000e-01 -6.5000000e-01
 -5.5000000e-01  2.0000000e-02  1.3000000e-01 -2.8000000e-01
  2.0000000e-01  1.3000000e-01][ 0.47  -0.59   0.75  -0.62   0.22   0.81  -0.91   0.03  -0.45   0.82
  0.923 -0.68  -0.9   -0.82   0.79  -0.47  -0.87   0.06   0.69  -0.15
 -0.08   0.55   0.75   0.17  -0.98  -0.94   0.73  -0.28  -0.13   0.16
 -0.62   0.42   0.36  -0.45  -0.72   0.61   0.75  -0.53   0.481  0.29
 -0.02   0.22  -0.1    0.47  -0.75  -0.07  -1.306  0.63  -0.121 -0.85
  0.65  -0.26  -0.16   0.2   -0.45   0.948 -0.27  -0.84  -0.69   0.85
 -0.82   0.21   0.46   0.02  -0.62   0.68   0.013 -0.38   0.74   0.2
  0.62  -0.5   -0.03   0.18  -0.98   0.05  -0.48   1.584  0.2    0.35
 -0.12  -0.77   0.94  -0.65  -0.55   0.02   0.13   0.07   0.2    0.13 ][ 0.47  -0.461  0.08  -0.62  -0.96   0.17  -0.91   0.03  -0.967  0.82
  0.923 -0.68   0.92  -1.397  0.79  -0.47  -0.87   0.06   0.76  -0.15
 -0.08  -0.346  0.75   0.17  -0.269 -0.94   0.73  -0.28  -0.13   0.16
 -0.62   0.42   0.36  -0.45  -0.72   0.61   0.75  -0.53  -0.8    0.29
 -0.02   0.22   0.94   0.3   -0.75  -0.07   0.5    0.63  -0.121 -1.012
  0.65  -0.26  -0.16   0.2   -0.45   0.31  -0.27  -0.84  -0.69   0.85
  0.521  0.21   0.17   0.02  -0.62   0.68  -0.81  -0.38  -0.55   0.2
  0.62  -0.5   -0.03  -0.37  -0.98   0.05  -0.48   1.584  0.2    0.35
 -0.75  -0.14   1.036 -0.65  -0.55   0.02   0.13  -0.28   0.2    0.13 ][ 0.47  -0.59   0.75  -0.62  -0.96   0.17  -0.91   0.03  -0.01   0.82
  1.44  -0.68   0.92  -0.82   0.79  -0.47  -0.87   0.06   0.76  -0.15
 -0.08  -0.346  0.75   0.17  -0.269 -0.94   0.73  -0.28   0.465  0.16
  0.95   0.42   0.36  -0.45  -0.72   0.61   0.75  -0.53  -0.8    0.29
 -0.02   0.22   0.1    0.3   -0.75  -0.07  -1.306  0.63  -0.121 -1.012
  0.614 -0.26  -0.16   0.2   -0.45   0.31  -0.27  -0.84  -0.69   0.85
 -0.82  -0.3    0.17   0.02  -0.62   0.68  -0.77  -0.38  -0.55   0.2
  0.62  -0.5   -0.03  -0.37  -0.98   0.05  -0.48   0.56   0.2    0.35
 -0.75  -0.77   1.036 -0.65  -0.55   0.02   0.13  -0.28   0.2    0.878][ 0.47  -0.59   0.75  -0.62  -0.96   0.17  -0.91   0.03  -0.01   0.82
  0.72  -0.68   0.92  -0.82   0.79  -0.47  -0.87   0.06   0.76  -0.15
 -0.08  -0.346  0.75   0.17  -0.98  -0.94   0.73  -0.28   0.465  0.16
  0.95   0.42   0.36  -0.45  -0.72   0.61   0.75  -0.53   0.65   0.29
 -0.02   0.22   0.1    0.3   -0.75  -0.07  -1.306  0.63  -0.121 -0.85
  0.614 -0.26  -0.16   0.2   -0.45   0.81  -0.27  -0.84  -0.69   0.85
 -0.82  -0.3    0.17   0.02  -0.62   0.68  -0.77  -0.38  -0.55   0.2
  0.62   0.09  -0.03  -0.37  -0.98   0.05  -0.48   0.56   0.2    0.35
 -0.75  -0.14   1.036 -0.65  -0.55   0.02   0.13  -0.28   0.2    0.878][ 0.47  -0.59   0.08  -0.62  -0.96   0.17  -0.91   0.03  -0.967  0.82
  0.923 -0.68   0.92  -0.82   0.79  -0.47  -0.87   0.06   0.76  -0.15
 -0.08  -0.346  0.723  0.17  -0.269 -0.94   0.73   0.57  -0.13   0.16
  1.665  0.42   0.36  -0.45  -0.72   0.61   0.75  -0.53   0.65   0.29
 -0.02  -0.57   0.1    0.3   -0.75  -0.07  -1.306  0.63  -0.121 -0.85
  0.614 -0.26  -0.16   0.2   -0.45   0.81  -0.27  -0.84  -0.69   0.85
 -0.82  -0.3    0.746  0.02  -0.62   0.68  -0.77  -0.38  -0.55   0.2
  0.62   0.09  -0.03  -0.37  -0.98   0.05  -0.48   0.56   0.2    0.35
 -0.75  -0.77   1.036 -0.65  -0.55   0.02   0.13  -0.28   0.2    0.878][ 4.7000000e-01 -5.9000000e-01  7.5000000e-01 -6.2000000e-01
 -9.6000000e-01  1.7000000e-01 -9.1000000e-01  3.0000000e-02
 -1.0000000e-02  8.2000000e-01  2.7000000e-01 -7.5000000e-01
  9.2000000e-01 -8.2000000e-01  7.9000000e-01 -4.7000000e-01
 -1.2900000e-01  8.8817842e-16  7.6000000e-01  5.0000000e-02
 -8.0000000e-02  5.5000000e-01  7.5000000e-01  1.7000000e-01
 -2.6900000e-01 -9.4000000e-01  7.3000000e-01 -2.8000000e-01
  5.1000000e-01  1.6000000e-01  9.5000000e-01  4.2000000e-01
  3.6000000e-01 -4.5000000e-01 -7.9000000e-01  6.1000000e-01
  7.5000000e-01 -5.3000000e-01  6.5000000e-01  2.9000000e-01
 -2.0000000e-02  8.5100000e-01  1.0000000e-01  3.0000000e-01
  6.6000000e-01 -7.0000000e-02  5.0000000e-01  6.3000000e-01
  7.3000000e-01 -8.5000000e-01  6.5000000e-01 -3.8400000e-01
  7.3000000e-01  2.0000000e-01 -4.5000000e-01 -2.0000000e-02
 -2.7000000e-01 -3.3600000e-01 -6.9000000e-01  8.5000000e-01
  6.6000000e-01 -4.2000000e-01  1.7000000e-01  6.3000000e-01
 -6.2000000e-01  7.6000000e-01 -7.7000000e-01 -3.8000000e-01
 -5.5000000e-01 -1.6000000e-01  6.2000000e-01  9.0000000e-02
 -3.0000000e-02 -3.7000000e-01 -9.8000000e-01  5.0000000e-02
 -4.8000000e-01  5.6000000e-01  2.0000000e-01  2.0000000e-01
 -7.5000000e-01 -1.4000000e-01  1.0360000e+00 -6.5000000e-01
 -5.5000000e-01  2.0000000e-02  1.3000000e-01 -2.8000000e-01
  2.0000000e-01  8.7800000e-01][ 0.47  -0.59   0.75  -0.62  -0.96   0.81  -0.91   0.03  -0.01   0.82
  0.923 -0.68   0.92  -0.82   0.79  -0.47  -0.87   0.06   0.76  -0.15
 -0.08   0.55   0.75   0.17  -0.98  -0.94   0.73  -0.28  -0.13   0.16
  0.95   0.42   0.36  -0.45  -0.72   0.61   0.48  -0.53   0.481  0.29
 -0.02   0.22  -0.1    0.3   -0.75  -0.07   0.5    0.63  -0.121 -0.112
  0.614 -0.26  -0.16   0.2   -0.45   0.81  -0.27  -0.84  -0.69   0.85
 -0.82   0.21   0.17   0.02  -0.62   0.68  -0.77  -0.38  -0.55   0.2
  0.62  -0.5   -0.03   0.18  -0.98   0.05  -0.48   1.584  0.2    0.35
 -0.75  -0.14   1.036 -0.65  -0.55   0.02   0.13   0.07   0.2    0.878][ 0.47  -0.59   0.75  -0.62  -0.96   0.17  -0.91   0.03  -0.01   0.82
  0.72  -0.75   0.92  -0.82   0.79  -0.47  -0.129  0.06   0.76  -0.15
 -0.08  -0.346  0.75   0.17  -0.269 -0.94   0.73  -0.28   0.465  0.16
  0.95   0.42   0.36  -0.45  -0.72   0.61   0.75  -0.53   0.65   0.29
 -0.02   0.851  0.1    0.3    0.66  -0.07   0.5    0.63  -0.121 -0.85
  0.65  -0.384  0.73   0.2   -0.45  -0.02  -0.27  -0.84  -0.69   0.85
 -0.82  -0.42   0.17   0.02  -0.62   0.76  -0.77  -0.38  -0.55  -0.055
  0.62   0.09   0.481 -0.37  -0.98   0.05  -0.48   0.56   0.2    0.2
 -0.75  -0.14   1.036 -0.65  -0.55   0.02   0.13  -0.28   0.2    0.878][ 0.47  -0.59   0.75  -0.62   0.22   0.17  -0.91   0.03  -0.45   0.82
  0.923 -0.68  -0.9   -0.82   0.79  -0.47  -0.87   0.06   0.69  -0.15
 -0.08  -1.097  0.75   0.17  -0.98  -0.94   0.73   0.57  -0.13   0.902
  0.95   0.42   0.36  -0.45  -0.72   0.61   0.75  -0.53  -0.8    0.29
 -0.02   0.22   0.94   0.3   -0.75  -0.07   0.5    0.63  -0.121 -0.85
  0.65  -0.26  -0.16   0.2   -0.45   0.31  -0.27  -0.84  -0.69   0.85
 -0.82  -0.3    0.46   0.02  -0.62   0.68  -0.81  -0.38  -0.55   0.2
  0.62  -0.5   -0.03  -0.37  -0.98   0.05  -0.48   1.584  0.2    0.35
 -0.75  -0.77   0.94  -0.65  -0.55  -0.671  0.13  -0.28   0.2    0.13 ][ 0.47   0.173  0.08  -0.62  -0.96   0.17  -0.91   0.03  -0.967  0.82
  0.923 -0.68  -0.9   -0.82   0.79  -0.47  -0.87   0.06   0.69  -0.15
 -0.08  -0.346  0.75   0.17  -0.269 -0.94   0.73  -0.28  -0.13   0.16
 -0.62   0.42   0.36  -0.45  -0.72   0.61   0.75  -0.53  -0.8    0.29
 -0.02   0.22  -0.1    0.3   -0.75  -0.07  -1.306  0.63  -0.121 -0.85
  0.65  -0.26  -0.16   0.2   -0.45   0.948 -0.27  -0.84  -0.69   0.85
 -0.82   0.21   0.46   0.02  -0.62   0.68  -0.81  -0.38  -0.55   0.2
  1.378 -0.5   -0.03  -0.37  -0.98   0.05  -0.48   1.584  0.2    0.35
 -0.12  -0.77   1.036 -0.65  -0.55   0.02   0.13   0.07   0.2    0.13 ][ 0.47  -0.59   0.75  -0.62  -0.96   0.81  -0.97   0.03  -0.967  0.82
  0.923 -0.68  -0.9   -0.82   0.79  -0.47  -0.87   0.06   0.76  -0.15
 -0.08   0.55   0.75   0.17  -0.98  -0.94   0.73  -0.28  -0.13   0.16
 -0.62   0.42   0.36  -0.45  -0.72   0.225  0.48  -0.53   0.481  0.29
  0.155  0.22  -0.1    0.3   -0.75  -0.07   0.5    0.63  -0.121 -1.012
  0.65  -0.26  -0.16   0.2   -0.45   0.948 -0.27  -0.84  -0.69   0.85
 -0.82   0.21   0.46   0.02  -0.62   0.68   0.013 -0.38  -0.55   0.2
  0.62  -0.5   -0.03   0.18  -0.98   0.05  -0.48   1.584  0.2    0.35
 -0.75  -0.77   0.94  -0.65  -0.55   0.02   0.13   0.07   0.2    0.13 ][ 4.7000000e-01 -5.9000000e-01  7.5000000e-01 -6.2000000e-01
  2.2000000e-01  1.7000000e-01 -9.1000000e-01  3.0000000e-02
 -4.5000000e-01  8.2000000e-01  9.2300000e-01 -7.5000000e-01
 -9.0000000e-01 -8.2000000e-01  7.9000000e-01 -4.7000000e-01
 -8.7000000e-01  8.8817842e-16  7.6000000e-01 -1.5000000e-01
 -8.0000000e-02  5.5000000e-01  7.5000000e-01  1.7000000e-01
 -9.8000000e-01 -9.4000000e-01  7.3000000e-01 -2.8000000e-01
 -1.3000000e-01  1.6000000e-01 -6.2000000e-01  4.2000000e-01
  3.6000000e-01 -4.5000000e-01 -7.2000000e-01  6.1000000e-01
  7.5000000e-01 -5.3000000e-01  4.8100000e-01  2.9000000e-01
 -2.0000000e-02  2.2000000e-01 -1.0000000e-01  4.7000000e-01
 -7.5000000e-01 -7.0000000e-02 -1.3060000e+00  6.3000000e-01
 -1.2100000e-01 -8.5000000e-01  6.5000000e-01 -3.8400000e-01
  7.3000000e-01  2.0000000e-01 -4.5000000e-01 -2.0000000e-02
 -2.7000000e-01 -8.4000000e-01 -6.9000000e-01  8.5000000e-01
 -8.2000000e-01 -4.2000000e-01  1.7000000e-01  2.0000000e-02
 -6.2000000e-01  7.6000000e-01 -7.7000000e-01  1.9100000e-01
 -5.5000000e-01 -5.5000000e-02  6.2000000e-01  9.0000000e-02
 -3.0000000e-02  1.8000000e-01 -9.8000000e-01  5.0000000e-02
 -4.8000000e-01  1.5840000e+00  2.0000000e-01  3.5000000e-01
 -7.5000000e-01 -1.4000000e-01  1.0360000e+00 -6.5000000e-01
 -5.5000000e-01  2.0000000e-02  1.3000000e-01  7.0000000e-02
  2.0000000e-01  8.7800000e-01][ 4.7000000e-01 -5.9000000e-01  7.5000000e-01 -6.2000000e-01
 -9.6000000e-01  1.7000000e-01 -9.1000000e-01  3.0000000e-02
 -4.5000000e-01  8.2000000e-01  2.7000000e-01 -7.5000000e-01
  9.2000000e-01 -8.2000000e-01  7.9000000e-01 -4.7000000e-01
 -1.2900000e-01  8.8817842e-16  6.9000000e-01 -1.5000000e-01
 -8.0000000e-02  5.5000000e-01  7.5000000e-01  1.7000000e-01
 -2.6900000e-01 -9.4000000e-01  7.3000000e-01 -2.8000000e-01
  5.1000000e-01  1.6000000e-01  9.5000000e-01  4.2000000e-01
  3.6000000e-01 -4.5000000e-01 -7.9000000e-01  6.1000000e-01
  7.5000000e-01 -5.3000000e-01  6.5000000e-01  2.9000000e-01
 -2.0000000e-02  2.2000000e-01 -1.0000000e-01  4.7000000e-01
 -7.5000000e-01 -7.0000000e-02  5.0000000e-01  6.3000000e-01
 -1.2100000e-01 -8.5000000e-01  6.5000000e-01 -3.8400000e-01
 -1.6000000e-01  2.0000000e-01 -4.5000000e-01 -2.0000000e-02
 -2.7000000e-01 -3.3600000e-01 -6.9000000e-01  1.2030000e+00
 -8.2000000e-01 -4.2000000e-01  4.6000000e-01  6.3000000e-01
 -6.2000000e-01  7.6000000e-01 -7.7000000e-01 -3.8000000e-01
  7.4000000e-01  2.0000000e-01  6.2000000e-01 -5.0000000e-01
 -3.0000000e-02  1.8000000e-01 -9.8000000e-01  5.0000000e-02
 -4.8000000e-01  5.6000000e-01  2.0000000e-01  2.0000000e-01
 -7.5000000e-01 -7.7000000e-01  1.0360000e+00 -6.5000000e-01
 -5.5000000e-01  2.0000000e-02  1.3000000e-01 -2.8000000e-01
  2.0000000e-01  1.3000000e-01][ 0.47  -0.461  0.08  -0.62  -0.96   0.17  -0.97   0.03  -0.967  0.82
  0.72  -0.68   0.92  -0.82   0.79  -0.47  -0.87   0.06   0.69  -0.15
 -0.08  -0.346  0.75   0.17  -0.269 -0.94   0.73  -0.28   0.465  0.16
 -0.62   0.42   0.36  -0.45  -0.72   0.61   0.75  -0.53  -0.8    0.29
 -0.02   0.22   0.94   0.3   -0.75  -0.07   0.5    0.63  -0.121 -0.85
  0.65  -0.26  -0.16   0.2   -0.45   0.81  -0.27  -1.594 -0.69   0.85
  0.521  0.21   0.17   0.02  -0.62   0.68  -0.77  -0.031 -0.55   0.2
  0.62   0.09  -0.03   0.458 -0.98   0.05  -0.48   1.584  0.2    0.35
 -0.75  -0.14   0.94  -0.65  -0.55   0.02   0.13  -0.28   0.2    0.13 ][ 0.47  -0.59   0.08  -0.62  -0.96   0.17  -0.97   0.03  -0.967  0.82
  0.72  -0.68   0.92  -0.82   0.79  -0.47  -0.87   0.06   0.76  -0.15
 -0.08   0.55   0.75   0.17  -0.269 -0.94   0.73  -0.28  -0.13   0.16
  0.95   0.42   0.36  -0.45  -0.72   0.61   0.75  -0.53   0.65   0.29
 -0.02   0.851  0.1    0.3    0.66  -0.07  -1.306  0.63  -0.121 -0.85
  0.65  -0.26  -0.16   0.2   -0.762  0.81  -0.27  -1.594 -0.69   0.85
  0.66  -0.606  0.17   0.02  -0.62   0.68  -0.77  -0.38  -0.55  -0.16
  0.62   0.09  -0.03  -0.37  -0.98   0.05  -0.48   0.56   0.2    0.35
 -0.75  -0.77   1.036 -0.65  -0.55   0.02   0.13  -0.28   0.2    0.878][ 0.47  -0.461  0.75  -0.62  -0.96   0.17  -0.91   0.03  -0.01   0.82
  0.72  -0.68   0.92  -1.397  0.79  -0.47  -0.87   0.06   0.76  -0.15
 -0.08  -0.346  0.75   0.17  -0.269 -0.94   0.73  -0.28  -0.13   0.16
  0.95   0.42   0.36  -0.45  -0.72   0.61   0.75  -0.53   0.65   0.29
 -0.02   0.22   0.94   0.3   -0.75  -0.07  -1.306  0.63  -0.121 -0.85
  0.614 -0.26  -0.16   0.2   -0.45   0.31  -0.27  -0.84  -0.69   0.85
  0.521 -0.606  0.17   0.02  -0.62   0.482 -0.81  -0.38  -0.55   0.2
  0.62  -0.5   -0.03  -0.37  -0.98   0.05  -0.48   1.584  0.2    0.35
 -0.75  -0.77   1.036 -0.65  -0.55   0.02   0.13  -0.28   0.2    0.13 ][ 0.47  -0.59   0.08  -0.62  -0.96   0.17  -0.91   0.03  -0.01   0.82
  0.72  -0.68   0.92  -0.82   0.79  -0.47  -0.129  0.06   0.76  -0.15
 -0.08  -0.346  0.75   0.17  -0.269 -0.94   0.73  -0.28   0.465  0.16
  0.95   0.42   0.36  -0.45  -0.72   0.61   0.75  -0.53   0.65   0.29
 -0.02   0.22   0.1    0.3   -0.75  -0.07   0.5    0.63  -0.121 -0.85
  0.65  -0.384  0.73   0.2   -0.45  -0.02  -0.27  -0.84  -0.69   0.85
  0.521  0.21   0.17   0.02  -0.62   0.68  -0.77  -0.031 -0.55  -0.055
  0.62   0.09  -0.03   0.458 -0.98   0.05  -0.48   0.56   0.2    0.35
 -0.75  -0.14   1.036 -0.65  -0.55   0.02   0.876 -0.28   0.2    0.878][ 0.47  -0.59   0.75  -0.62  -0.96   0.81  -0.91   0.03  -0.01   0.82
  0.72  -0.68   0.92  -0.82   0.79  -0.47  -0.129  0.06   0.76  -0.15
 -0.08  -0.346  0.75   0.17  -0.98  -0.94   0.73  -0.28   0.465  0.16
  0.95   0.42   0.36  -0.45  -0.72   0.61   0.75  -0.53   0.65   0.29
  0.155  0.22   0.1    0.3    0.66  -0.07   0.5    0.63  -0.121 -1.012
  0.65  -0.384 -0.16   0.2   -0.45   0.948 -0.27  -0.84  -0.69   0.85
 -0.82   0.21   0.17   0.02  -0.62   0.68   0.013 -0.38  -0.55  -0.055
  0.62   0.09   0.481 -0.37  -0.98   0.05  -0.48   1.584  0.2    0.2
 -0.75  -0.14   1.036 -0.65  -0.55   0.02   0.13   0.07   0.2    0.878][ 0.47  -0.59   0.75  -0.62  -0.96   0.865 -0.97   0.03  -0.01   0.82
  0.923 -0.68   0.92  -0.82   0.79  -0.47  -0.87   0.06   0.69  -0.15
 -0.08  -0.346  0.75   0.17  -0.269 -0.94   0.73  -0.28   0.51   0.16
  0.95   0.42   0.36  -0.45  -0.79   0.61   0.75  -0.53  -0.8    0.29
 -0.02   0.22   0.1    0.3   -0.75  -0.07  -1.306  0.63  -0.121 -0.85
  0.614 -0.26  -0.16   0.2   -0.45   0.81  -0.27  -0.84  -0.69   0.85
 -0.82  -0.3    0.17   0.02  -0.62   0.68  -0.81  -0.38  -0.55   0.2
  0.62  -0.5   -0.03  -0.37  -0.98   0.05  -0.48   0.56   0.2    0.35
 -0.75  -0.77   0.94  -0.65  -0.55   0.02   0.13  -0.28   0.2    0.878][ 0.47  -0.461  0.75  -0.62  -0.96   0.17  -0.97   0.03  -0.967  0.82
  0.72  -0.68   0.92  -0.82   0.79  -0.47  -0.87   0.06   0.69  -0.15
 -0.08  -0.346  0.75   0.17  -0.269 -0.94   0.73  -0.28   0.465  0.16
 -0.62   0.42   0.36  -0.45  -0.72   0.61   0.75  -0.53   0.65   0.29
 -0.02   0.22   0.94   0.3   -0.75  -0.07  -1.306  0.63  -0.121 -0.85
 -0.356 -0.26  -0.16   0.2   -0.45   0.81  -0.27  -0.84  -0.69   0.85
  0.521 -0.606  0.17   0.02  -0.62   0.68  -0.77  -0.38  -0.55   0.2
  0.62   0.09  -0.03  -0.37  -0.98   0.05  -0.48   1.584  0.2    0.35
 -0.75  -0.14   0.94  -0.65  -0.55   0.02   0.13  -0.28   0.2    0.878][ 0.47  -0.59   0.08  -0.62  -0.96   0.17  -0.97   0.03  -0.01   0.82
  0.72  -0.75   0.92  -0.82   0.79  -0.47  -0.129  0.06   0.76  -0.15
 -0.08  -0.346  1.581  0.17  -0.269 -0.94   0.73  -0.28   0.51   0.16
  0.95   0.42   0.36  -0.015 -0.79   0.61   0.75  -0.53   0.65   0.29
 -0.02   0.851  0.1    0.3    0.66  -0.07   0.5    0.63  -0.121 -0.85
  0.65  -0.384  0.73   0.2   -0.45   0.81  -0.27  -1.594 -0.69   0.85
  0.66  -0.42   0.17   0.02  -0.62   0.68  -0.77  -0.38  -0.55  -0.16
  0.62   0.09  -0.03   0.458 -0.98   0.05  -0.48   0.56   0.2    0.35
 -0.75  -0.14   1.036 -0.65  -0.55   0.02   0.13  -0.28   0.2    0.13 ][ 0.47  -0.59   0.08  -0.62  -0.96   0.17  -0.97   0.03  -0.967  0.82
  0.72  -0.68   0.92  -0.82   0.79  -0.47  -0.87   0.06   0.69  -0.15
 -0.08   0.55   0.75   0.17  -0.269 -0.94   0.73  -0.28   0.465  0.16
  0.95   0.42   0.36  -0.45  -0.72   0.61   0.75  -0.53   0.65   0.29
 -0.02   0.851  0.1    0.3    0.66  -0.07   0.5    0.63  -0.121 -0.85
  0.65  -0.26  -0.16   0.2   -0.45   0.81  -0.27  -1.594 -0.723  0.85
  0.521 -0.42   0.17   0.02  -0.62   0.68  -0.77  -0.031 -0.55  -0.16
  0.62   0.09  -0.03   0.458 -0.98   0.05  -0.48   1.584  0.2    0.35
 -0.75  -0.77   1.036 -0.65  -0.55   0.02   0.13  -0.28   0.2    0.878][ 0.47  -0.59   0.75  -0.62  -0.96   0.17  -0.97   0.03  -0.01   0.82
  0.72  -0.75   0.92  -0.82   0.79  -0.47  -0.129  0.06   0.76  -0.15
 -0.08   0.55   1.478  0.17  -0.269 -0.94   0.73  -0.28  -0.13   0.16
  0.95   0.42   0.36  -0.45  -0.72   0.61   0.75  -0.53   0.65   0.29
 -0.02   0.22   0.1    0.3    0.66  -0.07   0.5    0.63  -0.121 -0.85
  0.614 -0.384  0.73   0.2   -0.45  -0.02  -0.27  -0.84  -0.69   0.85
  0.521 -0.42   0.17   0.02  -0.62   0.68  -0.77  -0.38  -0.55   0.2
  0.62  -0.5   -0.03  -0.37  -0.98   0.05  -0.48   0.56   0.2    0.35
 -0.12  -0.14   1.287 -0.65  -0.55   0.02   0.13  -0.28   0.2    0.878][ 0.47  -0.59   0.75  -0.62  -0.96   0.17  -0.91   0.03  -1.251  0.82
  0.72  -0.75  -0.9   -0.82   0.79  -0.47  -0.129  0.06   0.76  -0.15
 -0.08  -0.346  0.75   0.17  -0.98  -0.94   0.73  -0.28  -0.13   0.16
  0.95   1.265  0.36  -0.45  -0.79   0.61   0.75  -0.53   0.65   0.29
 -0.02   0.22  -0.1    0.3   -0.75  -0.07  -1.306  0.63  -0.121 -1.012
  0.614 -0.26   0.73   0.2   -0.45  -0.02  -0.27  -0.84  -0.69   0.85
  0.521 -0.42   0.17   0.63  -0.62   0.68  -0.77  -0.38  -0.55  -0.055
  0.62   0.09  -0.03  -0.37  -0.98   0.05  -0.48   0.56   0.2    0.35
 -0.75  -0.14   1.287 -0.65  -0.55   0.02   0.13  -0.28   0.2    0.878][ 0.47  -0.461  0.08  -0.62  -0.96   0.17  -0.91   0.03  -0.01   0.82
  0.27  -0.68   0.92  -1.397  0.79  -0.47  -0.87   0.06   0.76  -0.15
 -0.08  -0.346  0.75   0.17  -0.269 -0.94   0.73  -0.28   0.51   0.16
 -0.62   0.42   0.36  -0.45  -0.72   0.61   0.75  -0.53   0.65   0.29
 -0.02   0.22   0.94   0.3    0.66  -0.07   0.5    0.63   0.73  -0.85
  0.65  -0.384  0.73   0.34  -0.45   0.31  -0.27  -0.84  -0.69   0.85
  0.521 -0.42   0.17   0.63  -0.62   0.68  -0.81  -0.38  -0.55  -0.16
  0.62   0.09  -0.03  -0.37  -0.98   0.05  -0.48   1.584  0.2    0.2
 -0.75  -0.14   1.036 -0.65  -0.55   0.02   0.13  -0.28   0.2    0.878][ 4.7000000e-01 -5.9000000e-01  7.5000000e-01 -6.2000000e-01
 -9.6000000e-01  1.7000000e-01 -9.7000000e-01  3.0000000e-02
 -1.0000000e-02  8.2000000e-01  7.2000000e-01 -7.5000000e-01
  9.2000000e-01 -8.2000000e-01  7.9000000e-01 -4.7000000e-01
 -1.2900000e-01  8.8817842e-16  6.9000000e-01 -1.5000000e-01
 -8.0000000e-02 -3.4600000e-01  7.5000000e-01  1.7000000e-01
 -2.6900000e-01 -9.4000000e-01  7.3000000e-01 -1.5600000e-01
  5.1000000e-01  1.6000000e-01  9.5000000e-01  4.2000000e-01
  3.6000000e-01 -4.5000000e-01 -7.2000000e-01  6.1000000e-01
  7.5000000e-01 -5.3000000e-01  6.5000000e-01  2.9000000e-01
 -2.0000000e-02  8.5100000e-01  1.0000000e-01  3.0000000e-01
 -7.5000000e-01 -7.0000000e-02  5.0000000e-01  6.3000000e-01
 -1.2100000e-01 -8.5000000e-01  6.5000000e-01 -2.6000000e-01
 -1.6000000e-01  2.0000000e-01 -4.5000000e-01  8.1000000e-01
 -2.7000000e-01 -8.4000000e-01 -6.9000000e-01  8.5000000e-01
  5.2100000e-01 -6.0600000e-01  1.7000000e-01  2.0000000e-02
 -6.2000000e-01  6.8000000e-01 -7.7000000e-01 -3.8000000e-01
 -5.5000000e-01  2.0000000e-01  6.2000000e-01  9.0000000e-02
 -2.0900000e-01  4.5800000e-01 -9.8000000e-01  5.0000000e-02
 -4.8000000e-01  5.6000000e-01  2.0000000e-01  3.5000000e-01
 -7.5000000e-01 -1.4000000e-01  1.0360000e+00 -6.5000000e-01
 -5.5000000e-01  2.0000000e-02  1.3000000e-01 -2.8000000e-01
  2.0000000e-01  1.3000000e-01][ 0.47  -0.59   0.75  -0.62  -0.96   0.17  -0.91   0.03  -0.01   0.82
  0.27  -0.75  -0.9   -0.82   0.79  -0.47  -0.129  0.06   0.76   0.05
 -0.08   0.55   0.75   0.17  -0.269 -0.94   0.73  -0.28   0.51   0.16
  0.95   0.42   0.36  -0.45  -0.79   0.61   0.75  -0.53   0.65   0.29
 -0.02   0.22  -0.1    0.3    0.66  -0.07   0.5    0.63   0.73  -0.85
  0.65  -0.384  0.73   0.2   -0.45  -0.02  -0.27  -0.84  -0.69   0.85
  0.521 -0.42   0.17   0.63  -0.62   0.68  -0.77  -0.38  -0.55  -0.055
  0.62   0.09  -0.03  -0.37  -0.98   0.05  -0.48   0.56   0.2    0.2
 -0.12  -0.14   1.287 -0.65  -0.55   0.02   0.13  -0.28   0.279  0.878][ 4.7000000e-01 -5.9000000e-01  7.5000000e-01 -6.2000000e-01
 -9.6000000e-01  1.7000000e-01 -9.1000000e-01  3.0000000e-02
 -1.2510000e+00  8.2000000e-01  2.7000000e-01 -7.5000000e-01
 -9.0000000e-01 -8.2000000e-01  7.9000000e-01 -4.7000000e-01
 -1.2900000e-01  8.8817842e-16  7.6000000e-01  5.0000000e-02
 -8.0000000e-02  5.5000000e-01  7.5000000e-01  1.7000000e-01
 -9.8000000e-01 -9.4000000e-01  7.3000000e-01 -2.8000000e-01
 -1.3000000e-01  1.6000000e-01  9.5000000e-01  4.2000000e-01
  3.6000000e-01 -4.5000000e-01 -7.9000000e-01  6.1000000e-01
  7.5000000e-01 -5.3000000e-01  6.5000000e-01  2.9000000e-01
 -2.0000000e-02  2.2000000e-01 -1.0000000e-01  3.0000000e-01
  6.6000000e-01 -7.0000000e-02  5.0000000e-01  6.3000000e-01
 -1.2100000e-01 -1.0120000e+00  6.1400000e-01 -3.8400000e-01
  7.3000000e-01  2.0000000e-01 -4.5000000e-01 -2.0000000e-02
 -2.7000000e-01 -8.4000000e-01 -6.9000000e-01  8.5000000e-01
  5.2100000e-01 -4.2000000e-01  1.7000000e-01  6.3000000e-01
 -6.2000000e-01  7.6000000e-01 -7.7000000e-01 -3.8000000e-01
 -5.5000000e-01 -5.5000000e-02  6.2000000e-01 -5.0000000e-01
 -3.0000000e-02 -3.7000000e-01 -9.8000000e-01  5.0000000e-02
 -4.8000000e-01  5.6000000e-01  7.6600000e-01  2.0000000e-01
 -7.5000000e-01 -1.4000000e-01  1.0360000e+00 -6.5000000e-01
 -5.5000000e-01  2.0000000e-02  1.3000000e-01 -2.8000000e-01
  2.0000000e-01  8.7800000e-01][ 0.47  -0.461  0.08  -0.62  -0.96   0.17  -0.91   0.03  -0.967  0.82
  0.923 -0.68   0.92  -0.82   0.79  -0.47  -0.87   0.06   0.76  -0.15
 -0.08  -0.346  0.75   0.17  -0.269 -0.94   0.73  -0.28  -0.13   0.16
 -0.62   0.42   0.36  -0.45  -0.72   0.61   0.75  -0.53  -0.8    0.29
 -0.02   0.22   0.94   0.3   -0.75  -0.07   0.5    0.63  -0.121 -0.85
  0.65  -0.26  -0.16   0.2   -0.45   0.31  -0.27  -0.84  -0.69   0.85
  0.521  0.21   0.17   0.02  -0.62   0.68  -0.77  -0.031 -0.55   0.2
  0.62  -0.858 -0.03   0.458 -0.98   0.05  -0.48   1.584  0.2    0.35
 -0.75  -0.14   1.036 -0.65  -0.55   0.02   0.13  -0.28   0.2    0.13 ][ 0.47  -0.59   0.75  -0.62   0.22   0.17  -0.91   0.03  -0.967  0.82
  0.923 -0.68   0.92  -0.82   0.79  -0.47  -0.87   0.06   0.69  -0.15
 -0.08  -0.346  0.75   0.17  -0.269 -0.94   0.73  -0.28  -0.13   0.16
  0.95   0.42   0.36  -0.45  -0.72   0.61   0.75  -0.53  -0.8    0.29
 -0.02   0.22   0.1    0.3   -0.75  -0.07   0.5    0.63  -0.121 -1.012
  0.65  -0.384 -0.16   0.2   -0.45   0.31  -0.27  -0.84  -0.69   0.85
  0.521  0.21   0.17   0.02  -0.62   0.68  -0.81  -0.38  -0.55   0.2
  0.62  -0.5   -0.03  -0.37  -0.98   0.05  -0.206  1.584  0.2    0.35
 -0.75  -0.77   0.94  -0.65  -0.55   0.02   0.13  -0.28   0.2    0.13 ][ 0.47  -0.59   0.75  -0.62  -0.96   0.17  -0.97   0.03  -1.251  0.82
  0.27  -0.68  -0.9   -0.82   0.79  -0.47  -0.129  0.06   0.76   0.05
 -0.08   0.55   0.965  0.17  -0.98  -0.94   0.73  -0.28  -0.13   0.16
  0.95   0.42   0.36  -0.45  -0.79   0.61   0.75  -0.53   0.65   0.29
 -0.02   0.22   0.1    0.3    0.66  -0.07   0.5    0.63  -0.121 -0.85
  0.614 -0.652  0.73   0.2   -0.45   0.81  -0.27  -1.594 -0.69   0.85
  0.521 -0.42   0.17   0.63  -0.62   0.68  -0.77  -0.38  -0.55  -0.055
  0.62  -0.5   -0.03  -0.37  -0.98   0.05  -0.48   0.56   0.2    0.35
 -0.75  -0.14   1.036 -0.65  -0.55   0.02   0.13  -0.28   0.2    0.878][ 0.47  -0.461  0.08  -0.62   0.22   0.17  -0.97   0.03  -0.45   0.82
  0.72  -0.68  -0.9   -0.82   0.79  -0.47  -0.87   0.06   0.69  -0.15
 -0.08  -0.346  0.75   0.17  -0.98  -0.94   0.73  -0.28  -0.13   0.16
 -0.62   0.42   0.36  -0.45  -0.72   0.61   0.75  -0.53   0.481  0.29
 -0.02   0.22  -0.1    0.47  -0.75  -0.07   0.5    0.63  -0.121 -0.85
  0.65  -0.26  -0.16   0.2   -0.45   0.81  -0.27  -1.594 -0.69   0.85
  1.155  0.21   0.17   0.02  -0.62   0.68  -0.77  -0.38   0.74   0.2
  0.62   0.09  -0.03   0.458 -0.98   0.05  -0.48   1.584  0.2    0.35
 -0.12  -0.77   0.94  -0.65  -0.55   0.02   0.13   0.07   0.2    0.13 ][ 0.47  -0.59   0.75  -0.62   0.22   0.81  -0.97   0.03  -0.01   0.82
  0.923 -0.68  -0.9   -0.82   0.79  -0.47  -0.87   0.06   0.76  -0.15
 -0.08   0.55   0.75   0.17  -0.98  -0.94   0.73  -0.28   0.51   0.16
 -0.62   0.42   0.36  -0.45  -0.72   0.225  0.75  -1.526  0.481  0.29
  0.155  0.22  -0.1    0.3   -0.75  -0.07   0.5    0.63  -0.121 -1.012
  0.65  -0.26  -0.16   0.2   -0.45   0.31  -0.27  -0.84  -0.69   0.85
 -0.82  -0.3    0.46   0.02  -0.62   0.68   0.013 -0.38  -0.55  -0.055
  0.62  -0.5   -0.03   0.18  -0.98   0.05  -0.48   1.584  0.2    0.35
 -0.75  -0.77   0.94  -0.65  -0.55   0.02   0.13  -0.28   0.2    0.548][ 0.47  -0.461  0.75  -0.62   0.22   0.17  -0.91   0.03  -0.967  0.82
  0.923 -0.68   0.92  -0.82   0.79  -0.47  -0.87   0.06   0.69  -0.15
 -0.08  -0.346  0.75   0.17  -0.269 -0.94   0.73  -0.28   0.465  0.16
  0.95   0.42   0.36  -0.45  -0.72   0.61   0.75  -0.53  -0.8    0.29
 -0.02   0.22   0.1    0.3   -0.75  -0.07   0.5    0.63  -0.121 -0.85
  0.65  -0.384 -0.16   0.2   -0.45   0.81  -0.27  -0.84  -0.69   0.85
 -0.82  -0.3    0.46   0.02  -0.62   0.68  -0.81  -0.38  -0.55   0.2
  0.62   0.09  -0.03  -0.37  -1.67   0.05  -0.48   1.584  0.2    0.35
 -0.75  -0.14   0.94  -0.65  -0.55   0.02   0.13  -0.28   0.2    0.13 ][ 0.47  -0.59   0.75  -0.62  -0.96   0.17  -0.97   0.03  -1.251  0.82
  0.27  -0.68  -0.9   -0.82   0.79  -0.47  -0.87   0.06   0.76   0.05
 -0.08   0.55   0.965  0.17  -0.269 -0.94   0.73  -0.28  -0.13   0.16
  0.95   0.42   0.36  -0.45  -0.79   0.61   0.75  -0.671  0.65   0.29
 -0.02   0.851  0.1    0.3    0.66  -0.07   0.5    0.63  -0.121 -0.85
  0.65  -0.384 -0.16   0.2   -0.45  -0.02  -0.27  -0.84  -0.69   0.85
  0.66  -0.42   0.17   0.02  -0.62   0.68  -0.77  -0.38  -0.55  -0.055
  0.62  -0.5   -0.03  -0.37  -0.98   0.05  -0.48   0.56   0.2    0.35
 -0.75  -0.14   1.036 -0.65  -0.55   0.02   0.13  -0.28   0.2    0.878][ 4.7000000e-01 -5.9000000e-01  7.5000000e-01 -6.2000000e-01
 -9.6000000e-01  1.7000000e-01 -9.1000000e-01  3.0000000e-02
 -1.0000000e-02  8.2000000e-01  2.7000000e-01 -6.8000000e-01
  9.2000000e-01 -8.2000000e-01  7.9000000e-01 -4.7000000e-01
 -1.2900000e-01  8.8817842e-16  7.6000000e-01  5.0000000e-02
 -8.0000000e-02 -3.4600000e-01  7.5000000e-01  1.7000000e-01
 -2.6900000e-01 -9.4000000e-01  7.3000000e-01 -2.8000000e-01
  4.6500000e-01  1.6000000e-01  9.5000000e-01  4.2000000e-01
  3.6000000e-01 -4.5000000e-01 -7.9000000e-01  6.1000000e-01
  7.5000000e-01 -5.3000000e-01 -8.0000000e-01  2.9000000e-01
 -2.0000000e-02  8.5100000e-01  1.0000000e-01  3.0000000e-01
 -7.5000000e-01 -7.0000000e-02 -1.3060000e+00  6.3000000e-01
  7.3000000e-01 -1.0120000e+00  6.1400000e-01 -3.8400000e-01
 -1.6000000e-01  2.0000000e-01 -4.5000000e-01  3.1000000e-01
 -2.7000000e-01 -8.4000000e-01 -6.9000000e-01  8.5000000e-01
 -8.2000000e-01 -3.0000000e-01  1.7000000e-01  2.0000000e-02
 -6.2000000e-01  6.8000000e-01 -7.7000000e-01 -3.8000000e-01
 -5.5000000e-01 -5.5000000e-02  6.2000000e-01  9.0000000e-02
 -3.0000000e-02 -3.7000000e-01 -9.8000000e-01  5.0000000e-02
 -4.8000000e-01  5.6000000e-01  2.0000000e-01  2.0000000e-01
 -7.5000000e-01 -1.4000000e-01  1.0360000e+00 -6.5000000e-01
 -5.5000000e-01  2.0000000e-02  1.3000000e-01 -2.8000000e-01
  2.0000000e-01  3.1100000e-01][ 0.47  -0.59   0.08  -1.232 -0.96   0.17  -0.91   0.03  -0.967  0.82
  0.923 -0.68   0.92  -0.82   0.79  -0.47  -0.87   0.06   0.76  -0.15
 -0.08   0.55   0.965  0.17  -0.98  -0.94   0.73  -0.28  -0.13   0.16
  0.95   0.42   0.36  -0.45  -0.72   0.61   0.75  -0.53   0.65   0.29
 -0.02   0.851  0.1    0.3   -0.75  -0.07   0.5    0.63  -0.121 -0.112
  0.65  -0.26  -0.16   0.2   -0.45   0.81  -0.27  -0.84  -0.69   0.85
 -0.82   0.21   0.17   0.02  -0.62   0.68  -0.77  -0.38  -0.55  -0.16
  0.62   0.09  -0.03   0.18  -0.98   0.05  -0.48   1.584  0.2    0.35
 -0.75  -0.14   1.036 -0.65  -0.55   0.02   0.13   0.07   0.2    0.878][ 0.47  -0.461  0.75  -0.62  -0.96   0.17  -0.97   0.03  -0.01   0.82
  0.72  -0.68   0.92  -0.82   0.79  -0.47  -0.87   0.06   0.69  -0.15
 -0.08   0.55   0.75   0.17  -0.269 -0.94   0.73  -0.28   0.51   0.16
  0.95   0.42   0.36  -0.45  -0.79   0.61   0.75  -0.53   0.65   0.29
 -0.02   0.22   0.1    0.3    0.66  -0.07   0.5    0.63   0.73  -0.85
  0.65  -0.26  -0.16   0.2   -0.45   0.81  -0.27  -1.594 -0.704  0.85
  0.521  0.21   0.17   0.02  -0.62   0.68  -0.77  -0.031 -0.55   0.2
  0.62   0.09  -0.03   0.458 -0.98   0.05  -0.48   0.56   0.2    0.35
 -0.75  -0.14   1.036 -0.65  -0.55   0.02   0.13  -0.28   0.2    0.878][ 0.47  -0.59   0.08  -0.62   0.22   0.17  -0.97   0.03  -0.01   0.82
  0.923 -0.68   0.92  -0.82   0.79  -0.47  -0.87   0.06   0.69  -0.15
 -0.08  -1.097  0.75   0.17  -0.269 -0.94   0.73  -0.28   0.51   0.16
 -0.62   0.42   0.36  -0.45  -0.79   0.61   0.75  -0.53  -0.8    0.29
 -0.02   0.22   0.94   0.3   -0.75  -0.07   0.5    0.63  -0.121 -0.85
  0.65  -0.26  -0.16   0.2   -0.45   0.81  -0.27  -0.84  -0.69   0.85
 -0.82   0.21   0.46   0.02  -0.62   0.68  -0.81  -0.38  -0.55   0.2
  0.62  -0.5   -0.03  -0.37  -0.98   0.05  -0.48   1.584  0.2    0.35
 -0.75  -0.14   0.94  -0.65  -0.55   0.02   0.13  -0.28   0.2    0.163][ 4.7000000e-01  1.7300000e-01  8.0000000e-02 -6.2000000e-01
 -9.6000000e-01  1.7000000e-01 -9.1000000e-01  3.0000000e-02
 -1.0000000e-02  8.2000000e-01  2.7000000e-01 -6.8000000e-01
  9.2000000e-01 -8.2000000e-01  7.9000000e-01 -4.7000000e-01
 -1.2900000e-01  8.8817842e-16  7.6000000e-01 -1.5000000e-01
 -8.0000000e-02 -3.4600000e-01  7.5000000e-01  1.7000000e-01
 -2.6900000e-01 -9.4000000e-01  7.3000000e-01 -2.8000000e-01
  5.1000000e-01  1.6000000e-01 -6.2000000e-01  4.2000000e-01
  3.6000000e-01 -4.5000000e-01 -7.9000000e-01  6.1000000e-01
  7.5000000e-01 -5.3000000e-01 -1.1810000e+00  2.9000000e-01
 -2.0000000e-02  2.2000000e-01 -1.0000000e-01  3.0000000e-01
 -7.5000000e-01 -7.0000000e-02 -1.3060000e+00  6.3000000e-01
 -1.2100000e-01 -8.5000000e-01  6.5000000e-01 -2.6000000e-01
  7.3000000e-01  2.0000000e-01 -4.5000000e-01 -2.0000000e-02
 -2.7000000e-01 -8.4000000e-01 -6.9000000e-01  8.5000000e-01
  5.2100000e-01 -4.2000000e-01  1.7000000e-01  6.3000000e-01
 -6.2000000e-01  7.6000000e-01 -7.7000000e-01 -3.8000000e-01
 -5.5000000e-01  2.0000000e-01  1.3780000e+00 -5.0000000e-01
 -3.0000000e-02 -3.7000000e-01 -9.8000000e-01  5.0000000e-02
 -4.8000000e-01  5.6000000e-01  2.0000000e-01  3.5000000e-01
 -7.5000000e-01 -1.4000000e-01  1.0360000e+00 -6.5000000e-01
 -5.5000000e-01  2.0000000e-02  1.3000000e-01 -2.8000000e-01
  2.0000000e-01  1.3000000e-01][ 0.47  -0.59   0.75  -0.62   0.22   0.81  -0.91   0.03  -0.45   0.82
  0.923 -0.68  -0.9   -0.82   0.79  -0.47  -0.87   0.06   0.76  -0.15
 -0.08  -0.346  0.75   0.17  -0.269 -0.94   0.73  -0.28  -0.13   0.16
 -0.62   0.42   0.36  -0.45  -0.72   0.61   0.75  -0.53  -0.8    0.29
 -0.02   0.22   0.1    0.3   -0.75  -0.07  -1.306  0.63  -0.121 -1.012
  0.65  -0.26  -0.16   0.2   -0.45   0.948 -0.27  -0.84  -0.69   0.85
 -0.82  -0.3    0.17   0.02  -0.62   0.68   0.013 -0.38  -0.55   0.2
  0.62  -0.802 -0.03   0.18  -0.98   0.05  -0.48   0.56   0.2    0.35
 -0.75  -0.77   1.036 -0.65  -0.55   0.02   0.13   0.07   0.2    0.13 ][ 0.47  -0.59   0.08  -0.62  -0.96   0.17  -0.91   0.03  -0.01   0.82
  0.923 -0.68   0.92  -0.82   0.79  -0.47  -0.87   0.06   0.76  -0.15
 -0.08  -1.097  0.75   0.17  -0.269 -0.94   0.73  -0.28  -0.13   0.16
  0.95   0.42   0.36  -0.45  -0.79   0.61   0.75  -0.53  -0.8   -0.413
 -0.02   0.22   0.1    0.3   -0.75  -0.07   0.5    0.63  -0.121 -0.85
  0.65  -0.26  -0.16   0.2   -0.45   0.31  -0.27  -0.84  -0.69   0.85
 -0.82  -0.3    0.17   0.63  -0.62   0.68  -0.81  -0.38  -0.55  -0.055
  0.62  -0.5   -0.03  -0.37  -0.98   0.05  -0.48   1.584  0.2    0.35
 -0.75  -0.14   0.94  -0.65  -0.55   0.02   0.13  -0.28   0.2    0.548][ 0.47  -0.59   0.75  -0.62   0.22   0.81  -0.91   0.03  -0.01   0.82
  0.923 -0.68  -0.9   -0.82   0.79  -0.47  -0.87   0.06   0.69  -0.15
 -0.08  -1.097  0.75   0.17  -0.98  -0.94   0.73  -0.28   0.51   0.16
 -0.62   0.42   0.36  -0.45  -0.72   0.61   0.75  -0.53   0.481  0.29
 -0.02   0.22  -0.1    0.47  -0.75  -0.07   0.5    0.63  -0.121 -0.85
  0.65  -0.384 -0.16   0.2   -0.45   0.948 -0.27  -0.84   0.053  0.85
 -0.82  -0.3    0.46   0.63  -0.62   0.68  -0.81  -0.38  -0.55   0.2
  0.62  -0.5   -0.03   0.18  -0.98   0.05  -0.48   1.584  0.2    0.35
 -0.12  -0.77   0.94  -0.65  -0.55   0.02   0.13  -0.28   0.2    0.13 ][ 0.47  -0.59   0.08  -0.62  -0.96   0.17  -0.91   0.03  -0.01   0.82
  0.923 -0.68   0.92  -1.397  0.79  -0.47  -0.87   0.06   0.76  -0.15
 -0.08  -1.097  0.75   0.17  -0.269 -0.94   0.73  -0.28  -0.13   0.16
 -0.62   0.42   0.36  -0.45  -0.72   0.61   0.75  -0.53  -0.8    0.29
 -0.02   0.22   0.1    0.3   -0.75  -0.07   0.5    0.63  -0.121 -0.85
  0.65  -0.384 -0.16   0.2   -0.45   0.31  -0.27  -0.84  -0.737  0.85
 -0.82   0.21   0.17   0.63  -0.62   0.68  -0.81  -0.38  -0.55  -0.055
  0.62  -0.5   -0.03  -0.37  -0.98   0.05  -0.48   1.584  0.2    0.35
 -0.75  -0.77   0.94  -0.65  -0.55   0.02   0.13  -0.28   0.2    0.548][ 0.47  -0.461  0.75  -0.62   0.22   0.81  -0.91   0.03  -0.45   0.82
  0.923 -0.68  -0.9   -0.82   0.79  -0.47  -0.87   0.06   0.69  -0.15
 -0.08   0.55   0.75   0.17  -0.269 -0.94   0.73  -0.28  -0.13   0.16
 -0.62   0.42   0.36  -0.45  -0.72   0.61   0.75  -0.53  -0.8    0.29
 -0.02   0.22  -0.1    0.47  -0.75  -0.07   0.5    0.63  -0.121 -0.85
  0.65  -0.26  -0.16   0.2   -0.45   0.31  -0.27  -0.84  -0.625  0.85
  0.521  0.21   0.46   0.02  -0.62   0.68  -0.81  -0.38  -0.55   0.2
  0.62  -0.5   -0.03  -0.37  -0.98   0.05  -0.48   1.584  0.2    0.35
 -0.12  -0.14   0.94  -0.65  -0.55   0.02   0.13   0.07   0.2    0.13 ][ 0.47  -0.461  0.75  -0.62   0.22   0.17  -0.91   0.03  -0.01   0.82
  0.923 -0.68   0.92  -0.82   0.79  -0.47  -0.87   0.06   0.69  -0.15
 -0.08  -0.346  0.75   0.17  -0.269 -0.94   0.73  -0.28   0.465  0.16
 -0.62   0.42   0.36  -0.45  -0.79   0.61   0.75  -0.53  -0.8    0.29
 -0.02   0.22   0.94   0.3   -0.75  -0.07   0.5    0.63  -0.121 -0.85
  0.65  -0.384 -0.16   0.2   -0.112  0.81  -0.27  -1.594 -0.69   0.85
  0.521  0.21   0.17   0.02  -0.62   0.68  -0.81  -0.031 -0.55   0.2
  0.62   0.09  -0.03   0.458 -0.98   0.05  -0.48   1.584  0.2    0.35
 -0.75  -0.14   0.94  -0.65  -0.55   0.02   0.13  -0.28   0.2    0.548][ 0.47  -0.59   0.75  -0.62  -0.96   0.17  -0.97   0.03  -0.01   0.82
  0.923 -0.68  -0.9   -0.82   0.79  -0.47  -0.87   0.06   0.69  -0.15
 -0.08  -1.097  0.75   0.17  -0.269 -0.94   0.73  -0.28  -0.13   0.902
  0.95   0.42   0.36  -0.45  -0.72   0.61   0.75  -0.53  -0.8    0.29
 -0.02   0.22   0.1    0.3   -0.75  -0.07  -1.306  0.63  -0.121 -0.85
  0.614 -0.26  -0.16   0.2   -0.45   0.81  -0.27  -0.84  -0.69   0.85
 -0.82  -0.3    0.46   0.02  -0.62   0.68  -0.77  -0.38  -0.55   0.2
  0.62  -0.5   -0.645 -0.37  -0.98   0.05  -0.48   0.56   0.2    0.35
 -0.75  -0.77   1.036 -0.65  -0.55   0.02   0.13  -0.28   0.2    0.878][ 0.47  -0.59   0.75  -0.62  -0.96   0.17  -0.91   0.03  -0.01   0.82
  0.72  -0.68   0.92  -0.82   0.79  -0.47  -0.87   0.06   0.69  -0.15
 -0.08  -0.346  0.75   0.17  -0.269 -0.94   0.73  -0.28   0.465  0.16
 -0.62   0.42   0.36  -0.45  -0.79   0.61   0.75  -0.53  -0.8    0.29
 -0.02   0.22   0.94   0.3   -0.75  -0.07   0.5    0.63  -0.121 -0.85
  0.65  -0.384 -0.16   0.2   -0.45   0.31  -0.27  -0.84  -0.69   0.85
 -0.82   0.21   0.46   0.63  -1.177  0.68  -0.81  -0.031 -0.55   0.2
  0.62   0.09  -0.03  -0.37  -0.98   0.05  -0.48   1.584  0.2    0.35
 -0.75  -0.14   0.94  -0.65  -0.55   0.02   0.13  -0.28   0.2    0.13 ][ 0.47  -0.59   0.75  -0.62  -0.96   0.957 -0.91   0.03  -0.01   0.82
  0.27  -0.75  -0.9   -0.82   0.79  -0.47  -0.87   0.06   0.69   0.05
 -0.08   0.55   0.75   0.17  -0.98  -0.94   0.73  -0.28   0.51   0.16
 -0.62   0.42   0.36  -0.45  -0.79   0.61   0.75  -0.53   0.65   0.29
 -0.02   0.22   0.1    0.47   0.66  -0.07  -1.306  0.63   0.73  -0.85
  0.65  -0.26  -0.16   0.2   -0.45   0.948 -0.27  -0.84  -0.69   0.85
  0.521  0.21   0.17   0.02  -0.62   0.76   0.013 -0.38   0.74  -0.055
  0.62  -0.5   -0.03  -0.37  -0.98   0.05  -0.48   1.584  0.2    0.2
 -0.12  -0.14   0.94  -0.65  -0.55   0.02   0.13   0.07   0.2    0.13 ][ 0.47  -0.461  0.75  -0.62  -0.96   0.17  -0.97   0.03  -0.967  0.82
  0.72  -0.68   0.92  -0.82   0.79  -0.47  -0.87   0.06   0.76  -0.15
 -0.08  -0.346  0.75   0.17  -0.269 -0.94   0.73  -0.28  -0.13   0.16
 -0.62   0.42   0.36  -0.45  -0.72   0.61   0.75  -0.53   0.65   0.29
 -0.02   0.22   0.1    0.3   -0.75  -0.07  -1.306  0.63  -0.121 -0.85
  0.65  -0.26  -0.16   0.2   -0.45   0.81  -0.312 -0.84  -0.69   0.85
  0.521  0.21   0.17   0.02  -0.62   0.68  -0.77  -0.031 -0.55   0.2
  0.62   0.09  -0.03  -0.37  -0.98   0.05  -0.48   1.584  0.2    0.35
 -0.75  -0.77   0.94  -0.65  -0.55   0.02   0.13  -0.28   0.2    0.13 ][ 0.47  -0.461  0.08  -0.62  -0.96   0.17  -0.97   0.03  -0.01   0.82
  0.72  -0.68   0.92  -0.82   0.79  -0.47  -0.129  0.06   0.69  -0.15
 -0.08  -0.346  1.581  0.17  -0.269 -0.94   0.73  -0.156  0.51   0.16
 -0.62   0.42   0.36  -0.45  -0.79   0.61   0.75  -0.53  -0.8    0.29
 -0.02   0.22   0.94   0.3   -0.75  -0.07   0.5    0.63  -0.121 -0.85
  0.65  -0.26  -0.16   0.2   -0.45   0.81  -0.27  -0.84  -0.69   0.85
  0.521  0.471  0.17   0.02  -0.62   0.68  -0.77  -0.031 -0.55  -0.055
  0.62   0.09  -0.03   0.458 -0.98   0.05  -0.48   0.56   0.2    0.35
 -0.75  -0.14   0.94  -0.65  -0.55   0.02   0.13  -0.28   0.2    0.13 ][ 0.47  -0.59   0.08  -0.62  -0.96   0.17  -0.97   0.03  -0.967  0.82
  0.72  -0.68   0.92  -0.82   0.79  -0.47  -0.87   0.06   0.69  -0.15
 -0.08  -0.346  0.75   0.17  -0.269 -0.94   0.73  -0.28   0.465  0.16
  0.95   0.42   0.36  -0.45  -0.79   0.61   0.75  -0.53  -0.8    0.29
 -0.02   0.22   0.1   -0.028 -0.75  -0.07   0.5    0.63  -0.121 -0.85
  0.65  -0.26  -0.16   0.2   -0.45   0.81  -0.27  -1.594 -0.69   0.85
  0.521 -0.42   0.17   0.02  -0.62   0.68  -0.77  -0.031 -0.55   0.2
  0.62   0.09  -0.03   0.458 -0.98   0.05  -0.48   1.584  0.2    0.35
 -0.75  -0.77   1.036 -0.65  -0.55   0.02   0.13  -0.28   0.2    0.878][ 0.47  -0.59   0.75  -0.62   0.22   0.17  -0.91   0.03  -0.01   0.82
  0.72  -0.68   0.92  -0.82   0.79  -0.47  -0.87   0.06   0.69  -0.15
 -0.08  -0.346  0.75   0.17  -0.98  -0.94   0.73  -0.28   0.465  0.16
  0.95   0.42   0.36  -0.45  -0.79   0.61   0.75  -0.53   0.65   0.29
 -0.02   0.22   0.1    0.3   -0.75  -0.07  -1.306  0.63  -0.121 -0.85
  0.614 -0.26  -0.16   0.2   -0.45   0.31  -0.27  -0.84  -0.69   0.85
 -0.82  -0.3    0.17   0.02  -0.62   0.68  -0.77  -0.38  -0.55   0.2
  0.62   0.09  -0.518 -0.37  -0.98   0.05  -0.48   1.584  0.2    0.35
 -0.75  -0.14   0.94  -0.65  -0.55   0.02   0.13  -0.28   0.2    0.548][ 0.47  -0.59   0.75  -0.757 -0.96   0.17  -0.91   0.03  -1.251  0.82
  0.923 -0.68  -0.9   -0.82   0.79  -0.47  -0.87   0.06   0.76  -0.15
 -0.08   0.55   0.75   0.17  -0.98  -0.94   0.73  -0.28  -0.13   0.16
 -0.62   0.42   0.36  -0.45  -0.79   0.61   0.75  -0.53   0.65   0.29
 -0.02   0.22  -0.1    0.47   0.66  -0.07   0.5    0.63  -0.121 -1.012
  0.65  -0.384 -0.16   0.2   -0.45  -0.02  -0.27  -0.84  -0.69   0.85
 -0.82   0.21   0.17   0.63  -0.62   0.68   0.013 -0.38   0.74  -0.055
  0.62  -0.5   -0.03  -0.37  -0.98   0.05  -0.48   0.56   0.2    0.35
 -0.12  -0.77   0.94  -0.65  -0.55   0.02   0.13  -0.28   0.2    0.878][ 0.47  -0.59   0.75  -0.62  -0.96   0.17  -0.91   0.03  -0.967  0.82
  0.72  -0.68   0.92  -0.82   0.79  -0.47  -0.87   0.06   0.69  -0.15
 -0.08  -0.346  0.75   0.17  -0.98  -0.94   0.73  -0.28   0.465  0.16
 -0.62   0.42   0.36  -0.45  -0.72   0.61   0.75  -0.53   0.65   0.29
 -0.02   0.22   0.1    0.3   -0.75  -0.07   0.5    0.63  -0.121 -0.85
  0.65  -0.26  -0.16   0.2   -0.45   0.81  -0.27  -1.594 -0.69   0.85
  0.521  0.21   0.17   0.02  -0.62   0.68  -0.77  -0.38  -0.55   0.2
 -0.096  0.09  -0.03  -0.37  -0.98   0.05  -0.48   1.584  0.2    0.35
 -0.75  -0.14   0.94  -0.65  -0.55   0.02   0.13  -0.28   0.2    0.13 ][ 0.47  -0.59   0.75  -0.62  -0.96   0.17  -0.91   0.03  -0.01   0.82
  0.27  -0.75   0.92  -0.82   0.79  -0.47  -0.87   0.06   0.76   0.05
 -0.08  -0.346  0.75   0.17  -0.269 -0.94   0.73  -0.28  -0.13   0.16
  0.95   0.42   0.36  -0.45  -0.72   0.61   0.75  -0.53   0.65   0.29
 -0.02   0.22   0.1    0.3   -0.75  -0.07   0.5    0.63  -0.121 -0.85
  0.65  -0.384 -0.16   0.2   -0.45   0.81  -0.27  -0.84  -0.69   0.85
 -0.82  -0.606  0.17   0.02  -0.62   0.76  -0.77  -0.38  -0.55   0.2
  0.62   0.09  -0.03  -0.37  -0.98   0.05  -0.48  -0.032  0.2    0.2
 -0.75  -0.77   1.036 -0.65  -0.55   0.02   0.13  -0.28   0.2    0.878][ 0.47  -0.59  -0.031 -0.62   0.22   0.81  -0.91   0.03  -0.01   0.82
  0.72  -0.68   0.92  -0.82   0.79  -0.47  -0.87   0.06   0.76  -0.15
 -0.08   0.55   0.75   0.17  -0.98  -0.94   0.73  -0.28  -0.13   0.16
 -0.62   0.42   0.36  -0.45  -0.72   0.61   0.75  -0.53   0.65   0.29
 -0.02   0.22  -0.1    0.3   -0.75  -0.07  -1.306  0.63  -0.121 -0.85
  0.614 -0.26  -0.16   0.2   -0.45   0.948 -0.27  -0.84  -0.69   0.85
 -0.82   0.21   0.17   0.02  -0.62   0.68   0.013 -0.38  -0.55   0.2
  0.62   0.09  -0.03  -0.37  -0.98   0.05  -0.48   1.584  0.2    0.35
 -0.12  -0.77   0.94  -0.65  -0.55   0.02   0.13  -0.28   0.2    0.878][ 0.47   0.124  0.08  -0.62  -0.96   0.17  -0.97   0.03  -0.967  0.82
  0.27  -0.75  -0.9   -0.82   0.79  -0.47  -0.129  0.06   0.76  -0.15
 -0.08  -0.346  0.75   0.17  -0.269 -0.94   0.73  -0.28   0.465  0.16
 -0.62   0.42   0.36  -0.45  -0.79   0.61   0.75  -0.53   0.65   0.29
 -0.02   0.22  -0.1    0.3    0.66  -0.07   0.5    0.63  -0.121 -0.85
  0.614 -0.26   0.73   0.2   -0.45  -0.02  -0.27  -0.84  -0.69   0.85
  0.521 -0.42   0.17   0.63  -0.62   0.68  -0.77  -0.031 -0.55  -0.055
  0.62   0.09  -0.03   0.458 -0.98   0.05  -0.48   1.584  0.2    0.35
 -0.75  -0.14   1.287 -0.65  -0.55   0.02   0.13  -0.28   0.2    0.13 ][ 0.47  -0.461  0.08  -0.62  -0.96   0.17  -0.97   0.03  -0.967  0.82
  0.923 -0.68   0.92  -1.397  0.79  -0.47  -0.87   0.06   0.76  -0.15
 -0.08  -0.346  0.75  -0.205 -0.269 -0.94   0.73  -0.28  -0.13   0.16
 -0.62   0.42   0.36  -0.45  -0.72   0.61   0.75  -0.53  -0.8    0.29
 -0.02   0.22   0.94   0.3   -0.75  -0.07   0.5    0.63  -0.121 -0.85
  0.65  -0.26  -0.16   0.2   -0.45   0.31  -0.27  -0.84  -0.69   0.85
  0.521  0.21   0.17   0.02  -0.62   0.68  -0.77  -0.38  -0.55   0.2
  0.62  -0.5   -0.03  -0.37  -0.98   0.05  -0.48   1.584  0.2    0.35
 -0.75  -0.14   1.036 -0.65  -0.55   0.02   0.13  -0.28   0.2    0.13 ][ 4.7000000e-01 -5.9000000e-01  8.0000000e-02 -1.0370000e+00
 -9.6000000e-01  1.7000000e-01 -9.7000000e-01  3.0000000e-02
 -4.5000000e-01  8.2000000e-01  7.2000000e-01 -6.8000000e-01
  9.2000000e-01 -8.2000000e-01  7.9000000e-01 -4.7000000e-01
 -1.2900000e-01  8.8817842e-16  6.9000000e-01  5.0000000e-02
 -8.0000000e-02  5.5000000e-01  7.5000000e-01  1.7000000e-01
 -2.6900000e-01 -9.4000000e-01  7.3000000e-01 -2.8000000e-01
  5.1000000e-01  1.6000000e-01  9.5000000e-01  4.2000000e-01
  3.6000000e-01 -4.5000000e-01 -7.9000000e-01  6.1000000e-01
  7.5000000e-01 -5.3000000e-01  6.5000000e-01  2.9000000e-01
 -2.0000000e-02  2.2000000e-01 -1.0000000e-01  3.0000000e-01
  6.6000000e-01 -7.0000000e-02  5.0000000e-01  6.3000000e-01
 -1.2100000e-01 -8.5000000e-01  6.5000000e-01 -3.8400000e-01
 -1.6000000e-01  2.0000000e-01 -4.5000000e-01  8.1000000e-01
 -2.7000000e-01 -3.3600000e-01 -6.9000000e-01  1.2030000e+00
 -8.2000000e-01 -4.2000000e-01  1.7000000e-01  2.0000000e-02
 -6.2000000e-01  7.6000000e-01 -7.7000000e-01 -3.8000000e-01
 -5.5000000e-01  2.0000000e-01  6.2000000e-01 -5.0000000e-01
 -3.0000000e-02  1.8000000e-01 -9.8000000e-01  5.0000000e-02
 -4.8000000e-01  5.6000000e-01  2.0000000e-01  3.5000000e-01
 -7.5000000e-01 -7.7000000e-01  1.0360000e+00 -6.5000000e-01
 -5.5000000e-01  2.0000000e-02  1.3000000e-01 -2.8000000e-01
  2.0000000e-01  1.3000000e-01][ 0.47  -0.461  0.08  -0.62  -0.96   0.17  -0.97   0.03  -0.967  0.82
  0.923 -0.68   0.92  -1.397  0.79  -0.47  -0.87   0.06   0.69  -0.15
 -0.08  -0.346  0.75   0.17  -0.269 -0.94   0.73  -0.28   0.465  0.16
 -0.62   0.42   0.36  -0.45  -0.72   0.61   0.75  -0.53  -0.8    0.29
 -0.02   0.22   0.94   0.3   -0.75  -0.07   0.5    0.63  -0.121 -0.85
  0.65  -0.26  -0.16   0.2   -0.45   0.31  -0.27  -1.594 -1.519  0.85
  0.521  0.21   0.17   0.02  -0.62   0.68  -0.77  -0.031 -0.55   0.2
  0.62   0.09  -0.03   0.458 -0.98   0.05  -0.48   1.584  0.2    0.35
 -0.75  -0.14   1.036 -0.65  -0.55   0.02   0.13  -0.28   0.2    0.13 ][ 4.7000000e-01 -5.9000000e-01  7.5000000e-01 -6.2000000e-01
 -9.6000000e-01  1.7000000e-01 -9.1000000e-01  3.0000000e-02
 -1.0000000e-02  8.2000000e-01  9.2300000e-01 -7.5000000e-01
  9.2000000e-01 -8.2000000e-01  7.9000000e-01 -4.7000000e-01
 -8.7000000e-01  8.8817842e-16  7.6000000e-01  5.0000000e-02
 -8.0000000e-02 -1.0970000e+00  7.5000000e-01  1.7000000e-01
 -2.6900000e-01 -9.4000000e-01  7.3000000e-01 -2.8000000e-01
  5.1000000e-01  1.6000000e-01  9.5000000e-01  4.2000000e-01
  3.6000000e-01 -4.5000000e-01 -7.9000000e-01  6.1000000e-01
  7.5000000e-01 -5.3000000e-01  6.5000000e-01  2.9000000e-01
 -2.0000000e-02  2.2000000e-01  1.0000000e-01  3.0000000e-01
 -1.2320000e+00 -7.0000000e-02  5.0000000e-01  6.3000000e-01
 -1.2100000e-01 -8.5000000e-01  6.5000000e-01 -3.8400000e-01
  7.3000000e-01  2.0000000e-01 -4.5000000e-01 -2.0000000e-02
 -2.7000000e-01 -8.4000000e-01 -6.9000000e-01  8.5000000e-01
 -8.2000000e-01 -3.0000000e-01  1.7000000e-01  6.3000000e-01
 -6.2000000e-01  6.8000000e-01 -8.1000000e-01 -3.8000000e-01
 -5.5000000e-01 -5.5000000e-02  6.2000000e-01 -5.0000000e-01
 -3.0000000e-02 -3.7000000e-01 -9.8000000e-01  5.0000000e-02
 -4.8000000e-01  5.6000000e-01  2.0000000e-01  2.0000000e-01
 -7.5000000e-01 -7.7000000e-01  9.4000000e-01 -6.5000000e-01
 -5.5000000e-01  2.0000000e-02  1.3000000e-01 -2.8000000e-01
  2.0000000e-01  8.7800000e-01][ 0.47  -0.461  0.75  -0.62  -0.96   0.17  -0.91   0.03  -0.01   0.82
  0.27  -0.75   0.92  -0.82   0.79  -0.47  -0.87   0.06   0.76   0.05
 -0.08  -0.346  0.75   0.17  -0.269 -0.94   0.73  -0.28   0.51   0.16
 -0.62   0.42   0.36  -0.45  -0.79   0.61   0.75  -0.53  -0.8    0.29
 -0.02   0.851  0.94   0.3    0.66  -0.07   0.5    0.63   0.73  -0.751
  0.65  -0.384  0.73   0.2   -0.45  -0.02  -0.27  -0.336 -0.69   0.85
  0.521 -0.42   0.17   0.63  -0.62   0.68  -0.77  -0.38  -0.55  -0.16
  0.62   0.09  -0.03   0.458 -0.98   0.05  -0.48   0.56   0.2    0.35
 -0.75  -0.14   1.036 -0.65  -0.55   0.02   0.13  -0.28   0.2    0.13 ][ 4.7000000e-01 -5.9000000e-01  7.5000000e-01 -1.4580000e+00
 -9.6000000e-01  1.7000000e-01 -9.7000000e-01  3.0000000e-02
 -1.0000000e-02  8.2000000e-01  7.2000000e-01 -6.8000000e-01
  9.2000000e-01 -8.2000000e-01  7.9000000e-01 -4.7000000e-01
 -8.7000000e-01  8.8817842e-16  7.6000000e-01 -1.5000000e-01
 -8.0000000e-02 -3.4600000e-01  1.5810000e+00  1.7000000e-01
 -2.6900000e-01 -9.4000000e-01  7.3000000e-01 -2.8000000e-01
  5.1000000e-01  1.6000000e-01  9.5000000e-01  4.2000000e-01
  3.6000000e-01 -4.5000000e-01 -7.2000000e-01  6.1000000e-01
  7.5000000e-01 -5.3000000e-01  6.5000000e-01  2.9000000e-01
 -2.0000000e-02  8.5100000e-01  1.0000000e-01  3.0000000e-01
 -7.5000000e-01 -7.0000000e-02  5.0000000e-01  6.3000000e-01
 -1.2100000e-01 -8.5000000e-01  6.5000000e-01 -2.6000000e-01
  7.3000000e-01  2.0000000e-01 -4.5000000e-01  8.1000000e-01
 -2.7000000e-01 -8.4000000e-01 -6.9000000e-01  8.5000000e-01
 -8.2000000e-01 -6.0600000e-01  1.7000000e-01  2.0000000e-02
 -6.2000000e-01  6.8000000e-01 -7.7000000e-01 -3.8000000e-01
 -5.5000000e-01 -5.5000000e-02  6.2000000e-01  9.0000000e-02
 -3.0000000e-02  4.5800000e-01 -9.8000000e-01  5.0000000e-02
 -4.8000000e-01  5.6000000e-01  2.0000000e-01  3.5000000e-01
 -7.5000000e-01 -7.7000000e-01  9.4000000e-01 -6.5000000e-01
 -5.5000000e-01  2.0000000e-02  1.3000000e-01 -2.8000000e-01
  2.0000000e-01  1.3000000e-01][ 0.47  -0.59   0.75  -0.62  -0.96   0.17  -0.97   0.03  -0.01   0.82
  0.72  -0.68   0.92  -0.82   0.79  -0.47  -0.87   0.06   0.76  -0.15
 -0.08  -0.346  0.75   0.17  -0.269 -0.94   0.73  -0.28   0.465  0.16
  0.95   0.42   0.36  -0.45  -0.72   0.61   0.75  -0.53  -0.8    0.29
 -0.02   0.22   0.94   0.3   -0.75  -0.07   0.5    0.63  -0.121 -0.85
  0.65  -0.26  -0.16   0.2   -0.45   0.81  -0.27  -1.594 -0.69   0.85
  0.426  0.21   0.17   0.02  -0.62   0.68  -0.77  -0.38  -0.55   0.2
  0.62   0.09  -0.03  -0.37  -0.98   0.05  -0.48   0.56   0.2    0.35
 -0.75  -0.77   1.036 -0.65  -0.55   0.02   0.13  -0.28   0.2    0.878][ 0.47  -0.59   0.75  -0.62  -0.96   0.17  -0.91   0.03  -0.01   0.82
  0.923 -0.68   0.92  -0.82   0.283 -0.47  -0.87   0.06   0.76   0.05
 -0.08  -1.097  0.75   0.17  -0.269 -0.94   0.73  -0.28   0.51   0.16
  0.95   0.42   0.36  -0.45  -0.79   0.61   0.75  -0.53   0.65   0.29
 -0.02   0.851  0.1    0.3    0.66  -0.07   0.5    0.63  -0.121 -0.85
  0.65  -0.384  0.73   0.2   -0.45   0.31  -0.27  -0.84  -0.69   0.85
 -0.82  -0.3    0.46   0.63  -0.62   0.68  -0.77  -0.38  -0.55  -0.055
  0.62  -0.5   -0.03  -0.37  -0.98   0.05  -0.48   0.56   0.2    0.2
 -0.75  -0.77   0.94  -0.65  -0.55   0.02   0.13  -0.28   0.2    0.548][ 0.47  -0.59   0.75  -0.62  -0.96   0.17  -0.91   0.03  -0.967  0.82
  0.72  -0.68   0.92  -0.82   0.79  -0.47  -0.87   0.06   0.69  -0.15
 -0.08  -0.346  0.75   0.17  -0.269 -0.94   0.73  -0.28   0.465  0.16
  0.95   1.102  0.36  -0.45  -0.72   0.61   0.75  -0.53  -0.8    0.29
 -0.02   0.22   0.94   0.3   -0.75  -0.07   0.5    0.63  -0.121 -1.012
  0.65  -0.26  -0.16   0.2   -0.45   0.31  -0.27  -0.84  -0.69   0.85
 -0.82   0.21   0.17   0.02  -0.62   0.68  -0.77  -0.031 -0.55   0.2
  0.62  -0.5   -0.03  -0.37  -0.98   0.05  -0.48   1.584  0.2    0.35
 -0.75  -0.14   1.036 -0.65  -0.55   0.02   0.13  -0.28   0.2    0.13 ][ 0.47  -0.59   0.75  -0.62  -0.96   0.17  -0.91   0.03  -0.967  0.82
  0.27  -0.75  -0.9   -0.82   0.79  -0.47  -0.87   0.06   0.76   0.05
 -0.08   0.55   0.965  0.17  -0.98  -0.94   0.73  -0.28  -0.13   0.16
  0.95   0.42   0.36  -0.45  -0.79   0.61   0.75  -0.53   0.65   0.29
 -0.02   0.851  0.1    0.3    0.66  -0.07   0.5    0.63  -0.121 -1.012
  0.614 -0.384 -0.16   0.2   -0.45   0.81  -0.27  -1.594 -0.69   0.85
  0.66  -0.42   0.17   0.63  -0.62   0.68  -0.77  -0.38  -0.55  -0.16
  0.62  -0.5   -0.03  -0.37  -0.98   0.05  -0.48   0.56   0.2    0.35
 -0.75  -0.14   1.287 -0.65  -0.55   0.02  -0.624 -0.28   0.2    0.878][ 4.7000000e-01 -5.9000000e-01  7.5000000e-01 -6.2000000e-01
 -9.6000000e-01  1.7000000e-01 -9.7000000e-01  3.0000000e-02
 -1.0000000e-02  8.2000000e-01  7.2000000e-01 -7.5000000e-01
  9.2000000e-01 -8.2000000e-01  7.9000000e-01 -4.7000000e-01
 -1.2900000e-01  8.8817842e-16  6.9000000e-01 -1.5000000e-01
 -8.0000000e-02 -3.4600000e-01  1.5810000e+00  1.7000000e-01
 -2.6900000e-01 -9.4000000e-01  7.3000000e-01 -2.8000000e-01
  5.1000000e-01  1.6000000e-01  9.5000000e-01  4.2000000e-01
  3.6000000e-01 -4.5000000e-01 -7.2000000e-01  6.1000000e-01
  7.5000000e-01 -5.3000000e-01  6.5000000e-01  2.9000000e-01
 -2.0000000e-02  2.2000000e-01  1.0000000e-01  3.0000000e-01
 -7.5000000e-01 -7.0000000e-02 -1.3060000e+00  6.3000000e-01
 -1.2100000e-01 -8.5000000e-01  6.1400000e-01 -2.6000000e-01
 -1.6000000e-01  2.0000000e-01 -4.5000000e-01  8.1000000e-01
 -2.7000000e-01 -8.4000000e-01 -6.9000000e-01  8.5000000e-01
  5.2100000e-01 -6.0600000e-01  1.7000000e-01  2.0000000e-02
 -6.2000000e-01  6.8000000e-01 -7.7000000e-01 -3.8000000e-01
 -5.5000000e-01  1.8200000e-01  6.2000000e-01  9.0000000e-02
 -3.0000000e-02 -3.7000000e-01 -9.8000000e-01  5.0000000e-02
 -4.8000000e-01  5.6000000e-01  2.0000000e-01  3.5000000e-01
 -7.5000000e-01 -1.4000000e-01  1.0360000e+00 -6.5000000e-01
 -5.5000000e-01  2.0000000e-02  1.3000000e-01 -2.8000000e-01
  2.0000000e-01  8.7800000e-01]