[ 4.7000000e-01 -5.9000000e-01  7.5000000e-01 -6.2000000e-01
 -9.6000000e-01  1.7000000e-01 -9.1000000e-01  3.0000000e-02
 -1.0000000e-02  8.2000000e-01  2.7000000e-01 -7.5000000e-01
  9.2000000e-01 -8.2000000e-01  7.9000000e-01 -4.7000000e-01
 -1.2900000e-01  8.8817842e-16  7.6000000e-01  5.0000000e-02
 -8.0000000e-02  5.5000000e-01  7.5000000e-01  1.7000000e-01
 -2.6900000e-01 -9.4000000e-01  7.3000000e-01 -2.8000000e-01
  5.1000000e-01  1.6000000e-01  9.5000000e-01  4.2000000e-01
  3.6000000e-01 -4.5000000e-01 -7.9000000e-01  6.1000000e-01
  7.5000000e-01 -5.3000000e-01  6.5000000e-01  2.9000000e-01
 -2.0000000e-02  8.5100000e-01  1.0000000e-01  3.0000000e-01
  6.6000000e-01 -7.0000000e-02  5.0000000e-01  6.3000000e-01
  7.3000000e-01 -8.5000000e-01  6.5000000e-01 -3.8400000e-01
  7.3000000e-01  2.0000000e-01 -4.5000000e-01 -2.0000000e-02
 -2.7000000e-01 -3.3600000e-01 -6.9000000e-01  8.5000000e-01
  6.6000000e-01 -4.2000000e-01  1.7000000e-01  6.3000000e-01
 -6.2000000e-01  7.6000000e-01 -7.7000000e-01 -3.8000000e-01
 -5.5000000e-01 -1.6000000e-01  6.2000000e-01  9.0000000e-02
 -3.0000000e-02 -3.7000000e-01 -9.8000000e-01  5.0000000e-02
 -4.8000000e-01  5.6000000e-01  2.0000000e-01  2.0000000e-01
 -7.5000000e-01 -1.4000000e-01  1.0360000e+00 -6.5000000e-01
 -5.5000000e-01  2.0000000e-02  1.3000000e-01 -2.8000000e-01
  2.0000000e-01  8.7800000e-01], 512661094400, 57897156626.77333, 64, 22.866666666666667