[ 0.47  -0.27   0.75  -0.62  -0.96   0.17  -0.97   0.03  -0.01   0.82
  0.923 -0.68   0.92  -1.397  0.79  -1.127 -0.87   0.06   0.69  -1.136
 -0.08  -0.346  0.75   0.17  -0.269 -1.223  0.73  -0.531 -0.494  0.16
  0.642  1.102  0.36  -0.45  -0.72   0.665  0.75  -0.53  -0.8    0.29
 -0.02   0.198  0.666  0.3   -1.076 -0.07  -1.997  0.342 -0.121 -0.85
  0.65  -0.26  -0.16   0.2    0.347  0.81  -0.27  -1.247 -0.69  -0.141
 -0.82   0.21  -0.76   0.02  -0.62   0.68  -0.81  -0.031 -0.55   0.2
  0.62  -0.5   -0.03  -0.37  -0.98   0.05  -0.48   1.66   0.2    1.02
 -0.75  -0.14   1.439 -0.65  -0.55   0.02   0.13  -0.28   0.2    0.13 ][ 0.504 -0.59   0.75  -0.62   0.22   0.145 -0.97   0.03  -0.01   0.82
  0.923 -0.68   0.92  -1.397  0.79  -1.127 -0.87   0.06   0.69  -0.15
 -0.08  -0.346  0.75   0.17  -0.269 -0.94   0.73  -0.28  -0.257  0.16
  0.642  1.102  0.36  -0.45  -0.72   0.665  0.75  -0.53  -0.8    0.29
 -0.02   0.198  0.466  0.3   -1.076 -0.07  -1.088  0.63  -0.08  -0.85
  0.65  -0.26  -0.16   0.2   -0.361  0.81  -0.399 -1.247 -0.69  -0.141
 -0.82   0.21   0.17   0.02  -0.62   0.68  -0.81  -0.031 -0.55   0.2
  0.62  -0.5   -0.03  -0.37  -0.98   0.05  -0.48   1.584  0.2    1.02
 -0.75  -0.14   1.439 -0.65  -0.55   0.02   0.13  -0.28   0.2    0.13 ][ 0.47  -0.59   0.75  -0.62  -0.96   0.17  -0.97  -0.785 -0.01   0.82
  0.923 -0.68   0.92  -1.397  0.79  -1.127 -0.87  -0.044  0.69  -1.136
 -0.08  -0.346  0.75   0.17   0.013 -0.94   0.73  -0.035 -0.257  0.16
  0.642  1.102  0.36  -0.45  -0.72   0.665  0.75  -0.53  -0.8    0.29
 -0.02   0.198  0.1   -0.508 -1.425 -0.07  -1.673  0.897  0.677 -0.85
  0.65  -0.26  -0.16   0.2    0.347  0.81  -0.27  -1.247 -0.69   0.85
 -0.82   0.21  -0.76   0.02  -0.62   0.68  -0.81  -0.031 -0.55   0.2
  0.62  -0.5   -0.03  -0.37  -0.98   0.05  -0.48   1.584  0.2    1.02
 -0.75  -0.14   1.439 -0.65  -0.55   0.02   0.13  -0.28   0.2    0.13 ][ 0.47  -0.59   0.75  -0.62   0.22   0.17  -0.97  -0.785 -0.01   0.82
  0.923 -0.68   0.92  -1.397  0.79  -1.127 -0.87  -0.044  0.69  -1.136
 -0.08  -0.346  0.75   0.17  -0.269 -0.94   0.73  -0.28  -0.257  0.16
  0.642  1.102  0.36  -0.45  -0.72   0.665  0.75  -0.53  -0.8    0.29
 -0.02   0.198  0.466  0.3   -1.076 -0.07  -1.088  0.63   0.677 -0.85
  0.65  -0.26  -0.16   0.2    0.347  0.81  -0.27  -1.247 -0.69  -0.846
 -0.82   0.21   0.17   0.02  -0.62   0.68  -0.77  -0.031 -0.55   0.2
  0.62  -0.5   -0.03  -0.37  -0.98   0.05  -0.48   1.584  0.2    1.02
 -0.75  -0.14   1.439  0.196 -0.55   0.02   0.13  -0.28   0.2    0.13 ][ 0.504 -0.59   0.75  -0.653  0.22   0.17  -0.97   0.03  -0.01   0.82
  0.923 -0.68   0.92  -2.353  0.79  -1.127 -0.87  -0.044  0.69  -1.136
 -0.08  -0.346  0.75   0.17  -0.269 -0.892  0.73  -0.035 -0.257  0.16
  0.95   1.102  0.36  -0.45  -0.72   0.665  0.75  -0.53  -0.8    0.29
 -0.02   0.198  0.466  0.3   -1.076 -0.07  -1.673  0.63  -0.121 -0.85
  0.65  -0.26  -0.16   0.2    0.347  0.81  -0.27  -1.247 -0.69  -0.141
 -0.82   0.21   0.17   0.02  -0.62   0.68  -0.77  -0.031 -0.55   0.2
  0.62  -0.5   -0.03  -0.37  -0.98   0.05  -0.48   1.623  0.2    1.02
 -0.75  -0.14   1.439 -0.65  -0.55   0.02   0.13  -0.28   0.2    0.13 ][ 0.504 -0.59   0.75  -0.62   0.22   0.17  -0.84   0.03  -0.01   0.82
  0.923 -0.68   0.92  -1.397  0.79  -1.127 -0.87   0.06   0.69  -1.136
 -0.08  -0.346  0.75  -0.533 -0.269 -0.94   0.73  -0.28  -0.257  0.16
 -0.031  1.102  0.36  -0.45  -0.72   0.665  0.75  -0.53  -0.8    0.29
 -0.02   0.198  0.466  0.3   -1.076 -0.07  -1.088  0.63   0.677 -0.85
  0.65  -0.26  -0.16  -0.615 -0.45   0.81  -0.399 -1.247 -0.69   0.85
 -0.82   0.21   0.17   0.02  -0.62   0.68  -0.81  -0.031 -0.55   0.2
  0.62  -0.5   -0.03  -0.37  -0.98   0.05  -0.48   1.7    0.2    1.02
 -0.75  -0.14   1.439 -0.65  -0.55   0.02   0.13  -0.98   0.2    0.13 ][ 0.47  -0.27   0.75  -0.62   0.22   0.17  -0.97   0.03  -0.01   0.82
  0.923 -0.68   0.92  -1.397  0.79  -1.127 -0.87   0.06   0.69  -1.136
 -0.08  -0.346  0.75   0.17  -0.269 -0.94   0.73  -0.28  -0.494  0.16
  0.642  1.102  0.36  -0.45  -0.72   0.665  0.75  -0.53  -0.8    0.29
  0.837  0.198  0.466  0.3   -1.076 -0.07  -1.088  0.63  -0.121 -0.85
  0.65  -0.26  -0.16   0.2   -0.45   0.81  -0.27  -1.247 -0.69   0.85
 -0.82   0.21  -0.76   0.02  -0.62   0.68  -0.81  -0.031 -0.55   0.2
  0.62  -0.5   -0.03  -0.37  -0.98   0.05  -0.48   1.66   0.2    1.02
 -0.75  -0.14   1.439 -0.65  -0.55   0.02   0.13  -0.28   0.2    0.13 ][ 0.47  -0.59   0.75  -0.62   0.22   0.17  -0.97   0.03  -0.01   0.82
  0.923 -0.68   0.92  -1.397  0.79  -1.127 -0.87   0.06   0.69  -1.136
 -0.08  -0.346  0.75   0.17  -0.269 -0.94   0.73  -0.28  -0.257  0.16
 -0.031  1.102  0.36  -0.565 -0.72   0.665  0.75  -0.53  -0.8    0.29
 -0.02   0.198  0.466  0.3   -0.75  -0.07  -1.673  0.63   0.677 -0.85
  0.65  -0.26  -0.16  -0.615 -0.45   0.81  -0.27  -1.247 -0.69   0.85
 -0.82   0.21   0.17   0.02  -0.62   0.68  -0.81  -0.031 -0.55   0.2
  0.62  -0.5   -0.03  -0.37  -0.98   0.05  -0.48   1.584  0.2    1.02
 -0.75  -0.14   1.439 -0.65  -0.55   0.02   0.13  -0.28   0.2    0.13 ][ 0.504 -0.59   0.75  -0.62  -0.96   0.17  -0.91   0.03  -0.01   0.82
  0.923 -0.68   0.92  -1.397  0.888 -1.127 -0.87   0.06   0.69  -0.15
 -0.08  -0.346  0.75   0.17  -0.269 -1.223  0.73  -0.035 -0.257  0.16
  0.95   1.102  0.36  -0.45  -0.72   0.665  0.75  -0.599 -0.8    0.29
 -0.02   0.198  0.466  0.3   -1.076 -0.07  -1.673  0.63  -0.121 -0.85
  0.65  -0.26  -0.16   0.2    0.347  0.81  -0.27  -1.247 -0.69  -0.141
 -0.86   0.21   0.17   0.02  -0.62   0.68  -0.81  -0.031 -0.55   0.2
  0.62  -0.5   -0.03  -0.37  -0.98   0.05  -0.48   1.584  0.2    1.02
 -0.75  -0.14   1.439 -0.65  -0.55   0.02   0.13  -0.28   0.2    0.13 ][ 0.504 -0.59   0.75  -0.603 -0.96   0.145 -0.97  -0.785 -0.01   0.82
  0.923 -0.68   0.92  -1.397  0.79  -1.127 -0.87   0.06   0.69  -1.136
 -0.08  -0.346  0.75   0.17  -0.269 -0.94   0.73  -0.28  -0.257  0.16
  0.642  1.102  0.36  -0.45  -0.72   0.665  0.75  -0.53  -0.8    0.29
 -0.02   0.198  0.466  0.3   -1.076 -0.07  -1.673  0.63  -0.08  -0.85
  0.65  -0.26  -0.16   0.2    0.347  0.81  -0.399 -1.247 -0.595 -0.141
 -0.82   0.21   0.17   0.02  -0.62   0.68  -0.81  -0.031 -0.55   0.2
  0.62  -0.5   -0.03  -0.37  -0.98   0.05  -0.48   1.584  0.2    1.02
 -0.75  -0.14   1.439 -0.65  -0.55   0.02   0.13  -0.28   0.2    0.13 ][ 0.47  -0.59   0.75  -0.62  -0.96   0.17  -0.91  -0.785 -0.01   0.82
  0.923 -0.68   0.92  -1.397  0.888 -1.127 -0.87   0.06   0.69  -0.15
 -0.08  -0.88   0.75   0.17  -0.269 -0.94   0.73  -0.702 -0.257  0.16
  0.95   1.102  0.36  -0.45  -0.72   0.665  0.75  -0.53  -0.8    0.29
 -0.02   0.198  0.1   -0.508 -1.425 -0.07  -1.673  0.897  0.677 -0.85
  0.65  -0.26   0.316  0.2    0.347  0.81  -0.27  -1.247 -0.69  -0.846
 -0.82   0.21   0.17   0.02  -0.62   0.68  -0.81  -0.031 -0.55   0.2
  0.62  -0.5   -0.03  -0.37  -0.98   0.05  -0.48   1.584  0.2    1.02
 -0.75  -0.14   1.439 -1.372 -0.55   0.02   0.13  -0.28   0.2    0.13 ][ 0.47  -0.59   0.75  -0.62  -0.96   0.17  -0.97  -0.785 -0.01   0.82
  0.923 -0.68   0.92  -1.397  0.79  -1.127 -0.87  -0.044  0.69  -1.136
 -0.08  -0.346  0.75   0.17  -0.269 -0.94   0.73  -0.28  -0.257  0.16
  0.95   1.102  0.36  -0.45  -0.72   0.665  0.75  -0.53  -0.8    0.29
 -0.02   0.198  0.1    0.3   -1.076 -0.07  -2.637  0.897 -0.121 -0.85
  0.65  -0.26  -0.16   0.2    0.347  0.81  -0.27  -1.247 -0.69  -0.846
 -0.82   0.21   0.17   0.02  -0.62   0.68  -0.81  -0.031 -0.55   0.2
  0.62  -0.5   -0.03  -0.37  -0.98   0.05  -0.4    1.584  0.2    1.02
 -0.75  -0.14   1.439 -0.65  -0.55   0.02   0.13  -0.28   0.2    0.13 ][ 0.504 -0.59   0.75  -0.62  -0.96   0.17  -0.97   0.03  -0.01   0.82
  0.923 -0.68   0.92  -0.811  0.79  -1.127 -0.87   0.06   0.69  -1.868
 -0.08  -0.346  0.75   0.17  -0.269 -0.94   0.73  -0.412 -0.257  0.16
  0.642  1.102  0.36  -0.45  -0.72   0.665  0.75  -1.253 -0.8    0.29
 -0.02   0.198  0.466  0.3   -1.076 -0.07  -1.673  0.897  0.677 -0.85
  0.65  -0.26  -0.16   0.2    0.347  0.81  -0.27  -1.247 -0.69  -0.141
 -0.82   0.21   0.17   0.02  -0.62   0.68  -0.81  -0.031 -0.55   0.2
  0.62  -0.5   -0.03  -0.37  -0.98   0.05  -0.48   1.584  0.2    1.02
 -0.75  -0.14   1.439 -0.65  -0.55   0.02   0.13  -0.28   0.2    0.13 ][ 0.504 -0.59   0.75  -0.62   0.22   0.17  -0.84   0.03  -0.01   0.82
  0.923 -0.68   1.779 -0.811  0.888 -1.127 -0.87   0.06   0.69  -1.136
 -0.08  -0.346  0.75   0.17  -0.269 -0.94   0.73  -0.28  -0.257  0.16
  0.642  1.102  0.36  -0.45  -0.72   0.665  0.75  -0.53  -0.8    0.29
 -0.02   0.198  0.466  0.3   -1.076 -0.07  -1.088  0.63  -0.121 -0.85
  0.65  -0.26  -0.16   0.2    0.347  0.81  -0.399 -1.247 -0.69  -0.141
 -0.82   0.21   0.17   0.02  -0.62   0.68  -0.81  -0.031 -0.55   0.2
  0.62  -0.5   -0.03  -0.37  -0.98   0.05  -0.48   1.663  0.2    1.02
 -0.75  -0.14   1.439 -0.65  -0.55   0.02   0.13  -0.28   0.2    0.13 ][ 0.47  -0.59   0.75  -0.62  -0.96   0.17  -0.97  -0.785 -0.01   0.82
  0.923 -0.68   0.92  -1.397  0.79  -1.127 -0.87   0.06   0.69  -1.136
 -0.08  -0.346  0.75   0.17  -0.269 -1.223  0.73  -0.531 -0.257  0.16
  0.642  1.102  0.36  -0.45  -0.72   0.665  0.75  -0.53  -0.8    0.29
 -0.02   0.198  0.1    0.3   -0.392 -0.07  -1.673  0.897  0.677 -0.85
  0.65  -0.26  -0.16   0.2    0.347  0.81  -0.27  -1.247 -0.69  -0.141
 -0.82   0.21  -0.76   0.02  -0.62   0.68  -0.81  -0.031 -0.55   0.2
  0.62  -0.5   -0.03  -0.37  -0.98   0.05  -0.48   1.584  0.2    1.02
 -0.75  -0.14   1.439 -0.65  -0.55   0.02   0.13  -0.28   0.2    0.13 ][ 0.47  -0.59   0.75  -0.62  -0.96   0.17  -0.97  -0.785 -0.01   0.82
  0.923 -0.68   0.92  -1.397  0.888 -1.127 -0.87  -0.044  0.69  -1.136
 -0.08  -0.346  0.75   0.17  -0.269 -1.223  0.73  -0.035 -0.257  0.16
  0.642  1.102  0.36  -0.45  -0.72   0.665  0.75  -0.53  -0.8    0.29
 -0.02   0.198  0.1    0.3   -1.076 -0.07  -1.673  0.63   0.677 -0.85
  0.65   0.424  0.316  0.2    0.347  0.81  -0.27  -1.247 -0.69  -0.141
 -0.82   0.21  -0.76   0.02  -0.62   0.68  -0.81  -0.031 -0.55   0.2
  0.62  -0.5   -0.03  -0.37  -0.98   0.05  -0.48   1.584  0.2    1.02
 -0.75  -0.14   1.439 -0.65  -0.55   0.02   0.13  -0.28   0.2    0.353][ 0.47  -0.59   0.75  -0.62  -0.96   0.17  -0.91   0.03  -0.01   0.82
  0.923 -0.68   0.92  -1.397  0.888 -1.127 -0.87   0.06   0.69  -0.15
 -0.08  -0.346  0.75   0.17  -0.269 -1.223  0.73  -0.702 -0.257  0.16
  0.95   1.102  0.36  -0.45  -0.72   0.665  0.75  -0.599 -0.8    0.29
 -0.02   0.198  0.666  0.3   -1.076 -0.07  -1.673  0.63  -0.121 -0.85
  0.65  -0.26  -0.16   0.2    0.347  0.81  -0.27  -1.247 -0.69   0.85
 -0.82   0.21   0.17   0.02  -0.62   0.68  -0.81  -0.031 -0.55   0.2
  0.62  -0.5   -0.03  -0.37  -0.98   0.05  -0.48   1.584  0.2    1.02
 -0.75  -0.14   1.576 -0.65  -0.55   0.02   0.13  -0.28   0.2    0.13 ][ 0.504 -0.27   0.75  -0.62  -0.96   0.17  -0.97   0.03  -0.01   0.82
  0.923 -0.68   0.92  -0.811  0.888 -1.127 -0.87   0.06   0.69  -1.136
 -0.08  -0.346  0.75   0.17  -0.269 -0.94   0.73  -0.28  -0.257  0.16
  0.642  1.102  0.36  -0.45  -0.72   0.665  0.75  -1.253 -0.8    0.29
 -0.02   0.198  0.666  0.3   -1.076 -0.07  -1.673  0.342 -0.121 -0.85
  0.65  -0.26  -0.16   0.2    0.347  0.81   0.181 -1.247 -0.69  -0.141
 -0.82   0.21   0.17   0.02  -0.62   0.68  -0.81  -0.031 -0.55   0.2
  0.62  -0.5   -0.03  -0.37  -0.98   0.05  -0.48   1.584  0.2    1.02
 -0.75  -0.14   1.439 -0.65  -0.55   0.02   0.13  -0.28   0.2    0.13 ][ 0.504 -0.59   0.75  -0.62  -0.96   0.17  -0.97  -0.785 -0.01   0.82
  0.923 -0.68   0.92  -0.811  0.79  -1.127 -0.87   0.06   0.69  -1.136
 -0.08  -0.346  0.75   0.17  -0.269 -0.94   0.73  -0.035 -0.257  0.16
  0.642  1.102  0.36  -0.45  -0.72   0.665  0.75  -1.742 -0.8    0.29
 -0.02   0.198  0.666  0.3   -1.076 -0.07  -1.673  0.897 -0.121 -0.85
  0.65  -0.26  -0.16   0.2    0.347  0.81   0.181 -1.247 -0.595 -0.141
 -0.82   0.21   0.17   0.02  -0.62   0.68  -0.81  -0.031 -0.55   0.2
  0.62  -0.5   -0.03  -0.37  -0.98   0.05  -0.48   1.584  0.2    1.02
 -0.75  -0.14   1.439 -0.65  -0.55   0.02   0.13  -0.28   0.2    0.13 ][ 0.504 -0.59   0.75  -0.62  -0.96   0.17  -0.84  -0.785 -0.01   0.82
  1.866 -0.68   0.92  -1.397  0.79  -1.127 -0.87   0.06   0.69  -1.136
 -0.08  -0.346  0.75  -0.533 -0.269 -0.94   0.73  -0.035 -0.257  0.16
  0.642  1.102  0.36  -0.45  -0.72   0.665  0.75  -1.253 -0.8    0.29
 -0.02   0.198  0.466  0.3   -1.076 -0.07  -1.088  0.897 -0.121 -0.85
  0.65  -0.26  -0.16   0.2    0.347  0.81  -0.399 -1.247 -0.595  0.85
 -0.82   0.21   0.17   0.02  -0.62   0.68  -0.81  -0.031 -0.55   0.2
  0.62  -0.5   -0.03  -0.37  -0.98   0.05  -0.48   1.663  0.2    1.02
 -0.75  -0.14   1.439 -0.65  -0.55   0.02   0.13  -0.28   0.2    0.13 ][ 0.504 -0.59   0.75  -0.62  -0.96   0.145 -0.97   0.03  -0.01   0.82
  0.923 -0.68   0.92  -0.811  0.79  -1.127 -0.87   0.06   0.69  -0.15
 -0.08  -0.346  0.75   0.17  -0.269 -0.94   0.73  -0.412 -0.257  0.16
  0.642  1.102  0.36  -0.45  -0.72   0.665  0.75  -0.53  -0.8    0.29
 -0.02   0.198  0.466  0.3   -1.076 -0.07  -1.673  0.63   0.677 -1.102
  0.65  -0.26  -0.16   0.2    0.347  0.81  -0.399 -1.247 -0.69  -0.141
 -0.82   0.21   0.17   0.02  -0.62   0.68  -0.81  -0.031 -0.55   0.2
  0.62  -0.5   -0.03  -0.37  -0.98   0.05  -0.48   1.584  0.2    1.02
 -0.75  -0.14   1.439 -0.65  -0.55   0.02   0.13  -0.28   0.2    0.13 ][ 0.47  -0.27   0.75  -0.62   0.22   0.17  -0.97   0.03  -0.01   0.82
  0.923 -0.68   0.92  -1.397  0.79  -1.127 -0.87   0.06   0.69  -1.136
 -0.08  -0.346  0.75   0.17  -0.269 -0.94   0.73  -0.28  -0.494  0.16
 -0.031  1.102  0.36  -0.45  -0.72   0.665  0.75  -0.53  -0.8    0.29
 -0.02   0.198  0.466  0.3   -1.076 -0.07  -1.088  0.63  -0.121 -1.26
  0.65  -0.26  -0.16  -0.615 -0.45   0.81  -0.399 -1.247 -0.69   0.85
 -0.82   0.21   0.17   0.02  -0.62   0.68  -0.81  -0.031 -0.55   0.2
  0.62  -0.5   -0.03  -0.37  -0.98   0.05  -0.48   1.7    0.2    1.02
 -0.75  -0.14   1.439 -0.65  -0.55   0.02   0.13  -0.28   0.2    0.13 ][ 0.504 -0.59   0.75  -0.62   0.22   0.17  -0.84   0.03  -0.01   0.82
  1.866 -0.68   0.92  -1.397  0.79  -1.127 -0.87   0.06   0.69  -1.136
 -0.08  -0.346  0.75  -0.533 -0.487 -0.94   0.73  -0.035 -0.257  0.16
  0.642  1.102  0.36  -0.45  -0.72   0.665  0.75  -1.253 -0.8    0.29
 -0.02   0.198  0.466  0.3   -1.076 -0.07  -1.088  0.897 -0.08  -0.85
  0.65  -0.26  -0.16   0.2   -0.361  0.81  -0.399 -1.247 -0.595 -0.141
 -0.82   0.21   0.17   0.02  -0.62   0.68  -0.81  -0.031 -0.55   0.2
  0.62  -0.5   -0.03  -0.37  -0.98   0.05  -0.48   1.663  0.2    1.02
 -0.75  -0.14   1.439 -0.65  -0.55   0.02   0.13  -0.28   0.2    0.13 ][ 0.504 -0.59   0.75  -0.62  -0.96   0.17  -0.84   0.03  -0.01   0.82
  1.866 -0.68   0.92  -1.397  0.79  -1.127 -0.87   0.06   0.69  -1.136
 -0.08  -0.346  0.75  -0.533 -0.269 -0.94   0.73  -0.035 -0.257  0.16
 -0.031  1.102  0.36  -0.565 -0.72   0.665  0.75  -0.53  -0.8    0.29
 -0.02   0.198  0.466  0.3   -0.75  -0.07  -1.088  0.897 -0.121 -0.85
  0.65  -0.26  -0.16  -0.615 -0.45   0.81  -0.27  -1.247 -0.69   0.85
 -0.82   0.21   0.17   0.02  -0.62   0.68  -0.81  -0.031 -0.55   0.2
  0.816 -0.5   -0.03  -0.37  -0.98   0.05  -0.48   1.663  0.2    1.02
 -0.75  -0.14   1.439 -0.65  -0.55   0.02   0.13  -0.28   0.2    0.13 ][ 0.47  -0.59   0.75  -0.62   0.22   0.17  -0.97   0.03  -0.01   0.82
  0.923 -0.68   0.92  -1.397  0.79  -1.127 -0.87  -0.044  0.69  -1.136
 -0.08  -0.346  0.75   0.17   0.013 -0.94   0.73  -0.035 -0.257  0.16
  0.642  1.102  0.36  -0.45  -0.72   0.665  0.75  -0.53  -0.8    0.29
 -0.02   0.198  0.1   -0.508 -1.425 -0.07  -1.673  0.897  0.677 -0.85
  0.65  -0.26  -0.16   0.2   -0.45   0.81  -0.27  -1.247 -0.69   0.85
 -0.82   0.21   0.17   0.02  -0.62   0.68  -0.81  -0.031 -0.55   0.2
  0.62  -0.5   -0.03  -0.37  -0.98   0.05  -0.48   1.584  0.2    1.02
 -0.75  -0.14   1.439 -0.65  -0.55   0.02   0.268 -0.28   0.2    0.13 ][ 0.47  -0.27   0.75  -0.62   0.22   0.17  -0.84   0.03  -0.01   1.662
  0.923 -0.68   0.92  -1.397  0.79  -1.127 -0.87   0.06   0.69  -1.136
 -0.08  -0.346  0.75   0.17  -0.269 -0.94   0.73  -0.28  -0.257  0.16
  0.642  1.102  0.36  -0.45  -0.72   0.665  0.75  -0.53  -0.8    0.29
 -0.02   0.198  0.466  0.3   -1.076 -0.07  -1.088  0.63  -0.121 -0.85
  0.65  -0.26  -0.16   0.2    0.347  0.81  -0.399 -1.247 -0.69   0.85
 -0.82   0.21  -0.76   0.02  -0.62   0.68  -0.81  -0.031 -0.55   0.2
  0.62  -0.5   -0.03  -0.37  -0.98   0.05  -0.48   1.66   0.2    1.02
 -0.75  -0.14   1.439 -0.65  -0.55   0.02   0.13  -0.28   0.2    0.13 ][ 0.504 -0.59   0.75  -0.62  -0.96   0.145 -0.91  -0.785 -0.01   0.82
  0.923 -0.68   0.92  -1.397  0.79  -1.127 -0.87   0.06   0.69  -0.15
 -0.08  -0.88   0.75   0.17  -0.269 -0.94   0.73  -0.702 -0.257  0.16
  0.95   1.102  0.36  -0.45  -0.72   0.665  0.895 -0.53  -0.8    0.29
 -0.02   0.198  0.466  0.3   -1.425 -0.07  -1.673  0.897 -0.08  -0.85
  0.65  -0.26  -0.16   0.2    0.347  0.81  -0.399 -1.247 -0.595 -0.141
 -0.82   0.21   0.17   0.02  -0.62   0.68  -0.81  -0.031 -0.55   0.2
  0.62  -0.5   -0.03  -0.37  -0.98   0.05  -0.48   1.584  0.2    1.02
 -0.75  -0.14   1.439 -0.65  -0.55   0.02   0.13  -0.28   0.2    0.13 ][ 0.504 -0.59   0.75  -0.62   0.22   0.145 -0.97   0.03  -0.01   0.82
  0.923 -0.68   0.92  -1.397  0.79  -1.127 -0.87   0.06   0.69  -0.15
 -0.08  -0.346  0.75   0.17  -0.269 -0.94   0.73  -0.28  -0.494  0.16
  0.642  1.102  0.36  -0.45  -0.72   0.665  0.75  -0.53  -0.8    0.29
  0.837  0.198  0.466  0.3   -1.076 -0.07  -1.088  0.63  -0.08  -0.85
  0.65  -0.26  -0.16   0.2   -0.45   0.81  -0.27  -1.247 -0.69  -0.141
 -0.82   0.21  -0.76   0.02  -0.62   0.68  -0.81  -0.031 -0.55   0.2
  1.595 -0.5   -0.03  -0.37  -0.98   0.05  -0.48   1.584  0.2    1.02
 -0.75  -0.14   1.439 -0.65  -0.55   0.02   0.13  -0.28   0.2    0.13 ][ 0.47  -0.59   0.75  -0.62  -0.96   0.17  -0.84  -0.785 -0.01   0.82
  0.923 -1.129  0.92  -1.397  0.79  -1.127 -0.87  -0.044  0.69  -1.136
 -0.08  -0.346  0.75   0.17  -0.269 -0.94   0.73  -0.28  -0.257  0.16
  0.642  1.102  0.36  -0.45  -0.72   0.665  0.75  -0.53  -0.8    0.29
 -0.02   0.198  0.1    0.3   -1.076 -0.07  -1.088  0.897 -0.121 -0.85
  0.65  -0.26  -0.16   0.2    0.347  0.81  -0.399 -1.247 -0.69   0.85
 -0.82   0.21   0.17   0.02  -0.62   0.68  -0.81  -0.031 -0.55   0.2
  0.62  -0.5   -0.03  -0.37  -0.98   0.05  -0.4    1.663  0.2    1.02
 -0.75  -0.14   1.439 -0.65  -0.55   0.02   0.13  -0.28   0.2    0.13 ][ 0.504 -0.59   0.75  -0.603  0.22   0.17  -0.97  -0.785 -0.01   0.82
  0.923 -0.68   0.92  -1.397  0.79  -1.127 -0.87  -0.044  0.69  -1.136
 -0.08  -0.346  0.75   0.17  -0.269 -0.892  0.73  -0.035 -0.115  0.16
  0.642  1.102  0.36  -0.45  -0.72   0.665  0.75  -0.53  -0.8    0.29
 -0.02   0.198  0.466  0.3   -1.076 -0.07  -1.673  0.63  -0.08  -0.85
  0.65  -0.26  -0.16   0.2    0.347  0.81  -0.27  -1.247 -0.69  -0.141
 -0.82   0.21   0.17   0.02  -0.62   0.68  -0.81  -0.031 -0.55   0.2
  0.62  -0.5   -0.03  -0.37  -0.98   0.05  -0.48   1.584  0.2    1.02
 -0.75  -0.14   1.439 -0.65  -0.55   0.02   0.13  -0.28   0.2    0.13 ][ 0.504 -0.59   0.75  -0.62   0.22   0.17  -0.97   0.03  -0.01   0.82
  0.923 -0.68   0.92  -1.397  0.79  -1.127 -0.87   0.06   0.69  -1.136
 -0.08  -0.346  0.75   0.17  -0.269 -0.94   0.73  -0.28  -0.257  0.16
  0.95   1.02   0.36  -0.45  -0.72   0.665  0.75  -0.53  -0.8    0.29
 -0.02   0.198  0.466  0.3   -1.076 -0.07  -1.088  0.63  -0.08  -0.85
  0.65  -0.26  -0.16   0.2   -0.361  0.81  -0.27  -1.247 -0.69  -0.141
 -0.82   0.21   0.17   0.02  -0.62   0.68  -0.81  -0.031 -0.55   0.2
  0.62  -0.5   -0.03  -0.37  -0.98   0.05  -0.48   1.584  0.2    1.02
 -0.75  -0.14   1.439 -0.65  -0.55   0.02   0.13  -0.28   0.2    0.13 ][ 0.504 -0.59   0.75  -0.62  -0.96   0.17  -0.91   0.03  -0.01   0.82
  0.923 -0.68   0.92  -1.397  0.888 -1.127 -0.87   0.06   0.69  -0.15
 -0.08  -0.346  0.75   0.17  -0.269 -0.94   0.73  -0.412 -0.257  0.16
  0.95   1.102  0.36  -0.45  -0.72   0.665  0.75  -1.253 -0.8    0.29
 -0.02   0.198  0.1    0.3   -1.076 -0.07  -1.673  0.897  0.677 -0.85
  0.65  -0.26   0.316  0.2    0.347  0.81  -0.27  -1.247 -0.69  -0.141
 -0.82   0.21   0.17   0.02  -0.62   0.68  -0.81  -0.031 -0.55   0.2
  0.62  -0.5   -0.03  -0.37  -0.98   0.05  -0.48   1.584  0.2    1.02
 -0.214 -0.14   1.439 -0.65  -0.55   0.02   0.13  -0.28   0.2    0.13 ][ 0.504 -0.59   0.75  -0.653  0.22   0.17  -0.97  -0.785 -0.01   0.82
  0.923 -0.68   0.92  -2.353  0.79  -1.127 -0.87   0.06   0.69  -1.136
 -0.08  -0.346  0.75   0.17  -0.269 -0.94   0.73  -0.28  -0.257  0.16
  0.95   1.102  0.36  -0.45  -0.72   0.665  0.75  -0.53  -0.8    0.29
 -0.02   0.198  0.466  0.3   -1.076 -0.07  -1.673  0.63  -0.08  -0.85
  0.65  -0.26  -0.16   0.2    0.347  0.81  -0.27  -1.247 -0.69  -0.141
 -0.82   0.21   0.17   0.02  -0.62   0.68  -0.81  -0.031  0.304  0.2
  0.62  -0.5   -0.03  -0.37  -0.98   0.05  -0.48   1.584  0.2    1.02
 -0.75  -0.14   1.439 -0.65  -0.55   0.02   0.13  -0.28   0.2    0.13 ][ 0.504 -0.27   0.75   0.174 -0.96   0.17  -0.97  -0.785 -0.01   0.82
  0.923 -0.68   0.92  -0.811  0.888 -1.127 -0.87  -0.044  0.69  -1.136
 -0.08  -0.346  0.75   0.17  -0.269 -0.94   0.73  -0.28  -0.257  0.16
  0.95   1.102  0.36  -0.45  -0.72   0.665  0.75  -0.53  -0.8    0.29
 -0.02   0.198  0.1    0.3   -1.076 -0.07  -2.637  0.342 -0.121 -0.85
  0.65  -0.26  -0.16   0.2    0.347  0.81  -0.27  -1.247 -0.69  -0.846
 -0.82   0.21   0.17   0.02  -0.62   0.68  -0.81  -0.031 -0.55   0.2
  0.62  -0.5   -0.03  -0.37  -0.98   0.05  -0.48   1.584  0.2    1.02
 -0.75  -0.14   1.439 -0.65  -0.55   0.02   0.13  -0.28   0.2    0.13 ][ 0.47  -0.59   0.75  -0.62   0.22   0.17  -0.97   0.03  -0.01   0.82
  0.923 -0.68   0.92  -1.397  0.888 -1.127 -0.87   0.06   0.69  -1.136
 -0.08  -0.346  0.75   0.17  -0.269 -0.94   0.73  -0.28  -0.257  0.16
  0.642  1.102  0.36  -0.565 -0.72   0.665  0.75  -0.53  -0.8    0.29
 -0.02   0.198  0.466  0.3   -1.076 -0.07  -1.088  0.63  -0.121 -0.85
  0.65  -0.26  -0.16  -0.615 -0.45   0.81  -0.27  -1.247 -0.69   0.85
 -0.82   0.21   0.17   0.02  -0.62   0.68  -0.81  -0.031 -0.55   0.2
  0.62  -0.5   -0.03  -0.37  -0.98   0.05  -0.48   1.584  0.2    1.02
 -0.199 -0.14   1.439 -0.65  -0.55   0.02   0.13  -0.28   0.2    0.13 ][ 0.47  -0.27   0.75  -0.62  -0.96   0.17  -0.97  -0.785 -0.01   0.82
  1.866 -0.68   0.92  -1.397  0.79  -1.127 -0.87   0.06   0.69  -1.136
 -0.08  -0.346  0.75   0.17  -0.269 -0.94   0.73  -0.035 -0.257  0.16
  0.642  1.102  0.36  -0.45  -0.72   0.665  0.75  -1.253 -0.8    0.29
 -0.02   0.198  0.466  0.3   -1.076 -0.07  -1.997  0.897 -0.121 -0.85
  0.65  -0.26  -0.16   0.2    0.347  0.81  -0.399 -1.247 -0.69  -0.141
 -0.82   0.21   0.17   0.02  -0.62   0.68  -0.81  -0.031 -0.55   0.2
  0.62  -0.5   -0.03  -0.37  -0.98   0.05  -0.48   1.663  0.2    1.02
 -1.484 -0.14   1.439 -0.65  -0.55   0.02   0.13  -0.28   0.2    0.13 ][ 0.47  -0.59   0.75  -0.62  -0.96   0.17  -0.97  -0.785 -0.01   0.82
  0.923 -0.68   0.92  -1.397  0.79  -1.127 -0.87   0.06   0.69  -1.136
 -0.08  -0.346  0.75   0.17  -0.269 -1.223  0.73  -0.531 -0.257  0.16
  0.642  1.102  0.36  -0.45  -0.72   0.665  0.75  -0.53  -0.8    0.29
 -0.02   0.198  0.1    0.3   -0.392 -0.07  -0.32   0.63   0.677 -0.85
  0.65  -0.26  -0.16   0.2    0.347  0.81  -0.27  -1.247 -0.69  -0.141
 -0.82   0.21  -0.76   0.02  -0.62   0.68  -0.77  -0.031 -0.55   0.2
  0.62  -0.5   -0.03  -0.37  -0.98   0.05  -0.48   1.584  0.2    1.02
 -0.75  -0.14   1.439  0.196 -0.55   0.02   0.13  -0.28   0.2    0.13 ][ 0.504 -0.59   0.75  -0.62  -0.96   0.17  -0.97  -0.785 -0.01   0.82
  0.923 -0.68   0.92  -0.811  0.79  -1.127 -0.87   0.06   0.69  -1.136
 -0.08  -0.346  0.75  -0.533 -0.269 -0.94   0.73  -0.035 -0.257  0.16
  0.642  1.102  0.36  -0.45  -0.72   0.665  0.75  -1.742 -0.8    0.29
 -0.02   0.198  0.666  0.3   -1.076 -0.07  -1.088  0.897 -0.121 -0.85
  0.65  -0.26  -0.16   0.2    0.347  0.81  -0.399 -1.247 -0.595 -0.141
 -0.82   0.21   0.539  0.02  -0.62   0.68  -0.81  -0.031 -0.55   0.2
  0.62  -0.5   -0.03  -0.37  -0.98   0.05  -0.48   1.584  0.2    1.02
 -0.75  -0.14   1.439 -0.65  -0.55   0.02   0.13  -0.28   0.2    0.13 ][ 0.504 -0.59   0.75  -0.62  -0.96   0.17  -0.91   0.03  -0.01   0.82
  0.923 -0.68   0.92  -0.811  0.888 -1.127 -0.87   0.06   0.69  -0.15
 -0.08  -0.346  0.75   0.17  -0.269 -0.94   0.73  -0.035 -0.257  0.16
  0.642  1.102  0.36  -0.45  -0.72   0.665  0.75  -0.599 -0.8    0.29
 -0.02   0.198  0.466  0.3   -1.076 -0.07  -1.673  0.342 -0.121 -0.85
  0.65  -0.26  -0.16   0.2    0.347  0.81  -0.27  -1.247 -0.69  -0.141
 -0.86   0.21   0.17   0.02  -0.62   0.68  -0.81  -0.031 -0.55   0.2
  0.62  -0.5   -0.03  -0.37  -0.98   0.05  -0.48   1.584  0.2    1.02
 -0.75  -0.14   1.439 -0.65   0.022  0.02   0.13  -0.28   0.2    0.13 ][ 0.47  -0.59   0.75  -0.62  -0.96   0.17  -0.97  -0.785 -0.01   0.82
  0.923 -0.68   0.92  -0.811  0.79  -1.127 -0.87  -0.044  0.69  -1.136
 -0.08  -0.346  0.75   0.17  -0.269 -0.94   0.73  -0.035 -0.257  0.16
  0.642  1.102  0.36  -0.45  -0.72   0.665  0.75  -1.742 -0.8    0.29
 -0.079  0.198  0.666  0.3   -1.076 -0.07  -1.673  0.897 -0.121 -0.85
  0.65  -0.26  -0.16   0.2    0.347  0.81   0.181 -1.247 -0.595 -0.846
 -0.82   0.21   0.17   0.02  -0.62   0.68  -0.81  -0.031 -0.55   0.2
  0.62  -0.5   -0.03  -0.37  -0.98   0.05  -0.4    1.584  0.2    1.02
 -0.75  -0.14   1.439 -0.65  -0.55   0.02   0.13  -0.28   0.2    0.13 ][ 0.47  -0.59   0.75  -0.62  -0.96   0.17  -0.84  -0.785 -0.01   0.82
  0.923 -0.68   0.92  -1.397  0.79  -1.127 -0.87  -0.044  0.69  -1.136
 -0.08  -0.346  0.75  -0.533  0.013 -0.94   0.73  -0.035 -0.257  0.16
  0.642  1.102  0.36  -0.45  -0.72   0.665  0.75  -0.53  -0.8    0.29
 -0.02   0.198  0.466 -0.508 -1.076 -0.07  -1.673  0.897  0.677 -0.85
  0.65  -0.26  -0.16   0.2    0.347  0.81  -0.399 -1.247 -0.69   0.85
 -0.82   0.21  -0.76   0.02  -0.62   0.68  -0.81  -0.031 -0.55   0.2
  0.62  -0.5   -0.03  -0.37  -0.98   0.05  -0.48   1.584  0.2    1.02
 -0.75  -0.639  1.439 -0.65  -0.55   0.02   0.13  -0.28   0.2    0.13 ][ 0.504 -0.59   0.75  -0.62  -0.96   0.17  -0.97  -0.785 -0.01   0.82
  0.923 -0.68   0.92  -0.811  0.888 -1.127 -0.87  -0.044  0.69  -1.136
 -0.08  -0.346  0.75   0.17  -0.269 -0.94   0.73  -0.412 -0.257  0.16
  0.642  1.102  0.36  -0.45  -0.72   0.665  0.75  -1.253 -0.8    0.29
 -0.02   0.198  0.466  0.3   -1.076 -0.07  -1.673  0.897  0.677 -0.85
  0.65   0.424 -0.16   0.2    0.347  0.81  -0.27  -1.247 -0.69  -0.141
 -0.82   0.21   0.17   0.02  -0.62   0.68  -0.81  -0.031 -0.55   0.2
  0.62  -0.5   -0.03  -0.37  -0.98   0.05  -0.48   1.584  0.2    1.02
 -0.75  -0.14   1.439 -0.65  -0.55   0.02   0.13  -0.28  -0.034  0.353][ 0.504 -0.27   0.75  -0.62  -0.96   0.17  -0.84   0.03  -0.01   0.82
  1.866 -0.68   0.92  -0.811  0.79  -1.127 -0.915  0.06   0.69  -1.136
 -0.08  -0.346  0.75   0.17  -0.269 -0.94   0.73  -0.28  -0.257  0.16
  0.642  1.102  0.36  -0.45  -0.72   0.665  0.75  -1.253 -0.8    0.29
 -0.02   0.198  0.666  0.3   -1.076 -0.07  -1.088  0.897 -0.121 -0.85
  0.65  -0.26  -0.16   0.2    0.347  0.81   0.181 -1.247 -0.69  -0.141
 -0.82   0.21   0.17   0.02  -0.62   0.68  -0.81  -0.031 -0.55   0.2
  0.62  -0.5   -0.03  -0.37  -0.98   0.05  -0.48   1.584  0.2    1.02
 -0.75  -0.14   1.439 -0.65  -0.55   0.02   0.13  -0.28   0.2    0.13 ][ 0.504 -0.59   0.75  -0.62   0.22   0.17  -0.84   0.03  -0.01   0.82
  0.923 -0.68   1.779 -1.397  0.888 -1.127 -0.87   0.06   0.69  -1.136
 -0.08  -0.346  0.75   0.17  -0.269 -0.94   0.73  -0.28  -0.257  0.16
  0.642  1.102  0.36  -0.45  -0.72   0.665  0.75  -0.53  -0.8    0.29
 -0.02   0.198  0.466  0.3   -1.076 -0.07  -1.088  0.63  -0.121 -0.85
  0.65  -0.26  -0.16  -0.615 -0.45   0.81  -0.399 -1.247 -0.469 -0.141
 -0.82   0.21   0.17   0.02  -0.62   0.68  -0.81  -0.031 -0.55   0.2
  0.62  -0.5   -0.03  -0.37  -0.98   0.05  -0.48   1.7    0.2    1.02
 -0.75  -0.14   1.439 -0.65  -0.55   0.02   0.13  -0.98   0.2    0.13 ][ 0.47  -0.59   0.75  -0.62   0.22   0.17  -0.97   0.03  -0.01   0.82
  0.923 -0.68   0.92  -1.397  0.79  -1.127 -1.683 -0.044  0.69  -1.136
 -0.08  -0.346  0.75   0.17   0.013 -0.94   0.73  -0.28  -0.257  0.16
  0.642  1.102  0.36  -0.45  -0.72   0.665  0.75  -0.53  -0.8    0.29
 -0.02   0.198  0.1    0.3   -1.425 -0.07  -1.088  0.63  -0.08  -0.85
  0.65  -0.26  -0.16   0.2   -0.361  0.81  -0.399 -1.247 -0.69   0.85
 -0.82   0.21  -0.76   0.02  -0.62   0.68  -0.81  -0.031 -0.55   0.2
  0.62  -0.5   -0.03  -0.37  -0.98   0.05  -0.48   1.584  0.2    1.02
 -0.75  -0.14   1.439 -0.65  -0.55   0.02   0.13  -0.28   0.2    0.13 ][ 0.504 -0.59   0.75  -0.603 -0.96   0.17  -0.84  -0.785 -0.01   0.82
  1.866 -0.68   0.92  -1.397  0.79  -1.127 -0.87   0.06   0.69  -1.136
 -0.08  -0.346  0.75   0.17  -0.269 -0.94   0.73  -0.28  -0.257  0.16
  0.642  1.102  0.36  -0.45  -0.72   0.665  0.75  -0.53  -0.329  0.29
 -0.02   0.198  0.466  0.3   -1.076 -0.07  -1.673  0.63  -0.121 -0.85
  0.65  -0.26  -0.16   0.2    0.347  0.81  -0.399 -1.247 -0.595  0.85
 -0.82   0.21   0.17   0.02  -0.62   0.68  -0.81  -0.031 -0.55   0.2
  0.62  -0.5   -0.03  -0.37  -0.98   0.05  -0.48   1.663  0.2    1.02
 -0.75  -0.14   1.439 -0.65  -0.55   0.02   0.13  -0.28   0.2    0.13 ][ 0.47  -0.59   0.75  -0.62  -0.96   0.17  -0.97  -0.785 -0.01   0.82
  0.923 -0.68   0.92  -1.397  0.79  -1.127 -0.87   0.06   0.69  -1.136
 -0.08  -0.346  0.75   0.17  -0.269 -1.223  0.73  -0.531 -0.257  0.16
  0.642  1.102  0.36  -0.45  -0.72   0.665  0.75  -0.53  -0.8    0.29
 -0.02   0.198  0.1   -0.508 -0.392 -0.07  -1.673  0.897  0.677 -0.85
  0.65  -0.26  -0.16   0.2    0.347  0.81  -0.27  -1.247 -0.69   0.85
 -0.82   0.21  -0.76   0.02  -0.62   0.68  -0.81  -0.031 -1.392  0.2
  0.62  -0.5   -0.03  -0.37  -0.98   0.05  -0.48   1.584  0.2    1.02
 -0.75  -0.14   1.439 -0.65  -0.55   0.02   0.13  -0.28   0.2    0.13 ][ 0.504 -0.59   0.75  -0.653  0.22   0.17  -0.84  -0.785 -0.01   0.82
  1.866 -0.68   0.92  -2.353  0.79  -1.127 -0.87   0.06   0.69  -1.136
 -0.08  -0.346  0.75  -0.533 -0.269 -0.94   0.73  -0.035 -0.257  0.16
  0.95   1.102  0.36  -0.45  -0.72   0.13   0.75  -0.53  -0.8    0.29
 -0.02   0.198  0.466  0.3   -1.076 -0.07  -1.088  0.897 -0.121 -0.85
  0.65  -0.26  -0.16   0.2    0.347  0.81  -0.27  -1.247 -0.69  -0.141
 -0.82   0.21   0.17   0.02  -0.62   0.68  -0.81  -0.031 -0.55   0.2
  0.62  -0.5   -0.03  -0.37  -0.98   0.05  -0.48   1.623  0.2    1.02
 -0.75  -0.14   1.439 -0.65  -0.55   0.02   0.13  -0.28   0.2    0.13 ][ 0.504 -0.59   0.75  -0.62   0.22   0.17  -0.84   0.03  -0.01   0.82
  0.923 -0.68   0.92  -1.397  0.79  -1.127 -0.87   0.06   0.69  -1.136
 -0.08  -0.346  0.75  -0.533 -0.269 -0.94   0.73  -0.28  -0.257  0.16
 -0.031  1.102  0.36  -0.45  -0.72   0.665  0.75  -0.53  -0.8    0.29
 -0.02   0.198  0.466  0.3   -1.076 -0.07  -1.541  0.63   0.677 -0.85
  0.65  -0.26  -0.16  -0.615 -0.45   0.81  -0.399 -1.247 -0.69   0.85
 -0.82   0.21   0.17   0.02  -0.62   0.68  -0.81  -0.031 -0.55   0.2
  0.62  -0.5   -0.03  -0.37  -0.98   0.05  -0.48   1.584  0.2    1.02
 -0.75  -0.14   1.439 -0.65  -0.55   0.02   0.13  -0.98   0.2    0.13 ][ 0.504 -0.27   0.75  -0.62  -0.96   0.17  -0.84  -0.785 -0.01   0.82
  1.866 -0.68   0.92  -1.397  0.79  -1.127 -0.87   0.06   0.69  -1.136
 -0.08  -0.346  0.75   0.17  -0.269 -0.94   0.73  -0.28  -0.257  0.16
  0.642  1.102  0.36  -0.45  -0.72   0.665  0.75  -0.53  -0.8    0.262
  0.837  0.198  0.466  0.3   -1.076 -0.07  -1.088  0.63  -0.121 -0.85
  0.65  -0.26  -0.16   0.2    0.347  0.81  -0.27  -1.247 -0.595  0.85
 -0.82   0.21  -0.76   0.02  -0.62   0.68  -0.81  -0.031 -0.55   0.2
  0.62  -0.5   -0.03  -0.37  -0.98   0.05  -0.48   1.66   0.2    1.02
 -0.75  -0.14   1.439 -0.65  -0.55   0.02   0.13  -0.28   0.2    0.13 ][ 0.504 -0.59   0.75  -0.62   0.22   0.17  -0.97   0.03  -0.01   0.82
  0.923 -0.68   0.92  -1.397  0.79  -1.127 -0.87   0.06   0.69  -0.15
 -0.08  -0.346  0.75   0.17  -0.269 -0.94   0.73  -0.28  -0.257  0.16
  1.285  1.102  0.36  -0.45  -0.72   0.665  0.75  -0.53  -0.8    0.29
 -0.02   0.198  0.466  0.3   -1.076 -0.07  -1.088  0.63  -0.08  -0.85
  0.65  -0.26  -0.16   0.2    0.347  0.81  -0.27  -1.247 -0.69  -0.141
 -0.82   0.21   0.17   0.02  -0.62   0.68  -0.81  -0.031 -0.55   0.2
  0.62  -0.5   -0.03  -0.37  -0.98   0.05  -0.48   1.584  0.2    1.02
 -0.75  -0.14   1.439  0.196 -0.55   0.02   0.13  -0.28   0.2    0.13 ][ 0.504 -0.59   0.75  -0.603  0.22   0.17  -0.84  -0.785 -0.01   0.82
  0.923 -0.68   1.779 -1.397  0.79  -1.127 -0.87   0.06   0.69  -1.136
 -0.08  -0.346  0.75   0.17  -0.269 -0.94   0.73  -0.28  -0.257  0.16
  0.642  1.102  0.36  -0.45  -0.72   0.665  0.75  -0.53  -0.8    0.29
 -0.02   0.198  0.466  0.3   -1.076 -0.07  -1.088  0.63  -0.08  -0.85
  0.65  -0.26  -0.16   0.2    0.347  0.81  -0.399 -0.386 -0.69  -0.141
 -0.82   0.21   0.17   0.02  -0.62   0.68  -0.81  -0.031 -0.55   0.2
  0.62  -0.5   -0.03  -0.37  -0.98   0.05  -0.48   1.663  0.2    1.02
 -0.75  -0.14   1.439 -0.65  -0.55   0.02   0.13  -0.28   0.2    0.13 ][ 0.47  -0.59   0.75  -0.62   0.22   0.17  -0.97  -0.785 -0.01   0.82
  1.866 -0.68   0.92  -1.397  0.79  -1.127 -0.87  -0.044  0.69  -1.136
 -0.08  -0.346  0.75   0.17  -0.269 -0.94   0.73  -0.28  -0.257  0.16
  0.642  1.102  0.36  -0.45  -0.72   0.665  0.75  -1.253 -0.8    0.29
 -0.02   0.198  0.466  0.3   -1.076 -0.07  -1.088  0.63   0.677 -0.85
  0.65  -0.26  -0.16   0.2    0.347  0.81  -0.399 -1.247 -0.69   0.85
 -0.82   0.21   0.17   0.02  -0.62   0.68  -0.77  -0.031 -0.55   0.2
  0.62  -0.5   -0.03  -0.37  -0.98   0.05  -0.48   1.663  0.2    1.02
 -0.75  -0.14   1.439  0.196 -1.511  0.02   0.13  -0.28   0.2    0.13 ][ 0.47  -0.59   0.75  -0.62  -0.96   0.17  -0.91  -0.785 -0.01   0.82
  0.923 -0.68   0.92  -0.415  0.888 -1.127 -0.87   0.06   0.69  -1.136
 -0.08  -0.346  0.75   0.17  -0.269 -1.223  0.73  -0.702 -0.257  0.16
  0.95   1.102  0.36  -0.45  -0.72   0.665  0.75  -0.53  -0.8    0.29
 -0.02   0.198  0.1    0.3   -1.425 -0.07  -1.673  0.63   0.677 -0.85
  0.65  -0.26   0.316  0.2    0.347  0.81  -0.27  -1.247 -0.69  -0.846
 -0.82   0.21   0.17   0.02  -0.62   0.68  -0.81  -0.031 -0.55   0.2
  0.62  -0.5   -0.03  -0.37  -0.98   0.05  -0.48   1.584  0.2    1.02
 -0.75  -0.14   1.439 -0.65  -0.55   0.02   0.13  -0.28   0.2    0.13 ][ 0.47  -0.27   0.75  -0.62  -0.96   0.17  -0.97   0.03  -0.01   0.82
  0.923 -0.68   0.92  -1.397  0.79  -1.127 -0.87   0.06   0.69  -1.136
 -0.08  -0.346  0.75   0.17  -0.269 -1.223  0.73  -0.28  -0.494  0.16
  0.642  1.102  0.36  -0.45  -0.72   0.665  0.75  -0.53  -0.8    0.29
 -0.02   0.198  0.466  0.3   -1.076 -0.07  -1.088  0.342 -0.121 -0.85
  0.65  -0.26  -0.16   0.2    0.347  0.81  -0.27  -1.247 -0.69  -0.141
 -0.82   0.21  -0.76   0.02  -0.62   0.68  -0.81  -0.031 -0.55   0.2
  0.62  -0.5   -0.03  -0.37  -0.98   0.05  -0.48   1.66   0.2    1.02
 -0.75  -0.14   1.439 -0.463 -0.55   0.02   0.13  -0.28   0.2    0.13 ][ 0.47  -0.27   0.75  -0.62   0.22   0.17  -0.97  -0.785 -0.01   0.82
  0.923 -0.68   0.92  -1.397  0.79  -1.127 -0.87   0.06   0.69  -1.136
 -0.08  -0.346  0.75   0.17  -0.269 -0.94   0.73  -0.28  -0.494  0.16
  0.95   1.102  0.36  -0.45  -0.72   0.665  0.75  -0.53  -0.8    0.29
 -0.02   0.198  0.466  0.3   -1.076 -0.07  -2.637  0.897 -0.121 -0.85
  0.65  -0.26  -0.16   0.2   -0.45   0.81  -0.27  -1.247 -0.69  -0.846
 -0.82   0.21   0.17   0.02  -0.62   0.68  -0.81  -0.031 -0.55   0.2
  0.62  -0.5   -0.03  -0.37  -0.98   0.05  -0.48   1.66   0.2    0.843
 -0.75  -0.14   1.439 -0.65  -0.55   0.02   0.13  -0.28   0.2    0.13 ][ 0.47  -0.59   0.75  -0.62   0.22   0.145 -0.97   0.03  -0.01   0.82
  0.923 -0.68   0.92  -1.397  0.79  -1.127 -0.87   0.06   0.69  -1.136
 -0.08  -0.346  0.75   0.17  -0.269 -0.94   0.73  -0.28  -0.257  0.16
  0.642  1.102  0.36  -0.45  -0.72   0.665  0.75  -0.53  -0.8    0.29
 -0.02   0.198  0.466  0.3   -1.076 -0.07  -1.088  0.63   0.677 -0.85
  0.65  -0.26  -0.16  -1.068 -0.45   0.81  -0.399 -1.247 -0.69   0.85
 -0.82   0.21   0.17   0.02  -0.62   0.68  -0.81  -0.031 -0.55   0.2
  0.62  -0.5   -0.03  -0.37  -0.98   0.05  -0.48   1.584  0.2    1.02
 -0.75  -0.14   1.439 -0.65  -0.55   0.02   0.13  -0.28   0.2    0.13 ][ 0.47  -0.59   0.75  -0.62   0.22   0.17  -0.97   0.03  -0.01   0.82
  0.923 -0.68   0.92  -1.397  0.79  -1.127 -0.87   0.06   0.69  -1.136
 -0.08  -0.346  0.75   0.17  -0.269 -0.94   0.73  -0.28  -0.257  0.16
  0.642  1.102  0.36  -0.565 -0.72   0.665  0.75  -0.53  -0.8    0.29
 -0.02   0.198  0.466  0.3   -0.75  -0.07  -1.088  0.63  -0.121 -0.85
  0.65  -0.26  -0.16   0.2   -0.45   0.81  -0.27  -1.247 -0.69   0.85
 -0.82   0.21  -0.76   0.02  -0.62   0.68  -0.81  -0.031 -0.55   0.2
  0.62  -0.5   -0.03  -0.37  -0.98   0.05  -0.48   1.66   0.2    1.02
 -0.75   0.383  1.439 -0.65  -0.55   0.02   0.13  -0.28   0.2    0.13 ][ 0.504 -0.59   0.75  -0.62  -0.96   0.17  -0.97  -0.785 -0.01   0.82
  0.923 -0.68   0.92  -1.397  0.79  -1.127 -0.87   0.06   0.69  -1.868
 -0.08  -0.346  0.75   0.17  -0.269 -1.223  0.73  -0.531 -0.257  0.16
  0.642  1.102  0.36  -0.45  -0.72   0.665  0.75  -1.253 -0.8    0.29
 -0.02   0.198  0.1    0.3   -0.392 -0.07  -1.673  1.48   0.677 -0.85
  0.65  -0.26  -0.16   0.2    0.347  0.81  -0.27  -1.247 -0.69  -0.141
 -0.82   0.21   0.17   0.02  -0.62   0.68  -0.81  -0.031 -0.55   0.2
  0.62  -0.5   -0.03  -0.37  -0.98   0.05  -0.48   1.584  0.2    1.02
 -0.75  -0.14   1.439 -0.65  -0.55   0.02   0.13  -0.28   0.2    0.13 ][ 0.504 -0.59   0.75  -0.62   0.22   0.17  -0.97   0.03  -0.01   0.82
  0.923 -0.68   0.92  -2.353  0.79  -1.127 -0.87   0.06   0.69  -1.136
 -0.08  -0.346  0.75   0.17  -0.269 -0.94   0.73  -0.412 -0.257  0.16
  0.642  1.102  0.36  -0.45  -0.72   0.665  0.75  -1.253 -0.8    0.29
 -0.02   0.198  0.466  0.3   -1.076 -0.07  -1.673  0.63  -0.121 -0.85
  0.65  -0.26  -0.16   0.026  0.347  0.81  -0.27  -1.247 -0.69  -0.141
 -0.82   0.21   0.17   0.02  -0.62   0.68  -0.77  -0.031 -0.55   0.2
  0.62  -0.5   -0.03  -0.37  -0.98   0.05  -0.48   1.584  0.2    1.02
 -0.75  -0.14   1.439 -0.65  -0.55   0.02   0.13  -0.28   0.2    0.13 ][ 0.504 -0.59   0.75  -0.653  0.22   0.17  -0.91   0.03  -0.01   0.82
  0.923 -0.68   0.92  -2.353  0.888 -1.127 -0.87  -0.044  0.69  -0.15
 -0.08  -0.346  0.75   0.17  -0.269 -1.223  0.73  -0.035 -0.257  0.16
  0.95   1.102  0.36  -0.45  -0.72   0.665  0.75  -0.599 -0.8    0.29
 -0.02   0.198  0.666  0.3   -1.076  0.382 -1.673  0.63  -0.121 -0.85
  0.65  -0.26  -0.16   0.2    0.347  0.81  -0.27  -1.247 -0.69   0.85
 -0.82   0.21   0.17   0.02  -0.62   0.68  -0.77  -0.031 -0.55   0.2
  0.62  -0.5   -0.03  -0.37  -0.98   0.05  -0.48   1.623  0.2    1.02
 -0.75  -0.14   1.576 -0.65  -0.55   0.02   0.13  -0.28   0.2    0.13 ][ 0.47  -0.27   0.75  -0.62  -0.96   0.17  -0.97   0.03  -0.01   0.82
  0.923 -0.68   0.92  -1.397  0.888 -1.127 -0.87   0.06   0.69  -1.136
 -0.08  -0.346  0.75   0.17   0.013 -0.94   0.73  -0.28  -0.257  0.16
  0.642  1.102  0.36  -0.45  -0.72   0.665  0.75  -0.53  -0.8    0.29
 -0.02   0.198  0.1   -0.508 -1.076 -0.07  -1.673  0.897 -0.121 -0.85
  0.65  -0.26  -0.16   0.2    0.347  0.81   0.181 -1.247 -0.69  -0.141
 -0.82   0.21  -0.76   0.02  -0.62   0.68  -0.81  -0.031 -0.55   0.2
  0.62  -0.5   -0.03  -0.37  -0.98   0.05  -0.48   0.66   0.2    1.02
 -0.75  -0.14   1.439 -0.65  -0.55   0.02   0.13  -0.28   0.2    0.13 ][ 0.504 -0.59   0.75  -0.62  -0.96   0.17  -0.91   0.03  -0.01   0.82
  0.923 -0.68   0.92  -1.397  0.888 -1.127 -0.87   0.06   0.69  -0.15
 -0.08  -0.346  0.75  -0.533 -0.269 -1.223  0.73  -0.702 -0.257  0.16
  0.642  1.102  0.36  -0.45  -0.72   0.665  0.75  -1.253 -0.8    0.29
 -0.02   0.198  0.666  0.3   -1.755 -0.07  -1.673  0.63  -0.121 -0.85
  0.65  -0.26  -0.16   0.2    0.347  0.81  -0.27  -1.247 -0.69   0.85
 -0.82   0.21   0.17   0.02  -0.62   0.68  -0.81  -0.031 -0.55   0.2
  0.62  -0.5   -0.03  -0.37  -0.98   0.05  -0.48   1.584  0.2    1.02
 -0.75  -0.14   1.576 -0.65  -0.55   0.02   0.13  -0.28   0.2    0.13 ][ 0.47  -0.59   0.75  -0.62   0.22   0.17  -0.97  -0.785 -0.01   0.82
  0.923 -0.68   0.92  -1.397  0.79  -1.127 -0.87   0.06   0.69  -1.136
 -0.08  -0.346  0.75   0.17  -0.269 -0.94   0.73  -0.28  -0.257  0.402
 -0.031  1.102  0.36  -0.45  -0.72   0.665  0.75  -0.53  -0.8    0.29
 -0.02   0.198  0.1   -0.508 -0.75  -0.07  -1.673  0.897  0.677 -0.85
  0.65  -0.26  -0.16  -0.615 -0.45   0.81  -0.27  -1.247 -0.69  -0.846
 -0.82   0.21   0.17   0.02  -0.62   0.68  -0.81  -0.031 -0.55   0.2
  0.62  -0.5   -0.03  -0.37  -0.98   0.05  -0.48   1.584  0.2    1.02
 -0.75  -0.14   1.439 -1.372 -0.55   0.02   0.13  -0.28   0.2    0.13 ][ 0.504 -0.59   0.75  -0.653 -0.96   0.17  -0.84  -0.785 -0.01   0.82
  0.923 -0.68   0.92  -1.397  0.79  -1.127 -0.87   0.06   0.69  -1.136
 -0.08  -0.346  0.75   0.17  -0.269 -0.892  0.73   0.453 -0.257  0.16
  0.95   1.102  0.36  -0.45  -0.72   0.665  0.75  -1.253 -0.8    0.29
 -0.02   0.198  0.466  0.3   -1.076 -0.07  -1.673  0.897 -0.121 -0.85
  0.65  -0.26  -0.16   0.2    0.347  0.81  -0.27  -1.247 -0.595  0.85
 -0.82   0.21   0.17   0.02  -0.62   0.68  -0.77  -0.031 -0.55   0.2
  0.62  -0.5   -0.03  -0.37  -0.98   0.05  -0.48   1.663  0.2    1.02
 -0.75  -0.14   1.439 -0.65  -0.55   0.02   0.13  -0.28   0.2    0.13 ][ 0.504 -0.59   0.75  -0.62  -0.96   0.17  -0.84  -0.785 -0.01   0.82
  0.923 -0.68   0.92  -1.397  0.79  -1.127 -0.87   0.06   0.69  -1.136
 -0.08  -0.346  0.75  -0.533 -0.269 -0.94   0.73  -0.035 -0.257  0.16
  0.642  1.102  0.507 -0.45  -0.72   0.665  0.75  -1.253 -0.8    0.29
 -0.02   0.198  0.666  0.3   -1.076 -0.07  -1.673  0.897 -0.121 -0.85
  0.65  -0.26  -0.16   0.2    0.347  0.81   0.181 -1.247 -0.595  0.85
 -0.82   0.21   0.17   0.02  -0.62   0.68  -0.81  -0.031 -0.55   0.2
  0.62  -0.5   -0.03  -0.37  -0.98   0.05  -0.48   1.584  0.2    1.02
 -0.75  -0.14   1.439 -0.65  -0.55   0.02   0.13  -0.28   0.2    0.13 ][ 0.504 -0.59   0.75  -0.62  -0.96   0.17  -0.97  -0.785 -0.01   0.82
  0.923 -0.68   0.92  -1.397  0.888 -1.127 -0.87  -0.044  0.69  -1.136
 -0.08  -0.346  0.75   0.17  -0.269 -1.223  0.73  -0.035 -0.257  0.16
  0.642  1.102  0.36  -0.45  -0.72   0.665  0.75  -0.599 -0.8    0.29
 -0.02   0.198  0.466  0.3   -1.076 -0.07  -1.673  0.63   0.677 -0.85
  0.65  -0.26   0.316  0.2    0.347  0.81  -0.27  -1.247 -0.69  -0.141
 -0.82   0.21  -0.76   0.02  -0.62   0.68  -0.81  -0.031 -0.55   0.2
  0.62  -0.5   -0.03  -0.37  -0.98   0.05  -0.48   1.584  0.2    1.393
 -0.75  -0.14   1.439 -0.65  -0.55   0.02   0.13  -0.28   0.2    0.353][ 0.47  -0.59   0.75  -0.62  -0.96   0.17  -1.925 -0.785 -0.01   0.82
  0.923 -0.68   0.92  -1.397  0.79  -1.127 -0.87  -0.044  0.69  -1.136
 -0.08  -0.346  0.75   0.17  -0.269 -0.94   0.73  -0.28  -0.257  0.16
  0.642  1.102  0.36  -0.45  -0.72   0.665  0.75  -0.53  -0.8    0.29
 -0.02   0.198  0.1   -0.508 -1.425 -0.07  -1.673  0.63   0.677 -0.85
  0.65  -0.26  -0.16   0.2    0.347  0.81  -0.27  -1.247 -0.69   0.85
 -0.82   0.21   0.17   0.02  -0.62   0.68  -0.81  -0.031 -0.55   0.2
  0.62  -0.5   -0.03  -0.37  -0.98   0.05  -0.48   1.584  0.2    1.02
 -0.75  -0.14   1.439 -0.65  -0.55   0.02   0.13  -0.28   0.2    0.13 ][ 0.504 -0.59   0.75  -0.62  -0.96   0.17  -0.97   0.03  -0.01   0.82
  1.866 -0.68   0.92  -1.397  0.79  -1.127 -0.87   0.06   0.69  -0.15
 -0.08  -0.346  0.75   0.17  -0.269 -0.94   0.73  -0.28  -0.257  0.16
  0.642  1.102  0.36  -0.45  -0.72   0.665  0.75  -0.53  -0.8    0.29
 -0.02   0.198  0.466  0.3   -1.076 -0.07  -1.088  0.63  -0.08  -0.85
  0.65  -1.231 -0.16   0.2   -0.361  0.81  -0.399 -1.247 -0.595 -0.141
 -0.82   0.21   0.17   0.02  -0.62   0.68  -0.81  -0.031 -0.55   0.2
  0.62  -0.5   -0.03  -0.37  -0.98   0.05  -0.48   1.584  0.2    1.02
 -0.75  -0.14   1.439 -0.65  -0.55   0.02   0.13  -0.28   0.2    0.13 ][ 0.504 -0.59   0.75  -0.62   0.22   0.17  -0.84   0.03  -0.01   0.82
  0.923 -0.68   0.92  -1.397  1.201 -1.127 -0.87   0.06   0.69  -0.15
 -0.08  -0.346  0.75  -0.533 -0.269 -1.223  0.73  -0.28  -0.257  0.16
 -0.031  1.102  0.36  -0.45  -0.72   0.665  0.75  -0.599 -0.8    0.29
 -0.02   0.198  0.466  0.3   -1.076 -0.07  -1.088  0.63   0.677 -0.85
  0.65  -0.26  -0.16   0.2    0.347  0.81  -0.27  -1.247 -0.69   0.85
 -0.82   0.21   0.17   0.02  -0.62   0.68  -0.81  -0.031 -0.55   0.2
  0.62  -0.5   -0.03  -0.37  -0.98   0.05  -0.48   1.584  0.2    1.02
 -0.75  -0.14   1.576 -0.65  -0.55   0.02   0.13  -0.98   0.2    0.13 ][ 0.504 -0.59   0.75  -0.62  -0.96   0.17  -0.97   0.03  -0.01   0.82
  1.866 -0.507  0.92  -1.397  0.888 -1.127 -0.87   0.06   0.69  -1.136
 -0.08  -0.346  0.75   0.17  -0.269 -0.94   0.73  -0.035 -0.257  0.16
  0.642  1.102  0.36  -0.45  -0.72   0.665  0.75  -1.253 -0.8    0.29
 -0.02   0.198  0.466  0.3   -1.076 -0.07  -1.673  0.897 -0.121 -0.85
  0.65  -0.26  -0.16   0.2    0.347  0.81  -0.399 -1.247 -0.595  0.85
 -0.82   0.21   0.17   0.02  -0.62   0.68  -0.81  -0.031 -0.55   0.2
  0.62  -0.5   -0.03  -0.37  -0.98   0.05  -0.48   1.584  0.2    1.02
 -0.75  -0.14   1.439 -0.65  -0.55   0.02   0.13  -0.28   0.2    0.13 ][ 0.504 -0.59   0.75  -0.62  -0.96   0.17  -0.84   0.03  -0.01   0.82
  0.646 -0.68   0.92  -0.811  0.888 -1.127 -0.87   0.06   0.69  -1.136
 -0.08  -0.346  0.75   0.17  -0.269 -1.223  0.73  -0.035 -0.257  0.16
  0.642  1.102  0.36  -0.45  -0.72   0.665  0.75  -0.53  -0.8    0.29
 -0.02   0.198  0.466  0.3   -1.076 -0.07  -1.673  0.63  -0.121 -0.85
  0.65  -0.26  -0.16   0.2    0.347  0.81  -0.27  -1.247 -0.69  -0.141
 -0.82   0.21   0.17   0.02  -0.62   0.68  -0.81  -0.031 -0.55   0.2
  0.62  -0.5   -0.03  -0.37  -0.98   0.05  -0.48   1.663  0.2    1.02
 -0.75  -0.14   1.439 -0.65  -0.55   0.02   0.13  -0.28   0.2    0.13 ][ 0.47  -0.59   0.75  -0.62  -0.96   0.17  -0.97  -0.785 -0.01   0.82
  0.923 -0.68   0.92  -1.397  0.79  -1.127 -0.87  -0.044  0.69  -1.136
 -0.08  -0.346  0.75   0.17  -0.269 -0.94   0.73  -0.28  -0.257  0.16
  0.642  1.102  0.36  -0.45  -0.72   0.665  0.75  -0.53  -0.8    0.29
 -0.116  0.198  0.1    0.3   -1.425 -0.07  -1.673  0.897 -0.121 -0.85
  0.65  -0.26  -0.16   0.2    0.347  0.81  -0.27  -1.247 -0.69   0.85
 -0.82   0.21   0.17   0.02  -0.62   0.68  -0.81  -0.031 -0.55   0.2
  0.62  -0.5   -0.03  -0.37  -0.98   0.05  -0.4    1.584  0.2    1.02
 -0.75  -0.14   1.439 -0.65  -0.55   0.02   0.13  -0.28   0.2    0.13 ][ 0.47  -0.59   0.75  -0.62   0.22   0.17  -0.97   0.03  -0.01   0.82
  0.923 -0.68   0.92  -1.397  0.79  -1.127 -0.87  -0.044  0.69  -1.136
 -0.08  -0.346  0.75   0.17  -0.269 -0.94   0.73  -0.28  -0.257  0.16
  0.642  1.102  0.36  -0.45  -0.72   0.665  1.166 -0.53  -0.8    0.29
 -0.02   0.198  0.466  0.3   -1.076 -0.07  -1.088  0.63  -0.08  -0.85
  0.65  -0.26  -0.16   0.2    0.347  0.81  -0.27  -1.247 -0.69  -0.846
 -0.82   0.21   0.17   0.02  -0.62   0.68  -0.77  -0.031 -0.55   0.2
  0.62  -0.5   -0.03  -0.37  -0.98   0.05  -0.48   1.584  0.2    1.02
 -0.75  -0.14   1.439  0.196 -0.55   0.02   0.13  -0.28   0.2    0.13 ][ 0.47  -0.59   0.75  -0.62   0.22   0.17  -0.97   0.03  -0.01   0.82
  0.923 -0.68   0.92  -1.397  0.888 -1.127 -0.87  -0.044  0.69  -1.136
 -0.08  -0.346  0.75   0.17  -0.269 -0.94   0.73  -0.035 -0.494  0.16
  0.642  1.102  0.36  -0.45  -0.72   0.665  0.75  -0.53  -0.8    0.29
  0.837  0.198  0.466  0.3   -1.076 -0.07  -1.673  0.63   0.677 -0.85
  0.65  -0.26   0.316  0.2   -0.45   0.81  -0.27  -1.247 -0.69  -0.141
 -0.82   0.21  -0.76   0.02  -0.62   0.68  -0.81  -0.031 -0.55   0.2
  0.62  -0.5   -0.03  -0.37  -0.327  0.05  -0.48   1.584  0.2    1.02
 -0.75  -0.14   1.439 -0.65  -0.55   0.02   0.13  -0.28   0.2    0.353]