[ 0.47  -0.59   0.75  -0.62  -0.96   0.17  -0.97  -0.039 -0.01   0.82
  1.866 -0.68   0.92  -1.397  0.888 -1.127 -0.87   0.06   0.69  -1.136
 -0.08  -0.346  0.75   0.17  -0.269 -0.94   0.73  -0.035 -0.257  0.16
  0.642  1.102  0.36  -0.53  -0.72   0.665  0.75  -0.53  -0.8    0.29
 -0.02   0.198  0.1    0.3   -1.425 -0.07  -1.662  0.63   0.677 -0.85
  0.65  -0.26  -0.16   0.2    0.347  0.81  -0.27  -1.247 -0.69  -0.141
 -0.82   0.21   0.17   0.02  -0.62   0.68  -0.81  -0.031 -0.55   0.2
  0.54  -0.5   -0.03  -0.37  -0.98   0.05  -0.48   1.584  0.2    1.02
 -0.75  -0.14   1.439 -0.65  -0.55   0.02   0.268 -0.28   0.2    0.13 ][ 0.504 -0.59   0.75  -0.62  -0.96   0.17  -0.84  -0.785 -0.01   0.82
  1.866 -0.68   0.92  -1.397  0.79  -1.127 -0.87   0.06   0.69  -1.12
 -0.08  -0.346  0.75   0.17  -0.269 -0.94   0.73  -0.28  -0.257  0.16
  0.642  1.102  0.36  -0.45  -0.72   0.665  0.75  -0.53  -0.8    0.29
 -0.02   0.198  0.466 -0.508 -1.076 -0.07  -2.637  0.63  -0.121 -0.85
  0.65  -0.26  -0.16   0.2    0.347  0.81  -0.27  -1.247 -0.595 -0.141
 -0.82   0.21  -0.76   0.02  -0.62   0.68  -0.81  -0.031 -0.55   0.2
  0.62  -0.5   -0.03  -0.37  -0.98   0.05  -0.48   1.66   0.2    1.02
 -0.75  -0.14   1.439 -1.614 -0.55   0.02   0.13  -0.28   0.2    0.994][ 4.70000000e-01 -5.90000000e-01  2.22044605e-16 -6.20000000e-01
 -9.60000000e-01  1.70000000e-01 -8.40000000e-01 -7.85000000e-01
 -1.00000000e-02  8.20000000e-01  1.47000000e+00 -6.80000000e-01
  9.20000000e-01 -1.39700000e+00  7.90000000e-01 -1.12700000e+00
 -8.70000000e-01 -4.40000000e-02  6.90000000e-01 -1.13600000e+00
 -8.00000000e-02 -3.46000000e-01  7.50000000e-01  1.70000000e-01
 -2.69000000e-01 -9.40000000e-01  7.30000000e-01 -3.50000000e-02
 -2.57000000e-01  1.60000000e-01  6.42000000e-01  1.10200000e+00
  3.60000000e-01 -4.50000000e-01 -7.20000000e-01  6.65000000e-01
  7.50000000e-01 -5.30000000e-01 -8.00000000e-01  2.90000000e-01
 -2.00000000e-02  1.98000000e-01  4.66000000e-01 -5.08000000e-01
 -1.42500000e+00 -7.00000000e-02 -1.66200000e+00  6.30000000e-01
  6.77000000e-01 -8.50000000e-01  6.50000000e-01 -2.60000000e-01
 -1.60000000e-01  2.00000000e-01  3.47000000e-01  8.10000000e-01
 -2.70000000e-01 -1.24700000e+00 -5.95000000e-01 -1.41000000e-01
 -8.20000000e-01  2.10000000e-01  1.70000000e-01  2.00000000e-02
 -6.20000000e-01  6.80000000e-01 -8.10000000e-01 -3.10000000e-02
 -5.50000000e-01  2.00000000e-01  6.20000000e-01 -5.00000000e-01
 -3.00000000e-02 -3.70000000e-01 -9.80000000e-01  5.00000000e-02
 -4.80000000e-01  1.66000000e+00  2.00000000e-01  1.02000000e+00
 -7.50000000e-01 -1.40000000e-01  1.43900000e+00 -1.03500000e+00
  2.20000000e-02 -3.80000000e-02  1.30000000e-01 -2.80000000e-01
  2.00000000e-01  9.94000000e-01][ 0.504 -0.59   0.75  -0.62  -0.96   0.17  -0.84  -0.039 -0.01   0.82
  1.47  -0.68   0.92  -1.397  0.888 -1.026 -0.87   0.06   0.69  -1.136
 -0.08  -0.346  0.75   0.17  -0.269 -0.94   0.73  -0.28  -0.257  0.16
  0.642  1.102  0.36  -0.45  -0.72   0.665  0.75  -0.53  -0.8    0.29
 -0.02   0.198  0.466 -0.508 -1.425 -0.07  -1.673  0.63  -0.121 -0.85
  0.65  -0.26  -0.16   0.2    0.347  0.81  -0.27  -1.247 -0.69  -0.141
 -0.82   0.21   0.17   0.02  -0.62   0.68  -0.81  -0.031 -0.55   0.2
  0.62  -0.5   -0.03  -0.37  -0.98   0.05  -0.48   1.584  0.2    1.02
 -0.75  -0.14   1.439 -1.614 -0.55   0.02   0.13  -0.28   0.2    0.994][ 0.47  -0.59   0.75  -0.62  -0.96   0.17  -0.84  -0.785 -0.01   0.82
  1.866 -0.68   0.92  -1.397  0.888 -1.127 -0.87  -0.044  0.69  -1.12
 -0.08  -0.346  0.75   0.17  -0.269 -0.94   0.73  -0.28  -0.257  0.16
  0.642  1.102  0.36  -0.45  -0.72   0.665  0.75  -0.53  -0.8    0.29
 -0.02   0.198  0.466 -0.508 -1.076 -0.07  -2.637  0.63   0.677 -0.85
  0.65  -0.26  -0.16   0.2    0.347  0.81  -0.27  -0.691 -0.595 -0.141
 -0.82   0.21   0.17   0.02  -0.62   0.68  -0.81  -0.031 -0.55   0.2
  0.62  -0.5   -0.03  -0.37  -0.98   0.05  -0.48   1.66   0.2    1.02
 -0.75  -0.14   1.439 -0.65  -0.55   0.02   0.13  -0.28   0.2    0.994][ 0.504 -1.459  0.75  -0.62   0.22   0.17  -0.97   0.03  -0.01   0.82
  1.866 -0.68   0.92  -2.353  0.79  -1.127 -0.87  -0.044  0.69  -1.136
 -0.08  -0.346  0.75   0.17  -0.269 -0.94   0.73  -0.28  -0.257  0.16
  0.642  1.102  0.36  -0.45  -0.72   0.665  0.75  -0.53  -0.8    0.29
 -0.02   0.198  0.466  0.3   -1.076 -0.07  -1.088  0.897 -0.121 -0.85
  0.65  -0.26  -0.16   0.2    0.347  0.81  -0.27  -1.247 -0.69  -0.141
 -0.86   0.21   0.17   0.02  -0.62   0.68  -0.81  -0.031 -0.55   0.2
  0.62  -0.5   -0.03  -0.37  -0.98   0.05  -0.48   1.584  0.2    1.02
 -0.75  -0.14   1.439 -0.65   0.022  0.02   0.268 -0.28   0.2    0.13 ][ 0.47  -0.59   0.75  -0.62  -0.96   0.17  -0.97  -1.689 -0.01   0.82
  1.866 -0.68   0.92  -1.397  0.888 -1.127 -0.87   0.06   0.69  -0.15
 -0.08  -0.346  0.75   0.17   0.013 -0.94   0.73  -0.035 -0.257  0.16
  0.642  1.102  0.36  -0.45  -0.72   0.665 -0.03  -0.53  -0.8    0.29
 -0.02   0.198  0.1    0.3   -1.076 -0.07  -1.662  0.63   0.677 -0.85
  0.65  -0.26  -0.16   0.2    0.347  0.81  -0.27  -1.247 -0.595 -0.141
 -0.82   0.21  -0.76   0.02  -0.62   0.68  -0.81  -0.031 -0.55   0.2
  0.54  -0.5   -0.03  -0.37  -0.98   0.05  -0.48   1.584  0.2    1.02
 -0.75  -0.14   1.439 -0.65   0.022  0.02   0.13  -0.28   0.2    0.13 ][ 0.47  -0.59   0.75  -0.62   0.22   0.17  -0.91   0.03  -0.01   0.82
  1.47  -0.68   0.92  -1.397  0.79  -1.127 -0.87  -0.044  0.69  -1.12
 -0.08  -0.346  0.75   0.17  -0.269 -0.94   0.73  -0.28  -0.257  0.16
  0.95   1.102  0.36  -0.45  -0.72   0.665  0.75  -0.53  -0.8    0.29
 -0.02   0.198  1.301 -0.508 -1.425 -0.07  -1.088  0.63  -0.121 -0.85
  0.65  -0.26  -0.16   0.2    0.347  0.81  -0.27  -1.247 -0.69  -0.141
 -0.86   0.21   0.17   0.02  -0.62   0.68  -0.81  -0.031 -0.55   0.441
  0.62  -0.5   -0.03  -0.37  -0.98   0.05  -0.48   1.584  0.2    1.02
 -0.75  -0.14   1.439 -0.65  -0.55   0.02   0.268 -0.28   0.2    0.13 ][ 0.47  -0.27   0.75  -0.603  0.22   0.17  -1.925 -0.785 -0.01   0.82
  1.866 -0.68   0.92  -1.397  0.888 -1.127 -0.87  -0.044  0.69  -1.136
 -0.08  -0.346  0.887  0.17  -0.269 -0.94   0.605 -0.28  -0.257  0.953
  0.642  1.102  0.36  -0.45  -0.72   0.665  1.614 -0.53  -0.8    0.29
 -0.02   0.198  0.1    0.3   -1.425 -0.07  -1.662  0.63  -0.121 -0.85
  0.65  -0.26  -0.16   0.2    0.347  0.81  -0.399 -1.247 -0.595 -0.141
 -0.86   0.21   0.17   0.02  -0.62   0.68  -0.81  -0.031 -0.55   0.2
  0.62  -0.5   -0.03  -0.37  -0.98   0.134 -0.48   1.584  0.2    1.02
 -0.75  -0.14   1.439 -0.65   0.022  0.02   0.13  -0.28   0.2    0.994][ 0.47  -0.59   0.75  -0.62  -0.96   0.17  -1.925 -0.039 -0.01   0.82
  1.866 -0.68   0.92  -1.397  0.888 -1.127 -0.87   0.06   0.69  -1.136
 -0.08  -0.346  0.75   0.17   0.013 -0.94   0.605 -0.035 -0.257  0.953
  0.642  1.845  0.36  -0.45  -0.72   0.665  0.75  -0.53  -0.8    0.29
 -0.02   0.198  0.1    0.3   -1.425 -0.07  -1.662  0.63   0.677 -0.85
  0.65  -0.26  -0.16   0.2    0.347  0.81  -0.27  -1.247 -0.595 -0.141
 -0.82   0.21   0.17   0.02  -0.62   0.68  -0.81  -0.031 -0.55   0.2
  0.62  -0.5   -0.03  -0.37  -0.98   0.05  -0.48   1.66   0.2    1.02
 -0.75  -0.14   1.439 -0.65   0.022  0.02   0.13  -0.28   0.2    0.994][ 0.504 -0.27   0.75  -0.62  -0.96   0.17  -0.97  -0.785 -0.01   0.82
  0.591 -0.68   0.92  -1.397  0.79  -1.127 -0.87  -0.044  0.69  -1.136
 -0.08  -0.346  0.75   0.17   0.013 -0.94   0.73  -0.035 -0.257  0.16
  0.642  1.102  0.36  -0.45  -0.72   0.665  0.75  -0.53  -0.8    0.29
 -0.02   0.198  0.1   -1.335 -1.425 -0.07  -1.734  0.63   0.677 -0.85
  0.65  -0.26  -0.16   0.2    0.347  0.81  -0.27  -1.247 -0.595  0.85
 -0.86   0.21  -0.76   0.02  -0.62   0.68  -0.81  -0.031 -0.55   0.2
  0.62  -0.5   -0.03  -0.37  -0.98   0.05  -0.48   1.623  0.2    1.02
 -0.75  -0.14   1.439 -0.65  -0.55   0.02   0.13  -0.28   0.2    0.13 ][ 0.47  -0.59   0.188 -0.62  -0.96   0.17  -0.84  -0.785 -0.01   0.82
  1.866 -0.68   0.92  -1.397  0.888 -1.127 -0.87  -0.044  0.69  -1.622
 -0.08  -0.346  0.75   0.17  -0.269 -0.94   0.73  -0.28  -0.257  0.16
  0.642  1.102  0.36  -0.45  -0.72   0.665  0.75  -0.53  -0.8    0.29
 -0.02   0.198  0.466 -0.508 -1.076 -0.07  -1.662  0.63   0.677 -0.85
  0.65  -0.26  -0.16   0.2    0.347  0.81  -0.27  -1.247 -0.69  -0.141
 -0.82   0.21   0.17   0.02  -0.62   0.68  -0.81  -0.031 -0.55   0.2
  0.62  -0.5   -0.03  -0.37  -0.98   0.05  -0.48   1.66   0.2    1.02
 -0.75  -0.14   1.439 -0.65  -0.55   0.02   0.13  -0.28   0.2    0.13 ][ 0.47  -0.59   0.75  -0.62   0.22   0.17  -0.91  -0.785 -0.01   0.82
  1.866 -0.68   0.92  -1.397  0.79  -1.127 -0.87   0.06   0.69  -1.12
 -0.08  -0.346  0.75   0.17  -1.138 -0.94   0.73  -0.146 -0.257  0.16
  0.642  1.102  0.36  -0.45  -0.72   0.665  0.75  -0.599 -0.8    0.29
 -0.02   0.198  0.466 -0.508 -1.425 -0.07  -2.637  0.63  -0.121 -0.85
  0.65  -0.26  -0.16   0.2    0.347  0.81  -0.27  -1.247 -0.595 -0.141
 -0.86   0.21  -0.175  0.02  -0.62   0.68  -0.81  -0.031 -0.55   0.2
  0.62  -0.5   -0.03  -0.37  -0.98   0.05  -0.48   1.584  0.2    1.02
 -0.75  -0.14   1.439 -0.65  -0.55   0.02   0.268 -0.28   0.2    0.994][ 0.47  -0.59   0.75  -0.369 -0.96   0.17  -0.97  -1.689 -0.01   0.82
  1.866 -0.68   0.92  -1.397  0.888 -1.127 -0.87   0.06   0.69  -0.15
 -0.08  -0.346  0.75   0.17   0.013 -0.94   0.73  -0.035 -0.257  0.16
  0.642  1.102  0.36  -0.45  -0.72   0.665  0.75  -0.53  -0.8    0.29
 -0.02   0.198  0.1    0.3   -1.076 -0.07  -1.662  0.63   0.677 -0.85
  0.65  -0.26  -0.16   0.2    0.347  0.81  -0.27  -1.247 -0.595  0.85
 -0.86   0.21  -0.76   0.02  -0.62   0.68  -0.81  -0.031 -0.55   0.2
  0.62  -0.5   -0.03  -0.37  -0.98   0.05  -0.48   1.584  0.2    1.02
 -0.75  -0.14   1.439 -0.65   0.022  0.02   0.13  -0.28   0.2    0.13 ][ 0.47  -0.27   0.75  -0.603 -0.96   0.17  -1.925 -0.785 -0.01   0.82
  0.923 -0.68   0.92  -1.397  0.79  -1.127 -0.87   0.06   0.69  -1.136
 -0.08  -0.346  0.887  0.17  -0.269 -0.94   0.73  -0.28  -0.257  0.16
  0.642  1.102  0.36  -0.45  -0.72   0.665  0.75  -0.599 -0.8    0.29
 -0.02   0.198  0.466 -0.508 -1.425 -0.07  -1.088  0.63  -0.121 -0.85
  0.65  -0.26  -0.16   0.2    0.347  0.81  -0.27  -1.247 -0.69  -0.141
 -0.82   0.21   0.17   0.02  -0.62   0.68  -0.81  -0.031 -0.55   0.2
  0.416 -0.5   -0.03  -0.37  -0.98   0.05  -0.48   1.584  0.2    1.02
 -0.75  -0.14   1.439 -0.65  -0.55  -0.576  0.13  -0.28   0.2    0.13 ][ 0.47  -0.59   0.75  -0.62   0.22   0.17  -0.84  -0.785 -0.01   0.82
  1.866 -0.68   0.92  -1.397  0.79  -1.127 -0.87  -0.044  0.69  -1.136
 -0.08  -0.346  0.75   0.17  -1.138 -0.94   0.73  -0.146 -0.257  0.16
  0.642  1.102  0.36  -0.45  -0.72   0.665  0.75  -0.53  -0.9    0.29
 -0.02   0.198  0.466 -0.508 -1.425 -0.07  -2.637  0.63  -0.121 -0.85
  0.65  -0.26  -0.16   0.2    0.347  0.81  -0.27  -1.247 -0.595 -0.141
 -0.82   0.21   0.17   0.02  -0.62   0.68  -0.81  -0.031 -0.55   0.2
  0.62  -0.5   -0.03  -0.37  -0.98   0.05  -0.48   1.66   0.2    1.02
 -0.75  -0.14   1.439 -0.65  -0.55   0.02   0.13  -0.28   0.2    0.994][ 0.47  -0.59   0.75  -0.369 -0.96   0.17  -0.91  -1.689 -0.01   0.82
  1.866 -0.68   1.806 -1.397  0.79  -1.127 -0.87   0.06   0.69  -1.12
 -0.08  -0.346  0.75   0.17   0.013 -0.94   0.73  -0.035 -0.257  0.16
  0.642  1.102  0.36  -0.45  -0.72   0.665  0.75  -0.53  -0.8    0.29
 -0.02   0.198  0.1    0.3   -1.076 -0.07  -1.662  0.63  -0.121 -0.85
  0.65  -0.26  -0.16   0.2    0.347  0.81  -0.27  -1.247 -0.69   0.85
 -0.86   0.21   0.17   0.02  -0.62   0.68  -0.81  -0.031 -0.55   0.2
  0.62  -0.5   -0.03  -0.37  -0.98   0.05  -0.48   1.584  0.2    1.02
 -0.75  -0.14   1.439 -0.65  -0.55   0.02   0.268 -0.28   0.2    0.13 ][ 0.47  -0.59   0.75  -0.369 -0.96   0.17  -0.84  -0.785 -0.01   0.82
  1.866 -0.68   0.92  -1.397  0.888 -1.127 -0.87  -0.044  0.69  -1.622
 -0.08  -0.346  0.75   0.17  -0.269 -0.94   0.73  -0.035 -0.257  0.16
  0.642  1.102  0.36  -0.45  -0.72   0.665  0.75  -0.53  -0.8    0.29
 -0.02   0.198  0.466 -0.508 -1.076 -0.07  -1.662  0.63   0.677 -0.85
  0.65  -0.26  -0.16   0.2    0.347  0.81  -0.27  -0.962 -0.69   0.85
 -0.82   0.21   0.17   0.02  -0.62   0.68  -0.81  -0.031 -0.55   0.2
  0.62  -0.5   -0.03  -0.37  -0.98   0.05  -0.48   1.584  0.2    1.02
 -0.75  -0.14   1.439 -0.65  -0.55   0.02   0.13  -0.28   0.2    0.13 ][ 0.47  -1.476  0.75  -0.62  -0.96   0.17  -0.84  -0.039 -0.01   0.82
  1.47  -0.68   0.92  -1.397  0.888 -1.127 -0.87   0.06   0.69  -1.136
 -0.08  -0.346  0.75   0.17  -0.269 -0.94   0.73  -0.28  -0.257  0.16
  0.642  1.102  0.36  -0.45  -0.72   0.665  0.75  -0.53  -0.8    0.29
 -0.02   0.198  0.466 -0.508 -1.425 -0.07  -1.673  0.63   0.677 -0.85
  0.65  -0.26  -0.16   0.2    0.347  0.81  -0.27  -1.247 -0.69  -0.141
 -0.82   0.21   0.17   0.02  -0.62   0.68  -0.81  -0.031 -0.55   0.2
  0.62  -0.5   -0.03  -0.37  -0.98   0.05  -0.48   1.584  0.2    1.02
 -0.75  -0.14   1.439 -0.65  -0.55   0.02   0.13  -0.28   0.2    0.994][ 0.504 -0.27   0.75  -0.603  0.22   0.17  -0.91  -0.785 -0.01   0.82
  0.923 -0.68   0.92  -1.397  0.79  -1.127 -0.87  -0.044  0.69  -1.136
 -0.08  -0.346  0.887  0.17  -0.269 -0.94   1.014 -0.28  -0.257  0.16
  0.642  1.102  0.36  -0.45  -0.72   0.665  0.75  -0.599 -0.8    0.29
 -0.02   0.198  0.466  0.3   -1.076 -0.07  -1.088  0.63  -0.121 -0.85
  0.65  -0.26  -0.16   0.2    0.347  0.81  -0.399 -1.247 -0.69  -0.141
 -0.86   0.21   0.17   0.02  -0.62   0.68  -0.81  -0.031 -0.55   0.441
  0.62  -0.5   -0.03  -0.37  -0.98   0.134 -0.48   1.584  0.2    1.02
 -0.75  -0.14   1.439 -0.65  -0.55   0.02   0.13  -0.28   0.2    0.13 ][ 0.47  -0.59   0.188 -0.62  -0.96   0.17  -0.84  -0.785 -0.01   0.82
  1.866 -0.68   0.92  -1.397  0.888 -1.127 -0.87  -0.044  0.69  -1.622
 -0.08  -0.346  0.75   0.17  -0.269 -0.94   0.73  -0.035 -0.257  0.16
  0.642  1.102  0.36  -0.45  -0.72   0.665  0.75  -0.53  -0.8    0.29
 -0.02   0.198  0.466 -0.508 -1.076 -0.07  -1.662  0.63   0.677 -0.85
  0.65  -0.26  -0.16   0.2    0.347  0.81  -0.27  -1.247 -0.69  -0.141
 -0.82   0.21   0.17   0.02  -0.62   0.68  -0.81  -0.031 -0.55   0.2
  0.62  -0.5   -0.03  -0.781 -0.98   0.05  -0.48   1.66   0.2    1.02
 -0.75  -0.14   1.439 -0.65  -0.55   0.02   0.13  -0.28   0.2    0.13 ][ 0.47  -0.59   0.75  -0.62   0.22   0.17  -0.97   0.03  -0.01   0.82
  1.47  -0.68   0.92  -2.353  0.79  -1.127 -0.87  -0.044  0.69  -1.12
 -0.08  -0.346  0.75   0.17  -0.269 -0.94   0.73  -0.28  -0.257  0.16
  0.642  1.102  0.36  -0.45  -0.72   0.665  0.75  -0.53  -0.8    0.29
 -0.02   0.198  0.466 -0.508 -1.076 -0.07  -1.088  0.63  -0.121 -0.85
  0.65  -0.26  -0.16   0.2    0.347  0.81  -0.27  -1.247 -0.69  -0.141
 -0.86   0.21   0.17   0.02  -0.62   0.68  -0.81  -0.031 -0.55   0.082
  0.62  -0.5   -0.03  -0.37  -0.98   0.05  -0.48   1.584  0.2    1.02
 -0.75  -0.14   1.439 -0.65   0.022  0.02   0.268 -0.28   0.2    0.13 ][ 0.47  -0.27   0.75  -0.603  0.22   0.17  -0.97  -0.785 -0.01   0.82
  1.866 -0.68   0.92  -1.397  0.888 -1.127 -0.87  -0.044  0.69  -1.136
 -0.08  -0.346  0.75   0.17  -0.269 -0.94   0.73  -0.035 -0.257  0.953
  0.642  1.102  0.36  -0.53  -0.72   0.665  1.614 -0.53  -0.8    0.29
 -0.02   0.198  0.1    0.3   -1.425 -0.07  -1.662  0.63  -0.121 -0.85
  0.65  -0.26  -0.16   0.2    0.347  0.81  -0.399 -1.247 -0.595 -0.141
 -0.86   0.21   0.17   0.02  -0.62   0.68  -0.81  -0.031 -0.55   0.2
  0.62  -0.5   -0.03  -0.37  -0.98   0.05  -0.48   1.584  0.2    1.02
 -0.75  -0.14   1.439 -0.65   0.022  0.02   0.268 -0.829  0.2    0.13 ][ 0.504 -0.59   0.75  -0.62  -0.96   0.17  -0.84  -0.785  0.102  0.82
  1.866 -0.68   0.92  -2.353  0.79  -1.127 -0.87  -0.044  0.69  -1.136
 -0.08  -0.346  0.75   0.17  -0.269 -0.94   0.73  -0.28  -0.257  0.16
  0.642  1.102  0.36  -0.45  -0.72   0.665  0.75  -0.53  -0.8    0.29
 -0.02   0.198  0.466 -0.508 -1.076 -0.07  -2.637  0.63  -0.121 -0.85
  0.65  -0.26  -0.16   0.2    0.347  0.81  -0.27  -1.247 -0.595 -0.141
 -0.82   0.21   0.17   0.02  -0.62   0.68  -0.81  -0.031 -0.55   0.2
  0.62  -0.5   -0.03  -0.37  -0.98   0.05  -0.48   1.584  0.2    1.02
 -0.75  -0.14   1.439 -0.65  -0.55   0.02   0.13  -0.28   0.2    0.994][ 4.70000000e-01 -5.90000000e-01  2.22044605e-16 -3.69000000e-01
 -9.60000000e-01  1.70000000e-01 -8.40000000e-01 -7.85000000e-01
 -1.00000000e-02  8.20000000e-01  1.47000000e+00 -6.80000000e-01
  9.20000000e-01 -1.39700000e+00  7.90000000e-01 -1.12700000e+00
 -8.70000000e-01 -4.40000000e-02  6.90000000e-01 -1.13600000e+00
 -8.00000000e-02 -3.46000000e-01  7.50000000e-01  1.70000000e-01
 -2.69000000e-01 -9.40000000e-01  7.30000000e-01 -3.50000000e-02
 -2.57000000e-01  1.60000000e-01  6.42000000e-01  1.10200000e+00
  3.60000000e-01 -4.50000000e-01 -7.20000000e-01  6.65000000e-01
  7.50000000e-01 -5.30000000e-01 -8.00000000e-01  2.90000000e-01
 -2.00000000e-02  1.98000000e-01  4.66000000e-01 -5.08000000e-01
 -1.42500000e+00 -7.00000000e-02 -1.66200000e+00  6.30000000e-01
  6.77000000e-01 -8.50000000e-01  1.70000000e-01 -2.60000000e-01
 -1.60000000e-01  2.00000000e-01  3.47000000e-01  8.10000000e-01
 -2.70000000e-01 -1.24700000e+00 -5.95000000e-01 -1.41000000e-01
 -8.20000000e-01  2.10000000e-01  1.70000000e-01  2.00000000e-02
 -6.20000000e-01  6.80000000e-01 -8.10000000e-01 -3.10000000e-02
 -5.50000000e-01  2.00000000e-01  6.20000000e-01 -5.00000000e-01
 -3.00000000e-02 -3.70000000e-01 -9.80000000e-01  5.00000000e-02
 -4.80000000e-01  1.66000000e+00  2.00000000e-01  1.02000000e+00
 -7.50000000e-01 -1.40000000e-01  1.43900000e+00 -6.50000000e-01
 -5.50000000e-01  2.00000000e-02  1.30000000e-01 -2.80000000e-01
  2.00000000e-01  9.94000000e-01][ 0.504 -0.59   0.75  -0.62   0.22   0.17  -0.84  -0.785 -0.01   0.82
  1.47  -0.68   0.92  -1.397  0.79  -1.127 -0.87  -0.044  0.69  -1.136
 -0.08  -0.346  0.887  0.17  -0.269 -0.94   0.73  -0.035 -0.257  0.16
  0.642  1.102  0.36  -0.45  -0.72   0.665  0.75  -0.599 -0.8    0.29
 -0.02   0.198  0.466 -1.034 -1.076 -0.07  -1.662  0.63   0.677 -0.85
  0.65  -0.26  -0.16   0.2    0.347  0.81  -0.399 -1.247 -0.595 -0.141
 -0.82   0.21   0.17   0.02  -0.62   0.68  -0.81  -0.031 -0.55   0.441
  0.62  -0.5   -0.03  -0.37  -0.98   0.134 -0.48   1.66   0.2    1.02
 -0.75  -0.14   1.439 -1.035  0.022 -0.038  0.13  -0.28   0.2    0.994][ 0.504 -0.27   0.75  -0.603  0.22   0.17  -1.925 -0.933 -0.01   0.82
  0.923 -0.68   0.92  -1.397  0.79  -1.127 -0.87  -0.044  0.69  -1.136
 -0.08  -0.346  0.887  0.17  -0.269 -0.94   0.605 -0.28  -0.257  0.16
  0.642  1.102  0.36  -0.45  -0.72   0.665  1.614 -0.53  -0.8    0.29
 -0.02   0.198  0.1    0.3   -1.425 -0.07  -1.662  0.63  -0.121 -0.85
  0.65  -0.26  -0.16   0.2    0.347  0.81  -0.399 -1.247 -0.69  -0.141
 -0.86   0.21   0.17   0.02  -0.62   0.68  -0.81  -0.031 -0.55   0.441
  0.62  -0.5   -0.03  -0.37  -0.98   0.134 -0.48   1.584  0.2    1.02
 -0.75  -0.14   1.439 -0.65  -0.55   0.02   0.13  -0.28   0.2    0.13 ][ 0.504 -0.59   0.75  -0.369 -0.96   0.17  -0.84  -0.785 -0.01   0.82
  1.866 -0.68   0.92  -1.397  0.79  -1.127 -0.87   0.06   0.69  -1.12
 -0.08  -0.346  0.75   0.17   0.013 -0.94   0.73  -0.035 -0.257  0.16
  0.642  1.102  0.36  -0.45  -0.72   0.665  0.75  -0.53  -0.8    0.29
 -0.02   0.198  0.1   -0.508 -1.076 -0.07  -1.662  0.63  -0.121 -0.85
  0.65  -0.26  -0.16   0.2    0.347  0.81  -0.27  -1.247 -0.595  0.85
 -0.86   0.21   0.17   0.02  -0.62   0.68  -0.81  -0.031 -0.55   0.2
  0.62  -0.5   -0.03  -0.37  -0.98   0.05  -0.48   1.66   0.2    1.02
 -0.75  -0.14   1.439 -1.614 -0.55   0.02   0.13  -0.28   0.414  0.13 ][ 0.47  -0.59   0.75  -0.62  -0.96   0.17  -0.84  -1.099 -0.01   0.82
  0.591 -0.68   0.92  -1.397  0.79  -1.127 -0.87  -0.044  0.69  -1.136
 -0.08  -0.346  0.75   0.17  -0.269 -0.94   0.73  -0.035 -0.257  0.16
  0.642  1.102  0.36  -0.45  -0.72   0.665  0.75  -0.53  -0.8    0.29
 -0.02   0.198  0.1   -1.335 -1.425 -0.07  -1.734  0.63   0.677 -0.85
  0.65  -0.26  -0.16   0.2    0.347  0.81  -0.27  -1.247 -0.595  0.85
 -0.86   0.21  -0.76   0.02  -0.62   0.68  -0.81  -0.031 -0.55   0.2
  0.62  -0.5   -0.03  -0.37  -0.98   0.05  -0.48   1.66   0.2    1.02
 -0.75  -0.14   1.439 -0.65  -0.55   0.02   0.13  -0.28   0.2    0.13 ][ 0.504 -0.59   0.75  -0.62  -0.96   0.17  -0.84   0.03  -0.01   0.82
  1.866 -0.68   0.92  -2.353  0.79  -1.127 -0.87  -0.044  0.69  -1.136
 -0.08  -0.346  0.75   0.17  -0.269 -0.94   0.73  -0.28  -0.257  0.16
  0.642  1.102  0.36  -0.45  -0.72   0.665  0.75  -0.53  -0.8    0.29
 -0.02   0.198  0.466  0.3   -1.076 -0.07  -1.088  0.897 -0.121 -0.85
  0.65  -0.26  -0.16   0.2    0.347  0.81  -0.27  -1.247 -0.69  -0.141
 -0.82   0.21  -0.76   0.02  -0.62   0.68  -0.81  -0.031 -0.55   0.2
  0.62  -0.5   -0.03  -0.37  -0.98   0.05  -0.48   1.584  0.2    1.02
 -0.75   0.476  1.439 -0.65  -0.55   0.02   0.268 -0.28   0.2    0.994][ 0.504 -0.59   0.75  -0.62  -0.96   0.17  -0.84  -0.039 -0.01   0.82
  1.866 -0.68   0.92  -1.397  0.79  -1.127 -0.87   0.06   0.69  -1.12
 -0.08  -0.346  0.75   0.17  -0.269 -0.94   0.73  -0.035 -0.257  0.953
  1.426  1.102  0.36  -0.45  -0.72   0.665  0.75  -0.53  -0.8    0.29
 -0.02   0.198  0.466 -0.508 -1.076 -0.07  -2.637  0.63  -0.121 -0.85
  0.65  -0.26  -0.16   0.2    0.347  0.81  -0.27  -1.247 -0.595 -0.141
 -0.82   0.21   0.17   0.02  -0.62   0.68  -0.81  -0.031 -0.55   0.2
  0.62  -0.5   -0.03  -0.37  -0.98   0.05  -0.48   1.66   0.2    1.02
 -0.75  -0.14   1.439 -0.65   0.022  0.02   0.13  -0.28   0.2    0.994][ 0.47  -0.27   0.75  -0.603  0.22   0.17  -1.925 -0.785 -0.01   0.82
  0.591 -0.68   0.92  -1.397  0.79  -1.127 -0.87  -0.044  0.69  -1.136
 -0.08  -0.346  0.75   0.17   0.013 -0.94   0.73  -0.035 -0.257  0.16
  0.642  1.102  0.36  -0.45  -0.72   0.665  1.614 -0.53  -0.8    0.29
 -0.02   0.198  0.1   -1.335 -1.425 -0.07  -1.662  0.63   0.677 -0.85
  0.65  -0.26  -0.16   0.2    0.347  0.81  -0.399 -0.56  -0.595  0.85
 -0.86   0.21  -0.76   0.02  -0.62   0.68  -0.81  -0.031 -0.55   0.2
  0.62  -0.5   -0.03  -0.37  -0.98   0.134 -0.48   1.623  0.2    1.02
 -0.75  -0.14   1.439 -0.65  -0.55   0.02   0.13  -0.28   0.2    0.13 ][ 0.504 -0.59   0.75  -0.62  -0.96   0.17  -0.84  -0.785 -0.01   0.82
  1.47  -0.68   0.92  -1.397  0.79  -1.127 -0.87  -0.044  0.69  -1.12
 -0.08  -0.346  0.75   0.17  -0.269 -0.94   0.73  -0.28  -0.257  0.16
  0.642  1.102  0.36  -0.45  -0.72   0.665  0.75  -0.53  -0.8    0.29
 -0.02   0.198  0.466 -0.508 -1.076 -0.07  -2.637  0.63  -0.121 -0.85
  0.65  -0.26  -0.16   0.2    0.347  0.81  -0.27  -1.247 -0.595 -0.141
 -0.82   0.21  -0.76   0.02  -0.62   0.68  -0.81  -0.031 -0.55   0.2
  0.62  -0.5   -0.03  -0.37  -0.98   0.05  -0.48   1.66   0.2    0.844
 -0.75  -0.14   1.439 -1.035  0.022 -0.038  0.13  -0.28   0.2    0.994][ 0.47  -0.27   0.75  -0.603 -0.96   0.17  -0.91  -0.785 -0.01   0.82
  0.923 -0.68   0.92  -1.397  0.79  -1.127 -0.87  -0.044  0.69  -1.622
 -0.08  -0.346  0.75   0.17  -0.269 -0.94   1.014 -0.035 -0.257  0.16
  0.642  1.102  0.36  -0.45  -0.72   0.665  0.75  -0.53  -0.8    0.29
 -0.02   0.198  0.466 -0.508 -1.076 -0.07  -1.088  0.63  -0.121 -0.85
  0.65  -0.26  -0.16   0.2    0.347  0.81  -0.27  -0.962 -0.69  -0.141
 -0.82   0.21   0.17  -0.914 -0.62   0.68  -0.81  -0.031 -0.55   0.2
  0.62  -0.5   -0.03  -0.37  -0.98   0.05  -0.48   1.584  0.2    1.02
 -0.75  -0.14   1.439 -0.65  -0.55   0.02   0.13  -0.28   0.2    0.13 ][ 0.47  -0.59   0.75  -0.62  -0.96   0.17  -0.97  -0.039 -0.01   0.82
  1.866 -0.68   0.92  -1.397  0.888 -1.026 -0.87   0.06   0.69  -1.136
 -0.08  -0.346  0.75   0.17  -0.269 -0.94   0.73  -0.035 -0.257  0.16
  0.642  1.102  0.36  -0.45  -0.72   0.665  0.75  -0.53  -0.8    0.29
 -0.02   0.198  0.1   -0.508 -1.425 -0.07  -1.673  0.63   0.677 -0.85
  0.65  -0.26  -0.16   0.2    0.347  0.81  -0.27  -1.247 -0.69  -0.141
 -0.82   0.21   0.17   0.02  -0.62   0.68  -0.81  -0.209 -0.55   0.2
  0.62  -0.5   -0.03  -0.37  -0.98   0.05  -0.48   1.584  0.2    1.02
 -0.75  -0.14   1.439 -0.65  -0.55   0.02   0.268 -0.28   0.2    0.13 ][ 0.47  -0.59   0.75  -0.62  -0.96   0.17  -0.91  -0.785 -0.01   0.82
  1.47  -0.68   0.92  -1.397  0.79  -1.026 -0.87   0.06   0.69  -1.136
 -0.08  -0.346  0.75   0.17  -0.269 -0.94   0.73  -0.28  -0.257  0.16
  0.642  1.102  0.36  -0.45  -0.72   0.665  0.75  -0.599 -0.8    0.29
 -0.02   0.198  0.466 -0.508 -1.425 -0.07  -2.637  0.63  -0.121 -0.85
  0.65  -0.26  -0.16   0.2    0.347  0.81  -0.27  -1.247 -0.69  -0.141
 -0.86   0.21   0.17   0.726 -0.62   0.68  -0.81  -0.031 -0.55   0.2
  0.62  -0.5   -0.03  -0.37  -0.98   0.05  -0.48   1.584  0.2    1.02
 -0.75  -0.14   1.439 -1.614 -0.55   0.02   0.13  -0.28   0.2    0.994][ 0.47  -0.59   0.75  -0.62  -0.96   0.17  -0.97   0.03  -0.01   0.82
  1.866 -0.68   0.92  -1.397  0.79  -1.127 -0.87  -0.044  0.69  -1.136
 -0.08  -0.346  0.75   0.17  -0.269 -0.94   0.73  -0.28  -0.257  0.16
  0.642  1.102  0.36  -0.45  -0.72   0.665  0.75  -0.53  -0.8    0.29
 -0.02   0.198  0.466 -0.508 -1.076 -0.07  -2.637  0.63  -0.121 -0.85
  0.65  -0.26  -0.16   0.2    0.347  0.81  -0.27  -1.247 -0.69  -0.141
 -0.82   0.21   0.17   0.02  -0.62   1.33  -0.81  -0.031 -0.55   0.2
  0.62  -0.5   -0.03  -0.37  -0.98   0.05  -0.48   1.584  0.2    1.02
 -0.75  -0.14   1.439 -0.65  -0.55   0.02   0.268 -0.28   0.2    0.13 ][ 0.47  -0.27   0.75  -0.603  0.22   0.17  -1.925 -0.785 -0.01   0.82
  0.591 -0.68   0.92  -1.397  0.888 -1.127 -0.87  -0.044  0.69  -1.136
 -0.08  -0.346  0.887  0.17   0.013 -0.94   0.605 -0.28  -0.257  0.16
  0.642  1.102  0.36  -0.45  -0.72   0.665  1.614 -0.53  -0.8    0.29
 -0.02   0.198  0.1   -1.335 -1.425 -0.07  -1.662  0.63   0.677 -0.85
  0.65  -0.26  -0.16   0.2    0.347  1.394 -0.399 -1.247 -0.595  0.85
 -0.86   0.21  -0.76   0.02  -0.62   0.68  -0.81  -0.031 -0.55   0.2
  0.62  -0.5   -0.03  -0.37  -0.98   0.134 -0.48   1.584  0.2    1.02
 -0.75  -0.14   1.439 -0.65   0.022  0.02   0.13  -0.28   0.2    0.13 ][ 0.47  -0.27   0.75  -0.369  0.22   0.17  -1.925 -1.689 -0.01   0.82
  1.866 -0.68   1.806 -1.397  0.79  -1.127 -0.87   0.06   0.69  -1.12
 -0.08  -0.346  0.75   0.17   0.013 -0.94   0.605 -0.28  -0.257  0.953
  0.642  1.102  0.36  -0.45  -0.72   0.946  1.614 -0.53  -0.8    0.29
 -0.02   0.198  0.1    0.3   -1.076 -0.07  -1.662  0.63  -0.121 -0.85
  0.65  -0.26  -0.16   0.2    0.347  0.81  -0.27  -1.247 -0.595 -0.141
 -0.86   0.21   0.17   0.02  -0.62   0.68  -0.81  -0.031 -0.55   0.2
  0.62  -0.5   -0.03  -0.37  -0.98   0.134 -0.48   1.584  0.2    1.02
 -0.75  -0.14   1.439 -0.65  -0.55   0.02   0.268 -0.28   0.2    0.994][ 4.70000000e-01 -5.90000000e-01  2.22044605e-16 -6.20000000e-01
 -9.60000000e-01  1.70000000e-01 -9.10000000e-01 -7.85000000e-01
 -1.00000000e-02  8.20000000e-01  1.47000000e+00 -6.80000000e-01
  9.20000000e-01 -1.39700000e+00  7.90000000e-01 -1.12700000e+00
 -8.70000000e-01 -4.40000000e-02  6.90000000e-01 -1.12000000e+00
 -8.00000000e-02 -3.46000000e-01  7.50000000e-01  1.70000000e-01
 -2.69000000e-01 -9.40000000e-01  7.30000000e-01 -3.50000000e-02
 -2.57000000e-01  1.60000000e-01  6.42000000e-01  1.10200000e+00
  3.60000000e-01 -4.50000000e-01 -7.20000000e-01  6.65000000e-01
  7.50000000e-01 -5.30000000e-01 -8.00000000e-01  2.90000000e-01
 -2.00000000e-02  1.98000000e-01  4.66000000e-01 -5.08000000e-01
 -1.42500000e+00 -7.00000000e-02 -1.08800000e+00  6.30000000e-01
 -1.21000000e-01 -8.50000000e-01  6.50000000e-01 -2.60000000e-01
 -1.60000000e-01  2.00000000e-01  3.47000000e-01  8.10000000e-01
 -2.70000000e-01 -1.24700000e+00 -6.90000000e-01 -1.41000000e-01
 -8.20000000e-01  2.10000000e-01  1.70000000e-01  2.00000000e-02
 -6.20000000e-01  6.80000000e-01 -8.10000000e-01 -3.10000000e-02
 -5.50000000e-01  4.41000000e-01  6.20000000e-01 -1.46000000e+00
 -3.00000000e-02 -3.70000000e-01 -9.80000000e-01  5.00000000e-02
 -4.80000000e-01  1.66000000e+00  2.00000000e-01  1.02000000e+00
 -7.50000000e-01 -1.40000000e-01  1.43900000e+00 -1.03500000e+00
  2.20000000e-02 -3.80000000e-02  2.68000000e-01 -2.80000000e-01
  2.00000000e-01  1.30000000e-01][ 0.47  -0.59   0.75  -0.62   0.22   0.17  -0.91  -0.785 -0.01   0.82
  1.866 -0.68  -0.057 -1.397  0.888 -1.127 -0.87   0.06   0.69  -1.136
 -0.08  -0.346  0.75   0.17  -1.138 -0.94   0.605 -0.035 -0.257  0.953
  0.642  1.845  0.36  -0.45  -0.72   0.665  0.75  -0.53  -0.8    0.29
 -0.02   0.198  0.466  0.3   -1.425 -0.07  -1.662  0.63  -0.121 -0.85
  0.65  -0.26  -0.16   0.2    0.347  0.81  -0.27  -1.247 -0.595 -0.141
 -0.86   0.21   0.17   0.02  -0.62   0.68  -0.81  -0.031 -0.55   0.2
  0.62  -0.5   -0.03  -0.37  -0.98   0.05  -0.48   1.66   0.2    1.02
 -0.75  -0.14   1.439 -0.65   0.022  0.02   0.13  -0.28   0.2    0.994][ 0.47  -0.59   0.75  -0.62   0.22   0.17  -0.91  -0.785 -0.01   0.82
  1.866 -0.68   0.92  -1.397  0.79  -1.127 -0.87  -0.044  0.69  -1.136
 -0.08  -0.346  0.75   0.17  -1.138 -0.94   0.73  -0.146 -0.257  0.16
  0.642  1.102  0.36  -0.45  -0.72   0.665  0.75  -0.599 -0.8    0.29
 -0.504  0.198  0.466 -0.508 -1.425 -0.07  -2.637  0.63  -0.121 -0.85
  0.65  -0.26  -0.16   0.2    0.347  0.81  -0.27  -1.247 -0.595 -0.141
 -0.86   0.21   0.17   0.02  -0.62   0.68  -0.81  -0.031 -0.55   0.2
  0.62  -0.5   -0.03  -0.37  -0.98   0.05  -0.48   1.584  0.2    1.02
 -0.75  -0.14   1.439 -0.65  -0.55   0.02   0.268 -0.28   0.2    0.994][ 0.47  -0.59   0.75  -0.369 -0.96   0.17  -1.925 -0.039 -0.01   1.207
  1.866 -0.68   0.92  -1.397  0.79  -1.127 -0.87   0.06   0.69  -1.12
 -0.08  -0.346  0.75   0.17   0.013 -0.94   0.605 -0.035 -0.257  0.16
  0.642  1.102  0.36  -0.45  -0.72   0.665  0.75  -0.53  -0.8    0.29
 -0.02   0.198  0.1    0.3   -1.425 -0.07  -1.662  0.63   0.677 -0.85
  0.65  -0.26  -0.16   0.2    0.347  0.81  -0.27  -1.247 -0.69   0.85
 -0.86   0.21   0.17   0.02  -0.62   0.68  -0.81  -0.031 -0.55   0.2
  0.62  -0.5   -0.03  -0.37  -0.98   0.05  -0.48   1.584  0.2    1.02
 -0.75  -0.14   1.439 -0.65   0.022  0.02   0.268 -0.28   0.2    0.994][ 0.504 -0.27   0.75  -0.369  0.22   0.17  -0.91  -0.785 -0.01   0.82
  1.866 -0.68   0.92  -1.397  0.79  -1.127 -0.87  -0.044  0.69  -1.622
 -0.08  -0.346  0.887  0.17  -0.269 -0.94   1.014 -0.035 -0.257  0.16
  0.642  1.102  0.36  -0.45  -0.72   0.665  0.75  -0.599 -0.8    0.29
 -0.02   0.198  1.032 -0.508 -1.076 -0.07  -1.088  0.63   0.677 -0.85
  0.65  -0.26  -0.16   0.2    0.347  0.81  -0.399 -1.247 -0.69   0.85
 -0.86   0.21   0.17   0.02  -0.62   0.68  -0.81  -0.031 -0.55   0.2
  0.62  -0.5   -0.03  -0.37  -0.98   0.134 -0.48   1.584  0.2    1.02
 -0.75  -0.14   1.439 -0.65  -0.55   0.02   0.13  -0.28   0.2    0.13 ][ 0.47  -0.27   0.75  -0.62  -0.96   0.17  -0.84  -0.256 -0.01   0.82
  1.47  -0.68   0.92  -1.397  0.79  -1.127 -0.87  -0.044  0.69  -1.136
 -0.08  -0.346  0.887  0.17  -0.269 -0.94   0.73  -0.035 -0.257  0.16
  0.642  1.102  0.36  -0.45  -0.72   0.665  0.75  -0.599 -0.8    0.29
 -0.02   0.198  0.466 -0.508 -1.425 -0.07  -1.662  0.63   0.677 -0.85
  0.65  -0.26  -0.16   0.2    0.347  0.81  -0.27  -1.247 -0.69  -0.141
 -0.82   0.21   0.17   0.02  -0.62   0.68  -0.81  -0.031 -0.55   0.2
  0.416 -0.5   -0.03  -0.37  -0.98   0.05  -0.48   1.66   0.2    1.02
 -0.75  -0.14   1.439 -1.035 -0.55  -0.576  0.13  -0.28   0.2    0.13 ][ 0.504 -0.59   0.75  -0.62   0.22   0.17  -0.91  -0.785 -0.01   0.82
  0.923 -0.68   0.92  -1.397  0.888 -1.127 -0.87  -0.044  0.69  -1.136
 -0.08  -0.346  0.887  0.17  -0.269 -0.94   0.73  -0.035 -0.257  0.16
  0.642  1.102  0.865 -0.53  -0.72   0.665  0.75  -0.53  -0.8    0.29
 -0.02   0.198  0.466  0.3   -1.425 -0.07  -1.088  0.63   0.677 -0.85
  0.65  -0.26  -0.16   0.2    0.347  0.81  -0.27  -1.247 -0.69  -0.141
 -0.82   0.21   0.17   0.02  -0.62   0.68  -0.81  -0.031 -0.55   0.2
  0.54  -0.5   -0.03  -0.37  -0.98   0.134 -0.48   1.584  0.2    1.02
 -0.75  -0.14   1.439 -0.65  -0.55   0.02   0.268 -0.28   0.2    0.13 ][ 0.504 -0.59   0.75  -0.62  -0.96   0.17  -0.417 -0.785 -0.01   0.82
  1.866 -0.68   0.92  -1.397  0.79  -1.127 -0.87   0.06   0.69  -1.12
 -0.08  -0.346  0.75   0.17  -0.269 -0.94   0.73  -0.28  -0.257  0.16
  0.642  1.102  0.36  -0.45  -0.72   0.665  0.75  -0.53  -0.8    0.29
 -0.02   0.198  0.466 -0.508 -1.076 -0.07  -2.637  0.63  -0.121 -0.85
  0.65  -0.26  -0.16   0.2    0.347  0.81  -0.27  -1.247 -0.595 -0.141
 -0.86   0.21   0.17   0.02  -0.62   0.68  -0.81  -0.031 -0.55   0.2
  0.62  -0.5   -0.03  -0.37  -0.98   0.05  -0.48   1.66   0.2    1.02
 -0.75  -0.14   1.439 -1.614  0.022  0.02   0.13  -0.28   0.2    0.994][ 0.504 -0.59   0.75  -0.603  0.22   0.17  -0.91  -0.785 -0.01   0.82
  1.866 -0.68   0.92  -1.397  0.79  -1.127 -0.87   0.06   0.69  -1.136
 -0.08  -0.346  0.75   0.17  -0.269 -0.94   1.014 -0.28  -0.257  0.16
  0.642  1.102  0.36  -0.45  -0.72   0.665  0.75  -0.599 -0.8    0.29
 -0.02   0.198  0.466 -0.508 -1.076 -0.07  -1.088  0.63  -0.589 -0.85
  0.65  -0.26  -0.16   0.2    0.347  0.81  -0.399 -1.247 -0.595 -0.141
 -0.82   0.21  -0.76   0.02  -0.62   0.68  -0.81  -0.031 -0.55   0.2
  0.62  -0.5   -0.03  -0.37  -0.98   0.05  -0.48   1.66   0.2    1.02
 -0.75  -0.14   1.439 -0.65  -0.55   0.02   0.13  -0.28   0.2    0.994][ 0.47  -0.59   0.75  -0.62  -0.96   0.17  -0.97  -1.689 -0.01   0.82
  0.923 -0.68   0.92  -1.397  0.79  -1.127 -0.87   0.06   0.69  -0.15
 -0.08  -0.346  0.75   0.17  -0.269 -0.94   0.73  -0.035 -0.257  0.16
  0.642  1.102  0.36  -0.45  -0.72   0.665 -0.03  -0.599 -0.8    0.29
 -0.02   0.198  0.466 -0.508 -1.076 -0.07  -1.662  0.63  -0.121 -0.85
  0.65  -0.26  -0.16   0.2    0.347  0.81  -0.27  -1.247 -0.69  -0.141
 -0.82   0.21   0.17   0.02  -0.62   0.68  -0.81  -0.031 -0.55   0.2
  0.416 -0.5   -0.03  -0.37  -0.98   0.05  -0.48   1.584  0.2    1.02
 -0.75  -0.14   1.439 -0.65   0.022  0.02   0.13  -0.28   0.064  0.13 ][ 0.47  -0.27   0.75  -0.369 -0.96   0.17  -0.91  -1.689 -0.01   0.82
  0.923 -0.68   0.92  -1.397  0.79  -1.127 -0.87   0.06   0.69  -1.12
 -0.08  -0.346  0.75   0.17   0.013 -0.94   0.73  -0.28  -0.257  0.16
  0.642  1.102  0.36  -0.45  -0.72   0.665  0.75  -0.599 -0.8    0.29
 -0.02   0.198  0.466  0.3   -1.425 -0.07  -1.662  0.63  -0.121 -0.85
  0.65  -0.26  -0.16   0.2    0.219  0.81  -0.27  -1.247 -0.69   0.85
 -0.82   0.21   0.17   0.02  -0.62   0.68  -0.81  -0.031 -0.55   0.2
  0.62  -0.5   -0.03  -0.37  -0.98   0.05  -0.48   1.584  0.2    1.02
 -0.75  -0.14   1.439 -0.65  -0.55  -0.576  0.268 -0.28   0.2    0.13 ][ 0.47  -0.27   0.75  -0.62  -0.96   0.17  -0.97  -0.785 -0.01   0.82
  0.591 -0.68   0.92  -1.397  0.79  -1.127 -0.87  -0.044  0.69  -1.136
 -0.08  -0.346  0.75   0.17  -0.269 -0.94   0.73  -0.035 -0.257  0.16
  0.642  1.102  0.36  -0.53  -0.72   0.665  0.75  -0.53  -0.8    0.29
 -0.02   0.198  0.1    0.3   -1.425 -0.07  -1.734  0.63   1.325 -0.85
  0.65  -0.26  -0.16   0.2    0.347  0.81  -0.27  -1.247 -0.69  -0.141
 -0.86   0.21   0.17   0.02  -0.62   0.68  -0.81  -0.031 -0.55   0.2
  0.62  -0.5   -0.03  -0.37  -0.98   0.05  -0.48   1.623  0.2    1.02
 -0.75  -0.14   1.439 -0.65  -0.55   0.02   0.13  -0.28   0.2    0.13 ][ 0.504 -0.59   0.75  -0.62  -0.96   0.17  -0.84  -0.785 -0.01   0.82
  1.866 -0.68   0.92  -1.397  0.888 -1.026 -0.87  -0.044  0.69  -1.622
 -0.08  -0.346  0.75   0.17  -0.269 -0.94   0.73  -0.035 -0.257  0.16
  0.642  1.102  0.36  -0.45  -0.72   0.665  0.75  -0.53  -0.8    0.29
 -0.02   0.198  0.466 -0.508 -1.425 -0.07  -1.662  0.63  -0.121 -0.85
  0.65  -0.26  -0.16   0.2    0.347  0.81  -0.27  -0.962 -0.69   0.85
 -0.82   0.21   0.17   0.02  -0.62   0.68  -0.81  -0.954 -0.55   0.2
  0.62  -0.5   -0.03  -0.37  -0.98   0.05  -0.48   1.584  0.2    1.02
 -0.75  -0.14   1.439 -0.65  -0.55   0.02   0.13  -0.28   0.2    0.994][ 0.47  -0.59   0.75  -0.62  -0.96   0.17  -0.84  -0.785 -0.01   0.82
  1.47  -0.68   0.92  -1.397  0.888 -1.127 -0.87   0.06   0.69  -1.136
 -0.08  -0.346  0.75  -0.653 -0.269 -0.94   0.73  -0.28  -0.257  0.16
  0.642  1.102  0.36  -0.45  -0.72   0.665  0.75  -0.53  -0.8    0.29
 -0.02   0.198  0.466 -0.508 -1.425 -0.07  -1.673  0.63   0.677 -0.85
  0.65  -0.26  -0.16   0.2    0.347  0.81  -0.27  -1.247 -0.595 -0.141
 -0.82   0.21   0.17   0.02  -0.62   0.68  -0.81  -0.031 -0.55   0.2
  0.62  -0.5   -0.03  -0.37  -0.98   0.05  -0.48   1.584  0.2    1.02
 -0.75  -0.14   1.439 -1.035 -0.55  -0.038  0.13  -0.28   0.2    0.994][ 0.504 -0.27   0.75  -0.62  -0.96   0.17  -0.91  -0.785 -0.01   0.82
  0.923 -0.68   0.92  -1.397  0.79  -1.127 -0.87  -0.044  0.69  -1.136
  0.235 -0.346  0.887  0.17   0.013 -0.94   1.014 -0.28  -0.257  0.16
  0.642  1.102  0.36  -0.45  -0.72   0.665  0.75  -0.599 -0.8    0.29
 -0.02   0.198  0.1   -1.335 -1.076 -0.07  -1.088  0.63  -0.121 -0.85
  0.65  -0.26  -0.16   0.2    0.347  0.81  -0.399 -1.247 -0.595 -0.141
 -0.86   0.21  -0.76   0.02  -0.62   0.68  -0.81  -0.031 -0.55   0.2
  0.62  -0.5   -0.03  -0.37  -0.98   0.134 -0.48   1.584  0.2    1.02
 -0.75  -0.14   1.439 -0.65  -0.55   0.02   0.13  -0.28   0.2    0.13 ][ 0.504 -0.59   0.75  -0.62  -0.96   0.17  -0.97   0.03  -0.01   0.82
  1.866 -0.857  0.92  -1.397  0.79  -1.127 -0.87   0.06   0.69  -1.136
 -0.08  -0.346  0.75   0.17  -0.269 -0.94   0.73  -0.28  -0.257  0.16
  0.642  1.102  0.36  -0.45  -0.72   0.665  0.75  -0.53  -0.8    0.29
 -0.02   0.198  0.466  0.3   -1.076 -0.07  -1.662  0.63   0.677 -0.85
  0.65  -0.26  -0.16   0.2    0.347  0.81  -0.27  -1.247 -0.69  -0.141
 -0.82   0.21   0.17   0.02  -0.62   0.68  -0.81  -0.031 -0.55   0.2
  0.62  -0.5   -0.03  -0.37  -0.98   0.05  -0.48   1.584  0.2    1.02
 -0.75  -0.14   1.439 -0.65   0.022  0.02   0.268 -0.28   0.2    0.994][ 0.47  -0.59   0.75  -0.62  -0.96   0.17  -0.97  -0.785 -0.01   0.82
  1.47  -0.68   0.92  -1.397  0.79  -1.127 -0.87  -0.044  0.69  -1.136
 -0.08  -0.346  0.75   0.17   0.013 -0.94   0.73  -0.035 -0.257  0.16
  0.95   1.102  0.36  -0.45  -0.72   0.665  0.75  -0.53  -0.8    0.29
 -0.02   0.198  0.1    0.429 -1.425 -0.07  -1.734  0.63   0.677 -0.85
  0.65  -0.26  -0.16   0.2    0.347  0.81  -0.27  -1.247 -0.69  -0.141
 -0.86   0.21  -0.76   0.02  -0.62   0.68  -0.81  -0.031 -0.55   0.441
  0.62  -0.5   -0.03  -0.37  -0.98   0.05  -0.48   1.584  0.2    1.02
 -0.75  -0.14   1.439 -0.65  -0.55   0.02   0.268 -0.28   0.2    0.13 ][ 0.504 -0.59   0.75  -0.62  -0.96   0.17  -1.925 -0.039 -0.01   0.82
  0.923 -0.68   0.92  -1.397  0.79  -1.127 -0.87   0.06   0.69  -1.136
 -0.08  -0.346  0.887  0.17  -0.269 -0.94   0.605 -0.28  -0.041  0.16
  0.642  1.845  0.36  -0.45  -0.72   0.665  0.75  -0.599 -0.8    0.29
 -0.02   0.198  0.1    0.3   -1.076 -0.07  -1.662  0.63  -0.121 -0.85
  0.65  -0.26  -0.16   0.2    0.347  0.81  -0.27  -1.247 -0.595 -0.141
 -0.86   0.21   0.17   0.02  -0.62   0.68  -0.81  -0.031 -0.55   0.2
  0.62  -0.5   -0.03  -0.37  -0.98   0.134 -0.48   1.66   0.2    1.02
 -0.75  -0.14   1.439 -0.65  -0.55   0.02   0.13  -0.28   0.2    0.994][ 0.504 -1.459  0.75  -0.62   0.22   0.17  -0.97  -0.785 -0.01   0.82
  1.866 -0.68   0.92  -1.397  0.79  -1.127 -0.87  -0.044  0.69  -1.136
 -0.08  -0.346  0.75   0.17  -0.269 -0.94   0.73  -0.035 -0.257  0.16
  0.642  1.102  0.36  -0.45  -0.72   0.665  0.75  -0.53  -0.8    0.29
 -0.02   0.198  0.466  0.3   -1.076 -0.07  -1.088  0.63   0.677 -0.85
  0.65  -0.26  -0.16   0.2    0.347  0.81  -0.27  -1.247 -0.595 -0.141
 -0.86   0.21   0.17   0.02  -0.62   0.68  -0.81  -0.031 -0.55   0.2
  0.62  -0.5   -0.03  -0.37  -0.98   0.05  -0.48   1.584  0.2    1.02
 -0.75  -0.14   1.439 -1.035  0.022  0.02   0.268 -0.28   0.2    1.076][ 4.70000000e-01 -5.90000000e-01  2.22044605e-16 -6.20000000e-01
 -9.60000000e-01  1.70000000e-01 -8.40000000e-01 -7.85000000e-01
 -1.00000000e-02  8.20000000e-01  1.47000000e+00 -6.80000000e-01
  9.20000000e-01 -1.39700000e+00  7.90000000e-01 -1.12700000e+00
 -8.70000000e-01  6.00000000e-02  6.90000000e-01 -1.12000000e+00
 -8.00000000e-02 -3.46000000e-01  7.50000000e-01  1.70000000e-01
 -2.69000000e-01 -9.40000000e-01  7.30000000e-01 -2.80000000e-01
 -2.57000000e-01  1.60000000e-01  6.42000000e-01  1.10200000e+00
  3.60000000e-01 -4.50000000e-01 -7.20000000e-01  6.65000000e-01
  7.50000000e-01 -5.30000000e-01 -8.00000000e-01  2.90000000e-01
 -2.00000000e-02  1.98000000e-01  4.66000000e-01 -5.08000000e-01
 -1.07600000e+00 -7.00000000e-02 -2.63700000e+00  6.30000000e-01
  6.77000000e-01 -8.50000000e-01  6.50000000e-01 -2.60000000e-01
 -1.60000000e-01  2.00000000e-01  3.47000000e-01  8.10000000e-01
 -2.70000000e-01 -1.24700000e+00 -5.95000000e-01 -1.41000000e-01
 -8.20000000e-01  2.10000000e-01  1.70000000e-01  2.00000000e-02
 -6.20000000e-01  6.80000000e-01 -8.10000000e-01 -3.10000000e-02
 -5.50000000e-01  2.00000000e-01  6.20000000e-01 -5.00000000e-01
 -3.00000000e-02 -3.70000000e-01 -9.80000000e-01  5.00000000e-02
 -4.80000000e-01  1.66000000e+00  2.00000000e-01  1.73800000e+00
 -7.50000000e-01 -1.40000000e-01  1.43900000e+00 -1.03500000e+00
  2.20000000e-02 -3.80000000e-02  1.30000000e-01 -2.80000000e-01
  2.00000000e-01  9.94000000e-01][ 0.47  -0.59   0.75  -0.62  -0.96   0.17  -0.91  -0.785 -0.01   0.82
  1.866 -0.68   0.92  -1.397  0.79  -1.127 -0.87  -0.383  0.69  -1.136
 -0.08  -0.346  0.75   0.17  -0.269 -0.94   0.73  -0.28  -0.257  0.16
  0.642  1.102  0.36  -0.45  -0.72   0.665  0.75  -0.599 -0.8    0.29
 -0.02   0.198  0.466 -0.508 -1.425 -0.07  -1.088  0.63  -0.121 -0.85
  0.65  -0.26  -0.16   0.2    0.347  0.81  -0.27  -1.247 -0.595 -0.141
 -0.86   0.21  -0.175  0.02  -0.62   0.68  -0.81  -0.031 -0.55   0.2
  0.62  -0.5   -0.03  -0.37  -0.98   0.05  -0.48   1.584  0.2    1.02
 -0.75  -0.14   1.439 -0.65  -0.55  -0.576  0.268 -0.28   0.2    0.994][ 0.47  -0.59   0.75  -0.62  -0.96   0.17  -0.97  -1.689 -0.01   0.82
  1.866 -0.68   0.92  -1.397  0.888 -1.127 -0.87   0.06   0.69  -1.136
 -0.08  -0.346  0.75   0.17   0.013 -0.94   0.73  -0.035 -0.257  0.953
  0.642  1.102  0.36  -0.45  -0.72   0.665  0.75  -0.53  -0.8    0.29
 -0.02   0.198  0.1    0.3   -1.425 -0.07  -1.662  0.63   0.677 -0.85
  0.65  -0.26  -0.16  -0.499  0.347  0.81  -0.27  -1.247 -0.595 -0.141
 -0.82   0.21   0.17   0.02  -0.62   0.68  -0.81  -0.031 -0.55   0.2
  0.62  -0.5   -0.03  -0.37  -0.98   0.05  -0.48   1.584  0.2    1.02
 -0.75  -0.14   1.439 -0.65   0.022  0.02   0.13  -0.28   0.2    0.994][ 0.47  -1.476  0.75  -0.62   0.22   0.17  -0.84   0.03  -0.01   0.82
  1.47  -0.68   0.92  -1.397  0.79  -1.127 -0.87  -0.044  0.69  -1.136
 -0.08  -0.346  0.75   0.17  -0.269 -0.94   0.73  -0.28  -0.257  0.16
  0.95   1.102  0.36  -0.45  -0.72   0.665  0.75  -0.53  -0.8    0.29
 -0.02   0.097  0.466 -0.508 -1.425 -0.07  -1.673  0.63  -0.121 -0.85
  0.65  -0.26  -0.16   0.2    0.347  0.81  -0.27  -1.247 -0.69  -0.141
 -0.82   0.21   0.17   0.02  -0.62   0.68  -0.81  -0.031 -0.55   0.2
  0.62  -0.5   -0.03  -0.37  -0.98   0.05  -0.48   1.584  0.2    1.02
 -0.75  -0.14   1.439 -0.65  -0.55   0.02   0.13  -0.28   0.2    0.994][ 0.47  -0.27   0.75  -0.603 -0.96   0.17  -1.925 -0.785 -0.01   0.82
  1.866 -0.68   0.92  -1.397  0.79  -1.127 -0.87   0.097  0.69  -1.136
 -0.08  -0.346  0.887  0.17  -0.269 -0.94   0.73  -0.28  -0.257  0.953
  0.642  1.102  0.36  -0.45  -0.72   0.665  0.75  -0.53  -0.8    0.29
 -0.02   0.198  0.1   -0.508 -1.425 -0.07  -1.662  0.63  -0.121 -0.85
  0.65  -0.26  -0.16   0.2    0.347  0.81  -0.27  -1.247 -0.595 -0.141
 -0.86   0.21   0.17   0.02  -0.62   0.68  -0.81  -0.031 -0.55   0.2
  0.416 -0.5   -0.03  -0.37  -0.98   0.134 -0.48   1.584  0.2    1.02
 -0.75  -0.14   1.439 -0.65   0.022  0.02   0.13  -0.28   0.2    0.13 ][ 0.47  -0.59   0.75  -0.62   0.22   0.17  -0.91  -0.785 -0.01   0.82
  1.866 -0.68   0.92  -1.397  0.888 -1.127 -0.87  -0.044  0.69  -1.12
 -0.08  -0.346  0.75   0.17  -0.269 -0.94   0.73  -0.28  -0.257  0.16
  0.642  1.102  0.36  -0.45  -0.72   0.665  0.75  -0.53  -0.12   0.29
 -0.02   0.198  1.301 -0.508 -1.425 -0.07  -1.088  0.63  -0.121 -0.85
  0.65  -0.26  -0.16   0.2    0.347  0.81  -0.27  -1.247 -0.69  -0.141
 -0.86   0.21   0.17   0.02  -0.62   0.68  -0.81  -0.031 -0.55   0.441
  0.62  -0.5   -0.03  -0.37  -0.98   0.05  -0.48   1.66   0.2    1.02
 -0.75  -0.14   1.439 -0.65  -0.55   0.02   0.268 -0.28   0.2    0.13 ][ 0.47  -0.27   0.75  -0.62   0.22   0.17  -0.97  -0.785 -0.01   0.82
  1.866 -0.68   0.92  -1.397  0.888 -1.127 -0.87   0.238  0.69  -1.136
 -0.08  -0.346  0.75   0.17  -0.269 -0.94   0.73  -0.28  -0.257  0.953
  0.642  1.102  0.36  -0.45  -0.72   0.665  1.614 -0.53  -0.8    0.29
 -0.02   0.198  0.466  0.3   -1.076 -0.07  -1.088  0.63  -0.121 -0.85
  0.65  -0.26  -0.16   0.2    0.347  0.81  -0.27  -1.247 -0.69  -0.141
 -0.86   0.21   0.17   0.02  -0.62   0.68  -0.81  -0.031 -0.55   0.2
  0.62  -0.5   -0.03  -0.37  -0.98   0.05  -0.48   1.584  0.2    1.02
 -0.75  -0.14   1.439 -0.65   0.022  0.02   0.13  -0.28   0.2    0.13 ][ 0.47  -0.27   0.75  -0.62  -0.96   0.17  -0.97  -1.689 -0.01   0.82
  1.866 -0.68   0.92  -1.397  0.888 -1.127 -0.87   0.06   0.69  -1.136
 -0.08  -0.346  0.75   0.17   0.013 -0.94   0.73  -0.035 -0.257  0.16
  0.642  1.102  0.558 -0.45  -0.72   0.665  0.75  -0.53  -0.8    0.29
 -0.02   0.198  0.1    0.3   -1.425 -0.07  -1.734  0.63   0.677 -0.85
  0.65  -0.26  -0.16   0.2    0.347  0.81  -0.27  -1.247 -0.595 -0.141
 -0.82   0.21  -0.76   0.02  -0.62   0.68  -0.81  -0.031 -0.55   0.2
  0.62  -0.5   -0.03  -0.37  -0.98   0.05  -0.48   1.623  0.2    1.02
 -0.75  -0.14   1.439 -0.65   0.022  0.02   0.13  -0.28   0.2    0.13 ][ 0.47  -0.59   0.75  -0.603  0.22   0.17  -1.925 -0.785 -0.01   0.82
  0.923 -0.68   0.92  -1.397  0.79  -1.127 -0.87   0.06   0.69  -1.12
 -0.08  -0.346  0.75   0.17  -0.269 -0.94   0.73  -0.28  -0.257  0.16
  0.642  1.102  0.36  -0.45  -0.72   0.665  0.75   0.34  -0.8    0.29
 -0.02   0.198  0.466 -0.508 -1.425 -0.07  -1.088  0.63  -0.121 -0.85
  0.65  -0.26  -0.16   0.2    0.347  0.81  -0.27  -1.247 -0.69  -0.141
 -0.82   0.21   0.17   0.02  -0.62   0.68  -0.81  -0.031 -0.55   0.441
  0.416 -0.5   -0.03  -0.37  -0.98   0.05  -0.48   1.584  0.2    1.02
 -0.75  -0.14   1.439 -0.65  -0.55   0.02   0.268 -0.28   0.2    0.13 ][ 0.47  -0.59   0.75  -0.62  -0.96   0.17  -0.97  -1.689 -0.01   0.82
  1.866 -0.68   0.92  -1.397  0.888 -1.127 -0.87   0.06   0.69  -0.15
 -0.08  -0.346  0.75   0.17   0.013 -0.94   0.605 -0.035 -0.257  0.16
  0.642  1.102  0.36  -0.45  -0.72   0.665  0.75  -0.53  -0.8    0.29
 -0.02   0.198  0.1    0.3   -1.076 -0.07  -1.662  0.63   0.677 -0.85
  0.65  -0.26  -0.16   0.2    0.347  0.81  -0.27  -1.247 -0.595  0.85
 -0.82   0.21   0.17   0.02  -0.62   0.68  -0.81  -0.031 -0.55   0.2
  0.62  -0.5   -0.03  -0.37  -0.98   0.05  -0.48   1.584  0.2    1.02
 -0.75  -0.14   1.439 -0.65   0.022  0.02   0.13  -0.28   0.2    1.279][ 0.47  -0.59   0.913 -0.62  -0.96   0.17  -0.97  -0.785 -0.01   0.82
  1.866 -0.68   0.92  -1.397  0.79  -1.127 -0.87  -0.044  0.69  -1.136
 -0.08  -0.346  0.75   0.17   0.013 -0.94   0.73  -0.035 -0.257  0.16
  0.642  1.102  0.36  -0.45  -0.72   0.665  0.75  -0.53  -0.8    0.29
 -0.02   0.198  0.1   -1.335 -1.425 -0.07  -1.662  0.63   0.677 -0.85
  0.65  -0.26  -0.16   0.2    0.347  0.81  -0.27  -1.247 -0.595  0.85
 -0.82   0.21   0.17   0.02  -0.62   0.68  -0.81  -0.031 -0.55   0.2
  0.62  -0.5   -0.03  -0.37  -0.98   0.05  -0.48   1.623  0.2    1.02
 -0.75  -0.14   1.439 -0.65  -0.55   0.02   0.268 -0.28   0.2    0.13 ][ 0.47  -1.459  0.927 -0.62   0.22   0.17  -0.97   0.03  -0.01   0.82
  1.866 -0.68   0.92  -2.353  0.888 -1.127 -0.87  -0.044  0.69  -1.622
 -0.08  -0.346  0.75   0.17  -0.269 -0.94   0.73  -0.28  -0.257  0.16
  0.642  1.102  0.36  -0.45  -0.72   0.665  0.75  -0.53  -0.8    0.29
 -0.02   0.198  0.466  0.3   -1.076 -0.07  -1.088  0.63   0.677 -0.85
  0.65  -0.26  -0.16   0.2    0.347  0.81  -0.27  -1.247 -0.69  -0.141
 -0.82   0.21   0.17   0.02  -0.62   0.68  -0.81  -0.031 -0.55   0.2
  0.62  -0.5   -0.03  -0.37  -0.98   0.05  -0.48   1.584  0.2    1.02
 -0.75  -0.14   1.439 -0.65  -0.55   0.02   0.268 -0.28   0.2    0.13 ][ 0.47  -0.59   1.633 -0.369  0.22   0.17  -0.91   0.03  -0.01   0.82
  1.866 -0.68   0.92  -1.397  0.888 -1.127 -0.87   0.06   0.69  -1.12
 -0.08  -0.346  0.75   0.17   0.013 -0.94   0.73  -0.035 -0.257  0.16
  0.642  1.102  0.36  -0.45  -0.72   0.665  0.75  -0.53  -0.8    0.29
 -0.02   0.198  0.1   -0.508 -1.425 -0.07  -1.088  0.63   0.677 -0.85
  0.65  -0.26  -0.16   0.2    0.347  0.81  -0.27  -1.247 -0.69   0.85
 -0.86   0.21   0.17   0.02  -0.62   0.68  -0.81  -0.031 -0.55   0.441
  0.62  -0.5   -0.03  -0.37  -0.98   0.05  -0.48   1.584  0.2    1.02
 -0.75  -0.14   1.439 -0.65  -0.55   0.02   0.268 -0.28   0.2    0.13 ][ 0.47  -0.59   0.75  -0.62   0.22   0.17  -0.91  -0.785 -0.01   0.82
  1.866 -0.68   0.92  -1.397  0.79  -1.127 -0.87   0.06   0.69  -1.12
 -0.08  -0.346  0.75   0.17   0.013 -0.94   0.73  -0.035 -0.257  0.16
  0.642  1.102  0.36  -0.45  -0.72   0.665  0.75  -0.599 -0.8    0.29
 -0.02   0.198  0.466  0.3   -1.425 -0.07  -1.662  0.63   0.677 -0.85
  0.65  -0.26  -0.16   0.2    0.347  0.81  -0.27  -1.247 -0.595 -0.141
 -0.82   0.21  -1.098  0.02  -0.62   0.68  -0.81  -0.031 -0.55   0.2
  0.62  -0.5   -0.03  -0.37  -0.98   0.05  -0.48   1.584  0.2    1.02
 -0.75  -0.14   1.439 -0.65  -0.55   0.02   0.13  -0.28   0.2    0.994][ 0.47  -0.59   0.75  -0.62  -0.96   0.17  -0.84  -0.785 -0.01   0.82
  1.866 -0.68   0.92  -1.397  0.888 -1.127 -0.87  -0.044  0.69  -1.12
 -0.08  -0.346  0.75   0.17  -0.269 -0.94   0.605 -0.28  -0.257  0.16
  0.288  1.102  0.36  -0.45  -0.72   0.665  0.75  -0.53  -0.8    0.29
 -0.02   0.198  0.1   -0.508 -1.425 -0.07  -2.637  0.63   0.677 -0.85
  0.65  -0.26  -0.16   0.2    0.347  0.81  -0.27  -1.247 -0.595 -0.141
 -0.82   0.21   0.17   0.02  -0.62   0.68  -0.81  -0.031 -0.55   0.2
  0.62  -0.5   -0.03  -0.37  -0.98   0.05  -0.48   1.66   0.2    1.02
 -0.75  -0.14   1.439 -0.65  -0.55   0.02   0.13  -0.28   0.2    0.994][-0.265 -1.476  0.75  -0.62  -0.96   0.17  -0.84  -0.039 -0.01   0.82
  1.47  -0.68   0.92  -1.397  0.888 -1.026 -0.87   0.06   0.69  -1.136
 -0.08  -0.346  0.75   0.17  -0.269 -0.94   0.73  -0.28  -0.257  0.16
  0.642  1.102  0.36  -0.45  -0.72   0.665  0.75  -0.53  -0.8    0.29
 -0.02   0.198  0.466 -0.508 -1.425 -0.07  -1.673  0.63  -0.121 -0.85
  0.65  -0.26  -0.16   0.2    0.347  0.81  -0.27  -1.247 -0.69  -0.141
 -0.82   0.21   0.17   0.02  -0.62   0.68  -0.81  -0.031 -0.55   0.2
  0.62  -0.5   -0.03  -0.37  -0.98   0.05  -0.48   1.584  0.2    1.02
 -0.75  -0.14   1.439 -0.65  -0.55   0.02   0.13  -0.28   0.2    0.994][ 0.47  -0.59   0.75  -0.62   0.22   0.17  -0.91   0.03  -0.01   0.82
  1.47  -0.68   0.92  -1.397  0.79  -1.127 -0.87  -0.044  0.69  -1.136
 -0.08  -0.346  0.75   0.17  -0.269 -0.94   0.73  -0.28  -0.257  0.16
  0.95   1.102  0.36  -0.45  -0.72   0.665  0.75  -0.53  -0.8    0.29
 -0.02   0.198  1.301 -0.508 -1.425 -0.07  -1.088  0.63   0.677 -0.85
  0.65  -0.26  -0.16   0.2    0.347  0.81  -0.27  -1.247 -0.69  -0.141
 -0.003  0.21   0.17   0.02  -0.62   0.68  -0.81  -0.031 -0.55   0.2
  0.62  -0.5   -0.03  -0.37  -0.98   0.05  -0.48   1.584  0.2    1.02
 -0.75  -0.14   1.439 -0.65  -0.55  -0.038  0.13  -0.28   0.2    0.13 ]