[ 0.47  -0.59   0.75  -0.62   0.22   0.17  -0.97   0.03  -0.01   0.82
  0.923 -0.68   0.92  -1.397  0.79  -1.127 -0.87   0.06   0.69  -0.15
 -0.08  -0.346  0.75   0.17  -0.269 -0.94   0.73  -0.28  -0.257  0.16
  0.642  1.102  0.36  -0.45  -0.72   0.665  0.75  -0.53  -0.8    0.29
 -0.02   0.198  0.466  0.3   -1.076 -0.07  -1.088  0.63  -0.08  -0.85
  0.65  -0.26  -0.16   0.2    0.347  0.81  -0.399 -1.247 -0.69   0.85
 -0.82   0.21   0.17   0.02  -0.62   0.68  -0.81  -0.031 -0.55   0.2
  0.62  -0.5   -0.03  -0.37  -0.98   0.05  -0.48   1.663  0.2    1.02
 -0.75  -0.14   1.439 -0.65  -0.55   0.02   0.13  -0.28   0.2    0.13 ][ 0.47  -0.59   0.75  -0.62  -0.96   0.17  -0.97   0.03  -0.01   0.82
  0.923 -0.68   0.92  -1.397  0.79  -1.127 -0.87  -0.044  0.69  -1.136
 -0.08  -0.346  0.75   0.17  -0.269 -0.94   0.73  -0.035 -0.257  0.16
  0.642  1.102  0.36  -0.45  -0.72   0.665  0.75  -0.53  -0.8    0.29
 -0.02   0.198  0.1    0.3   -1.076 -0.07  -1.673  0.63  -0.121 -0.85
  0.65  -0.26   0.316  0.2    0.347  0.81  -0.27  -1.247 -0.69  -0.141
 -0.82   0.21  -0.76   0.02  -0.62   0.68  -0.81  -0.031 -0.55   0.2
  0.62  -0.5   -0.03  -0.37  -0.98   0.05  -0.48   1.584  0.2    1.02
 -0.75  -0.14   1.439 -0.65  -0.55   0.02   0.13  -0.28   0.2    0.13 ][ 0.47  -0.59   0.75  -0.62   0.22   0.17  -0.97   0.03  -0.644  0.82
  0.923 -0.68   0.92  -1.397  0.79  -1.127 -0.87   0.06   0.69  -1.136
 -0.08  -0.346  0.75   0.17  -0.269 -0.94   0.73  -0.28  -0.257  0.16
  0.642  1.102  0.36  -0.45  -0.72   0.665  0.75  -0.53  -0.8    0.29
 -0.02   0.198  0.466  0.3   -1.076 -0.07  -1.088  0.63  -0.121 -0.85
  0.65  -0.26  -0.16   0.2    0.347  0.81  -0.27  -1.247 -0.69   0.85
 -0.82   0.21   0.17   0.02  -0.62   0.68  -0.77  -0.031 -0.55   0.246
  0.62  -0.5   -0.03  -0.37  -0.98   0.05  -0.48   1.584  0.2    1.02
 -0.75  -0.14   1.439 -0.65  -0.55   0.02   0.13  -0.28   0.2    0.13 ][ 0.504 -0.59   0.75  -0.62  -0.96   0.17  -0.84   0.03  -0.01   0.82
  0.923 -0.68   0.92  -1.397  0.79  -1.127 -0.87   0.06   0.69  -0.15
 -0.08  -0.346  0.75   0.17  -0.269 -1.223  0.73  -0.28  -0.257  0.16
  1.529  1.102  0.36  -0.565 -0.72   0.665  0.75  -0.53  -0.8    0.29
 -0.02   0.198  0.466  0.3   -0.75  -0.07  -1.673  0.63  -0.121 -0.85
  0.65  -0.26  -0.16   0.2    0.347  0.81  -0.27  -1.247 -0.69   0.85
 -0.82   0.21   0.17   0.02  -0.62   0.68  -0.81  -0.031 -0.55   0.2
  0.62  -0.5   -0.03  -0.37  -0.98   0.05  -0.48   1.584  0.2    1.02
 -0.75  -0.14   1.439 -0.65  -0.55   0.02   0.13  -0.28   0.2    0.13 ][ 0.47  -0.59   0.75  -0.62   0.22   0.17  -0.97   0.03  -0.01   0.82
  0.923 -0.68   0.92  -1.397  0.79  -1.127 -0.87   0.06   0.69  -1.136
 -0.08  -0.346  0.75   0.17  -0.269 -1.223  0.73  -0.28  -0.257  0.16
  0.95   1.102  0.36  -0.45  -0.72   0.665  0.75  -0.599 -0.8    0.29
 -0.02   0.22   0.466 -0.508 -0.75  -0.07  -1.673  0.63  -0.121 -0.85
  0.65  -0.26  -0.16   0.2    0.347  0.81  -0.27  -1.247 -0.69   0.85
 -0.82   0.21   0.17   0.02  -0.62   0.68  -0.77  -0.031 -0.55   0.2
  0.62  -0.5   -0.03  -0.37  -0.98   0.05  -0.48   1.584  0.2    1.02
 -0.75  -0.14   1.439 -0.65  -0.55   0.02   0.13  -0.28   0.2    0.13 ][ 0.47  -0.59   0.75  -1.105  0.22   0.17  -0.97   0.03  -0.01   0.82
  0.923 -0.68   0.92  -1.397  0.79  -1.127 -0.87   0.06   0.69  -1.136
 -0.08  -0.346  0.75   0.17  -0.269 -1.223  0.73  -0.28  -0.257  0.16
  0.642  1.102  0.36  -0.45  -0.72   0.665  0.75  -0.53  -0.8    0.29
 -0.02   0.198  0.466  0.3   -0.75  -0.07  -1.088  0.63  -0.009 -0.85
  0.65  -0.26  -0.16  -0.23  -0.45   0.81  -0.27  -1.247 -0.69   0.85
 -0.82   0.21   0.17   0.02  -0.62   0.68  -0.81  -0.031 -0.55   0.2
  0.62  -0.5   -0.03  -0.37  -0.98   0.05  -0.48   1.584  0.2    1.02
 -0.75  -0.14   1.439 -0.65  -0.55   0.02   0.13  -0.28   0.2    0.13 ][ 0.47  -0.59   0.75  -0.62   0.22   0.17  -0.97   0.03  -0.01   0.82
  0.923 -0.68   0.92  -1.397  0.79  -1.127 -0.87   0.06   0.69  -0.15
 -0.08  -0.346  0.75   0.17  -0.948 -0.94   0.73  -0.28  -0.257  0.16
  0.95   1.102  0.36  -0.45  -0.72   0.665  0.75  -0.53  -0.8    0.29
 -0.02   0.22   0.466  0.3   -1.076 -0.07  -1.088  1.06  -0.121 -0.85
  0.65  -0.26  -0.16   0.2    0.347  0.81  -0.27  -1.247 -0.69   0.85
 -0.82   0.21   0.17   0.02  -0.62   0.68  -0.81  -0.031 -0.55   0.246
  0.62  -0.5   -0.03  -0.37  -0.98   0.05  -0.48   1.584  0.2    1.02
 -0.75  -0.14   1.439 -0.65  -0.55   0.02   0.13  -0.28   0.2    0.13 ][ 0.47  -0.59   0.75  -0.62  -0.96   0.17  -0.91   0.03  -0.01   0.82
  0.923 -0.68   0.92  -0.811  0.888 -1.127 -0.87   0.06   0.69  -0.15
 -0.08  -0.346  0.75   0.17  -0.948 -0.94   0.73  -0.28  -0.494  0.16
  0.642  1.102  0.36  -0.45  -0.72   0.665  0.75  -0.53  -0.8    0.29
 -0.02   0.198  0.666  0.3   -1.076 -0.07  -1.088  1.027 -0.121 -0.85
  0.65  -0.26  -0.16   0.2    0.347  0.81  -0.27  -1.247 -0.69  -0.141
 -0.82   0.21   0.17   0.02  -0.62   0.68  -0.81  -0.031 -0.55   0.2
  0.62  -0.5   -0.03  -0.37  -0.98   0.05  -0.48   1.584  0.2    1.02
 -0.75  -0.14   1.439 -0.65  -0.55   0.02  -0.63  -0.28   0.2    0.13 ][ 0.087 -0.59   0.75  -0.62   0.22   0.17  -0.91   0.03  -0.01   0.82
  0.923 -0.68   0.92  -1.397  0.79  -1.127 -0.87   0.06   0.69  -1.136
 -0.08  -0.346  0.75   0.17  -0.269 -0.94   0.73  -0.28  -0.257  0.16
  0.95   1.102  0.36  -0.45  -0.72   0.665  0.75  -0.599 -0.8    0.29
 -0.02   0.22   0.466  0.3   -0.75  -0.07  -1.088  0.63  -0.121 -0.85
  0.65  -0.26  -0.16   0.2    0.347  0.81  -0.27  -1.247 -0.69   0.85
 -0.82   0.21   0.17   0.02  -0.62   0.68  -0.77  -0.031 -0.55   0.2
  0.62  -0.5   -0.133 -0.37  -0.98   0.05  -0.48   1.584  0.2    1.02
 -0.75  -0.14   1.439 -0.65  -0.55   0.02   0.13  -0.28   0.2    0.13 ][ 0.47  -0.59   0.75  -0.62  -0.96   0.17  -0.97  -0.785 -0.01   0.82
  0.923 -0.68   0.92  -1.397  0.79  -1.127 -0.87   0.06   0.69  -1.136
 -0.08  -0.346  0.75   0.17  -0.269 -1.223  0.73  -0.28  -0.494  0.16
  0.642  1.102  0.36  -0.45  -0.72   0.665  0.75  -0.53  -0.8    0.29
 -0.02   0.198  0.466  0.3   -1.076 -0.07  -1.673  0.63   0.677 -0.85
  0.65  -0.26  -0.16   0.2    0.347  0.81  -0.27  -1.247 -0.69  -0.846
 -0.82   0.21   0.17   0.02  -0.62   0.68  -0.77  -0.031 -0.55   0.246
  0.62  -0.5   -0.03  -0.37  -0.98   0.05  -0.48   1.584  0.2    1.02
 -0.75  -0.14   1.439 -0.65  -0.55   0.02   0.13  -0.28   0.2    0.13 ][ 0.504 -0.59   0.75  -0.62  -0.96   0.17  -0.84  -0.785 -0.01   0.82
  0.923 -0.68   0.92  -1.397  0.79  -1.127 -0.87   0.06   0.69  -0.15
 -0.08  -0.346  0.044  0.17  -0.269 -1.223  0.73  -0.28  -0.257  0.16
  0.642  1.102  0.36  -0.45  -0.72   0.665  0.75  -0.53  -0.8    0.29
 -0.02   0.198  0.466  0.3   -1.076 -0.07  -1.673  0.63  -0.121 -0.85
  0.65  -0.26  -0.16   0.2    0.347  0.81  -0.27  -1.247 -0.69   0.85
 -0.82   0.21   0.17   0.02  -0.62   0.68  -0.81  -0.031 -0.55   0.2
  0.62  -0.5   -0.03  -0.37  -0.98   0.05  -0.48   1.663  0.2    1.02
 -0.75  -0.14   1.439 -0.65  -0.55   0.02   0.13  -0.28   0.2    0.13 ][ 0.504 -0.59  -0.09  -0.62  -0.96   0.17  -0.84  -0.785 -0.01   0.82
  0.923 -0.68   0.92  -1.397  0.79  -1.127 -0.87   0.06   0.69  -1.136
 -0.08  -0.346  0.75   0.17  -0.269 -1.223  0.73  -0.28  -0.257  0.16
  0.642  1.102  0.36  -0.45  -0.72   0.665  0.75  -0.53  -0.8    0.29
 -0.02   0.198  0.466  0.3   -1.076 -0.07  -1.673  0.63  -0.08  -0.85
  0.65  -0.26  -0.16   0.2    0.347  0.81  -0.27  -1.247 -0.69   0.85
 -0.82   0.21   0.17   0.02  -0.62   0.68  -0.81  -0.031 -0.55   0.2
  0.62  -0.5   -0.03  -0.37  -0.98   0.05  -0.48   1.663  0.2    1.02
 -0.75  -0.14   1.439 -0.65  -0.55   0.02   0.13  -0.28   0.2    0.13 ][ 0.47  -0.59   0.75  -0.62  -0.96   0.17  -0.97   0.03  -0.01   0.82
  0.923 -0.68   0.92  -2.337  0.79  -1.127 -0.87   0.06   0.69  -0.15
 -0.08  -0.346  0.75   0.17  -0.269 -0.94   0.73  -0.28  -0.257  0.16
  0.642  1.102  0.36  -0.45  -0.72   0.665  0.75  -0.53  -0.8    0.29
 -0.02   0.198  0.466  0.3   -1.076 -0.07  -1.088  0.63  -0.121 -0.85
  0.65  -0.26  -0.16   0.2    0.347  0.81  -0.27  -1.247 -0.69   0.85
 -0.055  0.21   0.17   0.02  -0.62   0.68  -0.81  -0.031 -0.55   0.246
  0.62  -0.5   -0.03  -0.37  -0.98   0.05  -0.48   1.584  0.2    1.02
 -0.75  -0.14   1.439 -0.65  -0.55   0.02   0.13  -0.28   0.2    0.13 ][ 0.47  -0.59   0.75  -0.62  -0.96   0.17  -0.97   0.03  -0.01   0.82
  0.923 -0.68   0.92  -2.337  0.79  -1.127 -0.87   0.06   0.69  -0.15
 -0.08  -0.346  0.75   0.17  -0.269 -0.94   0.73  -0.28  -0.257  0.16
  0.642  1.102  0.36  -0.45  -0.72   0.665  0.75  -0.53  -0.8    0.29
 -0.02   0.198  0.466  0.3   -1.076 -0.07  -1.088  0.63  -0.121 -0.85
  0.65  -0.26  -0.16   0.2    0.347  0.81  -0.27  -1.247 -0.69  -0.141
 -0.82   0.21  -0.76   0.02  -0.62   0.68  -0.81  -0.031 -0.55   0.2
  0.62  -0.5   -0.03  -0.37  -0.98   0.05  -0.48   1.584  0.2    1.02
 -0.75  -0.14   1.439 -0.65  -0.55   0.02   0.13  -0.28   0.2    0.13 ][ 0.47  -0.59   0.75  -0.62  -0.96   0.17  -0.97  -0.785 -0.01   0.82
  0.923 -0.68   0.92  -1.397  0.79  -1.127 -0.87  -0.044  0.69  -1.136
 -0.08  -0.346  0.75   0.17  -0.269 -0.94   0.73  -0.035 -0.257  0.16
  0.642  1.102  0.36  -0.45  -0.72   0.665  0.75  -0.53  -0.8    0.29
 -0.02   0.198  0.466  0.3   -1.076 -0.07  -1.673  0.897  0.677 -0.85
  0.65  -0.26  -0.16   0.2    0.347  0.81  -0.27  -1.247 -0.69  -0.846
 -0.82   0.21   0.17   0.02  -0.62   0.68  -0.77  -0.031 -0.55   0.2
  0.62  -0.5   -0.03  -0.37  -0.98   0.05  -0.48   1.584  0.2    1.02
 -0.75  -0.14   1.439 -0.65  -0.55   0.02   0.13  -0.28   0.2    0.13 ][ 0.087 -0.27   0.75  -0.62  -0.96   0.17  -0.97   0.03  -0.01   0.82
  0.923 -0.68   0.92  -0.811  0.888 -1.127 -0.87   0.06   0.69  -1.136
 -0.08  -0.346  0.75   0.17  -0.269 -0.94   0.73  -0.531 -0.257  0.16
  0.642  1.102  0.36  -0.45  -0.72   0.665  0.75  -1.253 -0.8    0.29
 -0.02   0.198  0.666  0.3   -1.076 -0.07  -1.997  0.342 -0.121 -0.85
  0.65  -0.26  -0.16   0.2    0.347  0.81  -0.27  -1.247 -0.69  -0.141
 -0.82   0.21   0.17   0.02  -0.62   0.68  -0.81  -0.031 -0.55   0.2
  0.62  -0.5   -0.03  -0.37  -0.98   0.05  -0.48   1.584  0.2    1.02
 -0.75  -0.14   1.439 -0.65  -0.55   0.02   0.13  -0.28   0.2    0.13 ][ 0.47  -0.59   0.75  -0.62   0.22   0.17  -0.97   0.03  -0.644  0.82
  0.923 -0.68   0.92  -1.397  0.79  -1.127 -0.87   0.06   0.69  -0.15
 -0.08  -0.346  0.75   0.17  -0.269 -0.94   0.73  -0.28  -0.257  0.16
  0.642  1.102  0.36  -0.45  -0.72   0.665  0.75  -0.53  -0.8    0.29
  0.643  0.198  0.466  0.3   -0.75  -0.07  -1.088  0.63  -0.121 -0.85
  0.65  -0.26  -0.16   0.2    0.347  0.686 -0.27  -1.247 -0.69   0.85
 -0.82   0.21   0.17   0.02  -0.62   0.68  -0.77  -0.031 -0.55   0.246
  0.62  -0.5   -0.03  -0.37  -0.98   0.05  -0.48   1.584  0.2    1.02
 -0.75  -0.14   1.439 -0.65  -1.005  0.02   0.13  -0.28   0.2    0.13 ][ 0.504 -0.59   0.75  -0.62  -0.96   0.17  -0.91  -1.6   -0.01   0.82
  0.923 -0.68   0.92  -0.811  0.79  -1.127 -0.87   0.06   0.69  -1.136
 -0.08  -0.346  0.75   0.17  -0.269 -0.892  0.73  -0.28  -0.257  0.16
  0.642  1.102  0.36  -0.085 -0.72   0.665  0.75  -0.53  -0.8    0.29
 -0.02   0.22   0.466  0.3   -1.076 -0.07  -1.673  0.63  -0.08  -0.85
  0.65  -0.26  -0.16   0.2    0.347  0.81  -0.27  -1.247 -0.69   0.85
 -0.82   0.21   0.17   0.02  -0.62   0.68  -0.81  -0.031 -0.55   0.2
  0.62  -0.5   -0.03  -0.37  -0.98   0.05  -0.48   1.584  0.2    1.02
 -0.75  -0.14   1.439 -0.65  -0.55   0.02   0.13  -0.28   0.2    0.13 ][ 0.47  -0.59   0.75  -0.62  -0.96   0.17  -0.97  -0.785 -0.01   0.82
  0.923 -0.68   0.92  -1.397  0.79  -1.127 -0.87   0.06   0.69  -1.136
 -0.08  -0.346  0.75   0.17  -0.269 -1.223  0.73  -0.28  -0.257  0.16
  0.642  1.102  0.36  -0.45  -0.72   0.665  0.75  -0.53  -0.8    0.29
 -0.02   0.198  0.466  0.3   -1.076 -0.07  -1.673  0.63  -0.121 -0.85
  0.65  -0.26   0.449  0.2    0.347  0.81  -0.27  -1.247 -0.69   0.85
 -0.82   0.21   0.17   0.02  -0.62   0.68  -0.77  -0.031 -0.55   0.246
  0.62  -0.5   -0.03  -0.37  -0.98   0.05  -0.48   1.584  0.2    1.02
 -0.75  -0.14   1.439 -0.65  -0.55   0.02   0.13  -0.28   0.2    0.13 ][ 0.504 -0.59   0.75  -0.62  -0.96   0.17  -0.84  -0.785 -0.01   0.82
  0.923 -0.68   0.92  -1.397  0.79  -1.127 -0.87   0.06   0.69  -1.136
 -0.08  -0.346  0.75   0.17  -0.269 -0.892  0.73  -0.28  -0.257  0.16
  0.642  1.102  0.36  -0.085 -0.72   0.665  0.75  -0.53  -0.8    0.29
 -0.02   0.198  0.466  0.3   -1.076 -0.07  -1.673  0.63  -0.08  -0.85
  0.65  -0.26  -0.16   0.2    0.347  0.81  -0.27  -1.247 -0.69   0.85
 -0.82   0.21   0.17   0.02  -0.62   0.68  -0.81  -0.031 -0.55   0.2
  0.62  -0.5   -0.03  -0.37  -0.98   0.05  -0.48   1.663  0.2    1.02
 -0.75  -0.14   1.439 -0.65  -0.55   0.02   0.13  -0.28   0.2    0.13 ][ 0.504 -0.59  -0.09  -0.62  -0.96   0.17  -0.84  -0.785 -0.01   0.82
  0.923 -0.68   0.92  -1.397  0.79  -1.127 -0.87   0.06   0.69  -0.15
 -0.08  -0.346  0.75   0.17  -0.269 -1.223  0.73  -0.28  -0.257  0.16
  0.642  1.102  0.36  -0.45  -0.72   0.665  0.75  -0.53  -0.8    0.29
 -0.02   0.198  0.466  0.3   -0.75  -0.07  -1.673  0.63  -0.121 -0.85
  0.65  -0.26  -0.16   0.2    0.347  0.81  -0.27  -1.247 -0.69   0.85
 -0.82   0.21   0.17   0.02  -0.62   0.68  -0.81  -0.031 -0.55   0.2
  0.62  -0.5   -0.288 -0.37  -0.98   0.05  -0.48   1.584  0.2    1.02
 -0.75  -0.14   1.439 -0.65  -0.55   0.02   0.13  -0.28   0.2    0.13 ][ 0.47  -0.59   0.75  -0.62  -0.96   0.17  -0.84   0.03  -0.01   0.82
  0.923 -0.68   0.92  -2.337  0.79  -1.127 -0.87   0.758  0.69  -1.136
 -0.08  -0.346  0.75   0.17  -0.269 -0.94   0.73  -0.28  -0.257  0.16
  0.642  1.102  0.36  -0.45  -0.72   0.665  0.75  -0.53  -0.8    0.29
 -0.02   0.198  0.466  0.3   -1.076 -0.07  -1.673  0.63  -0.121 -0.85
  0.65  -0.26  -0.16   0.2    0.347  0.81  -0.27  -1.247 -0.69  -0.141
 -0.82   0.21   0.17   0.02  -0.62   0.68  -0.81  -0.031 -0.55   0.2
  0.62  -0.5   -0.03  -0.37  -0.98   0.05  -0.48   1.584  0.2    1.02
 -0.75  -0.14   1.439 -0.65  -0.55   0.02   0.13  -0.28   0.2    0.13 ][ 0.47  -0.59   0.75  -0.62   0.22   0.17  -0.91   0.03  -0.01   0.82
  0.923 -0.68   0.92  -1.397  0.79  -1.127 -0.87   0.06   0.69  -1.136
 -0.08  -0.346  0.75   0.17  -0.269 -0.94   0.73  -0.28  -0.257  0.16
  0.95   1.102  0.36  -0.45  -0.72   0.665  0.75  -0.599 -0.8    0.29
 -0.02   0.22   0.466  0.3   -0.237 -0.07  -1.673  0.63  -0.121 -0.85
  0.65  -0.26  -0.16   0.2    0.347  0.81  -0.27  -1.247 -0.69   0.85
 -0.82   0.21   0.17   0.02  -0.62   0.68  -0.77  -0.031 -0.55   0.2
  0.62  -0.5   -0.03  -0.37  -0.98   0.05  -0.48   1.584  0.2    1.02
 -0.75  -0.14   1.439 -0.65  -0.55   0.02   0.13  -0.28   0.2    0.13 ][ 0.47  -0.59   0.75  -0.62  -0.96   0.17  -0.97   0.03  -0.01   0.82
  0.923 -0.68   0.92  -2.337  0.79  -1.127 -0.87   0.06   0.69  -0.15
 -0.08  -0.346  0.75   0.17  -0.269 -1.223  0.73  -0.28  -0.257  0.16
  0.95   1.102  0.36  -0.45  -0.72   0.665  0.75  -0.599 -0.8    0.29
 -0.02   0.198  0.466  0.3   -0.75  -0.07  -1.088  0.63  -0.121 -0.85
  0.65  -0.26  -0.16  -0.23   0.347  0.81  -0.27  -1.247 -0.69   0.85
 -0.055  0.21   0.17   0.02  -0.62   0.68  -0.81  -0.031 -0.55   0.246
  0.62  -0.5   -0.03  -0.37  -0.98   0.05  -0.48   1.584  0.2    1.02
 -0.75  -0.14   1.439 -0.65  -0.55   0.02   0.13  -0.28   0.2    0.13 ][ 0.47  -0.59   0.75  -0.62  -0.96   0.17  -0.91   0.03  -0.01   0.844
  0.923 -0.68   0.92  -1.397  0.79  -1.127 -0.87   0.06   0.69  -0.15
 -0.08  -0.346  0.75   0.17  -0.269 -0.94   0.73  -0.28  -0.494  0.16
  0.642  1.102  0.36  -0.45  -0.72   0.665  0.75  -0.53  -0.8    0.29
 -0.02   0.198  0.466  0.3   -0.75  -0.07  -1.088  1.027 -0.121 -0.85
  0.65  -0.26  -0.16   0.2    0.347  0.81  -0.27  -1.247 -0.69   0.85
 -0.82   0.21   0.17   0.02  -0.62   0.68  -0.81  -0.031 -0.55   0.2
  0.62  -0.5   -0.03  -0.37  -0.98   0.05  -0.48   1.584  0.2    1.02
 -0.75  -0.14   1.439 -0.65  -0.55   0.02   0.13  -0.28   0.2    0.13 ][ 0.47  -0.59   0.75  -0.62   0.22   0.17  -0.97   0.03  -0.01   0.82
  0.923 -0.68   0.92  -2.337  0.79  -1.127 -0.87   0.06   0.69  -1.136
 -0.08  -0.346  0.75   0.17  -0.269 -0.94   0.73  -0.28  -0.257  0.16
  0.642  1.102  0.36  -0.45  -0.72   0.665  0.75  -0.53  -0.8    0.29
 -0.02   0.198  0.466  0.3   -1.076 -0.07  -1.088  0.63  -0.121 -0.85
  0.65  -0.26  -0.16   0.2    0.347  0.81  -0.27  -1.247 -0.69   0.85
 -0.82   0.21   0.17   0.02  -0.62   0.68   0.118 -0.031 -0.55   0.246
  0.62  -0.5   -0.03  -0.37  -0.98   0.05  -0.48   1.584  0.2    1.02
 -0.75  -0.14   1.439 -0.65  -0.55   0.02   0.13  -0.28   0.2    0.13 ][ 0.47  -0.59   0.75  -0.62  -0.96   0.17  -0.97   0.03  -0.01   0.82
  0.923 -0.68   0.92  -1.397  0.79  -1.127 -0.87  -0.044  0.69  -1.136
 -0.08  -0.346  0.75   0.17  -0.269 -1.223  0.73  -0.035 -0.494  0.16
  0.642  1.102  0.36  -0.45  -0.72  -0.004  0.75  -0.53  -0.8    0.29
 -0.02   0.198  0.1    0.3   -1.076 -0.07  -1.673  0.63  -0.121 -0.85
  0.65  -0.26   0.316  0.2    0.347  0.81  -0.27  -1.247 -0.69  -0.141
 -0.82   0.21   0.17   0.02  -0.62   0.68  -0.77  -0.031 -0.55   0.246
  0.62  -0.5   -0.03  -0.37  -0.98   0.05  -0.48   1.584  0.2    1.02
 -0.75  -0.14   1.439 -0.65  -0.55   0.02   0.13  -0.28   0.2    0.13 ][ 0.47  -0.59   0.75  -0.62  -0.96   0.17  -0.97   0.03  -0.01   0.82
  0.923 -0.68   0.92  -2.337  0.79  -1.127 -0.87   0.06   0.69  -1.136
 -0.08  -0.346  0.75   0.17  -0.269 -1.217  0.73  -0.28  -0.257  0.16
  0.642  1.102  0.36  -0.45  -0.72   0.665  0.75  -0.53  -0.8    0.29
 -0.02   0.198  0.466  0.3   -1.076 -0.07  -1.088  0.63  -0.121 -0.85
  0.65  -0.26  -0.16   0.2    0.347  0.81  -0.27  -1.247 -0.69   0.85
 -0.055  0.21   0.17   0.02  -0.62   0.68  -0.77  -0.031 -0.55   0.2
  0.62  -0.5   -0.03  -0.37  -0.98   0.05  -0.48   1.584  0.2    1.02
 -0.75  -0.14   1.439 -0.65  -0.55   0.02   0.13  -0.28   0.2    0.13 ][ 0.504 -0.59   0.75  -1.105 -0.96   0.17  -0.97  -0.785 -0.01   0.82
  0.923 -0.68   0.92  -1.397  0.79  -1.127 -0.87   0.06   0.69  -1.136
 -0.08  -0.346  0.75   0.17  -0.269 -1.223  0.73  -0.28  -0.257  0.16
  0.642  1.102  0.36  -0.45  -0.72   0.665  0.75  -0.53  -0.8    0.29
 -0.02   0.198  0.466  0.3   -1.076 -0.07  -1.088  0.63  -0.121 -0.85
  0.65  -0.26  -0.16   0.2   -0.45   0.81  -0.27  -1.247 -0.69   0.85
 -0.82   0.21   0.17   0.02  -0.62   0.68  -0.591 -0.031 -0.55   0.2
  0.62  -0.5   -0.03  -0.37  -0.98   0.05  -0.48   1.584  0.2    1.02
 -0.75  -0.14   1.439 -0.65  -0.55   0.02   0.13  -0.28   0.2    0.13 ][ 0.47  -0.59   0.75  -0.62  -0.96   0.17  -0.97   0.03  -0.01   0.82
  0.923 -0.68   0.92  -1.397  0.79  -1.127 -0.87  -0.044  0.69  -1.136
 -0.08  -0.346  0.75   0.17  -0.269 -1.223  0.73  -0.035 -0.494  0.16
  0.642  1.102  0.36  -0.45  -0.72   0.665  0.75  -0.53  -0.8    0.29
 -0.02   0.198  0.1    0.3   -1.076 -0.07  -1.673  0.63  -0.121 -0.85
  0.65  -0.26  -0.16   0.2    0.347  0.81  -0.27  -1.247 -0.69  -0.141
 -0.82   0.58  -0.76   0.02  -0.62   0.68  -0.77  -0.031 -0.55   0.2
  0.62  -0.5   -0.03  -0.37  -0.98   0.05  -0.48   1.584  0.2    1.02
 -0.75  -0.14   1.439 -0.65  -0.55   0.02   0.13  -0.28   0.2    0.13 ][ 0.504 -0.59   0.75  -0.62  -0.96   0.17  -0.97  -0.785 -0.01   0.82
  0.923 -0.68   0.92  -1.397  0.79  -1.127 -0.87   0.06   0.69  -0.15
 -0.08  -0.346  0.75   0.17  -0.269 -1.223  0.73   0.414 -0.494  0.16
  0.642  1.102  0.36  -0.45  -0.72   0.665  0.75  -0.53  -0.8    0.29
 -0.02   0.198  0.466  0.3   -1.076 -0.07  -1.673  0.63  -0.121 -0.85
  0.65  -0.26  -0.16   0.2    0.347  0.81  -0.27  -1.247 -0.69   0.85
 -0.82   0.21   0.17   0.02  -0.62   0.68  -0.77  -0.031 -0.55   0.2
  0.62  -0.5   -0.03  -0.37  -0.98   0.05  -0.48   1.584  0.2    1.02
 -0.75  -0.14   1.439 -0.65  -0.55   0.02   0.13  -0.28   0.2    0.13 ][ 0.47  -0.59   0.75  -0.62   0.22   0.17  -0.97   0.03  -0.01   0.82
  0.923 -0.68   0.92  -1.397  0.79  -1.127 -0.87   0.06   0.69  -1.136
 -0.08  -0.346  0.75   0.17  -0.269 -0.94   0.73  -0.28  -0.257  0.16
  0.642  1.102  0.36  -0.45  -0.72   0.665  0.75  -0.53  -0.8    0.29
 -0.02   0.198  0.466  0.3   -1.076 -0.07  -1.088  0.63  -0.121 -0.85
  0.65  -0.26  -0.16   0.2    0.347  0.81  -0.27  -1.247 -0.69   0.85
 -0.82   0.21   0.17   0.02  -0.62   0.68  -0.81  -0.031 -0.55   0.2
  0.62  -0.5   -0.03  -0.37  -0.98   0.665 -0.48   1.584  0.2    1.02
 -0.75  -0.14   1.439 -0.65  -0.55   0.02   0.13  -0.28   0.2    0.13 ][ 0.47  -0.59   0.75  -0.62   0.22   0.17  -0.97   0.03  -0.01   0.82
  0.923 -1.413  0.92  -1.397  0.79  -1.127 -0.87   0.06   0.69  -1.136
 -0.08  -0.346  0.75   0.17  -0.269 -1.223  0.73  -0.28  -0.257  0.16
  0.95   1.102  0.36  -0.45  -0.72   0.665  0.75  -0.53  -0.8    0.29
 -0.02   0.22   0.466 -0.508 -1.076 -0.07  -1.673  0.63  -0.121 -0.85
  0.65  -0.26  -0.16   0.2    0.347  0.81  -0.27  -1.247 -0.69   0.85
 -0.82   0.21   0.17   0.02  -0.62   0.68  -0.77  -0.031 -0.55   0.2
  0.62  -0.5   -0.03  -0.37  -0.98   0.05  -0.48   1.663  0.2    1.02
 -0.75  -0.14   1.439 -0.65  -0.55   0.02   0.13  -0.28   0.2    0.13 ][ 0.47  -0.59   0.75  -0.62  -0.96   0.17  -0.91  -0.785 -0.01   0.82
  0.923 -0.68   0.92  -1.397  0.888 -1.127 -0.87  -0.044  0.69  -0.15
 -0.08  -0.346  0.75   0.17  -0.948 -0.94   0.73  -0.035 -0.257  0.16
  0.642  1.102  0.36  -0.45  -0.72   0.665  0.75  -0.53  -0.8    0.29
 -0.02   0.198  0.666  0.3   -1.076 -0.07  -1.673  1.027  0.677 -0.85
  0.65  -0.26  -0.16   0.2    0.347  0.81  -0.27  -1.247 -0.69  -0.141
 -0.82   0.21   0.17   0.02  -0.62   0.68  -0.81  -0.031 -0.55   0.2
  0.62  -0.5   -0.03  -0.37  -0.98   0.05  -0.48   1.584  0.2    1.02
 -0.75  -0.14   1.439 -0.65  -0.55   0.02   0.13  -0.28   0.69   0.13 ][ 0.47  -0.59   0.75  -0.62   0.22   0.17  -0.97   0.03  -0.01   0.82
  0.923 -0.68   0.92  -1.397  0.79  -1.127 -0.87   0.06   0.69  -1.136
 -0.08  -0.346  0.75   0.17  -0.269 -1.223  0.73  -0.28  -0.257  0.16
 -0.031  1.102  0.36  -0.45  -0.72   0.665  0.75  -0.53  -0.8    0.29
 -0.02   0.198  0.466  0.3   -0.75  -0.07  -1.088  0.63  -0.009 -0.85
  0.65  -0.26  -0.16  -0.23  -0.45   0.81  -0.27  -1.247 -0.69   0.85
 -0.82   0.21   0.17   0.02  -0.62   0.68  -0.81  -0.031 -0.55   0.2
  0.62  -0.5   -0.03  -0.37  -0.98   0.05  -0.48   1.584  0.2    1.02
 -0.75  -0.14   1.439 -0.65  -0.55   0.02   0.13  -0.28   0.2    0.13 ][ 0.47  -0.59   0.75  -1.105 -0.96   0.17  -0.97   0.03  -0.01   0.82
  0.923 -0.68   0.92  -0.811  0.888 -1.127 -0.87  -0.025  0.69  -1.136
 -0.08  -0.346  0.75   0.17  -0.269 -1.223  0.73  -0.531 -0.257  0.16
  0.642  1.102  0.36  -0.45  -0.72   0.665  0.75  -0.53  -0.8    0.29
 -0.02   0.198  0.466  0.3   -1.076 -0.07  -1.997  0.63  -0.121 -0.85
  0.65  -0.26  -0.16  -0.23  -0.45   0.81  -0.27  -1.247 -0.69   0.85
 -0.82   0.21   0.17   0.02  -0.62   0.68  -0.81  -0.031 -0.55   0.2
  0.62  -0.5   -0.03  -0.37  -0.98   0.05  -0.48   1.584  0.2    1.02
 -0.75  -0.14   1.439 -0.65  -0.55   0.02   0.13  -0.28   0.2    0.13 ][ 0.47  -0.59   0.75  -0.62  -0.96   0.17  -0.97   0.03  -0.01   0.82
  0.923 -0.68   0.92  -1.397  0.79  -1.127 -0.87  -0.044  0.69  -1.136
 -0.08  -0.346  0.75   0.17  -0.269 -0.94   0.73  -0.28  -0.257  0.16
  0.642  1.102  0.36  -0.45  -0.72   0.665  0.75  -0.53  -0.8    0.29
 -0.02   0.198  0.1    0.3   -1.076 -0.07  -1.673  0.63  -0.121 -0.85
  0.65  -0.52  -0.16   0.2    0.347  0.81  -0.27  -1.247 -0.69   0.85
 -0.82   0.21   0.17   0.02  -0.62   0.68  -0.81  -0.031 -0.55   0.2
  0.62  -0.5   -0.03  -0.37  -0.98   0.05  -0.48   1.584  0.2    1.02
 -0.75  -0.14   1.439 -0.65  -0.55   0.02   0.13  -0.28   0.2    0.13 ][ 0.47  -0.59   0.75  -0.62  -0.96   0.17  -0.84  -0.785 -0.01   0.82
  0.923 -0.68   0.92  -2.337  0.79  -1.127 -0.87   0.06   0.69  -1.136
 -0.08  -0.346  0.75   0.17  -0.269 -0.94   0.73  -0.28  -0.257  0.16
  0.642  1.102  0.895 -0.45  -0.72   0.665  0.75  -0.53  -0.8    0.29
 -0.02   0.198  0.466  0.3   -1.076 -0.07  -1.088  0.63  -0.08  -0.85
  0.65  -0.26  -0.16   0.2    0.347  0.81  -0.27  -1.247 -0.69  -0.141
 -0.82   0.21  -0.76   0.02  -0.62   0.68  -0.81  -0.031 -0.55   0.2
  0.62  -0.5   -0.03  -0.37  -0.98   0.05  -0.48   1.584  0.2    1.02
 -0.75  -0.14   1.439 -0.65  -0.55   0.02   0.13  -0.28   0.2    0.13 ][ 0.47  -0.59   0.75  -0.62  -0.96   0.17  -0.97  -0.785 -0.01   0.82
  0.923 -0.68   0.92  -1.397  0.79  -1.127 -0.87   0.06   0.69  -1.136
 -0.08  -0.346  1.65   0.17  -0.269 -0.94   0.73  -0.28  -0.257  0.16
  0.642  1.102  0.36  -0.45  -0.72   0.665  0.75  -0.53  -0.8    0.29
 -0.02   0.198  0.1    0.3   -1.076 -0.07  -1.673  0.63  -0.121 -0.85
  0.65  -0.26  -0.16   0.2    0.347  0.81  -0.27  -1.247 -0.69   0.85
 -0.82   0.21   0.17   0.02  -0.62   0.68  -0.81  -0.031 -0.55   0.2
  0.62  -0.5   -0.03  -0.37  -0.98   0.05  -0.48   1.663  0.2    1.02
 -0.75  -0.14   1.439 -0.65  -0.55   0.02   0.13  -0.28   0.2    0.13 ][ 0.47  -0.59   0.75  -0.62   0.22   0.17  -0.97   0.03  -0.01   0.82
  0.923 -0.68   0.92  -1.397  0.79  -1.127 -0.87  -0.044  0.69  -1.136
 -0.08  -0.346  0.75   0.17  -0.269 -0.94   0.73  -0.28  -0.257  0.16
  0.642  1.102  0.36  -0.45  -0.72   0.665  0.75  -0.53  -0.8    0.29
 -0.02   0.198  0.466  0.3   -1.076 -0.07  -1.673  0.63  -0.121 -0.85
  0.65  -0.26  -0.16   0.2   -0.068  0.686 -0.27  -1.247 -0.69   0.85
 -0.82   0.21   0.17   0.02  -0.62   0.68  -0.77  -0.031 -0.55   0.246
  0.62  -0.5   -0.03  -0.37  -0.98   0.05  -0.48   1.584  0.2    1.02
 -0.75  -0.14   1.439 -0.65  -1.005  0.02   0.13  -0.28   0.2    0.13 ][ 0.47  -0.59   0.75  -0.62  -0.96   0.17  -0.97   0.03  -0.01   0.82
  0.923 -0.68   0.92  -2.337  0.79  -1.127 -0.87   0.06   0.69   0.221
 -0.08  -0.346  0.75   0.17  -0.269 -0.94   0.73  -0.28  -0.257  0.16
  0.642  1.102  0.36  -0.45  -0.72   0.665  0.75  -0.53  -0.8    0.29
 -0.02   0.198  0.466  0.3   -1.076 -0.07  -1.088  0.63  -0.121 -0.85
  0.65  -0.26  -0.16   0.2    0.347  0.81  -0.27  -1.247 -0.69   0.85
 -0.82   0.21   0.17   0.02  -0.62   0.68  -0.81  -0.031 -0.55   0.246
  0.62  -0.5   -0.03  -0.37  -0.98   0.05  -0.48   1.584  0.2    1.02
 -0.75  -0.14   1.439 -0.65  -0.55   0.02   0.13  -0.28   0.2    0.13 ][ 0.47  -0.59   0.75  -1.105 -0.96   0.17  -0.91   0.03  -0.01   0.82
  0.923 -0.68   0.92  -1.397  0.79  -1.127 -0.87   0.06   0.69  -0.15
 -0.08  -0.346  0.75   0.17  -0.269 -0.94   0.73  -0.28  -0.257  0.16
  0.642  1.102  0.36  -0.45  -0.72   0.665  0.75  -0.53  -0.8    0.29
 -0.02   0.198  0.666  0.3   -0.75  -0.07  -1.088  0.63  -0.009 -0.85
  0.65  -0.26  -0.16   0.2    0.347  0.81  -0.27  -1.247 -0.69   0.85
 -0.82   0.21   0.17   0.02  -0.256  0.68  -0.81  -0.031 -0.55   0.2
  0.62  -0.5   -0.03  -0.37  -0.98   0.05  -0.48   1.584  0.2    1.02
 -0.75  -0.14   1.439 -0.65  -0.55   0.02   0.13  -0.28   0.2    0.13 ][ 0.087 -0.59   0.75  -0.62   0.22   0.17  -0.97   0.03  -0.01   0.82
  0.923 -0.68   0.92  -1.397  0.79  -1.127 -0.87   0.06   0.69  -0.15
 -0.08  -0.346  0.75   0.17  -0.269 -0.94   0.73  -0.28  -0.257  0.16
  0.642  1.102  0.36   0.416 -0.72   0.665  0.75  -0.599 -0.8    0.29
 -0.02   0.198  0.466  0.3   -0.75  -0.07  -1.088  0.63  -0.121 -0.85
  0.65  -0.26  -0.16   0.2    0.347  0.81  -0.399 -1.247 -0.69   0.85
 -0.82   0.21   0.17   0.02  -0.62   0.68  -0.81  -0.031 -0.55   0.2
  0.62  -0.5   -0.03  -0.37  -0.98   0.05  -0.48   1.584  0.2    1.02
 -0.75  -0.14   1.439 -0.65  -0.55   0.02   0.13  -0.28   0.2    0.13 ][ 0.504 -0.59   0.75  -0.62  -0.96   0.17  -0.84  -0.785 -0.01   0.82
  0.923 -0.68   0.92  -1.397  0.79  -1.127 -0.87   0.06   0.69  -0.15
 -0.08  -0.346  0.75   0.17  -0.269 -0.892  0.73  -0.28  -0.257  0.16
  0.642  1.102  0.36  -0.565 -0.72   0.665  0.75  -0.53  -0.8    0.29
 -0.02   0.198  0.466  0.3   -1.076 -0.07  -1.673  0.63  -0.121 -0.85
  0.65  -0.26  -0.16   0.2    0.347  0.81  -0.27  -1.247 -0.69   0.85
 -0.82   0.21   0.17   0.02  -0.62   0.68  -0.81  -0.031 -0.55  -0.142
  0.62  -0.5   -0.03  -0.37  -0.98   0.05  -0.48   1.584  0.2    1.02
 -0.75  -0.14   1.439 -0.65  -0.55   0.02   0.13  -0.28   0.2    0.13 ][ 0.47  -0.59   0.75  -0.62  -0.96   0.17  -0.97   0.03  -0.01   0.82
  0.923 -0.68   0.92  -1.397  0.79  -1.127 -0.87   0.06   0.69  -1.136
 -0.08  -0.346  0.75   0.17  -0.269 -0.94   0.73  -0.28  -0.257  0.16
  0.642  1.102  0.36  -0.45  -0.72   0.665  0.75  -0.53  -0.8    0.29
 -0.02   0.198  0.466  0.3   -1.076 -0.07  -1.088  0.897  0.677 -0.85
  0.65  -0.26  -0.16   0.2    0.347  0.81  -0.27  -1.247 -0.69  -0.846
 -1.269  0.21   0.17   0.02  -0.62   0.68  -0.81  -0.031 -0.55   0.2
  0.62  -0.5   -0.03  -0.37  -0.98   0.05  -0.48   1.584  0.2    1.02
 -0.75  -0.14   1.439 -0.65  -0.55   0.02   0.13  -0.28   0.2    0.13 ][ 0.47  -0.59   0.75  -1.105 -0.96   0.17  -0.97   0.03  -0.01   0.82
  0.923 -0.68   0.92  -1.397  0.79  -1.127 -0.87   0.06   0.69  -1.136
 -0.08  -0.346  0.75   0.17  -0.269 -1.223  0.73  -0.28  -0.257  0.16
  1.529  1.102  0.36  -0.45  -0.72   0.665  0.75  -0.53  -0.8    0.29
 -0.02   0.198  0.466  0.3   -0.75  -0.07  -1.673  0.63  -0.009 -0.85
  0.65  -0.26  -0.16  -0.23   0.347  0.81  -0.27  -1.247 -0.69   0.85
 -0.82   0.21   0.17   0.02  -0.62   0.68  -0.81  -0.031 -0.55   0.2
  0.62  -0.5   -0.03  -0.37  -0.98   0.05  -0.48   1.584  0.2    1.02
 -0.75  -0.14   1.955 -0.65  -0.55   0.02   0.13  -0.28   0.2    0.13 ][ 0.47  -0.59   0.75  -0.62  -0.96   0.17  -0.84   0.03  -0.01   0.82
  0.923 -0.68   0.92  -1.397  0.79  -1.127 -0.87   0.06   0.69  -0.15
 -0.08  -0.346  0.75   0.17  -0.269 -0.94   0.73  -0.28  -0.257  0.16
  0.642  1.102  0.36  -0.565 -0.72   0.665  0.75  -0.53  -0.8    0.29
 -0.02   0.198  0.466  0.3   -0.75  -0.07  -1.088  0.63  -0.08  -0.85
  0.65  -0.26  -0.16   0.2    0.347  0.81  -0.399 -1.247 -0.69   0.85
 -0.82   0.21   0.17   0.02  -0.62   0.68  -1.101 -0.031 -0.55   0.2
  0.62  -0.5   -0.03  -0.37  -0.98   0.05  -0.48   1.584  0.2    1.02
 -0.75  -0.14   1.439 -0.65  -0.55   0.02   0.13  -0.28   0.2    0.13 ][ 0.47  -0.59   0.75  -0.62   0.22   0.17  -0.97  -0.509 -0.01   0.82
  0.923 -0.68   0.92  -1.397  0.79  -1.127 -0.87   0.06   0.69  -1.136
 -0.08  -0.346  0.75   0.17  -0.269 -1.223  0.73  -0.28  -0.257  0.16
  0.95   1.102  0.36  -0.45  -0.72   0.665  0.75  -0.53  -0.8    0.29
 -0.02   0.198  0.466  0.3   -1.076 -0.07  -1.673  0.63  -0.121 -0.85
  0.65  -0.26  -0.16   0.2    0.347  0.81  -0.27  -1.247 -0.69   0.85
 -0.82   0.21   0.17   0.02  -0.62   0.68  -0.81  -0.031 -0.55   0.246
  0.62  -0.5   -0.03  -0.37  -0.98   0.05  -0.48   1.584  0.2    1.02
 -0.75  -0.14   1.439 -0.65  -0.55   0.02   0.13  -0.28   0.2    0.13 ][ 0.47  -0.59   0.75  -0.62  -0.96   0.17  -0.97   0.03  -0.01   0.82
  0.923 -0.68   0.92  -1.397  0.79  -1.127 -0.87  -0.044  0.69  -1.136
 -0.08  -0.346  0.75   0.17  -0.269 -0.94   0.73   0.577 -0.257  0.16
  0.642  1.102  0.36  -0.45  -0.72   0.665  0.75  -0.53  -0.8    0.29
 -0.02   0.198  0.466  0.3   -1.076 -0.07  -1.673  0.897  0.677 -0.85
  0.65  -0.26  -0.16   0.2    0.347  0.81  -0.27  -1.247 -0.69  -0.846
 -0.82   0.21   0.17   0.02  -0.62   0.68  -0.81  -0.031 -0.55   0.2
  0.62  -0.5   -0.03  -0.37  -0.98   0.05  -0.48   1.584  0.2    1.02
 -0.75  -0.14   1.439 -0.65  -0.55   0.02   0.13  -0.28   0.2    0.13 ][ 0.504 -0.59   0.75  -0.62   0.22   0.17  -0.91  -1.6   -0.644  0.82
  0.923 -0.68   0.92  -1.397  0.79  -1.127 -0.87   0.06   0.69  -1.136
 -0.08  -0.346  0.75   0.17  -0.269 -0.94   0.73  -0.28  -0.257  0.16
  0.642  1.102  0.36  -0.085 -0.72   0.665  0.75  -0.53  -0.8    0.29
 -0.02   0.198  0.466  0.3   -1.076 -0.07  -1.673  0.63  -0.08  -0.85
  0.65  -0.26  -0.516  0.2    0.347  0.81  -0.27  -1.247 -0.69   0.85
 -0.82   0.21   0.17   0.02  -0.62   0.68  -0.77  -0.031 -0.55   0.2
  0.62  -0.5   -0.03  -0.37  -0.98   0.05  -0.48   1.584  0.2    1.02
 -0.75  -0.14   1.439 -0.65  -0.55   0.02   0.13  -0.28   0.2    0.13 ][ 0.47  -0.59   0.75  -0.62  -0.96   0.17  -0.91   0.03  -0.01   0.82
  0.923 -0.68   0.92  -0.811  0.79  -1.127 -0.87   0.06   0.69  -0.15
 -0.08  -0.346  0.75   0.17  -0.269 -0.289  0.73  -0.28  -0.257  0.16
  0.642  1.102  0.36  -0.45  -0.72   0.665  0.75  -0.599 -0.8    0.29
 -0.02   0.198  0.666  0.3   -1.076 -0.07  -1.088  1.027 -0.121 -0.85
  0.65  -0.26  -0.16   0.2    0.347  0.81  -0.27  -1.247 -0.69   0.85
 -0.82   0.21   0.17   0.02  -0.62   0.68  -0.77  -0.031 -0.55   0.2
  0.62  -0.5   -0.133 -0.37  -0.98   0.05  -0.48   1.584  0.2    1.02
 -0.75  -0.14   1.439 -0.65  -0.55   0.02   0.13  -0.28   0.2    0.13 ][ 0.47  -0.59   0.75  -0.62  -0.96   0.17  -0.97   0.03  -0.01   0.82
  0.923 -0.68   0.92  -1.397  0.79  -1.127 -0.87  -0.044  0.69  -1.136
 -0.08  -0.346  0.75   0.17  -0.269 -0.94   0.73  -0.035 -0.257  0.16
  0.642  1.102  0.36  -0.45  -0.72   0.665  0.75  -0.53  -0.8    0.29
 -0.02   0.198  0.1    0.3   -1.076 -0.07  -1.088  0.63  -0.121 -0.85
  0.65  -0.26   0.316  0.2    0.347  0.81  -0.27  -1.247 -0.69  -0.141
 -0.82   0.21  -0.76   0.02  -0.62   0.68  -0.77  -0.031 -0.55   0.246
  0.62  -0.5   -0.03  -0.37  -0.98   0.05  -0.48   1.584  0.2    1.02
 -0.75  -0.14   1.439 -0.65  -0.55   0.02   0.13  -0.28   1.073  0.13 ][ 0.504 -0.59   0.75  -0.62  -0.96   0.17  -0.97   0.03  -0.01   0.82
  0.923 -0.68   0.92  -1.397  0.79  -1.127 -0.87   0.06   0.69  -1.136
 -0.08  -0.346  0.75   0.17  -0.269 -0.94   0.73  -0.28  -0.257  0.16
  0.642  1.102  0.36  -0.45  -0.72   0.665  0.75  -0.53  -0.8    0.29
 -0.02   0.198  0.466  0.3   -1.076 -0.07  -1.088  0.63  -0.08  -0.85
  0.65  -0.26  -0.16   0.2    0.347  0.81  -0.399 -1.247 -0.69   0.85
 -0.82   0.21   0.17   0.02  -0.62   0.68  -0.81  -0.031 -0.55   0.2
  0.62  -0.5   -0.03  -0.37  -0.991  0.05  -0.48   1.584  0.2    1.02
 -0.75  -0.14   1.439 -0.65  -0.55   0.02   0.13  -0.28   0.2    0.13 ][ 0.504 -0.59   0.75  -0.62   0.22   0.17  -0.84   0.03  -0.01   0.82
  0.923 -0.68   0.92  -1.397  0.79  -1.127 -0.87   0.06   0.69  -1.136
 -0.08  -0.346  0.75   0.17  -0.269 -0.892  0.73  -0.28  -0.257  0.16
  0.642  1.102  0.36  -0.45  -0.72   0.665  0.75  -0.53  -0.8    0.29
 -0.02   0.198  0.466  0.3   -1.076 -0.07  -1.088  0.63  -0.08  -0.85
  0.65  -0.26  -0.16   0.2    0.347  0.81  -0.399 -1.247 -0.69   0.85
 -0.82   0.21   0.17   0.02  -0.62   0.68  -0.81  -0.031 -0.55   0.2
  0.62  -0.5   -0.03  -0.37  -0.98   0.05  -0.48   1.663  0.2    1.02
 -0.75  -0.14   1.439 -0.65  -0.55  -0.513  0.13  -0.28   0.2    0.13 ][ 0.47  -0.59   0.75  -1.105  0.22   0.17  -0.97   0.03  -0.01   0.82
  0.923 -0.68   0.92  -1.397  0.79  -1.127 -0.87   0.06   0.69  -0.15
 -0.08  -0.346  0.75   0.17  -0.269 -1.223  0.73  -0.28   0.572  0.16
  0.642  1.102  0.36  -0.45  -0.72   0.665  0.75  -0.53  -0.8    0.29
 -0.02   0.198  0.466  0.3   -0.75  -0.07  -1.088  0.63  -0.121 -0.85
  0.65  -0.26  -0.16   0.2   -0.45   0.81  -0.27  -1.247 -0.69   0.85
 -0.82   0.21   0.17   0.02  -0.62   0.68  -0.81  -0.031 -0.55   0.246
  0.62  -0.5   -0.03  -0.37  -0.98   0.05  -0.48   1.584  0.2    1.02
 -0.75  -0.14   1.439 -0.65  -0.55   0.02   0.13  -0.28   0.2    0.13 ][ 0.47  -0.59   0.75  -0.62   0.22   0.17  -0.91   0.03  -0.01   0.82
  0.923 -0.68   0.92  -1.397  0.79  -1.127 -0.87   0.06   0.69  -1.136
 -0.08  -0.346  0.75   0.17  -0.269 -0.94   0.73  -0.28  -0.257  0.16
  0.95   1.102  0.36  -0.45  -0.72   0.665  0.75  -0.599 -0.8    0.29
 -0.02   0.22   0.466  0.3   -0.75  -0.07  -1.088  0.63  -0.121 -0.85
  0.65  -0.26  -0.16   0.2    0.347  0.81  -0.27  -1.247 -0.69   0.85
 -0.82   0.21   0.17   0.02  -0.62   0.68  -0.77  -0.031 -0.55   0.246
  0.62  -0.5   -0.03  -0.37  -0.98   0.05  -0.48   1.584  0.2    1.02
 -0.477 -0.14   1.439 -0.65  -0.55   0.02   0.13  -0.28   0.2    0.13 ][ 0.47  -0.59   0.75  -0.62  -0.96   0.17  -0.97   0.03  -0.01   0.82
  0.923 -0.68   0.92  -1.397  0.79  -1.127 -0.87   0.06   0.69  -1.136
 -0.08  -0.346  0.75   0.17  -0.269 -0.94   0.73  -0.28  -0.257  0.16
  0.95   1.102  0.36  -0.45  -0.72   0.665  0.75  -0.53  -0.8    0.29
 -0.02   0.198  0.466  0.3   -1.076 -0.07  -1.673  1.06  -0.121 -0.85
  0.65  -0.26  -0.16   0.2    0.347  0.81  -0.27  -1.247 -0.69   0.85
 -0.82   0.21   0.17   0.02  -0.62   0.68  -0.81  -0.031 -0.55   0.2
  0.62  -0.5   -0.03  -0.37  -0.98   0.05  -0.48   1.584  0.2    1.02
 -0.75  -0.14   1.439 -0.65  -0.55   0.02   0.13  -0.28   0.2    0.118][ 0.504 -0.59   0.75  -0.62  -0.96   0.17  -0.84  -0.785 -0.01   0.82
  0.923 -0.68   0.92  -1.397  0.79  -1.127 -0.87   0.06   0.69  -0.15
 -0.08  -0.346  0.75   0.676 -0.269 -1.223  0.73  -0.28  -0.257  0.16
  0.642  1.102  0.36  -0.45  -0.72   0.665  0.75  -0.53  -0.8    0.29
 -0.02   0.198  0.466  0.3   -1.076 -0.07  -1.673  0.63  -0.08  -0.85
  0.65  -0.26  -0.16   0.2    0.347  0.81  -0.27  -1.247 -0.69   0.85
 -0.82   0.21   0.17   0.02  -0.62   0.68  -0.81  -0.031 -0.55   0.2
  0.62  -0.5   -0.03  -0.37  -0.98   0.05  -0.48   1.663  0.2    1.02
 -0.75  -0.14   1.439 -0.65  -0.55   0.02   0.13  -0.28   0.2    0.13 ][ 0.47  -0.59   0.75  -0.62  -0.96   0.17  -0.97  -0.785 -0.01   0.82
  0.923 -0.68   0.92  -1.397  0.79  -1.127 -0.87  -0.044  0.69  -1.136
 -0.08  -0.346  0.75   0.17  -0.269 -0.94   0.73  -0.035 -0.257  0.16
  0.642  1.102  0.36  -0.45  -0.72   0.665  0.75  -0.53  -0.8    0.29
 -0.02   0.198  0.1    0.3   -1.076 -0.07  -1.673  0.897  0.677 -0.85
  0.65  -0.26   0.316  0.2    0.347  0.81  -0.27  -1.247 -0.69  -0.846
 -0.82   0.21  -0.76   0.02  -0.62   0.68  -0.81  -0.031 -0.55   0.2
  0.62  -0.5   -0.03  -0.37  -0.98   0.05  -0.48   1.584  0.2    1.02
 -0.75  -0.14   1.439 -0.65  -0.55   0.02   0.13  -0.28   0.2    0.353][ 0.504 -0.59   0.75  -0.62  -0.96   0.17  -0.97  -0.785 -0.01   0.82
  0.923 -0.68   0.92  -1.397  0.79  -1.127 -0.87   0.06   0.69  -1.136
 -0.622 -0.346  0.75   0.17  -0.269 -1.223  0.73  -0.28  -0.257  0.16
  0.642  1.102  0.36  -0.45  -0.72   0.665  0.75  -0.53  -0.8    0.29
 -0.02   0.198  0.466  0.3   -1.076 -0.07  -1.673  0.63  -0.121 -0.85
  0.65  -0.26  -0.16   0.2    0.347  0.81  -0.27  -1.247 -0.69   0.85
 -0.82   0.21   0.17   0.02  -0.62   0.68  -0.81  -0.031 -0.55   0.2
  0.62  -0.5   -0.03  -0.37  -0.98   0.05  -0.48   1.584  0.2    1.02
 -0.75  -0.14   1.439 -0.65  -0.55   0.02   0.13  -0.28   0.2    0.13 ][ 0.47  -0.59   0.75  -0.62   0.22   0.17  -0.97   0.03  -0.01   0.82
  0.923 -0.68   0.92  -2.337  0.79  -1.127 -0.87   0.06   0.69  -0.15
 -0.08  -0.346  1.41   0.17  -0.269 -0.94   0.73  -0.28  -0.257  0.16
  0.642  1.102  0.36  -0.45  -0.72   0.665  0.75  -0.53  -0.8    0.29
 -0.02   0.22   0.466  0.3   -1.076 -0.07  -1.088  1.06  -0.121 -0.85
  0.65  -0.26  -0.16   0.2    0.347  0.81  -0.27  -1.247 -0.69   0.85
 -0.82   0.21   0.17   0.02  -0.62   0.68  -0.81  -0.031 -0.55   0.2
  0.62  -0.5   -0.03  -0.37  -0.98   0.05  -0.48   1.584  0.2    1.02
 -0.75  -0.14   1.439 -0.65  -0.55   0.02   0.13  -0.28   0.2    0.13 ][ 0.47  -0.59   0.75  -0.62   0.22   0.17  -0.97   0.03  -0.01   0.82
  0.923 -0.68   0.92  -1.397  0.79  -1.127 -0.87   0.06   0.69  -1.136
 -0.08  -0.346  0.75   0.17  -0.269 -0.94   0.73  -0.28  -0.257  0.16
  0.642  1.102  0.36  -0.45  -0.72   0.665  0.75  -0.53  -0.8    0.29
 -0.02   0.198  0.466  0.3   -1.076 -0.07  -1.088  0.63  -0.08  -0.85
  0.65  -0.26  -0.16   0.2    0.347  0.81  -0.399 -1.247 -0.69   0.85
 -0.82   0.21   0.17   0.02  -0.458  0.68  -0.81  -0.031 -0.55   0.2
  0.62  -0.5   -0.03  -0.37  -0.98   0.05  -0.48   1.663  0.2    1.02
 -0.75  -0.14   1.439 -0.65  -0.55   0.02   0.13  -0.28   0.2    0.13 ][ 0.47  -0.59   0.75  -0.62  -0.96   0.17  -0.97   0.03  -0.01   0.82
  0.923 -0.68   0.92  -1.397  0.79  -1.127 -0.87   0.06   0.69  -0.15
 -0.08  -0.346  0.75   0.17  -0.269 -0.94   0.73  -0.28  -0.257  0.16
  0.642  1.102  0.36  -0.45  -0.72   0.665  0.75  -0.53  -0.8    0.29
 -0.02   0.198  0.466  0.3   -1.076 -0.07  -1.088  0.63  -0.08  -0.85
  0.65  -0.26  -0.16   0.2    0.347  0.81  -0.399 -1.247 -0.69   0.85
 -0.82   0.21   0.17   0.02  -0.436  0.68  -0.81  -0.031 -0.55   0.246
  0.62  -0.5   -0.03  -0.37  -0.98   0.05  -0.48   1.663  0.2    1.02
 -0.75  -0.14   1.439 -0.65  -0.55   0.02   0.13  -0.28   0.2    0.13 ][ 0.47  -0.59   0.75  -0.62   0.22   0.17  -1.253  0.03  -0.01   0.82
  0.923 -0.68   0.92  -1.397  0.79  -1.127 -0.87  -0.044  0.69  -0.15
 -0.08  -0.346  0.75   0.17  -0.269 -0.94   0.73  -0.28  -0.257  0.16
  0.642  1.102  0.36  -0.45  -0.72   0.665  0.75  -0.53  -0.8    0.29
 -0.02   0.198  0.466  0.3   -1.076 -0.07  -1.673  1.06  -0.121 -0.85
  0.65  -0.26   0.316  0.2    0.347  0.81  -0.27  -1.247 -0.69  -0.141
 -0.82   0.21   0.17   0.02  -0.62   0.68  -0.81  -0.031 -0.55   0.246
  0.62  -0.5   -0.03  -0.37  -0.98   0.05  -0.48   1.584  0.2    1.02
 -0.75  -0.14   1.439 -0.65  -0.55   0.02   0.13  -0.28   0.2    0.13 ][ 0.087 -0.59   0.75  -0.62  -0.96   0.17  -0.84  -0.785 -0.01   0.82
  0.923 -0.68   0.92  -1.397  0.79  -1.127 -0.87   0.06   0.69  -1.136
 -0.08  -0.346  0.75   0.17  -0.269 -0.94   0.73  -0.28  -0.257  0.16
  0.642  1.102  0.36  -0.085 -0.72   0.665  0.75  -0.53  -0.8    0.29
 -0.02   0.198  0.666  0.3   -1.076 -0.07  -1.997  0.342 -0.121 -0.85
  0.65  -0.26  -0.16   0.2    0.347  0.81  -0.27  -1.247 -0.69  -0.141
 -0.82   0.21   0.17   0.02  -0.62   0.68  -0.81  -0.031 -0.55   0.2
  0.62  -0.5   -0.913 -0.37  -0.98   0.05  -0.48   1.663  0.2    1.02
 -0.75  -0.14   1.439 -0.65  -0.55   0.02   0.13  -0.28   0.2    0.13 ][ 0.47  -0.59   0.75  -0.62   0.22   0.17  -0.97   0.03  -0.01   0.82
  0.923 -0.68   0.92  -1.397  0.79  -1.127 -0.87   0.06   0.69  -1.136
 -0.08  -0.346  0.75   0.17  -0.269 -0.94   0.73  -0.28  -0.257  0.16
  0.95   1.102  0.36  -0.45  -0.72   0.665  0.75  -0.599 -0.8    0.29
 -0.02   0.22   0.466 -0.508 -0.75  -0.07  -1.673  0.63  -0.121 -0.85
  0.65  -0.26  -0.16   0.2    0.347  0.81  -0.27  -1.247 -0.69   0.85
 -0.82   0.21   0.17   0.02  -0.62   0.68  -0.77  -0.031 -0.55   0.2
  0.62  -0.5   -0.03  -0.067 -0.98   0.05  -0.48   1.584  0.2    1.02
 -0.75  -0.14   1.439 -0.65  -0.55   0.02   0.13  -0.28   0.2    0.13 ][ 0.47  -0.59   0.75  -0.62  -0.96   0.17  -0.97   0.03  -0.01   0.82
  0.923 -0.68   0.92  -1.397  0.79  -1.127 -0.87   0.06   0.69  -1.136
 -0.08  -0.346  0.75   0.17  -0.269 -1.223  0.73  -0.28  -0.494  0.16
  1.529  1.102  0.36  -0.565 -0.72   0.665  0.75  -0.53  -0.8    0.29
 -0.02   0.003  0.466  0.3   -0.75  -0.07  -1.673  0.63  -0.121 -0.85
  0.65  -0.26  -0.16   0.2    0.347  0.81  -0.27  -1.247 -0.69  -0.846
 -0.82   0.21   0.17   0.02  -0.62   0.68  -0.81  -0.031 -0.55   0.246
  0.62  -0.5   -0.03  -0.37  -0.98   0.05  -0.48   1.584  0.2    1.02
 -0.75  -0.14   1.439 -0.65  -0.55   0.02   0.13  -0.28   0.2    0.13 ][ 0.504 -0.59   0.75  -0.62  -1.603  0.17  -0.97  -0.785 -0.01   0.82
  0.923 -0.68   0.92  -1.397  0.79  -1.127 -0.87   0.06   0.69  -1.136
 -0.08  -0.346  0.75   0.17  -0.269 -0.892  0.73  -0.28  -0.257  0.16
  0.642  1.102  0.36  -0.085 -0.72   0.665  0.75  -0.53  -0.8    0.29
 -0.02   0.198  0.466  0.3   -1.076 -0.07  -1.673  0.63  -0.121 -0.85
  0.65  -0.26   0.449  0.2    0.347  0.81  -0.27  -1.247 -0.69   0.85
 -0.82   0.21   0.17   0.02  -0.62   0.68  -0.77  -0.031 -0.55   0.2
  0.62  -0.5   -0.03  -0.37  -0.98   0.05  -0.48   1.584  0.2    1.02
 -0.75  -0.14   1.439 -0.65  -0.55   0.02   0.13  -0.28   0.2    0.13 ][ 0.504 -0.59   0.75  -0.62  -0.96   0.17  -0.91  -1.6   -0.01   0.82
  0.923 -0.68   0.92  -0.811  0.79  -1.127 -0.87   0.06   0.69  -1.136
 -0.08  -0.346  0.75   0.17  -0.269 -1.223  0.73  -0.28  -0.257  0.16
  1.529  1.102  0.36  -0.565 -0.72   0.665  0.75  -0.53  -0.8    0.29
 -0.02   0.22   0.466  0.3   -0.75  -0.07  -1.673  0.63  -0.08  -0.85
  0.65  -0.26  -0.16   0.2    0.347  0.81  -0.27  -1.247 -0.69   0.85
 -0.82   0.21   0.17   0.02  -0.62   0.68  -0.81  -0.031 -0.55   0.2
  0.62  -0.5   -0.03  -0.37  -0.98   0.548 -0.48   1.584  0.2    1.02
 -0.75  -0.14   1.439 -0.65  -0.55   0.02   0.13  -0.28   0.2    0.13 ][ 0.47  -0.59   0.75  -0.62  -0.96   0.17  -0.97   0.03  -0.01   0.82
  0.923 -0.68   0.92  -0.811  0.79  -1.127 -0.87   0.06   0.69  -1.136
 -0.08  -0.346  0.75   0.17  -0.269 -0.94   0.73  -0.28  -0.494  0.16
  0.642  1.102  0.36  -0.45  -0.72   0.665  0.75  -0.53  -0.8    0.29
 -0.02   0.198  0.666  0.3   -1.076 -0.07  -1.088  1.027 -0.121 -0.85
  0.65  -0.26  -0.16   0.2    0.347  0.81  -0.27  -1.247 -0.69  -0.141
 -0.82   0.21  -0.76   0.02  -0.62   0.68  -0.81  -0.031 -0.55   0.2
  0.62  -0.5    0.51  -0.37  -0.98   0.05  -0.48   1.584  0.2    1.02
 -0.75  -0.14   1.439 -0.65  -0.55   0.02   0.13  -0.28   0.2    0.13 ][ 0.504 -0.59   0.75  -0.62  -0.96   0.17  -0.97   0.03  -0.01   0.82
  0.923 -0.68   0.92  -1.397  0.79  -1.127 -0.87   0.06   0.69  -1.136
 -0.08  -0.346  0.75   0.17  -0.269 -0.94   0.73  -0.28  -0.257  0.16
  0.642  1.102  0.36  -0.565 -0.72   0.665  0.75  -0.53  -0.8    0.29
 -0.02   0.198  0.466  0.3   -1.425 -0.07  -1.673  0.63   0.677 -0.85
  0.65  -0.26  -0.16   0.2    0.347  0.81  -0.27  -1.247 -0.69  -0.846
 -0.82   0.21   0.17   0.02  -0.62   0.68  -0.81  -0.031 -0.55   0.2
  0.62  -0.5   -0.03  -0.37  -0.98   0.05  -0.48   1.584  0.2    1.02
 -0.75  -0.14   1.439 -0.65  -0.55   0.02   0.13  -0.28   0.2    0.13 ][ 0.47  -0.59   0.75  -0.62  -0.96   0.17  -0.97   0.03  -0.01   0.82
  0.923 -0.68   0.92  -2.337  0.79  -1.127 -0.87   0.06   0.69  -1.136
 -0.08  -0.346  0.75   0.17  -0.269 -0.94   0.73  -0.035 -0.257  0.16
  0.642  1.102  0.36  -0.45  -0.72   0.665  0.75  -0.949 -0.8    0.29
 -0.02   0.198  0.1    0.3   -1.076 -0.07  -1.088  0.63  -0.121 -0.85
  0.65  -0.26   0.316  0.2    0.347  0.81  -0.27  -1.247 -0.69  -0.141
 -0.82   0.21  -0.76   0.02  -0.62   0.68  -0.81  -0.031 -0.55   0.2
  0.62  -0.5   -0.03  -0.37  -0.98   0.05  -0.48   1.584  0.2    1.02
 -0.75  -0.14   1.439 -0.65  -0.55   0.02   0.13  -0.28   0.2    0.13 ][ 0.47  -0.59   0.75  -0.62  -0.96   0.17  -0.97  -0.785 -0.01   0.82
  0.923 -0.68   0.92  -1.397  1.686 -1.127 -0.87   0.06   0.69  -0.15
 -0.08  -0.346  0.75   0.17  -0.948 -0.94   0.73  -0.28  -0.257  0.16
  0.642  1.102  0.36  -0.45  -0.72   0.665  0.75  -0.53  -0.8    0.29
 -0.02   0.198  0.466  0.3   -1.076 -0.07  -1.088  0.63  -0.121 -0.85
  0.65  -0.26   0.449  0.2    0.347  0.81  -0.27  -1.247 -0.69   0.85
 -0.82   0.21   0.17   0.02  -0.62   0.68  -0.77  -0.031 -0.55   0.246
  0.62  -0.5   -0.03  -0.37  -0.98   0.05  -0.48   1.584  0.2    1.02
 -0.75  -0.14   1.439 -0.65  -0.55   0.02   0.13  -0.28   0.2    0.13 ][ 0.47  -0.59   0.75  -0.62   0.22   0.17  -0.97  -0.785 -0.01   0.82
  0.923 -0.68   0.92  -1.397  0.79  -1.127 -0.87   0.06   0.69  -0.15
 -0.08  -0.346  0.75   0.17  -0.269 -0.892  0.73  -0.28  -0.257  0.16
  0.642  1.102  0.36  -0.45  -0.72   0.665  0.75  -0.53  -0.8    0.29
  0.643  0.198  0.466  0.3   -1.076 -0.07  -1.673  0.63  -0.08  -0.85
  0.65  -0.26  -0.16   0.2    0.347  0.686 -0.27  -1.247 -0.69   0.85
 -0.82   0.21   0.17   0.02  -0.62   0.68  -0.77  -0.031 -0.55   0.246
  0.62  -0.5   -0.03  -0.37  -0.98   0.05  -0.48   1.584  0.2    1.02
 -0.212 -0.14   1.439 -0.65  -1.005  0.02   0.13  -0.28   0.2    0.13 ][ 0.504 -0.59   0.75  -0.62  -0.96   0.17  -0.84  -0.785 -0.01   0.82
  0.923 -0.68   0.92  -1.397  0.888 -1.127 -0.87   0.06   0.69  -1.136
 -0.08  -0.346  0.75   0.17  -0.948 -0.94   0.73  -0.28  -0.494  0.16
  0.642  1.102  0.36  -0.45  -0.72   0.665  0.75  -0.362 -0.8    0.29
 -0.02   0.198  0.666  0.3   -1.076 -0.07  -1.088  1.027 -0.121 -0.85
  0.65  -0.26  -0.16   0.2    0.347  0.81  -0.27  -1.247 -0.69  -0.141
 -0.82   0.21   0.17   0.02  -0.62   0.68  -0.81  -0.031 -0.55   0.2
  0.62  -0.5   -0.03  -0.37  -0.98   0.05  -0.48   1.663  0.2    1.02
 -0.75  -0.14   1.439 -0.65  -0.55   0.02   0.13  -0.28   0.2    0.13 ]