[ 4.7000000e-01 -5.9000000e-01  7.5000000e-01 -6.2000000e-01
 -9.6000000e-01  1.7000000e-01 -9.1000000e-01  3.0000000e-02
 -1.0000000e-02  8.2000000e-01  2.7000000e-01 -7.5000000e-01
  9.2000000e-01 -8.2000000e-01  7.9000000e-01 -4.7000000e-01
 -1.2900000e-01  8.8817842e-16  7.6000000e-01  5.0000000e-02
 -8.0000000e-02  5.5000000e-01  7.5000000e-01  1.7000000e-01
 -2.6900000e-01 -9.4000000e-01  7.3000000e-01 -2.8000000e-01
  5.1000000e-01  1.6000000e-01  9.5000000e-01  4.2000000e-01
  3.6000000e-01 -4.5000000e-01 -7.9000000e-01  6.1000000e-01
  7.5000000e-01 -5.3000000e-01  6.5000000e-01  2.9000000e-01
 -2.0000000e-02  8.5100000e-01  1.0000000e-01  3.0000000e-01
  6.6000000e-01 -7.0000000e-02  5.0000000e-01  6.3000000e-01
  7.3000000e-01 -8.5000000e-01  6.5000000e-01 -3.8400000e-01
  7.3000000e-01  2.0000000e-01 -4.5000000e-01 -2.0000000e-02
 -2.7000000e-01 -8.4000000e-01 -6.9000000e-01  8.5000000e-01
  5.2100000e-01 -4.2000000e-01  1.7000000e-01  6.3000000e-01
 -6.2000000e-01  7.6000000e-01 -7.7000000e-01 -3.8000000e-01
 -5.5000000e-01 -1.6000000e-01  6.2000000e-01  9.0000000e-02
 -3.0000000e-02 -3.7000000e-01 -9.8000000e-01  5.0000000e-02
 -4.8000000e-01  5.6000000e-01  2.0000000e-01  2.0000000e-01
 -7.5000000e-01 -1.4000000e-01  1.0360000e+00 -6.5000000e-01
 -5.5000000e-01  2.0000000e-02  1.3000000e-01 -2.8000000e-01
  2.0000000e-01  8.7800000e-01][ 4.7000000e-01 -5.9000000e-01  7.5000000e-01 -6.2000000e-01
 -9.6000000e-01  1.7000000e-01 -9.1000000e-01  3.0000000e-02
 -1.0000000e-02  8.2000000e-01  7.2000000e-01 -7.5000000e-01
  9.2000000e-01 -8.2000000e-01  7.9000000e-01 -4.7000000e-01
 -1.2900000e-01  8.8817842e-16  7.6000000e-01  5.0000000e-02
 -8.0000000e-02  5.5000000e-01  7.5000000e-01  1.7000000e-01
 -2.6900000e-01 -9.4000000e-01  7.3000000e-01 -2.8000000e-01
  5.1000000e-01  1.6000000e-01  9.5000000e-01  4.2000000e-01
  3.6000000e-01 -4.5000000e-01 -7.9000000e-01  6.1000000e-01
  7.5000000e-01 -5.3000000e-01  6.5000000e-01  2.9000000e-01
 -2.0000000e-02  2.2000000e-01  1.0000000e-01  3.0000000e-01
 -7.5000000e-01 -7.0000000e-02  5.0000000e-01  6.3000000e-01
  7.3000000e-01 -8.5000000e-01  6.5000000e-01 -3.8400000e-01
  7.3000000e-01  2.0000000e-01 -4.5000000e-01 -2.0000000e-02
 -2.7000000e-01 -8.4000000e-01 -6.9000000e-01  8.5000000e-01
  6.6000000e-01 -3.0000000e-01  1.7000000e-01  6.3000000e-01
 -6.2000000e-01  7.6000000e-01 -2.0000000e-01 -3.8000000e-01
 -5.5000000e-01 -1.6000000e-01  6.2000000e-01 -5.0000000e-01
 -3.0000000e-02 -3.7000000e-01 -9.8000000e-01  5.0000000e-02
 -4.8000000e-01  5.6000000e-01  2.0000000e-01  2.0000000e-01
 -7.5000000e-01 -1.4000000e-01  1.0360000e+00 -6.5000000e-01
 -5.5000000e-01  2.0000000e-02  1.3000000e-01 -2.8000000e-01
  2.0000000e-01  8.7800000e-01][ 0.47  -0.59   0.75  -0.62   0.22   0.17  -0.91   0.03  -0.45   0.82
  0.923 -0.68   0.92  -0.82   0.79  -0.47  -0.87   0.06   0.76  -0.15
 -0.08  -0.346  0.75   0.17  -0.98  -0.94   0.73   0.57  -0.13   0.16
  0.95   0.42   0.36  -0.45  -0.72   0.61   0.75  -0.53  -0.8    0.29
 -0.02   0.22   0.94   0.3   -0.75  -0.07  -1.306  0.63  -0.121 -1.012
  0.65  -0.26  -0.16   0.2   -0.45   0.81  -0.27  -0.84  -0.69   0.85
 -0.82  -0.3    0.46   0.02  -0.62   0.68  -0.81  -0.38   0.74   0.2
  0.62  -0.5   -0.03  -0.37  -0.98   0.05  -0.48   0.56   0.2    0.35
 -0.75  -0.77   1.036 -0.65  -0.55   0.02   0.13  -0.28   0.2    0.13 ][ 0.47  -0.59   0.75  -0.62  -0.96   0.81  -0.91   0.03  -0.01   0.82
  0.72  -0.68  -0.9   -0.82   0.79  -0.47  -0.87   0.06   1.506 -0.15
 -0.08   0.55   0.75   0.17  -0.98  -0.92   0.73   0.57  -0.13   0.122
 -0.62   0.42   0.36  -0.45  -0.72   0.61   0.84  -0.53   0.481  0.29
 -0.02   0.22  -0.1    0.3   -0.75  -0.07  -1.306  0.63  -0.121 -0.85
  0.65  -0.26  -0.16   0.2   -0.45   0.31  -0.27  -0.84  -0.69   0.85
 -0.82  -0.3    0.46   0.02  -0.62   0.68   0.013 -0.38  -0.55   0.2
  0.62  -0.5   -0.03   0.18  -0.98   0.05  -0.48   0.56   0.2    0.35
 -0.12  -0.91   0.94  -0.036 -0.55   0.02   0.13   0.07   0.2    0.13 ][ 4.7000000e-01 -5.9000000e-01  7.5000000e-01 -6.2000000e-01
  2.2000000e-01  1.7000000e-01 -9.7000000e-01 -3.6100000e-01
 -1.0000000e-02  8.2000000e-01  2.7000000e-01 -7.5000000e-01
  9.2000000e-01 -8.2000000e-01  7.9000000e-01 -4.7000000e-01
 -8.7000000e-01  8.8817842e-16  6.9000000e-01  5.0000000e-02
 -8.0000000e-02 -3.4600000e-01  7.5000000e-01  1.7000000e-01
 -2.6900000e-01 -9.4000000e-01  7.3000000e-01 -2.8000000e-01
  5.1000000e-01  1.6000000e-01 -6.2000000e-01  4.2000000e-01
  3.6000000e-01 -4.5000000e-01 -7.9000000e-01  6.1000000e-01
  7.5000000e-01 -5.3000000e-01  6.5000000e-01  2.9000000e-01
 -2.0000000e-02 -5.7000000e-01  1.0000000e-01  3.0000000e-01
  6.6000000e-01 -7.0000000e-02  5.0000000e-01  6.3000000e-01
  7.3000000e-01 -8.5000000e-01  6.5000000e-01  8.1000000e-01
  7.3000000e-01  2.0000000e-01 -4.5000000e-01  3.1000000e-01
 -2.7000000e-01 -8.4000000e-01  5.8000000e-01  8.5000000e-01
  6.6000000e-01 -4.2000000e-01  1.7000000e-01  6.3000000e-01
 -6.2000000e-01  7.6000000e-01 -7.7000000e-01 -3.8000000e-01
 -5.5000000e-01 -1.6000000e-01  6.2000000e-01 -5.0000000e-01
 -3.0000000e-02 -3.7000000e-01 -9.8000000e-01  5.0000000e-02
 -4.8000000e-01  5.6000000e-01  2.0000000e-01  2.0000000e-01
 -7.5000000e-01 -1.4000000e-01  9.4000000e-01 -6.5000000e-01
 -5.5000000e-01 -2.6000000e-01  1.3000000e-01 -2.8000000e-01
  2.0000000e-01  8.7800000e-01][ 4.7000000e-01 -5.9000000e-01  7.5000000e-01 -6.2000000e-01
  2.2000000e-01  1.7000000e-01 -9.7000000e-01 -3.6100000e-01
 -1.0000000e-02  8.2000000e-01  2.7000000e-01 -7.5000000e-01
  9.2000000e-01 -8.3800000e-01  7.9000000e-01 -4.7000000e-01
 -4.1000000e-01  8.8817842e-16  6.9000000e-01  5.0000000e-02
 -8.0000000e-02 -3.4600000e-01  7.5000000e-01  1.7000000e-01
 -2.6900000e-01 -9.4000000e-01  7.3000000e-01 -2.8000000e-01
  5.1000000e-01  1.6000000e-01 -6.2000000e-01  4.2000000e-01
  3.6000000e-01 -4.5000000e-01 -7.9000000e-01  6.1000000e-01
  8.4000000e-01 -5.3000000e-01  6.5000000e-01  6.1000000e-01
 -2.0000000e-02 -5.7000000e-01  1.0000000e-01  3.0000000e-01
  6.6000000e-01 -7.0000000e-02  5.0000000e-01  6.3000000e-01
  7.3000000e-01 -8.5000000e-01  7.3800000e-01  8.1000000e-01
  7.3000000e-01  2.0000000e-01 -4.5000000e-01  3.1000000e-01
 -2.7000000e-01 -8.4000000e-01  5.8000000e-01  8.5000000e-01
  1.5000000e-01 -4.2000000e-01  1.7000000e-01  6.3000000e-01
 -6.2000000e-01  7.6000000e-01 -7.7000000e-01 -3.8000000e-01
 -5.5000000e-01 -1.6000000e-01  6.2000000e-01  9.0000000e-02
 -3.0000000e-02 -3.7000000e-01 -9.8000000e-01  5.0000000e-02
 -4.8000000e-01  1.5840000e+00  2.0000000e-01  2.0000000e-01
 -7.5000000e-01 -1.4000000e-01  9.4000000e-01 -6.5000000e-01
 -5.5000000e-01 -2.6000000e-01  1.3000000e-01  7.0000000e-02
  2.0000000e-01  8.7800000e-01][ 0.47  -0.59   0.75  -0.62   0.22   0.81  -0.91   0.03  -0.45   0.82
  0.923 -0.68  -0.9   -0.82   0.79  -0.47  -0.87   0.06   0.69  -0.15
 -0.08   0.55   0.75   0.17  -0.98  -0.94   0.73  -0.28  -0.13   0.16
 -0.62   0.42   0.36  -0.45  -0.72   0.61   0.75  -0.53   0.481  0.29
 -0.02   0.22  -0.1    0.47  -0.75  -0.07  -1.306  0.63  -0.121 -0.85
  0.65  -0.26  -0.16   0.2   -0.45   0.948 -0.27  -0.84  -0.69   0.85
 -0.82   0.21   0.46   0.02  -0.62   0.68   0.013 -0.38   0.74   0.2
  0.62  -0.5   -0.03   0.18  -0.98   0.05  -0.48   1.584  0.2    0.35
 -0.12  -0.77   0.94  -0.65  -0.55   0.02   0.13   0.07   0.2    0.13 ][ 4.7000000e-01 -5.9000000e-01  7.5000000e-01 -6.2000000e-01
 -9.6000000e-01  1.7000000e-01 -9.1000000e-01  3.0000000e-02
 -1.0000000e-02  8.2000000e-01  7.2000000e-01 -6.8000000e-01
  9.2000000e-01 -8.2000000e-01  7.9000000e-01 -4.7000000e-01
 -1.2900000e-01  8.8817842e-16  7.6000000e-01  5.0000000e-02
 -8.0000000e-02  5.5000000e-01  7.5000000e-01  1.7000000e-01
 -9.8000000e-01 -9.4000000e-01  7.3000000e-01 -2.8000000e-01
  5.1000000e-01  1.2200000e-01  9.5000000e-01  4.2000000e-01
  3.6000000e-01 -4.5000000e-01 -7.9000000e-01  6.1000000e-01
  7.5000000e-01 -5.3000000e-01  6.5000000e-01  2.9000000e-01
 -2.0000000e-02  2.2000000e-01  1.0000000e-01  3.0000000e-01
 -7.5000000e-01 -7.0000000e-02 -1.3060000e+00  6.3000000e-01
 -1.2100000e-01 -8.5000000e-01  6.1400000e-01 -2.6000000e-01
 -1.6000000e-01  2.0000000e-01 -4.5000000e-01  3.1000000e-01
 -2.7000000e-01 -8.4000000e-01 -6.9000000e-01  8.5000000e-01
 -8.2000000e-01 -3.0000000e-01  1.7000000e-01  2.0000000e-02
 -6.2000000e-01  6.8000000e-01 -2.0000000e-01 -3.8000000e-01
 -5.5000000e-01  2.0000000e-01  6.2000000e-01 -5.0000000e-01
 -3.0000000e-02 -3.7000000e-01 -9.8000000e-01  5.0000000e-02
 -4.8000000e-01  5.6000000e-01  2.0000000e-01  2.0000000e-01
 -7.5000000e-01 -1.4000000e-01  1.0360000e+00 -6.5000000e-01
 -5.5000000e-01  2.0000000e-02  1.3000000e-01 -2.8000000e-01
  2.0000000e-01  8.7800000e-01][ 7.3200000e-01 -5.9000000e-01  7.5000000e-01 -6.2000000e-01
 -9.6000000e-01  1.7000000e-01 -9.7000000e-01  3.0000000e-02
 -1.0000000e-02  8.2000000e-01  7.2000000e-01 -7.5000000e-01
  9.2000000e-01 -8.2000000e-01  7.9000000e-01 -4.7000000e-01
 -8.7000000e-01  8.8817842e-16  6.9000000e-01  5.0000000e-02
 -8.0000000e-02 -3.4600000e-01  7.5000000e-01  1.7000000e-01
 -2.6900000e-01 -9.4000000e-01  7.3000000e-01 -2.8000000e-01
  5.1000000e-01  1.6000000e-01  9.5000000e-01  4.2000000e-01
  3.6000000e-01 -4.5000000e-01 -7.2000000e-01  6.1000000e-01
  7.5000000e-01 -5.3000000e-01  6.5000000e-01  2.9000000e-01
 -2.0000000e-02 -5.7000000e-01  1.0000000e-01  3.0000000e-01
 -7.5000000e-01 -7.0000000e-02  5.0000000e-01  6.3000000e-01
  7.3000000e-01 -8.5000000e-01  6.5000000e-01  8.1000000e-01
  7.3000000e-01  2.0000000e-01 -4.5000000e-01  3.1000000e-01
 -2.7000000e-01 -8.4000000e-01  5.8000000e-01  8.5000000e-01
 -8.2000000e-01 -4.2000000e-01  1.7000000e-01  2.0000000e-02
 -6.2000000e-01  6.8000000e-01 -7.7000000e-01 -3.8000000e-01
 -5.5000000e-01 -1.6000000e-01  6.2000000e-01 -5.0000000e-01
 -3.0000000e-02 -3.7000000e-01 -9.8000000e-01  5.0000000e-02
 -4.8000000e-01  5.6000000e-01  2.0000000e-01  2.0000000e-01
 -7.5000000e-01 -1.4000000e-01  9.4000000e-01 -6.5000000e-01
 -5.5000000e-01 -2.6000000e-01  1.3000000e-01 -2.8000000e-01
  2.0000000e-01  8.7800000e-01][ 0.47  -0.59   0.08  -0.62   0.22   0.81  -0.91   0.03  -0.01  -0.114
  0.923 -0.68  -0.9   -0.82   0.79  -0.47  -0.87   0.06   0.76   0.05
 -0.08   0.55   0.75   0.17  -0.98  -0.92   0.73  -0.28   0.51   0.16
 -0.62   0.42   0.36  -0.45  -0.72   0.61   0.75  -0.53   0.481  0.61
  0.03   0.22   0.94   0.3   -0.75  -0.07   0.167  0.63   0.73  -0.85
  0.65   0.81  -0.16   0.2   -0.45   0.948 -0.27  -0.98  -0.69   0.85
 -0.82  -0.3    0.46   0.63  -0.62   0.76  -0.77  -0.38   0.74   0.2
  0.62  -0.529 -0.03   0.72  -0.98   0.05  -0.48   1.584  0.2    0.35
 -0.75  -0.77   0.94  -0.65  -0.55   0.02   0.13   0.07   0.53   0.13 ][ 0.47  -0.59   0.75  -0.62   0.22   0.17  -0.91   0.03  -0.01   0.82
  0.923 -0.68   0.92  -0.82   0.79  -0.47  -0.87   0.06   0.69   0.05
 -0.08   0.55   0.75   0.17  -0.98  -0.94   0.73  -0.28  -0.13   0.16
 -0.62   0.42   0.36  -0.45  -0.72   0.61   0.75  -0.53   0.65   0.29
 -0.02   0.22   0.94   0.47  -0.75  -0.07  -1.306  0.63  -0.121 -0.55
  0.65  -0.26  -0.16   0.2   -0.45   0.948 -0.27  -0.84  -0.69   0.85
 -0.82   0.21   0.17   0.02  -0.62   0.68  -0.2   -0.38   0.74  -0.593
  0.62  -0.5   -0.03   0.18  -0.98   0.05  -0.48   0.56   0.2    0.35
 -0.12  -0.14   0.94  -0.65  -0.55   0.02   0.13  -0.28   0.2    0.13 ][ 0.47  -0.6    0.08  -0.62   0.22   0.17  -0.97   0.03  -0.01   0.82
  0.27  -0.75   0.92  -0.82   0.79  -0.47  -0.41   0.06   0.76   0.05
 -0.08  -0.346  0.75   0.17  -0.269 -0.94   0.73  -0.28   0.51   0.16
 -0.62   0.42   0.36  -0.45  -0.79   0.61   0.84  -0.53   0.65   0.61
 -0.02  -0.57   0.1    0.3    0.66  -0.07   0.5    0.63   0.73  -0.85
  0.738 -0.384 -0.16   0.2   -0.45   0.31  -0.27  -0.98   0.58   0.85
  0.15  -0.42  -0.61   0.63  -0.62   0.76  -0.77  -0.38  -0.55  -0.16
  0.62   0.09  -0.03   0.72  -0.98   0.05  -0.48   1.584  0.2    0.2
 -0.75  -0.14   0.94  -0.65  -0.55   0.02   0.13   0.07   0.2    0.878][ 0.47  -0.59   0.75  -0.26  -1.4    0.17  -0.91   0.12  -0.01   0.82
  0.923 -0.68  -0.9   -0.82   0.79   0.99  -0.87   0.06   0.76   0.05
 -0.08   0.55   0.75   0.17  -0.98  -0.94   0.73   0.57  -0.13   0.122
 -0.62   0.42   0.36  -0.45  -0.72   0.61   0.84  -0.53  -0.8    0.29
  0.03  -0.57   0.94   0.3   -0.75  -0.07  -1.306  0.63  -0.121 -0.55
  0.65  -0.26  -0.16   0.2   -0.45   0.81  -0.27  -1.384 -0.69   0.85
 -0.82  -0.3    0.46   0.02  -0.62   0.68  -0.77  -0.38   0.74  -0.16
  0.62  -0.5   -0.03  -0.37   0.48   0.05  -0.48   1.584  0.2    0.35
  0.088 -0.14   0.94  -0.65  -0.55   0.02   0.13  -0.28   0.53   0.878][ 4.7000000e-01 -5.9000000e-01  7.5000000e-01 -6.2000000e-01
  2.2000000e-01  1.7000000e-01 -9.1000000e-01  1.2000000e-01
 -4.5000000e-01  8.2000000e-01  9.2300000e-01 -6.8000000e-01
  9.2000000e-01 -8.2000000e-01  7.9000000e-01  9.9000000e-01
 -8.7000000e-01  8.8817842e-16  7.6000000e-01 -6.8000000e-01
 -8.0000000e-02  5.5000000e-01  7.5000000e-01  1.7000000e-01
 -9.8000000e-01 -9.4000000e-01  7.3000000e-01 -2.8000000e-01
  5.1000000e-01  1.6000000e-01  9.5000000e-01 -3.3000000e-01
  3.6000000e-01 -4.5000000e-01 -7.2000000e-01  6.1000000e-01
  7.5000000e-01 -5.3000000e-01 -8.0000000e-01  2.9000000e-01
 -2.0000000e-02 -5.7000000e-01 -1.0000000e-01  4.7000000e-01
  1.2000000e-02 -7.0000000e-02  5.0000000e-01  6.3000000e-01
 -1.2100000e-01 -5.5000000e-01  6.5000000e-01 -2.6000000e-01
 -1.6000000e-01  2.0000000e-01 -4.5000000e-01  8.1000000e-01
 -2.7000000e-01 -9.8000000e-01 -6.9000000e-01  8.5000000e-01
 -8.2000000e-01 -3.0000000e-01  1.7000000e-01 -6.2000000e-01
 -6.2000000e-01  6.8000000e-01 -7.7000000e-01 -3.8000000e-01
 -5.5000000e-01 -1.6000000e-01  6.2000000e-01 -5.0000000e-01
 -3.0000000e-02 -3.7000000e-01 -9.8000000e-01  2.8000000e-01
 -4.8000000e-01  5.6000000e-01  2.0000000e-01  3.5000000e-01
 -1.2000000e-01 -7.7000000e-01  9.4000000e-01 -6.5000000e-01
 -5.5000000e-01  2.0000000e-02  1.3000000e-01  7.0000000e-02
  2.0000000e-01  1.3000000e-01][ 0.47  -0.59   0.08  -0.26  -0.96   0.81  -0.91   0.12  -0.01   0.82
  0.923 -0.68  -0.9   -0.82   0.79   0.99  -0.87   0.06   0.69  -0.15
 -0.08   0.55   0.75   0.17  -0.98  -0.94   0.73  -0.28  -0.13   0.16
 -0.62   0.42   0.36  -0.45  -0.72   0.61   0.75  -0.53   0.481  0.61
 -0.02  -0.57  -0.1    0.3   -0.75   0.54  -1.306 -0.551 -0.121 -0.85
  0.65   0.81  -0.16   0.2   -0.45   0.31  -0.27  -0.98  -0.69   0.85
  0.66  -0.3    0.46   0.02  -0.62   0.76   0.013 -0.38   0.74  -0.16
  0.62  -0.5   -0.493  0.18  -0.98   0.05  -0.48   1.584  0.2    0.35
 -0.12  -0.91   0.94  -0.65  -0.55   0.02   0.13   0.07   0.53   0.13 ][ 0.47  -0.59   0.08  -0.26  -0.96   0.81  -0.91   0.12  -0.01   0.82
  0.923 -0.68  -0.9   -0.82   0.79   0.99  -0.87   0.06   0.76   0.05
 -0.08   0.55   0.05   0.17  -0.98  -0.92   0.73  -0.28   0.51   0.16
 -0.62  -0.33   0.36  -0.45  -0.72   0.61   0.48  -0.53  -0.8    0.61
  0.03  -0.57   0.94   0.3   -0.75   0.54   0.167 -0.551  0.73  -0.85
  0.65   0.81   0.75  -0.88  -0.45   0.31  -0.27  -0.98  -0.69   0.85
  0.66  -0.3    0.46   0.63  -0.62   0.76  -0.77  -0.38   0.74  -0.16
  0.62  -0.529 -0.03   0.72  -0.98   0.05  -0.48   0.56   0.2    0.35
 -0.75  -0.91   0.94  -0.65  -0.55   0.02   0.13   0.07   0.53   0.878][ 0.47  -0.6    0.08  -0.62  -0.96   0.17  -0.97   0.03  -0.45   0.82
  0.27  -0.68   0.92  -0.82   0.79   0.99  -0.41   0.06   0.69   0.05
 -0.08  -0.346  0.75   0.17  -0.269 -0.94   0.73   0.57   0.736  0.122
 -0.62   0.42   0.36  -0.45  -0.44   0.61   0.84  -0.53  -0.8    0.61
 -0.02  -0.57   0.1    0.3    0.66  -0.07   0.5    0.63   0.73  -0.85
  0.166 -0.26  -0.16   0.2   -0.45   0.31  -0.27  -0.98   0.58   0.85
  0.15  -0.3   -0.61   0.63  -0.62   0.76  -0.81  -0.38  -0.55  -0.16
  0.62   0.09  -0.03   0.72  -0.98   0.05  -0.48   1.584  0.2    0.2
 -0.75  -0.14   0.94  -0.65  -0.55   0.02   0.13  -0.28   0.2    0.878][ 4.7000000e-01 -5.9000000e-01  8.0000000e-02 -2.6000000e-01
 -9.6000000e-01  1.7000000e-01 -9.1000000e-01  3.0000000e-02
 -1.0000000e-02  8.2000000e-01  9.2300000e-01 -6.8000000e-01
 -9.0000000e-01 -8.2000000e-01  7.9000000e-01 -4.7000000e-01
 -8.7000000e-01  8.8817842e-16  6.9000000e-01  5.0000000e-02
 -8.0000000e-02 -3.4600000e-01  7.5000000e-01  1.7000000e-01
 -9.8000000e-01 -9.4000000e-01  7.3000000e-01 -2.8000000e-01
  5.1000000e-01  1.2200000e-01  9.5000000e-01  4.2000000e-01
  3.6000000e-01 -4.5000000e-01 -7.2000000e-01  6.1000000e-01
  7.5000000e-01 -5.3000000e-01  6.5000000e-01  6.1000000e-01
  3.0000000e-02  2.2000000e-01  9.4000000e-01  3.0000000e-01
 -7.5000000e-01 -7.0000000e-02 -1.3060000e+00 -1.0940000e+00
 -1.2100000e-01 -5.5000000e-01  6.5000000e-01  8.1000000e-01
  7.5000000e-01 -8.8000000e-01 -4.5000000e-01  3.1000000e-01
 -2.7000000e-01 -9.8000000e-01 -6.9000000e-01  8.5000000e-01
 -8.2000000e-01 -3.0000000e-01  4.6000000e-01  2.0000000e-02
 -6.2000000e-01  7.6000000e-01 -2.0000000e-01 -3.8000000e-01
  7.4000000e-01 -1.6000000e-01  6.2000000e-01 -5.2900000e-01
 -3.0000000e-02 -3.7000000e-01 -9.8000000e-01  5.0000000e-02
 -4.8000000e-01  5.6000000e-01  2.0000000e-01  2.0000000e-01
 -7.5000000e-01 -9.1000000e-01  9.4000000e-01 -6.5000000e-01
 -5.5000000e-01  2.0000000e-02  1.3000000e-01  7.0000000e-02
  2.0000000e-01  8.7800000e-01][ 0.47  -0.59   0.08  -0.26   0.22   0.17  -0.91   0.12  -0.45   0.82
  0.923 -0.68  -0.9   -0.82   0.79  -0.47  -0.87   0.06   0.76  -0.15
 -0.08   0.55   0.75   0.17  -0.98  -0.92   0.73   0.57   0.51   0.16
 -0.62   0.42   0.36  -1.218 -0.72   0.61   0.48  -0.53  -0.8    0.29
  0.03  -0.57   0.94   0.3   -0.75   0.54   0.167 -0.551  0.73  -0.85
  0.65   0.81  -0.16   0.2   -0.45   0.31  -0.27  -0.84  -0.69   0.85
  0.66  -0.3    0.46   0.02  -0.62   0.76  -0.77  -0.38   0.74   0.2
  0.62  -0.5   -0.03   0.72  -0.98   0.05  -0.48   1.584  0.2    0.35
 -0.12  -0.77   0.94  -0.65  -0.55   0.02   0.13   0.07   0.53   0.878][ 4.7000000e-01 -6.0000000e-01  7.5000000e-01 -2.6000000e-01
 -9.6000000e-01  8.1000000e-01 -9.1000000e-01  1.2000000e-01
 -4.5000000e-01  8.2000000e-01  9.2300000e-01 -6.8000000e-01
  9.2000000e-01 -8.2000000e-01  7.9000000e-01  9.9000000e-01
 -8.7000000e-01  8.8817842e-16  7.6000000e-01  5.0000000e-02
 -8.0000000e-02 -6.6000000e-01  5.0000000e-02 -3.0000000e-02
 -9.8000000e-01 -9.2000000e-01  7.3000000e-01 -2.8000000e-01
  5.1000000e-01  1.2200000e-01 -6.2000000e-01 -3.3000000e-01
  3.6000000e-01 -4.5000000e-01 -7.2000000e-01  6.1000000e-01
  4.8000000e-01 -5.3000000e-01 -8.0000000e-01  2.9000000e-01
  3.0000000e-02 -5.7000000e-01  9.4000000e-01  4.7000000e-01
 -7.5000000e-01 -7.0000000e-01  5.0000000e-01 -5.5100000e-01
  7.3000000e-01 -8.5000000e-01  6.5000000e-01  8.1000000e-01
 -1.6000000e-01 -8.8000000e-01 -4.5000000e-01  3.1000000e-01
 -2.7000000e-01 -9.8000000e-01 -6.9000000e-01  8.5000000e-01
  6.6000000e-01  2.1000000e-01  4.6000000e-01  2.0000000e-02
 -6.2000000e-01  7.6000000e-01 -7.7000000e-01 -3.8000000e-01
  7.4000000e-01 -1.6000000e-01  6.2000000e-01  9.0000000e-02
 -4.1600000e-01  7.2000000e-01  4.8000000e-01  2.8000000e-01
 -4.8000000e-01  5.6000000e-01  2.0000000e-01  3.5000000e-01
  8.8000000e-02 -7.7000000e-01  9.4000000e-01 -6.5000000e-01
 -5.5000000e-01 -2.6000000e-01  1.3000000e-01 -2.8000000e-01
  5.3000000e-01  1.3000000e-01][ 4.7000000e-01 -5.9000000e-01  7.5000000e-01 -2.6000000e-01
 -9.6000000e-01  8.1000000e-01 -9.1000000e-01  1.2000000e-01
 -4.5000000e-01  8.2000000e-01  7.2000000e-01 -6.8000000e-01
 -9.0000000e-01 -8.2000000e-01  7.9000000e-01  9.9000000e-01
 -8.7000000e-01  8.8817842e-16  7.6000000e-01  5.0000000e-02
 -8.0000000e-02 -6.6000000e-01  7.5000000e-01  1.7000000e-01
 -9.8000000e-01 -9.2000000e-01  7.3000000e-01  5.7000000e-01
  5.1000000e-01  1.2200000e-01 -6.2000000e-01 -3.3000000e-01
  3.6000000e-01  1.6600000e-01 -7.2000000e-01  6.1000000e-01
  4.8000000e-01 -5.3000000e-01 -8.0000000e-01  2.9000000e-01
  3.0000000e-02  2.2000000e-01 -1.0000000e-01  3.0000000e-01
 -7.5000000e-01 -7.0000000e-02 -1.3060000e+00  6.3000000e-01
 -1.2100000e-01 -8.5000000e-01  6.5000000e-01 -2.6000000e-01
 -1.6000000e-01  2.0000000e-01 -4.5000000e-01  3.1000000e-01
 -2.7000000e-01 -8.4000000e-01 -6.9000000e-01  8.5000000e-01
  6.6000000e-01  2.1000000e-01  4.6000000e-01  2.0000000e-02
 -6.2000000e-01  6.8000000e-01 -7.7000000e-01 -3.8000000e-01
 -5.5000000e-01 -1.6000000e-01  6.2000000e-01  9.0000000e-02
 -4.1600000e-01  1.8000000e-01  4.8000000e-01  2.8000000e-01
 -4.8000000e-01  5.6000000e-01  2.0000000e-01  3.5000000e-01
  8.8000000e-02 -9.1000000e-01  9.4000000e-01 -3.6000000e-02
 -5.5000000e-01 -2.6000000e-01  1.3000000e-01 -2.8000000e-01
  5.3000000e-01  1.3000000e-01][ 0.47  -0.6    0.75  -0.26  -0.96   0.81  -0.91   0.03  -0.45   0.82
  0.72  -0.68  -0.9   -0.82   0.79  -0.47  -0.87   0.06   1.506  0.05
 -0.08  -0.66   0.75  -0.03  -0.98  -0.92   0.73  -0.28   0.51   0.122
 -0.62  -0.33   0.36  -0.45  -0.72   0.61   0.48  -0.53  -0.8    0.29
 -0.02  -0.57  -0.1    0.3   -0.75  -0.07   0.5   -0.089  0.73  -0.85
  0.65   0.81  -0.16  -0.88  -0.45   0.31  -0.27  -0.84  -0.69   0.85
  0.66  -0.3    0.46   0.02  -0.62   0.68   0.013 -0.38   0.74  -0.16
  0.62   0.09  -0.416  0.72  -0.98   0.28  -0.48   0.56   0.2    0.35
 -0.12  -0.77   0.94  -0.036 -0.55   0.02   0.13   0.07   0.2    0.13 ][ 0.47  -0.59   0.75  -0.62  -0.96   0.17  -0.91   0.03  -0.01   0.82
  0.72  -0.75   0.92  -0.82   0.79  -0.47  -0.129  0.06   1.506  0.05
 -0.08   0.55   0.75   0.17  -0.98  -0.94   0.73   0.57  -0.13   0.122
 -0.62   0.42   0.36  -0.45  -0.72   0.61   0.84  -0.53   0.65   0.29
 -0.02   0.22  -0.1    0.3   -0.75  -0.07   0.5    0.63  -0.121 -0.85
  0.65  -0.26  -0.16   0.2   -0.45   0.31  -0.27  -0.84  -0.69   0.319
  0.66  -0.3    0.46   0.63  -0.62   0.68  -0.2   -0.38  -0.55   0.2
  0.62  -0.5   -0.03  -0.37  -0.98   0.05  -0.48   0.56   0.2    0.2
 -0.12  -0.91   1.036 -0.036 -0.55   0.02   0.13  -0.28   0.2    0.13 ][ 4.7000000e-01 -6.0000000e-01  7.5000000e-01 -2.6000000e-01
 -9.6000000e-01  3.1400000e-01 -9.1000000e-01  3.0000000e-02
 -1.0000000e-02  8.2000000e-01  2.7000000e-01 -6.8000000e-01
  9.2000000e-01 -8.2000000e-01  7.9000000e-01 -4.7000000e-01
 -1.2900000e-01  8.8817842e-16  7.6000000e-01  5.0000000e-02
 -8.0000000e-02  5.5000000e-01  5.0000000e-02  1.7000000e-01
 -9.8000000e-01 -9.2000000e-01  7.3000000e-01 -2.8000000e-01
  5.1000000e-01  1.2200000e-01  9.5000000e-01 -3.3000000e-01
  3.6000000e-01 -4.5000000e-01 -7.2000000e-01  6.1000000e-01
  4.8000000e-01 -5.3000000e-01  6.5000000e-01  2.9000000e-01
  3.0000000e-02 -5.7000000e-01  1.0000000e-01  4.7000000e-01
 -7.5000000e-01 -7.0000000e-01  5.0000000e-01 -5.5100000e-01
  7.3000000e-01 -8.5000000e-01  6.5000000e-01  8.1000000e-01
  7.3000000e-01 -8.8000000e-01 -4.5000000e-01  3.1000000e-01
 -2.7000000e-01 -9.8000000e-01 -6.9000000e-01  8.5000000e-01
  6.6000000e-01 -4.2000000e-01  1.7000000e-01  2.0000000e-02
 -6.2000000e-01  7.6000000e-01 -7.7000000e-01 -3.8000000e-01
 -5.5000000e-01 -1.6000000e-01  6.2000000e-01  9.0000000e-02
 -3.0000000e-02  7.2000000e-01  4.8000000e-01  2.8000000e-01
 -4.8000000e-01  5.6000000e-01  2.0000000e-01  2.0000000e-01
  8.8000000e-02 -7.7000000e-01  9.4000000e-01 -6.5000000e-01
 -5.5000000e-01 -2.6000000e-01  1.3000000e-01 -2.8000000e-01
  2.0000000e-01  8.7800000e-01][ 4.7000000e-01 -6.0000000e-01  7.5000000e-01 -2.6000000e-01
 -9.6000000e-01  8.1000000e-01 -9.1000000e-01  3.0000000e-02
 -1.0000000e-02  8.2000000e-01  7.2000000e-01 -6.8000000e-01
  9.2000000e-01 -8.2000000e-01  7.9000000e-01  9.9000000e-01
 -8.7000000e-01  8.8817842e-16  7.6000000e-01  5.0000000e-02
 -8.0000000e-02 -6.6000000e-01  7.5000000e-01  1.7000000e-01
 -9.8000000e-01 -9.2000000e-01  7.3000000e-01 -2.8000000e-01
  5.1000000e-01  1.2200000e-01  9.5000000e-01  4.2000000e-01
  3.6000000e-01 -4.5000000e-01 -7.9000000e-01  6.1000000e-01
  4.8000000e-01 -5.3000000e-01  6.5000000e-01  2.9000000e-01
 -2.0000000e-02  2.2000000e-01  1.0000000e-01  4.7000000e-01
 -7.5000000e-01 -7.0000000e-01  5.0000000e-01  6.3000000e-01
  7.3000000e-01 -8.5000000e-01  6.5000000e-01  1.6710000e+00
  7.3000000e-01  2.0000000e-01 -4.5000000e-01 -2.0000000e-02
 -2.7000000e-01 -9.8000000e-01 -6.9000000e-01  8.5000000e-01
  6.6000000e-01  2.1000000e-01  4.6000000e-01  6.3000000e-01
 -6.2000000e-01  7.6000000e-01 -7.7000000e-01 -3.8000000e-01
 -5.5000000e-01 -1.6000000e-01  6.2000000e-01  9.0000000e-02
 -4.1600000e-01  7.2000000e-01 -9.8000000e-01  5.0000000e-02
 -4.8000000e-01  5.6000000e-01  2.0000000e-01  2.0000000e-01
 -7.5000000e-01 -7.7000000e-01  9.4000000e-01 -6.5000000e-01
 -5.5000000e-01 -2.6000000e-01  1.3000000e-01 -2.8000000e-01
  2.0000000e-01  8.7800000e-01][ 4.7000000e-01 -5.9000000e-01  7.5000000e-01 -6.2000000e-01
  2.2000000e-01  1.7000000e-01 -9.1000000e-01  3.0000000e-02
 -1.0000000e-02  8.2000000e-01  2.7000000e-01 -6.8000000e-01
  9.2000000e-01 -8.2000000e-01  7.9000000e-01 -4.7000000e-01
 -8.7000000e-01  8.8817842e-16  6.9000000e-01  5.0000000e-02
 -8.0000000e-02 -3.4600000e-01  7.5000000e-01  1.7000000e-01
 -2.6900000e-01 -9.4000000e-01  7.3000000e-01 -2.8000000e-01
 -1.3000000e-01 -6.8300000e-01  9.5000000e-01  4.2000000e-01
  3.6000000e-01 -4.5000000e-01 -7.2000000e-01  6.1000000e-01
  7.5000000e-01 -5.3000000e-01 -8.0000000e-01  2.9000000e-01
 -2.0000000e-02 -5.7000000e-01  1.0000000e-01  3.0000000e-01
  6.6000000e-01 -7.0000000e-02  5.0000000e-01  6.3000000e-01
 -1.2100000e-01 -8.5000000e-01  6.5000000e-01 -2.6000000e-01
 -1.6000000e-01  2.0000000e-01 -4.5000000e-01  8.1000000e-01
 -2.7000000e-01 -8.4000000e-01  5.8000000e-01  8.5000000e-01
 -8.2000000e-01 -4.2000000e-01  1.7000000e-01  2.0000000e-02
 -6.2000000e-01  7.6000000e-01 -7.7000000e-01 -3.8000000e-01
 -5.5000000e-01 -1.6000000e-01  6.2000000e-01 -5.0000000e-01
 -3.0000000e-02 -3.7000000e-01 -9.8000000e-01  5.0000000e-02
 -4.8000000e-01  5.6000000e-01  2.0000000e-01  2.0000000e-01
 -7.5000000e-01 -7.7000000e-01  9.4000000e-01 -6.5000000e-01
 -5.5000000e-01 -2.6000000e-01  1.3000000e-01 -2.8000000e-01
  2.0000000e-01  1.3000000e-01][ 4.7000000e-01 -5.9000000e-01  7.5000000e-01 -6.2000000e-01
  2.2000000e-01  8.1000000e-01 -9.1000000e-01  3.0000000e-02
 -1.0000000e-02  8.2000000e-01  9.2300000e-01 -7.5000000e-01
 -9.0000000e-01 -8.2000000e-01  7.9000000e-01 -4.7000000e-01
 -1.2900000e-01  8.8817842e-16  7.6000000e-01 -1.5000000e-01
 -8.0000000e-02  5.5000000e-01  7.5000000e-01  1.7000000e-01
 -2.6900000e-01 -9.4000000e-01  7.3000000e-01 -2.8000000e-01
 -1.3000000e-01  1.6000000e-01  9.5000000e-01  4.2000000e-01
  3.6000000e-01 -4.5000000e-01 -7.9000000e-01  6.1000000e-01
  7.5000000e-01 -5.3000000e-01  6.5000000e-01  2.9000000e-01
 -2.0000000e-02  2.2000000e-01 -1.0000000e-01  3.0000000e-01
 -7.5000000e-01 -7.0000000e-02  5.0000000e-01  6.3000000e-01
 -1.2100000e-01 -8.5000000e-01  6.5000000e-01 -2.6000000e-01
 -1.6000000e-01  2.0000000e-01 -4.5000000e-01  9.4800000e-01
 -2.7000000e-01 -8.4000000e-01 -6.9000000e-01  8.5000000e-01
  6.6000000e-01 -3.0000000e-01  4.6000000e-01  2.0000000e-02
 -6.2000000e-01  7.6000000e-01 -2.0000000e-01 -3.8000000e-01
 -5.5000000e-01  2.0000000e-01  6.2000000e-01 -5.0000000e-01
 -3.0000000e-02  1.8000000e-01 -9.8000000e-01  5.0000000e-02
 -4.8000000e-01  1.5840000e+00  2.0000000e-01  3.5000000e-01
 -7.5000000e-01 -7.7000000e-01  9.4000000e-01 -6.5000000e-01
 -5.5000000e-01  2.0000000e-02  1.3000000e-01  2.5600000e-01
  2.0000000e-01  1.3000000e-01][ 4.7000000e-01 -5.9000000e-01  7.5000000e-01 -2.6000000e-01
  2.2000000e-01  1.7000000e-01 -9.1000000e-01 -3.6100000e-01
 -4.5000000e-01  8.2000000e-01  2.7000000e-01 -6.8000000e-01
  9.2000000e-01 -8.2000000e-01  7.9000000e-01 -4.7000000e-01
 -8.7000000e-01  8.8817842e-16  6.9000000e-01  5.0000000e-02
 -8.0000000e-02 -3.4600000e-01  5.0000000e-02  1.7000000e-01
 -2.6900000e-01 -9.2000000e-01  7.3000000e-01 -2.8000000e-01
  5.1000000e-01  1.6000000e-01 -6.2000000e-01  4.2000000e-01
  3.6000000e-01 -4.5000000e-01 -7.9000000e-01  6.1000000e-01
  7.5000000e-01 -5.3000000e-01 -8.0000000e-01  2.9000000e-01
 -2.0000000e-02 -5.7000000e-01  1.0000000e-01  3.0000000e-01
  6.6000000e-01 -7.0000000e-02  5.0000000e-01 -5.5100000e-01
  7.3000000e-01 -8.5000000e-01  7.4500000e-01  8.1000000e-01
  7.3000000e-01  2.0000000e-01 -4.5000000e-01  3.1000000e-01
 -2.7000000e-01 -9.8000000e-01  5.8000000e-01  8.5000000e-01
  6.6000000e-01 -4.2000000e-01  1.7000000e-01  2.0000000e-02
 -6.2000000e-01  7.6000000e-01 -7.7000000e-01 -3.8000000e-01
 -5.5000000e-01 -1.6000000e-01  6.2000000e-01  9.0000000e-02
 -4.1600000e-01  7.2000000e-01  4.8000000e-01  5.0000000e-02
 -4.8000000e-01  5.6000000e-01  2.0000000e-01  2.0000000e-01
  8.8000000e-02 -1.4000000e-01  9.4000000e-01 -6.5000000e-01
 -5.5000000e-01 -2.6000000e-01  1.3000000e-01 -2.8000000e-01
  2.0000000e-01  8.7800000e-01][ 0.47  -0.59   0.75  -0.62   0.22   0.81  -0.91   0.03  -0.45   0.82
  0.923 -0.68   0.92  -0.82   0.79   0.99  -0.87   0.06   0.76  -0.15
 -0.08  -0.346  0.05   0.17  -0.98  -0.94   0.73   0.57   0.51   0.122
  0.95  -0.33   0.36  -0.45  -0.72   0.61   0.75  -0.53  -0.8    0.29
  0.03  -0.57   0.94   0.3   -0.75  -0.7   -1.306 -0.551  0.73  -1.012
  0.65  -0.26  -0.16  -0.88  -0.45   0.81  -0.27  -0.84  -0.69   0.85
  0.66  -0.222  0.46   0.02  -0.62   0.76  -0.81  -0.38   0.74   0.2
  0.62   0.09  -0.416 -0.37   0.48   0.28  -0.48   0.56   0.2    0.35
 -0.75  -0.77   1.036 -0.65  -0.55  -0.26   0.13  -0.28   0.2    0.13 ][ 4.7000000e-01 -5.9000000e-01  8.0000000e-02 -6.2000000e-01
 -9.6000000e-01  1.7000000e-01 -9.1000000e-01  3.0000000e-02
  5.9200000e-01  8.2000000e-01  7.2000000e-01 -6.8000000e-01
 -9.0000000e-01 -8.2000000e-01  7.9000000e-01 -4.7000000e-01
 -1.2900000e-01  8.8817842e-16  7.6000000e-01  5.0000000e-02
 -8.0000000e-02  5.5000000e-01  7.5000000e-01  1.7000000e-01
 -9.8000000e-01 -9.2000000e-01  7.3000000e-01 -2.8000000e-01
  5.1000000e-01  1.2200000e-01  9.5000000e-01  4.2000000e-01
  3.6000000e-01 -4.5000000e-01 -7.9000000e-01  6.1000000e-01
  7.5000000e-01 -5.3000000e-01  6.5000000e-01  2.9000000e-01
 -2.0000000e-02  2.2000000e-01  1.0000000e-01  3.0000000e-01
 -7.5000000e-01 -7.0000000e-02  1.6700000e-01  6.3000000e-01
  7.3000000e-01 -8.5000000e-01  6.1400000e-01 -2.6000000e-01
 -1.6000000e-01  2.0000000e-01 -4.5000000e-01  3.1000000e-01
 -2.7000000e-01 -9.8000000e-01 -6.9000000e-01  8.5000000e-01
 -8.2000000e-01 -3.0000000e-01  4.6000000e-01  2.0000000e-02
 -6.2000000e-01  6.8000000e-01 -2.0000000e-01 -3.8000000e-01
  7.4000000e-01  2.0000000e-01  6.2000000e-01 -5.0000000e-01
 -3.0000000e-02  7.2000000e-01 -9.8000000e-01  5.0000000e-02
 -4.8000000e-01  1.5840000e+00  2.0000000e-01  2.0000000e-01
 -7.5000000e-01 -1.4000000e-01  9.4000000e-01 -6.5000000e-01
 -5.5000000e-01  2.0000000e-02  1.3000000e-01 -2.8000000e-01
  2.0000000e-01  1.3000000e-01][ 4.7000000e-01 -5.9000000e-01  7.5000000e-01 -6.2000000e-01
 -9.6000000e-01  8.1000000e-01 -9.1000000e-01  1.2000000e-01
 -4.5000000e-01  8.2000000e-01  9.2300000e-01 -6.8000000e-01
 -9.0000000e-01 -8.2000000e-01  7.9000000e-01  9.9000000e-01
 -8.7000000e-01  8.8817842e-16  7.6000000e-01  5.0000000e-02
 -8.0000000e-02  5.5000000e-01  7.5000000e-01 -3.0000000e-02
 -9.8000000e-01 -9.4000000e-01  7.3000000e-01 -2.8000000e-01
 -1.3000000e-01  1.2200000e-01 -6.2000000e-01 -3.3000000e-01
  3.6000000e-01 -4.5000000e-01 -7.2000000e-01  6.1000000e-01
  4.8000000e-01 -5.3000000e-01  4.8100000e-01  2.9000000e-01
 -2.0000000e-02  2.2000000e-01 -1.0000000e-01  4.7000000e-01
 -7.5000000e-01 -7.0000000e-02  5.0000000e-01  6.3000000e-01
 -1.2100000e-01 -8.5000000e-01  6.5000000e-01 -2.6000000e-01
 -1.6000000e-01 -8.8000000e-01 -1.4080000e+00  3.1000000e-01
 -2.7000000e-01 -8.4000000e-01 -6.9000000e-01  8.5000000e-01
  6.6000000e-01  2.1000000e-01  4.6000000e-01  2.0000000e-02
 -6.2000000e-01  7.6000000e-01  1.3000000e-02 -3.8000000e-01
  7.4000000e-01 -1.6000000e-01  6.2000000e-01  9.0000000e-02
 -4.1600000e-01  1.8000000e-01  4.8000000e-01  2.8000000e-01
 -4.8000000e-01  1.5840000e+00  2.0000000e-01  3.5000000e-01
  8.8000000e-02 -7.7000000e-01  9.4000000e-01 -6.5000000e-01
 -5.5000000e-01 -2.6000000e-01  1.3000000e-01  7.0000000e-02
  2.0000000e-01  1.3000000e-01][ 4.7000000e-01 -5.9000000e-01  7.5000000e-01 -6.2000000e-01
 -9.6000000e-01  1.7000000e-01 -9.1000000e-01  3.0000000e-02
 -1.0000000e-02  8.2000000e-01  7.2000000e-01 -6.8000000e-01
  9.2000000e-01 -8.2000000e-01  7.9000000e-01  9.9000000e-01
 -8.7000000e-01  8.8817842e-16  7.6000000e-01  5.0000000e-02
 -8.0000000e-02  5.5000000e-01  5.0000000e-02  1.7000000e-01
 -9.8000000e-01 -9.2000000e-01  7.3000000e-01 -2.8000000e-01
  5.1000000e-01  1.6000000e-01 -6.2000000e-01  4.2000000e-01
  4.0900000e-01 -4.5000000e-01 -7.2000000e-01  6.1000000e-01
  7.5000000e-01 -5.3000000e-01 -8.0000000e-01  2.9000000e-01
  3.0000000e-02  2.2000000e-01  1.0000000e-01  4.7000000e-01
 -7.5000000e-01 -7.0000000e-02  5.0000000e-01 -5.5100000e-01
  7.3000000e-01 -8.5000000e-01  6.5000000e-01 -3.8400000e-01
  7.3000000e-01 -8.8000000e-01 -4.5000000e-01 -2.0000000e-02
 -2.7000000e-01 -9.8000000e-01 -6.9000000e-01  8.5000000e-01
  6.6000000e-01 -3.0000000e-01  4.6000000e-01  6.3000000e-01
 -6.2000000e-01  7.6000000e-01 -2.0000000e-01 -3.8000000e-01
 -5.5000000e-01 -1.6000000e-01  6.2000000e-01 -5.0000000e-01
 -4.1600000e-01 -3.7000000e-01 -9.8000000e-01  5.0000000e-02
 -4.8000000e-01  5.6000000e-01  2.0000000e-01  3.5000000e-01
  8.8000000e-02 -7.7000000e-01  9.4000000e-01 -6.5000000e-01
 -5.5000000e-01  2.0000000e-02  1.3000000e-01 -2.8000000e-01
  2.0000000e-01  1.3000000e-01][ 4.7000000e-01 -6.0000000e-01  7.5000000e-01 -6.2000000e-01
 -9.6000000e-01  1.7000000e-01 -9.1000000e-01  3.0000000e-02
 -1.0000000e-02  8.2000000e-01  7.2000000e-01 -6.8000000e-01
  9.2000000e-01 -8.2000000e-01  7.9000000e-01 -4.7000000e-01
 -1.2900000e-01  8.8817842e-16  7.6000000e-01  5.0000000e-02
 -8.0000000e-02 -6.6000000e-01  5.0000000e-02  1.7000000e-01
 -9.8000000e-01 -9.4000000e-01  7.3000000e-01 -2.8000000e-01
  5.1000000e-01  1.6000000e-01  9.5000000e-01 -3.3000000e-01
  3.6000000e-01 -4.5000000e-01 -7.2000000e-01  6.1000000e-01
  7.5000000e-01 -5.3000000e-01  6.5000000e-01  2.9000000e-01
  3.0000000e-02 -5.7000000e-01  1.0000000e-01  3.0000000e-01
 -1.3440000e+00 -7.0000000e-01  5.0000000e-01  6.3000000e-01
  7.3000000e-01 -8.5000000e-01  6.5000000e-01 -3.8400000e-01
 -1.6000000e-01  2.0000000e-01 -4.5000000e-01  3.1000000e-01
 -2.7000000e-01 -8.4000000e-01 -6.9000000e-01  8.5000000e-01
  6.6000000e-01  2.1000000e-01  4.6000000e-01  2.0000000e-02
 -6.2000000e-01  7.6000000e-01 -7.7000000e-01 -3.8000000e-01
 -5.5000000e-01 -1.6000000e-01  6.2000000e-01 -5.0000000e-01
 -3.0000000e-02 -3.7000000e-01  4.8000000e-01  2.8000000e-01
 -4.8000000e-01  5.6000000e-01  2.0000000e-01  3.5000000e-01
  8.8000000e-02 -1.4000000e-01  9.4000000e-01 -6.5000000e-01
 -5.5000000e-01 -2.6000000e-01  1.3000000e-01 -2.8000000e-01
  5.3000000e-01  1.3000000e-01][ 0.47  -0.59   0.75  -0.62   0.22   0.17  -0.91   0.03  -0.45   0.82
  0.923 -0.68   0.92  -0.82   0.79  -0.47  -0.87   0.06   1.506 -0.15
 -0.08   0.55   0.75   0.17  -0.98  -0.94   0.73   0.57  -0.13   0.16
  0.95   0.42   0.36  -0.45  -0.72   0.61   0.84  -0.53   0.481  0.29
 -0.02   0.22  -0.1    0.3   -0.75  -0.07  -1.306  0.63  -0.121 -1.012
  0.65  -0.26  -0.16   0.2   -0.45   0.81  -0.27  -0.84  -0.69   0.85
 -0.82  -0.3    0.46   0.02  -0.104  0.68  -0.81  -0.38   0.74   0.2
  0.62  -0.5   -0.03  -0.37  -0.98   0.05  -0.48   0.56   0.2    0.35
 -0.12  -0.91   1.036 -0.65  -0.55   0.02   0.13  -0.28   0.2    0.13 ][ 4.7000000e-01 -5.9000000e-01  7.5000000e-01 -2.6000000e-01
 -9.6000000e-01  8.1000000e-01 -9.1000000e-01  3.0000000e-02
 -4.5000000e-01  8.2000000e-01  9.2300000e-01 -6.8000000e-01
 -9.0000000e-01 -8.2000000e-01  7.9000000e-01  9.9000000e-01
 -8.7000000e-01  8.8817842e-16  7.6000000e-01  5.0000000e-02
 -8.0000000e-02  5.5000000e-01  7.5000000e-01  1.7000000e-01
 -9.8000000e-01 -9.2000000e-01  7.3000000e-01 -2.8000000e-01
  5.1000000e-01  1.2200000e-01 -6.2000000e-01 -3.3000000e-01
  3.6000000e-01 -4.5000000e-01 -7.2000000e-01  6.1000000e-01
  4.8000000e-01 -5.3000000e-01 -8.0000000e-01  2.9000000e-01
  3.0000000e-02 -5.7000000e-01  9.4000000e-01  4.7000000e-01
 -7.5000000e-01 -7.0000000e-01  5.0000000e-01 -5.5100000e-01
  7.3000000e-01 -8.5000000e-01  6.5000000e-01  8.1000000e-01
 -1.6000000e-01  2.0000000e-01 -4.5000000e-01  3.1000000e-01
 -2.7000000e-01 -9.8000000e-01 -6.9000000e-01  8.5000000e-01
  6.6000000e-01 -3.0000000e-01  4.6000000e-01  2.0000000e-02
 -6.2000000e-01  7.6000000e-01 -7.7000000e-01 -3.8000000e-01
  7.4000000e-01  2.0000000e-01  6.2000000e-01  9.0000000e-02
 -4.1600000e-01  7.2000000e-01  4.8000000e-01  5.0000000e-02
 -4.8000000e-01  5.6000000e-01  2.0000000e-01  3.5000000e-01
  8.8000000e-02 -7.7000000e-01  9.4000000e-01 -6.5000000e-01
 -5.5000000e-01  3.0400000e-01  1.3000000e-01  7.0000000e-02
  5.3000000e-01  1.3000000e-01][ 4.7000000e-01 -5.9000000e-01  7.5000000e-01 -2.6000000e-01
  2.2000000e-01  1.7000000e-01 -9.1000000e-01  1.2000000e-01
 -1.0000000e-02  8.2000000e-01  2.7000000e-01 -6.8000000e-01
  9.2000000e-01 -8.2000000e-01  7.9000000e-01 -4.7000000e-01
 -8.7000000e-01  8.8817842e-16  7.6000000e-01  5.0000000e-02
 -8.0000000e-02 -6.6000000e-01  5.0000000e-02  1.7000000e-01
 -2.6900000e-01 -9.4000000e-01  7.3000000e-01 -2.8000000e-01
  5.1000000e-01  1.6000000e-01 -6.2000000e-01 -3.3000000e-01
  3.6000000e-01 -4.5000000e-01 -7.9000000e-01  6.1000000e-01
  7.5000000e-01 -5.3000000e-01 -8.0000000e-01  2.9000000e-01
  3.0000000e-02 -5.7000000e-01  9.4000000e-01  4.7000000e-01
  6.6000000e-01 -7.0000000e-01  5.0000000e-01  6.3000000e-01
  7.3000000e-01 -8.5000000e-01  1.3260000e+00  8.1000000e-01
  7.3000000e-01 -8.8000000e-01 -4.5000000e-01  3.1000000e-01
 -2.7000000e-01 -9.8000000e-01 -6.9000000e-01  8.5000000e-01
  6.6000000e-01 -4.2000000e-01  4.6000000e-01  6.3000000e-01
 -6.2000000e-01  7.6000000e-01 -7.7000000e-01 -3.8000000e-01
 -5.5000000e-01 -1.6000000e-01  6.2000000e-01 -5.0000000e-01
 -3.0000000e-02  7.2000000e-01  4.8000000e-01  2.8000000e-01
 -4.8000000e-01  5.6000000e-01  2.0000000e-01  3.5000000e-01
  8.8000000e-02 -7.7000000e-01  9.4000000e-01 -6.5000000e-01
 -5.5000000e-01 -2.6000000e-01  1.3000000e-01 -2.8000000e-01
  2.0000000e-01  8.7800000e-01][ 4.7000000e-01 -6.0000000e-01  7.5000000e-01 -2.6000000e-01
 -9.6000000e-01  1.7000000e-01 -9.1000000e-01  1.2000000e-01
 -4.5000000e-01  8.2000000e-01  9.2300000e-01 -6.8000000e-01
 -9.0000000e-01 -8.2000000e-01  7.9000000e-01  9.9000000e-01
 -8.7000000e-01  8.8817842e-16  7.6000000e-01 -1.5000000e-01
 -8.0000000e-02 -6.6000000e-01  5.0000000e-02 -3.0000000e-02
 -9.8000000e-01 -9.2000000e-01  7.3000000e-01  5.7000000e-01
  5.1000000e-01  1.2200000e-01 -6.2000000e-01 -3.3000000e-01
  3.6000000e-01 -4.5000000e-01 -7.2000000e-01  6.1000000e-01
  4.8000000e-01 -5.3000000e-01 -8.0000000e-01  2.9000000e-01
  3.0000000e-02 -5.7000000e-01  9.4000000e-01  3.0000000e-01
 -7.5000000e-01  5.4000000e-01  1.2030000e+00 -5.5100000e-01
  7.3000000e-01 -8.5000000e-01  6.5000000e-01  8.1000000e-01
 -1.6000000e-01  2.0000000e-01 -4.5000000e-01  3.1000000e-01
 -2.7000000e-01 -8.4000000e-01 -6.9000000e-01  8.5000000e-01
  6.6000000e-01  2.1000000e-01  4.6000000e-01  2.0000000e-02
 -6.2000000e-01  7.6000000e-01 -7.7000000e-01 -3.8000000e-01
  7.4000000e-01  2.0000000e-01  6.2000000e-01 -5.0000000e-01
 -4.1600000e-01  7.2000000e-01  4.8000000e-01  2.8000000e-01
 -4.8000000e-01  5.6000000e-01  2.0000000e-01  3.5000000e-01
  8.8000000e-02 -7.7000000e-01  9.4000000e-01 -6.5000000e-01
 -5.5000000e-01 -2.6000000e-01  1.3000000e-01  7.0000000e-02
  5.3000000e-01  8.7800000e-01][ 4.7000000e-01 -5.9000000e-01  7.5000000e-01 -6.2000000e-01
 -9.6000000e-01  8.1000000e-01 -9.1000000e-01  3.0000000e-02
 -4.5000000e-01  8.2000000e-01  9.2300000e-01 -6.8000000e-01
 -9.0000000e-01 -8.2000000e-01  7.9000000e-01  9.9000000e-01
 -8.7000000e-01  8.8817842e-16  7.6000000e-01 -1.5000000e-01
 -8.0000000e-02  5.5000000e-01  5.0000000e-02 -3.0000000e-02
 -9.8000000e-01 -9.4000000e-01  7.3000000e-01 -2.8000000e-01
 -1.3000000e-01  1.6000000e-01 -6.2000000e-01  4.2000000e-01
  3.6000000e-01 -4.5000000e-01 -7.2000000e-01  6.1000000e-01
  4.8000000e-01 -5.3000000e-01  4.8100000e-01  2.9000000e-01
  3.0000000e-02  2.2000000e-01 -1.0000000e-01  4.7000000e-01
 -7.5000000e-01 -7.0000000e-01  5.0000000e-01 -5.5100000e-01
  7.3000000e-01 -8.5000000e-01  6.5000000e-01  8.1000000e-01
 -1.6000000e-01 -8.8000000e-01 -4.5000000e-01  9.4800000e-01
 -2.7000000e-01 -8.4000000e-01 -6.9000000e-01  8.5000000e-01
 -8.2000000e-01  2.1000000e-01 -2.8200000e-01  2.0000000e-02
 -6.2000000e-01  7.6000000e-01  1.3000000e-02 -3.8000000e-01
  7.4000000e-01 -1.6000000e-01  6.2000000e-01 -5.0000000e-01
 -3.0000000e-02  1.8000000e-01  4.8000000e-01  5.0000000e-02
 -4.8000000e-01  1.5840000e+00  2.0000000e-01  3.5000000e-01
 -1.2000000e-01 -7.7000000e-01  9.4000000e-01 -6.5000000e-01
 -5.5000000e-01 -2.6000000e-01  1.3000000e-01 -2.8000000e-01
  5.3000000e-01  1.3000000e-01][ 0.47  -0.59   0.75  -0.62  -0.96   0.81  -0.91   0.12  -0.45   0.82
  0.923 -0.68   0.92  -0.82   0.79  -0.47  -0.87   0.06   0.76  -0.15
 -0.08  -0.66   0.75  -0.03  -0.98  -0.94   0.73   0.57   0.51   0.122
 -0.62   0.42   0.36  -0.45  -0.72   0.61   0.75  -0.53  -0.8    0.29
 -0.02  -0.57   0.94   0.3   -0.75  -0.07   0.5    0.63  -0.121 -0.85
  0.65   0.81  -0.16   0.2   -0.45   0.81  -0.27  -0.98  -0.69   0.85
  0.66  -0.3    0.46   0.02  -0.62   0.68  -0.81  -0.38   0.74  -0.16
  0.62   0.09  -0.03   0.575 -0.98   0.28  -0.48   0.56   0.2    0.35
  0.088 -0.77   0.94  -0.65  -0.55   0.02   0.13  -0.28   0.2    0.13 ][ 4.7000000e-01 -6.0000000e-01  7.5000000e-01  1.6100000e-01
 -9.6000000e-01  8.1000000e-01 -9.1000000e-01  3.0000000e-02
 -4.5000000e-01  8.2000000e-01  9.2300000e-01 -6.8000000e-01
  9.2000000e-01 -8.2000000e-01  7.9000000e-01  9.9000000e-01
 -8.7000000e-01  8.8817842e-16  7.6000000e-01  5.0000000e-02
 -8.0000000e-02 -6.6000000e-01  5.0000000e-02  1.7000000e-01
 -2.6900000e-01 -9.2000000e-01  7.3000000e-01 -2.8000000e-01
  5.1000000e-01  1.2200000e-01  9.5000000e-01 -3.3000000e-01
  3.6000000e-01 -4.5000000e-01 -7.9000000e-01  6.1000000e-01
  4.8000000e-01 -5.3000000e-01 -8.0000000e-01  2.9000000e-01
  3.0000000e-02  8.5100000e-01  1.0000000e-01  4.7000000e-01
  6.6000000e-01 -7.0000000e-01  5.0000000e-01  6.3000000e-01
  7.3000000e-01 -8.5000000e-01  6.5000000e-01  8.1000000e-01
 -1.6000000e-01  2.0000000e-01 -4.5000000e-01 -2.0000000e-02
 -2.7000000e-01 -9.8000000e-01 -6.9000000e-01  8.5000000e-01
  5.2100000e-01 -4.2000000e-01  1.7000000e-01  6.3000000e-01
 -6.2000000e-01  7.6000000e-01 -7.7000000e-01 -3.8000000e-01
 -5.5000000e-01 -1.6000000e-01  6.2000000e-01  9.0000000e-02
 -3.0000000e-02  7.2000000e-01  4.8000000e-01  5.0000000e-02
 -4.8000000e-01  5.6000000e-01  2.0000000e-01  3.5000000e-01
 -7.5000000e-01 -7.7000000e-01  1.0360000e+00 -6.5000000e-01
 -5.5000000e-01 -2.6000000e-01  1.3000000e-01 -2.8000000e-01
  2.0000000e-01  8.7800000e-01][ 4.7000000e-01 -5.9000000e-01  7.5000000e-01 -6.2000000e-01
 -9.6000000e-01  1.7000000e-01 -9.1000000e-01  1.2000000e-01
 -4.5000000e-01  8.2000000e-01  3.0000000e-02 -6.8000000e-01
  9.2000000e-01 -8.2000000e-01  7.9000000e-01  9.9000000e-01
 -8.7000000e-01  8.8817842e-16  7.6000000e-01  5.0000000e-02
 -8.0000000e-02 -6.6000000e-01  7.5000000e-01 -3.0000000e-02
 -9.8000000e-01 -9.4000000e-01  7.3000000e-01 -2.8000000e-01
  5.1000000e-01  1.2200000e-01 -6.2000000e-01  4.2000000e-01
  3.6000000e-01 -4.5000000e-01 -7.2000000e-01  6.1000000e-01
  7.5000000e-01 -5.3000000e-01  6.5000000e-01  2.9000000e-01
  3.0000000e-02 -5.7000000e-01  9.4000000e-01  4.7000000e-01
 -7.5000000e-01 -7.0000000e-02 -1.3060000e+00  6.3000000e-01
 -1.2100000e-01 -8.5000000e-01  6.5000000e-01  8.1000000e-01
 -1.6000000e-01  2.0000000e-01 -4.5000000e-01  3.1000000e-01
 -2.7000000e-01 -8.4000000e-01 -6.9000000e-01  8.5000000e-01
  6.6000000e-01 -3.0000000e-01  1.7000000e-01  2.0000000e-02
 -6.2000000e-01  6.8000000e-01 -7.7000000e-01 -3.8000000e-01
 -5.5000000e-01 -1.6000000e-01  6.2000000e-01  9.0000000e-02
 -3.0000000e-02 -3.7000000e-01 -9.8000000e-01  5.0000000e-02
 -4.8000000e-01  5.6000000e-01  2.0000000e-01  2.0000000e-01
 -7.5000000e-01 -1.4000000e-01  9.4000000e-01 -6.5000000e-01
 -5.5000000e-01 -2.6000000e-01  1.3000000e-01 -2.8000000e-01
  2.0000000e-01  8.7800000e-01][ 0.47  -0.59   0.75  -0.62  -0.96   0.17  -0.91   0.03  -0.01   0.82
  0.72  -0.68   0.92  -0.82   0.79  -0.47  -0.129  0.06   0.76   0.381
 -0.08   0.55   0.75   0.17  -0.98  -0.94   0.73  -0.28  -0.13   0.16
 -0.62   0.42   0.36  -0.45  -0.79   0.61   0.75  -0.53   0.65   0.29
 -0.02   0.22   0.1    0.3   -0.75  -0.07   0.5    0.63   0.73  -0.85
  0.65  -0.26   0.73   0.2   -0.45  -0.02  -0.27  -0.84  -0.69   0.85
 -0.82  -0.3    0.46   0.02  -0.62   0.68   0.013 -0.38  -0.55  -0.16
  0.62  -0.5   -0.03  -0.37  -0.98   0.05  -0.48   0.56   0.2    0.2
 -0.12  -0.91   0.94  -0.036 -0.55   0.02   0.13   0.07   0.2    0.13 ][ 4.7000000e-01 -5.9000000e-01  7.5000000e-01 -2.6000000e-01
 -9.6000000e-01  1.7000000e-01 -4.9900000e-01  3.0000000e-02
 -4.5000000e-01  8.2000000e-01  9.2300000e-01 -6.8000000e-01
  9.2000000e-01 -8.2000000e-01  7.9000000e-01  9.9000000e-01
 -1.2900000e-01  8.8817842e-16  7.6000000e-01  5.0000000e-02
 -8.0000000e-02 -6.6000000e-01  7.5000000e-01 -3.0000000e-02
 -2.6900000e-01 -9.4000000e-01  7.3000000e-01 -2.8000000e-01
  5.1000000e-01  1.6000000e-01 -6.2000000e-01 -3.3000000e-01
  3.6000000e-01 -4.5000000e-01 -7.9000000e-01  6.1000000e-01
  4.8000000e-01 -5.3000000e-01  6.5000000e-01  2.9000000e-01
  3.0000000e-02 -5.7000000e-01  1.0000000e-01  4.7000000e-01
 -7.5000000e-01 -7.0000000e-01  5.0000000e-01  6.3000000e-01
  7.3000000e-01 -8.5000000e-01  6.5000000e-01 -3.8400000e-01
  7.3000000e-01  2.0000000e-01 -4.5000000e-01  3.1000000e-01
 -2.7000000e-01 -8.4000000e-01 -6.9000000e-01  8.5000000e-01
  5.2100000e-01  2.1000000e-01  4.6000000e-01  6.3000000e-01
 -6.2000000e-01  7.6000000e-01 -7.7000000e-01 -3.8000000e-01
 -5.5000000e-01 -1.6000000e-01  6.2000000e-01  9.0000000e-02
 -3.0000000e-02 -3.7000000e-01  4.8000000e-01  5.0000000e-02
 -4.8000000e-01  5.6000000e-01  2.0000000e-01  2.0000000e-01
  8.8000000e-02 -7.7000000e-01  1.0360000e+00 -6.5000000e-01
 -5.5000000e-01  2.0000000e-02  1.3000000e-01 -2.8000000e-01
  2.0000000e-01  1.3000000e-01][ 4.7000000e-01 -5.9000000e-01  7.5000000e-01 -6.2000000e-01
 -9.6000000e-01  1.7000000e-01 -9.1000000e-01  3.0000000e-02
 -4.5000000e-01  8.2000000e-01  2.7000000e-01 -7.5000000e-01
  9.2000000e-01 -8.2000000e-01  7.9000000e-01 -4.7000000e-01
 -1.2900000e-01  8.8817842e-16  7.6000000e-01 -1.5000000e-01
 -8.0000000e-02 -3.4600000e-01  7.5000000e-01  1.7000000e-01
 -9.8000000e-01 -9.4000000e-01  7.3000000e-01  5.7000000e-01
 -2.2400000e-01  1.6000000e-01  9.5000000e-01  4.2000000e-01
  3.6000000e-01 -4.5000000e-01 -7.2000000e-01  6.1000000e-01
  7.5000000e-01 -5.3000000e-01 -8.0000000e-01  2.9000000e-01
 -2.0000000e-02  2.2000000e-01  1.0000000e-01  3.0000000e-01
  6.6000000e-01 -7.0000000e-02  5.0000000e-01  6.3000000e-01
 -1.2100000e-01 -8.5000000e-01  6.5000000e-01 -3.8400000e-01
 -1.6000000e-01  2.0000000e-01 -4.5000000e-01  8.1000000e-01
 -2.7000000e-01 -8.4000000e-01 -6.9000000e-01  8.5000000e-01
 -8.2000000e-01 -3.0000000e-01  4.6000000e-01  6.3000000e-01
 -6.2000000e-01  7.6000000e-01 -7.7000000e-01 -3.8000000e-01
  7.4000000e-01  2.0000000e-01  6.2000000e-01 -5.0000000e-01
 -3.0000000e-02 -3.7000000e-01 -9.8000000e-01  5.0000000e-02
 -4.8000000e-01  5.6000000e-01  2.0000000e-01  3.5000000e-01
 -7.5000000e-01 -1.4000000e-01  1.0360000e+00 -6.5000000e-01
 -5.5000000e-01  2.0000000e-02  1.3000000e-01 -2.8000000e-01
  2.0000000e-01  1.3000000e-01][ 4.7000000e-01 -6.0000000e-01  7.5000000e-01 -2.6000000e-01
 -9.6000000e-01  8.1000000e-01 -9.1000000e-01  1.2000000e-01
 -4.5000000e-01  8.2000000e-01  9.2300000e-01 -6.8000000e-01
  9.2000000e-01 -8.2000000e-01  7.9000000e-01 -4.7000000e-01
 -1.2900000e-01  8.8817842e-16  7.6000000e-01  5.0000000e-02
 -8.0000000e-02  5.5000000e-01  7.5000000e-01  1.7000000e-01
 -9.8000000e-01 -9.2000000e-01  7.3000000e-01 -2.8000000e-01
  5.1000000e-01  1.2200000e-01 -6.2000000e-01  4.2000000e-01
  3.6000000e-01 -1.0580000e+00 -7.2000000e-01  6.1000000e-01
  4.8000000e-01 -5.3000000e-01 -8.0000000e-01  2.9000000e-01
  3.0000000e-02  8.5100000e-01  9.4000000e-01  4.7000000e-01
 -7.5000000e-01 -7.0000000e-02  5.0000000e-01 -5.5100000e-01
  7.3000000e-01 -8.5000000e-01  6.5000000e-01 -3.8400000e-01
  7.3000000e-01  2.0000000e-01 -4.5000000e-01 -2.0000000e-02
 -2.7000000e-01 -8.4000000e-01 -6.9000000e-01  8.5000000e-01
  6.6000000e-01  2.1000000e-01  1.7000000e-01  2.0000000e-02
 -6.2000000e-01  7.6000000e-01 -7.7000000e-01 -3.8000000e-01
 -5.5000000e-01 -1.6000000e-01  6.2000000e-01  9.0000000e-02
 -3.0000000e-02  7.2000000e-01 -9.8000000e-01  2.8000000e-01
 -4.8000000e-01  5.6000000e-01  2.0000000e-01  2.0000000e-01
 -7.5000000e-01 -7.7000000e-01  9.4000000e-01 -6.5000000e-01
 -5.5000000e-01 -2.6000000e-01  1.3000000e-01 -2.8000000e-01
  2.0000000e-01  1.3000000e-01][ 0.47  -0.59   0.08  -0.26  -0.96   0.17  -0.91   0.12  -0.45   0.82
  0.923 -0.68  -0.9   -0.82   0.79  -0.47  -0.87   0.06   0.76  -0.15
 -0.08   0.55   0.75   0.17  -0.98  -0.92   0.73   0.57  -0.13   0.16
  0.95  -0.33   0.36  -0.45  -0.72   0.61   0.75  -0.53  -0.8    0.61
  0.03   0.22   0.94   0.3   -0.75  -0.07  -1.306 -0.551 -0.121 -1.012
  0.65  -0.26  -0.16   0.2   -0.45   0.31  -0.27  -0.98  -0.69   0.85
  0.66  -0.3    0.46   0.02  -0.62   0.76  -0.77  -0.38   0.74   0.2
  0.62  -0.529 -0.03  -0.37  -0.98   0.05  -0.48   0.56   0.2    0.35
 -0.75  -0.91   1.999 -0.65  -0.55   0.02   0.13  -0.28   0.53   0.13 ][ 4.7000000e-01 -6.0000000e-01  7.5000000e-01 -6.2000000e-01
 -9.6000000e-01  8.1000000e-01 -9.1000000e-01  3.0000000e-02
 -1.0000000e-02 -1.1400000e-01  9.2300000e-01 -6.8000000e-01
 -9.0000000e-01 -8.2000000e-01  7.9000000e-01  9.9000000e-01
 -8.7000000e-01  8.8817842e-16  7.6000000e-01  5.0000000e-02
 -8.0000000e-02 -6.6000000e-01  5.0000000e-02 -3.0000000e-02
 -9.8000000e-01 -9.2000000e-01  7.3000000e-01 -2.8000000e-01
  5.1000000e-01  1.2200000e-01 -6.2000000e-01 -3.3000000e-01
  3.6000000e-01 -4.5000000e-01 -7.2000000e-01  6.1000000e-01
  7.5000000e-01 -5.3000000e-01  4.8100000e-01  2.9000000e-01
  3.0000000e-02 -1.9200000e-01  9.4000000e-01  4.7000000e-01
 -7.5000000e-01 -7.0000000e-02  5.0000000e-01 -5.5100000e-01
  7.3000000e-01 -8.5000000e-01  6.5000000e-01  8.1000000e-01
 -1.6000000e-01 -8.8000000e-01 -4.5000000e-01  3.1000000e-01
 -2.7000000e-01 -9.8000000e-01 -6.9000000e-01  8.5000000e-01
  6.6000000e-01  2.1000000e-01  4.6000000e-01  2.0000000e-02
 -6.2000000e-01  7.6000000e-01 -7.7000000e-01 -3.8000000e-01
  7.4000000e-01  2.0000000e-01  6.2000000e-01  9.0000000e-02
 -3.0000000e-02  7.2000000e-01  4.8000000e-01  2.8000000e-01
 -4.8000000e-01  5.6000000e-01  2.0000000e-01  3.5000000e-01
 -7.5000000e-01 -7.7000000e-01  9.4000000e-01 -6.5000000e-01
 -5.5000000e-01 -2.6000000e-01  1.3000000e-01  7.0000000e-02
  5.3000000e-01  1.3000000e-01][ 4.7000000e-01 -5.9000000e-01  7.5000000e-01 -6.2000000e-01
  2.2000000e-01  1.7000000e-01 -9.1000000e-01  3.0000000e-02
 -1.0000000e-02  8.2000000e-01  9.2300000e-01 -6.8000000e-01
  9.2000000e-01 -8.2000000e-01  7.9000000e-01 -4.7000000e-01
 -8.7000000e-01  8.8817842e-16  7.6000000e-01  5.0000000e-02
 -8.0000000e-02 -3.4600000e-01  7.5000000e-01  1.7000000e-01
 -2.6900000e-01 -9.4000000e-01  7.3000000e-01 -2.8000000e-01
  5.1000000e-01  1.6000000e-01  1.0700000e-01  4.2000000e-01
  3.6000000e-01 -4.5000000e-01 -7.2000000e-01  6.1000000e-01
  7.5000000e-01 -5.3000000e-01 -8.0000000e-01  2.9000000e-01
 -2.0000000e-02  2.2000000e-01  1.0000000e-01  3.0000000e-01
 -7.5000000e-01 -7.0000000e-02 -1.3060000e+00  6.3000000e-01
 -1.2100000e-01 -8.5000000e-01  6.5000000e-01 -3.8400000e-01
  7.3000000e-01  2.0000000e-01 -4.5000000e-01  8.1000000e-01
 -2.7000000e-01 -8.4000000e-01 -6.9000000e-01  8.5000000e-01
 -8.2000000e-01 -3.0000000e-01  4.6000000e-01  2.0000000e-02
 -6.2000000e-01  6.8000000e-01 -2.0000000e-01 -3.8000000e-01
  7.4000000e-01 -1.6000000e-01  6.2000000e-01 -5.0000000e-01
 -3.0000000e-02 -3.7000000e-01 -9.8000000e-01  5.0000000e-02
 -4.8000000e-01  5.6000000e-01  2.0000000e-01  2.0000000e-01
 -7.5000000e-01 -1.4000000e-01  1.0360000e+00 -6.5000000e-01
 -5.5000000e-01  2.0000000e-02  1.3000000e-01 -2.8000000e-01
  2.0000000e-01  8.7800000e-01][ 0.47  -0.6    0.08  -0.26  -0.96   0.17  -0.97   0.03  -0.45   0.82
  0.27  -0.68   0.92  -0.82   0.79   0.99  -0.41   0.06   0.76   0.05
 -0.08  -0.346  0.05   0.17  -0.98  -0.92   0.73   0.57   0.51   0.122
 -0.62  -0.33   0.36  -0.45  -0.72   0.61   0.48  -0.53  -0.8    0.61
  0.03  -0.57   0.94   0.3    0.66  -0.07   0.5    0.63   0.73  -0.85
  0.65  -0.26  -0.16   0.2   -0.45   0.31   0.625 -0.98   0.58   0.85
  0.66  -0.3   -0.61   0.63  -0.62   0.76  -0.81  -0.38   0.74  -0.16
  0.62   0.09  -0.03   0.72  -0.98   0.05  -0.48   1.584  0.2    0.35
 -0.75  -0.14   0.94  -0.65  -0.55   0.02   0.13  -0.28   0.53   0.13 ][ 0.47  -0.59   0.08  -0.62  -0.96   0.81  -0.91   0.12  -0.01   0.82
  0.923 -0.68  -0.9   -0.82   0.79  -0.47  -0.87   0.06   0.69  -0.15
 -0.08   0.55   0.75   0.17  -0.98  -0.94   0.73  -0.28  -0.13   0.16
 -0.62   0.263  0.36  -0.45  -0.72   0.61   0.75  -0.53   0.481  0.61
 -0.02  -0.57  -0.1    0.3   -0.75  -0.07  -1.306  0.63  -0.121 -0.85
  0.65   0.81  -0.16   0.2   -0.45   0.31  -0.27  -0.84  -0.69   0.85
 -0.82  -0.3    0.46   0.02  -0.62   0.76   0.013 -0.38   0.74   0.2
  0.62  -0.5   -0.493  0.18  -0.98   0.05  -0.48   1.584  0.2    0.35
 -0.12  -0.77   0.94  -0.65  -0.55   0.02   0.13   0.07   0.53   0.13 ][ 4.7000000e-01 -5.9000000e-01  7.5000000e-01 -6.2000000e-01
 -9.6000000e-01  8.1000000e-01 -9.1000000e-01  3.0000000e-02
 -4.5000000e-01  8.2000000e-01  9.2300000e-01 -6.8000000e-01
  9.2000000e-01 -8.2000000e-01  7.9000000e-01 -4.7000000e-01
 -8.7000000e-01  8.8817842e-16  7.6000000e-01  5.0000000e-02
 -8.0000000e-02 -6.6000000e-01  7.5000000e-01  1.7000000e-01
 -9.8000000e-01 -9.4000000e-01  7.3000000e-01 -2.8000000e-01
  5.1000000e-01  1.2200000e-01  9.5000000e-01 -3.3000000e-01
  3.6000000e-01 -4.5000000e-01 -7.2000000e-01  6.1000000e-01
  7.5000000e-01 -5.3000000e-01 -8.0000000e-01  2.9000000e-01
 -2.0000000e-02 -5.7000000e-01  9.4000000e-01  4.7000000e-01
 -7.5000000e-01 -7.0000000e-02  5.0000000e-01 -5.5100000e-01
  7.3000000e-01 -8.5000000e-01  6.5000000e-01  8.1000000e-01
 -1.6000000e-01  2.0000000e-01 -4.5000000e-01  3.1000000e-01
 -2.7000000e-01 -8.4000000e-01 -6.9000000e-01  8.5000000e-01
  6.6000000e-01 -3.0000000e-01  4.6000000e-01  2.0000000e-02
 -6.2000000e-01  7.6000000e-01 -7.7000000e-01 -3.8000000e-01
  7.4000000e-01 -1.6000000e-01  6.2000000e-01  9.0000000e-02
 -3.0000000e-02 -3.7000000e-01 -9.8000000e-01  5.0000000e-02
 -4.8000000e-01  5.6000000e-01  2.0000000e-01  3.5000000e-01
  8.8000000e-02 -7.7000000e-01  1.0360000e+00 -1.5580000e+00
 -5.5000000e-01 -2.6000000e-01  1.3000000e-01 -2.8000000e-01
  2.0000000e-01  1.3000000e-01][ 4.7000000e-01 -6.0000000e-01  7.5000000e-01 -6.2000000e-01
 -9.6000000e-01  8.1000000e-01 -9.1000000e-01  1.2000000e-01
 -4.5000000e-01  8.2000000e-01  2.7000000e-01 -7.5000000e-01
  9.2000000e-01 -8.2000000e-01  7.9000000e-01  9.9000000e-01
 -8.7000000e-01  8.8817842e-16  7.6000000e-01  5.0000000e-02
 -8.0000000e-02  5.5000000e-01  5.0000000e-02 -3.0000000e-02
 -9.8000000e-01 -9.2000000e-01  7.3000000e-01 -2.8000000e-01
  5.1000000e-01  1.2200000e-01  9.5000000e-01 -3.3000000e-01
  3.6000000e-01 -4.5000000e-01 -7.2000000e-01  6.1000000e-01
  7.5000000e-01 -5.3000000e-01 -8.0000000e-01  2.9000000e-01
 -2.0000000e-02  8.5100000e-01  1.0000000e-01  4.7000000e-01
 -7.5000000e-01 -7.0000000e-02  5.0000000e-01 -5.5100000e-01
  7.3000000e-01 -8.5000000e-01  6.5000000e-01  8.1000000e-01
  7.3000000e-01 -8.8000000e-01 -4.5000000e-01  3.1000000e-01
 -2.7000000e-01 -8.4000000e-01 -6.9000000e-01  8.5000000e-01
  5.2100000e-01  2.1000000e-01  1.7000000e-01  2.0000000e-02
 -6.2000000e-01  7.6000000e-01 -7.7000000e-01 -3.8000000e-01
 -5.5000000e-01 -1.6000000e-01  6.2000000e-01  9.0000000e-02
 -4.1600000e-01 -3.7000000e-01 -9.8000000e-01  2.8000000e-01
 -4.8000000e-01  5.6000000e-01  2.0000000e-01  6.1600000e-01
 -7.5000000e-01 -1.4000000e-01  1.0360000e+00 -6.5000000e-01
 -5.5000000e-01  2.0000000e-02  1.3000000e-01 -2.8000000e-01
  5.3000000e-01  1.3000000e-01][ 0.47  -0.59   0.75  -0.62  -0.96   0.17  -0.91   0.03  -0.01   0.82
  0.923 -0.75   0.92  -0.82   0.79  -0.47  -0.87   0.06   0.69   0.05
 -0.08   0.55   0.75   0.17  -0.269 -0.94   0.73  -0.28   0.51   0.16
 -0.62   0.42   0.36  -0.45  -0.79   0.61   0.75  -0.53   0.65   0.29
 -0.02   0.22   0.94   0.3   -0.75  -0.07   0.5    0.63  -0.121 -0.85
  0.65  -1.023 -0.16   0.2   -0.45  -0.02  -0.27  -0.84  -0.69   0.85
  0.66   0.21   0.17   0.02  -0.62   0.76  -0.2   -0.38   0.74  -0.16
  0.62  -0.5   -0.03  -0.37  -0.98   0.05  -0.48   0.56   0.2    0.2
 -0.75  -0.14   0.94  -0.65  -0.55   0.02   0.13  -0.28   0.2    0.878][ 4.7000000e-01 -6.0000000e-01  7.5000000e-01 -6.2000000e-01
 -9.6000000e-01  1.7000000e-01 -9.1000000e-01  1.2000000e-01
 -1.0000000e-02  8.2000000e-01  2.7000000e-01 -6.8000000e-01
  9.2000000e-01 -8.2000000e-01  7.9000000e-01 -4.7000000e-01
 -8.7000000e-01  8.8817842e-16  7.6000000e-01  5.0000000e-02
 -8.0000000e-02 -6.6000000e-01  7.5000000e-01  1.7000000e-01
 -9.8000000e-01 -9.2000000e-01  7.3000000e-01 -2.8000000e-01
  5.1000000e-01  1.2200000e-01 -6.2000000e-01  4.2000000e-01
  3.6000000e-01 -4.5000000e-01 -7.2000000e-01  6.1000000e-01
  4.8000000e-01 -5.3000000e-01  6.5000000e-01  2.9000000e-01
 -2.0000000e-02  8.5100000e-01  1.0000000e-01  4.7000000e-01
 -7.5000000e-01 -7.0000000e-01  5.0000000e-01 -5.5100000e-01
  7.3000000e-01 -8.5000000e-01  6.5000000e-01  8.1000000e-01
  7.3000000e-01  2.0000000e-01 -4.5000000e-01  3.1000000e-01
 -2.7000000e-01 -9.8000000e-01 -6.9000000e-01  8.5000000e-01
  6.6000000e-01  2.1000000e-01  1.7000000e-01  2.0000000e-02
 -6.2000000e-01  7.6000000e-01 -7.7000000e-01 -3.8000000e-01
  7.4000000e-01 -1.6000000e-01  6.2000000e-01  9.0000000e-02
 -3.0000000e-02 -3.7000000e-01 -9.8000000e-01  5.0000000e-02
 -4.8000000e-01  5.6000000e-01  2.0000000e-01  2.0000000e-01
  8.8000000e-02 -7.8700000e-01  9.4000000e-01 -6.5000000e-01
 -5.5000000e-01 -2.6000000e-01  1.3000000e-01 -2.8000000e-01
  2.0000000e-01  1.3000000e-01][ 4.7000000e-01 -5.9000000e-01  7.5000000e-01 -6.2000000e-01
 -9.6000000e-01  1.7000000e-01 -9.1000000e-01  3.0000000e-02
 -1.0000000e-02  8.2000000e-01  7.2000000e-01 -7.5000000e-01
  9.2000000e-01 -8.2000000e-01  7.9000000e-01 -4.7000000e-01
 -1.2900000e-01  8.8817842e-16  7.6000000e-01  5.0000000e-02
 -8.0000000e-02  5.5000000e-01  7.5000000e-01  1.7000000e-01
 -2.6900000e-01 -9.4000000e-01  7.3000000e-01 -2.8000000e-01
  5.1000000e-01  1.6000000e-01  9.5000000e-01  4.2000000e-01
  1.2350000e+00 -4.5000000e-01 -7.9000000e-01  6.1000000e-01
  7.5000000e-01 -5.3000000e-01  6.5000000e-01  2.9000000e-01
 -2.0000000e-02  8.5100000e-01  1.0000000e-01  3.0000000e-01
 -7.5000000e-01 -7.0000000e-02  5.0000000e-01  6.3000000e-01
  7.3000000e-01 -8.5000000e-01  6.5000000e-01 -3.8400000e-01
  7.3000000e-01  2.0000000e-01 -4.5000000e-01 -2.0000000e-02
 -2.7000000e-01 -8.4000000e-01 -6.9000000e-01  8.5000000e-01
  6.6000000e-01 -4.2000000e-01  1.7000000e-01  6.3000000e-01
 -6.2000000e-01  7.6000000e-01 -2.0000000e-01 -3.8000000e-01
 -5.5000000e-01 -1.6000000e-01  6.2000000e-01  9.0000000e-02
 -3.0000000e-02 -3.7000000e-01 -9.8000000e-01  5.0000000e-02
 -4.8000000e-01  5.6000000e-01  2.0000000e-01  2.0000000e-01
 -7.5000000e-01 -1.4000000e-01  1.0360000e+00 -6.5000000e-01
 -5.5000000e-01  2.0000000e-02  1.3000000e-01 -2.8000000e-01
  2.0000000e-01  8.7800000e-01][ 4.7000000e-01 -5.9000000e-01  7.5000000e-01 -2.6000000e-01
 -9.6000000e-01  8.1000000e-01 -9.1000000e-01  1.2000000e-01
 -4.5000000e-01  8.2000000e-01  9.2300000e-01 -6.8000000e-01
 -9.0000000e-01 -8.2000000e-01  7.9000000e-01 -4.7000000e-01
 -8.7000000e-01  8.8817842e-16  1.5060000e+00  5.0000000e-02
 -8.0000000e-02  5.5000000e-01  7.5000000e-01  1.7000000e-01
 -9.8000000e-01 -9.2000000e-01  7.3000000e-01 -2.8000000e-01
  5.1000000e-01  1.2200000e-01 -6.2000000e-01  4.2000000e-01
  3.6000000e-01 -4.5000000e-01 -7.2000000e-01  6.1000000e-01
  4.8000000e-01 -5.3000000e-01 -8.0000000e-01  2.9000000e-01
  3.0000000e-02 -5.7000000e-01 -1.0000000e-01  3.0000000e-01
 -7.5000000e-01 -1.0440000e+00 -1.3060000e+00 -5.5100000e-01
  7.3000000e-01 -8.5000000e-01  6.5000000e-01  8.1000000e-01
 -1.6000000e-01  2.0000000e-01 -4.5000000e-01  3.1000000e-01
 -2.7000000e-01 -9.8000000e-01 -6.9000000e-01  8.5000000e-01
 -8.2000000e-01 -3.0000000e-01  4.6000000e-01  2.0000000e-02
 -6.2000000e-01  7.6000000e-01  1.3000000e-02 -3.8000000e-01
  7.4000000e-01  2.0000000e-01  6.2000000e-01  9.0000000e-02
 -3.0000000e-02  7.2000000e-01 -9.8000000e-01  5.0000000e-02
 -4.8000000e-01  5.6000000e-01  2.0000000e-01  3.5000000e-01
  8.8000000e-02 -9.1000000e-01  9.4000000e-01 -3.6000000e-02
 -5.5000000e-01  2.0000000e-02  1.3000000e-01  7.0000000e-02
  2.0000000e-01  1.3000000e-01][ 4.7000000e-01 -6.0000000e-01  7.5000000e-01 -6.2000000e-01
 -9.6000000e-01  1.7000000e-01 -9.1000000e-01  1.2000000e-01
 -4.5000000e-01  8.2000000e-01  9.2300000e-01 -6.8000000e-01
  9.2000000e-01 -8.2000000e-01  7.9000000e-01  9.9000000e-01
 -8.7000000e-01  8.8817842e-16  7.6000000e-01 -6.8000000e-01
 -8.0000000e-02  5.5000000e-01  7.5000000e-01  1.7000000e-01
 -9.8000000e-01 -9.4000000e-01  7.3000000e-01 -2.8000000e-01
  5.1000000e-01  1.6000000e-01 -6.2000000e-01 -3.3000000e-01
  3.6000000e-01 -4.5000000e-01 -7.2000000e-01  6.1000000e-01
  4.5300000e-01 -5.3000000e-01 -8.0000000e-01  2.9000000e-01
 -2.0000000e-02 -5.7000000e-01  9.4000000e-01  4.7000000e-01
  1.2000000e-02 -7.0000000e-02  5.0000000e-01 -5.5100000e-01
 -1.2100000e-01 -8.5000000e-01  6.5000000e-01 -2.6000000e-01
 -1.6000000e-01 -8.8000000e-01 -4.5000000e-01  8.1000000e-01
 -2.7000000e-01 -9.8000000e-01 -6.9000000e-01  8.5000000e-01
 -8.2000000e-01 -3.0000000e-01  4.6000000e-01  2.0000000e-02
 -6.2000000e-01  6.8000000e-01 -7.7000000e-01 -3.8000000e-01
 -5.5000000e-01 -1.6000000e-01  6.2000000e-01  9.0000000e-02
 -3.0000000e-02 -3.7000000e-01 -9.8000000e-01  2.8000000e-01
 -4.8000000e-01  5.6000000e-01  2.0000000e-01  3.5000000e-01
  8.8000000e-02 -7.7000000e-01  9.4000000e-01 -6.5000000e-01
 -5.5000000e-01 -2.6000000e-01  1.3000000e-01  7.0000000e-02
  5.3000000e-01  1.3000000e-01][ 0.47  -0.59   0.75  -0.26  -0.96   0.447 -0.91   0.03  -0.01   0.82
  0.923 -0.75   0.92  -0.82   0.79  -0.47  -0.87   0.06   0.76   0.05
 -0.08   0.55   0.75   0.17  -0.98  -0.94   0.73   0.57  -0.13   0.122
 -0.62   0.42   0.36  -0.45  -0.72   0.61   0.75  -0.53  -0.8    0.29
 -0.02  -0.57   0.1    0.3   -0.75  -0.07  -1.306  0.63  -0.121 -0.55
  0.65  -0.26   0.73   0.2   -0.45  -0.02  -0.27  -0.84  -0.69   0.85
 -0.82  -0.42   0.46   0.63  -0.62   0.68  -0.77  -0.38   0.74  -0.16
  0.62  -0.5   -0.03  -0.37  -0.98   0.05  -0.48   1.584  0.2    0.2
 -0.75  -0.14   1.036 -0.65  -0.55   0.02   0.13  -0.28   0.2    0.878][ 4.7000000e-01 -5.9000000e-01  7.5000000e-01 -2.6000000e-01
 -9.6000000e-01  8.1000000e-01 -9.1000000e-01  1.2000000e-01
 -4.5000000e-01  8.2000000e-01  2.7000000e-01 -6.8000000e-01
  9.2000000e-01 -8.2000000e-01  7.9000000e-01 -4.7000000e-01
 -8.7000000e-01  8.8817842e-16  7.6000000e-01  5.0000000e-02
 -8.0000000e-02  5.5000000e-01  5.0000000e-02 -3.0000000e-02
 -2.6900000e-01 -9.2000000e-01  7.3000000e-01 -2.8000000e-01
  5.1000000e-01  1.2200000e-01  9.5000000e-01 -3.3000000e-01
  3.6000000e-01 -4.5000000e-01 -7.2000000e-01  6.1000000e-01
  4.8000000e-01 -5.3000000e-01 -8.0000000e-01  2.9000000e-01
 -2.0000000e-02  8.5100000e-01  1.0000000e-01  3.0000000e-01
  6.6000000e-01 -7.0000000e-01  5.0000000e-01 -5.5100000e-01
  7.3000000e-01 -8.5000000e-01  6.5000000e-01  8.1000000e-01
 -1.6000000e-01 -8.8000000e-01 -4.5000000e-01  3.1000000e-01
 -2.7000000e-01 -9.8000000e-01 -6.9000000e-01  8.5000000e-01
  6.6000000e-01 -4.2000000e-01  1.7000000e-01  6.3000000e-01
 -6.2000000e-01  7.6000000e-01 -7.7000000e-01 -3.8000000e-01
 -5.5000000e-01 -1.6000000e-01  6.2000000e-01  9.0000000e-02
 -3.0000000e-02 -3.7000000e-01  4.8000000e-01  2.8000000e-01
 -4.8000000e-01  5.6000000e-01  2.0000000e-01  3.5000000e-01
 -9.6600000e-01 -7.7000000e-01  1.0360000e+00 -6.5000000e-01
 -5.5000000e-01  2.0000000e-02  1.3000000e-01 -2.8000000e-01
  2.0000000e-01  1.3000000e-01][ 4.7000000e-01 -6.0000000e-01  8.0000000e-02 -6.2000000e-01
  2.2000000e-01  1.7000000e-01 -9.7000000e-01  3.0000000e-02
 -1.0000000e-02  8.2000000e-01  7.2000000e-01 -7.5000000e-01
  9.2000000e-01 -8.2000000e-01  7.9000000e-01 -4.7000000e-01
 -8.7000000e-01  8.8817842e-16  7.6000000e-01  5.0000000e-02
 -8.0000000e-02 -3.4600000e-01  7.5000000e-01  1.7000000e-01
 -2.6900000e-01 -9.4000000e-01  7.3000000e-01 -2.8000000e-01
  5.1000000e-01  1.6000000e-01 -6.2000000e-01  4.2000000e-01
  3.6000000e-01 -4.5000000e-01 -7.2000000e-01  6.1000000e-01
  8.4000000e-01 -5.3000000e-01  6.5000000e-01  6.1000000e-01
 -2.0000000e-02 -5.7000000e-01  1.0000000e-01  3.0000000e-01
  6.6000000e-01 -7.0000000e-02  5.0000000e-01  6.3000000e-01
  7.3000000e-01 -8.5000000e-01  6.5000000e-01 -3.8400000e-01
 -1.6000000e-01  2.0000000e-01 -4.5000000e-01  3.1000000e-01
 -2.7000000e-01 -8.4000000e-01  5.8000000e-01  8.5000000e-01
  1.5000000e-01 -4.2000000e-01 -6.1000000e-01  2.0000000e-02
 -6.2000000e-01  1.6700000e-01 -7.7000000e-01 -3.8000000e-01
 -5.5000000e-01 -1.6000000e-01  6.2000000e-01  9.0000000e-02
 -3.0000000e-02  7.2000000e-01 -9.8000000e-01  5.0000000e-02
 -4.8000000e-01  5.6000000e-01  2.0000000e-01  2.0000000e-01
 -7.5000000e-01 -1.4000000e-01  9.4000000e-01 -6.5000000e-01
 -5.5000000e-01  2.0000000e-02  1.3000000e-01  7.0000000e-02
  2.0000000e-01  8.7800000e-01][ 4.7000000e-01 -5.9000000e-01  7.5000000e-01 -2.6000000e-01
  2.2000000e-01  1.7000000e-01 -9.1000000e-01 -3.6100000e-01
 -4.5000000e-01  8.2000000e-01  9.2300000e-01 -6.8000000e-01
  9.2000000e-01 -8.2000000e-01  7.9000000e-01  9.9000000e-01
 -8.7000000e-01  8.8817842e-16  6.9000000e-01  5.0000000e-02
 -8.0000000e-02 -6.6000000e-01  5.0000000e-02  1.7000000e-01
 -2.6900000e-01 -9.4000000e-01  7.3000000e-01 -2.8000000e-01
  5.1000000e-01  1.2200000e-01 -6.2000000e-01 -3.3000000e-01
  3.6000000e-01 -4.5000000e-01 -7.0200000e-01  6.1000000e-01
  4.8000000e-01 -5.3000000e-01 -8.0000000e-01  2.9000000e-01
  3.0000000e-02 -5.7000000e-01  9.4000000e-01  3.0000000e-01
  6.6000000e-01 -7.0000000e-02  5.0000000e-01  6.3000000e-01
  7.3000000e-01 -8.5000000e-01  6.5000000e-01  8.1000000e-01
 -1.6000000e-01 -8.8000000e-01 -4.5000000e-01  3.1000000e-01
 -2.7000000e-01 -9.8000000e-01 -6.9000000e-01  8.5000000e-01
  6.6000000e-01  2.1000000e-01  1.7000000e-01  6.3000000e-01
 -6.2000000e-01  7.6000000e-01 -7.7000000e-01 -3.8000000e-01
 -5.5000000e-01 -1.6000000e-01  6.2000000e-01  9.0000000e-02
 -3.0000000e-02 -3.7000000e-01 -9.8000000e-01  2.8000000e-01
 -4.8000000e-01  5.6000000e-01  2.0000000e-01  2.0000000e-01
 -7.5000000e-01 -7.7000000e-01  9.4000000e-01 -6.5000000e-01
 -5.5000000e-01 -2.6000000e-01  1.3000000e-01 -2.8000000e-01
  2.0000000e-01  1.3000000e-01][ 0.47  -0.59   0.75  -0.62   0.22   0.17  -0.91   0.03  -0.967  0.82
  0.923 -0.68   0.92  -0.82   0.79  -0.47  -0.87   0.06   0.76  -0.15
 -0.08  -0.346  0.75   0.17  -0.98  -0.94   0.73  -0.28  -0.13   0.16
  0.95   0.42   0.36  -0.45  -0.72   0.61   0.75  -0.53  -0.8    0.29
 -0.02   0.22   0.94   0.47  -0.75  -0.07  -1.306  0.63  -0.121 -0.85
  0.65  -0.26  -0.16   0.2   -0.45   0.948 -0.27  -0.84  -0.69   0.85
 -0.82   0.21   0.46   0.02  -0.62   0.68  -0.81  -0.38   0.74   0.2
  0.62  -0.5   -0.03  -0.37  -0.98   0.05  -0.48   1.584  0.2    0.35
 -0.75  -0.77   0.94  -0.65  -0.55   0.02   0.13  -0.28   0.2    0.13 ][ 4.7000000e-01 -5.9000000e-01  7.5000000e-01 -6.2000000e-01
 -9.6000000e-01  1.7000000e-01 -9.1000000e-01  1.2000000e-01
 -1.0000000e-02  8.2000000e-01  2.7000000e-01 -6.8000000e-01
  9.2000000e-01 -8.2000000e-01  7.9000000e-01 -4.7000000e-01
 -1.2900000e-01  8.8817842e-16  7.6000000e-01  5.0000000e-02
 -8.0000000e-02  5.5000000e-01  7.5000000e-01  1.7000000e-01
 -2.6900000e-01 -9.2000000e-01  7.3000000e-01 -2.8000000e-01
  5.1000000e-01  1.2200000e-01 -6.2000000e-01 -3.3000000e-01
  3.6000000e-01 -4.5000000e-01 -7.9000000e-01  6.1000000e-01
  4.8000000e-01 -5.3000000e-01  6.5000000e-01  2.9000000e-01
 -2.0000000e-02 -5.7000000e-01  1.0000000e-01  4.7000000e-01
  6.6000000e-01 -7.0000000e-02  5.0000000e-01 -5.5100000e-01
  7.3000000e-01 -8.5000000e-01  6.5000000e-01 -3.8400000e-01
 -1.6000000e-01  2.0000000e-01 -4.5000000e-01  3.1000000e-01
 -2.7000000e-01 -9.8000000e-01 -6.9000000e-01  8.5000000e-01
  5.2100000e-01  8.4000000e-02  4.6000000e-01  2.0000000e-02
 -6.2000000e-01  7.6000000e-01 -7.7000000e-01 -3.8000000e-01
 -5.5000000e-01 -1.6000000e-01  6.2000000e-01  9.0000000e-02
 -3.0000000e-02  7.2000000e-01 -9.8000000e-01  5.0000000e-02
 -4.8000000e-01  5.6000000e-01  2.0000000e-01  2.0000000e-01
  8.8000000e-02 -1.4000000e-01  9.4000000e-01 -6.5000000e-01
 -5.5000000e-01  2.0000000e-02  1.3000000e-01 -2.8000000e-01
  2.0000000e-01  8.7800000e-01][ 4.7000000e-01 -5.9000000e-01  7.5000000e-01 -6.2000000e-01
 -9.6000000e-01  1.7000000e-01 -9.1000000e-01  3.0000000e-02
 -1.0000000e-02  8.2000000e-01  7.2000000e-01 -6.8000000e-01
 -9.0000000e-01 -8.2000000e-01  7.9000000e-01 -4.7000000e-01
 -1.2900000e-01  8.8817842e-16  1.5060000e+00 -1.5000000e-01
 -8.0000000e-02  5.5000000e-01  7.5000000e-01  8.0000000e-03
 -9.8000000e-01 -9.4000000e-01  7.3000000e-01  5.7000000e-01
 -1.3000000e-01  1.6000000e-01 -6.2000000e-01  4.2000000e-01
  3.6000000e-01 -4.5000000e-01 -7.2000000e-01  6.1000000e-01
  8.4000000e-01 -5.3000000e-01  6.5000000e-01  2.9000000e-01
 -2.0000000e-02  2.2000000e-01  1.0000000e-01  3.0000000e-01
 -7.5000000e-01 -7.0000000e-02  5.0000000e-01  6.3000000e-01
 -1.2100000e-01 -8.5000000e-01  6.5000000e-01 -2.6000000e-01
  7.3000000e-01  2.0000000e-01 -4.5000000e-01  3.1000000e-01
 -2.7000000e-01 -8.4000000e-01 -6.9000000e-01  8.5000000e-01
 -8.2000000e-01 -3.0000000e-01  4.6000000e-01  6.3000000e-01
 -6.2000000e-01  7.6000000e-01  1.3000000e-02 -3.8000000e-01
 -5.5000000e-01  2.0000000e-01  6.2000000e-01 -5.0000000e-01
 -3.0000000e-02  1.8000000e-01 -9.8000000e-01  5.0000000e-02
 -4.8000000e-01  5.6000000e-01  2.0000000e-01  2.0000000e-01
 -1.2000000e-01 -1.4000000e-01  1.0360000e+00 -6.5000000e-01
 -5.5000000e-01  2.0000000e-02  1.3000000e-01  7.0000000e-02
  2.0000000e-01  8.7800000e-01][ 0.47  -0.59   0.75  -0.26  -0.96   0.81  -0.91   0.12  -0.01   0.82
  0.923 -0.68   0.92  -0.82   0.79   0.99  -0.87   0.06   0.76  -0.15
 -0.08   0.55   0.75  -0.03  -0.98  -0.92   0.73  -0.28   0.51   0.122
 -0.62  -0.33   0.36  -0.45  -0.72   0.61   0.48  -0.53  -0.8    0.29
 -0.02  -0.57  -0.1    0.3   -0.75   0.54  -1.306 -0.551 -0.121 -0.85
  0.65   0.81  -0.16  -0.88  -0.45   0.31  -0.27  -0.98  -0.69   0.85
  0.66  -0.3    0.46   0.02  -0.62   0.76  -0.77  -0.38   0.74  -0.16
  0.62  -0.5   -0.416  0.72  -0.98   0.05  -0.053  1.584  0.2    0.35
 -0.12  -0.77   0.94  -0.65  -0.55  -0.26   0.13   0.07   0.53   0.13 ][ 4.7000000e-01 -5.9000000e-01  7.5000000e-01 -2.6000000e-01
 -9.6000000e-01  8.1000000e-01 -9.1000000e-01  3.0000000e-02
 -4.5000000e-01  8.2000000e-01  2.7000000e-01 -6.8000000e-01
  9.2000000e-01 -8.2000000e-01  7.9000000e-01 -4.7000000e-01
 -8.7000000e-01  8.8817842e-16  7.6000000e-01  5.0000000e-02
 -8.0000000e-02  5.5000000e-01  9.3000000e-01  1.7000000e-01
 -2.6900000e-01 -9.2000000e-01  7.3000000e-01 -2.8000000e-01
  5.1000000e-01  1.6000000e-01  9.5000000e-01  4.2000000e-01
  3.6000000e-01 -4.5000000e-01 -7.2000000e-01  6.1000000e-01
  4.8000000e-01 -5.3000000e-01 -8.0000000e-01  2.9000000e-01
 -2.0000000e-02 -5.7000000e-01  1.0000000e-01  4.7000000e-01
  6.6000000e-01 -7.0000000e-01  5.0000000e-01  6.3000000e-01
  7.3000000e-01 -8.5000000e-01  6.5000000e-01  8.1000000e-01
  7.3000000e-01 -8.8000000e-01 -4.5000000e-01 -2.0000000e-02
 -2.7000000e-01 -9.8000000e-01 -6.9000000e-01  8.5000000e-01
  6.6000000e-01 -4.2000000e-01  1.7000000e-01  2.0000000e-02
 -6.2000000e-01  7.6000000e-01 -7.7000000e-01 -3.8000000e-01
 -5.5000000e-01 -1.6000000e-01  6.2000000e-01  9.0000000e-02
 -4.1600000e-01 -3.7000000e-01 -9.8000000e-01  5.0000000e-02
 -4.8000000e-01  5.6000000e-01  2.0000000e-01  3.5000000e-01
 -7.5000000e-01 -7.7000000e-01  1.0360000e+00 -6.5000000e-01
 -5.5000000e-01 -2.6000000e-01  1.3000000e-01 -2.8000000e-01
  2.0000000e-01  1.3000000e-01][ 4.7000000e-01 -5.9000000e-01  7.5000000e-01 -2.6000000e-01
 -9.6000000e-01  1.7000000e-01 -9.7000000e-01 -3.6100000e-01
 -4.5000000e-01  8.2000000e-01  9.2300000e-01 -6.8000000e-01
  9.2000000e-01 -8.2000000e-01  7.9000000e-01  9.9000000e-01
 -8.7000000e-01  8.8817842e-16  7.6000000e-01  5.0000000e-02
 -8.0000000e-02 -3.4600000e-01  5.0000000e-02  1.7000000e-01
 -9.8000000e-01 -9.2000000e-01  7.3000000e-01 -2.8000000e-01
  5.1000000e-01  1.2200000e-01 -6.2000000e-01  4.2000000e-01
  3.6000000e-01 -4.5000000e-01 -7.2000000e-01  6.1000000e-01
  7.5000000e-01 -5.3000000e-01  6.5000000e-01  2.9000000e-01
  3.0000000e-02 -5.7000000e-01  1.0000000e-01  4.7000000e-01
  6.6000000e-01 -7.0000000e-02  5.0000000e-01  6.3000000e-01
  7.3000000e-01 -8.5000000e-01  6.5000000e-01  8.1300000e-01
 -1.6000000e-01 -8.8000000e-01 -4.5000000e-01  3.1000000e-01
 -2.7000000e-01 -9.8000000e-01  5.8000000e-01  8.5000000e-01
  6.6000000e-01  2.1000000e-01  1.7000000e-01  6.3000000e-01
 -6.2000000e-01  7.6000000e-01 -7.7000000e-01 -3.8000000e-01
 -5.5000000e-01 -1.6000000e-01  6.2000000e-01  9.0000000e-02
 -4.1600000e-01  7.2000000e-01 -9.8000000e-01  2.8000000e-01
 -4.8000000e-01  5.6000000e-01  2.0000000e-01  2.0000000e-01
  8.8000000e-02 -1.4000000e-01  9.4000000e-01 -6.5000000e-01
 -5.5000000e-01 -2.6000000e-01  1.3000000e-01 -2.8000000e-01
  2.0000000e-01  8.7800000e-01][ 4.7000000e-01 -5.9000000e-01  7.5000000e-01 -6.2000000e-01
 -9.6000000e-01  8.1000000e-01 -9.1000000e-01  1.2000000e-01
 -1.0000000e-02  8.2000000e-01  7.2000000e-01 -6.8000000e-01
 -9.0000000e-01 -8.2000000e-01  7.9000000e-01  9.9000000e-01
 -8.7000000e-01  8.8817842e-16  1.5060000e+00  5.0000000e-02
 -8.0000000e-02 -6.6000000e-01  7.5000000e-01 -3.0000000e-02
 -9.8000000e-01 -9.2000000e-01  7.3000000e-01  5.7000000e-01
 -1.3000000e-01  1.2200000e-01 -6.2000000e-01 -3.3000000e-01
  3.6000000e-01 -4.5000000e-01 -7.2000000e-01  6.1000000e-01
  4.8000000e-01 -5.3000000e-01 -8.0000000e-01  2.9000000e-01
 -2.0000000e-02 -5.7000000e-01  9.4000000e-01  3.0000000e-01
 -7.5000000e-01 -7.0000000e-01  5.0000000e-01 -5.5100000e-01
 -1.2100000e-01 -8.5000000e-01  6.5000000e-01  8.1000000e-01
 -1.6000000e-01  2.0000000e-01 -4.5000000e-01  3.1000000e-01
 -2.7000000e-01 -8.4000000e-01 -6.9000000e-01  8.5000000e-01
 -8.2000000e-01 -3.0000000e-01  4.6000000e-01  2.0000000e-02
 -6.2000000e-01  6.8000000e-01  1.3000000e-02 -3.8000000e-01
  7.4000000e-01  2.0000000e-01  6.2000000e-01  9.0000000e-02
 -3.0000000e-02  7.1000000e-01  4.8000000e-01  5.0000000e-02
 -4.8000000e-01  5.6000000e-01  2.0000000e-01  3.5000000e-01
  8.8000000e-02 -9.1000000e-01  9.4000000e-01 -6.5000000e-01
 -5.5000000e-01  2.0000000e-02  1.3000000e-01 -2.8000000e-01
  2.0000000e-01  1.3000000e-01][ 0.47  -0.6    0.75  -0.62  -0.96   0.81  -0.91   0.12  -0.45   0.82
  0.923 -0.68  -0.9   -0.82   0.79   0.99  -0.87   0.06   1.506 -0.15
 -0.08   0.55   0.05  -0.03  -0.98  -0.92   0.73   0.57  -0.13   0.122
 -0.62   0.42   0.36  -0.45  -0.72   0.61   0.84  -0.53  -0.466  0.29
  0.03   0.22   0.94   0.3   -0.75  -0.07  -1.306 -0.551 -0.121 -0.85
  0.65   0.81  -0.16  -0.88  -0.45   0.31  -0.27  -0.98  -0.69   0.85
 -0.82  -0.3    0.46   0.02  -0.62   0.68  -0.77  -0.38   0.74  -0.16
  0.62  -0.5   -0.416  0.18  -0.98   0.05  -0.48   0.56   0.2    0.35
  0.088 -0.91   0.94  -0.65  -0.55   0.02   0.13  -0.28   0.53   0.13 ][ 4.7000000e-01 -6.0000000e-01  7.5000000e-01 -2.6000000e-01
 -9.6000000e-01  8.1000000e-01 -9.1000000e-01  1.2000000e-01
 -4.5000000e-01  8.2000000e-01  9.2300000e-01 -6.8000000e-01
  9.2000000e-01 -8.2000000e-01  7.9000000e-01 -4.7000000e-01
 -8.7000000e-01  8.8817842e-16  1.5060000e+00 -1.5000000e-01
 -8.0000000e-02  5.5000000e-01  7.5000000e-01  1.7000000e-01
 -9.8000000e-01 -9.2000000e-01  7.3000000e-01 -2.8000000e-01
 -1.3000000e-01  1.2200000e-01 -6.2000000e-01 -3.3000000e-01
  3.6000000e-01 -4.5000000e-01 -7.2000000e-01  6.1000000e-01
  8.4000000e-01 -5.3000000e-01 -8.0000000e-01  2.9000000e-01
  3.0000000e-02 -5.7000000e-01 -1.0000000e-01  4.7000000e-01
 -7.5000000e-01 -7.0000000e-02  5.0000000e-01  6.3000000e-01
 -1.2100000e-01 -8.5000000e-01  6.5000000e-01 -2.6000000e-01
 -1.6000000e-01 -8.8000000e-01 -4.5000000e-01 -8.7000000e-02
 -2.7000000e-01 -8.4000000e-01 -6.9000000e-01  8.5000000e-01
  6.6000000e-01 -3.0000000e-01  4.6000000e-01  2.0000000e-02
 -6.2000000e-01  7.6000000e-01 -7.7000000e-01 -3.8000000e-01
  7.4000000e-01 -1.6000000e-01  6.2000000e-01 -5.0000000e-01
 -3.0000000e-02  1.8000000e-01  4.8000000e-01  2.8000000e-01
 -4.8000000e-01  5.6000000e-01  2.0000000e-01  3.5000000e-01
 -1.2000000e-01 -9.1000000e-01  9.4000000e-01 -3.6000000e-02
 -5.5000000e-01  2.0000000e-02  1.3000000e-01  7.0000000e-02
  5.3000000e-01  1.3000000e-01][ 0.47  -0.59   0.75  -0.62   0.22   0.17  -0.91   0.03  -0.01   0.82
  0.466 -0.75  -0.9   -0.82   0.79  -0.47  -0.87   0.06   0.76   0.05
 -0.08   0.55   0.75   0.17  -0.269 -0.94   0.73  -0.28   0.51   0.16
  0.95   0.42   0.36  -0.45  -0.79   0.61   0.75  -0.53   0.481  0.61
 -0.02   0.22   0.1    0.3   -0.75  -0.07   0.5    0.63   0.73  -0.85
  0.65  -0.384  0.73   0.2   -0.45  -0.02  -0.27  -0.84  -0.69   0.85
 -0.82  -0.3    0.46   0.63  -0.62   0.76  -0.2   -0.38  -0.55  -0.16
  0.62  -0.5   -0.03  -0.37  -0.98   0.05  -0.48   1.584  0.2    0.35
 -0.75  -0.77   1.036 -0.65  -0.55   0.02   0.13   0.07   0.53   0.878][ 4.7000000e-01 -5.9000000e-01  7.5000000e-01 -2.6000000e-01
  2.2000000e-01  8.1000000e-01 -9.7000000e-01  1.2000000e-01
 -4.5000000e-01  8.2000000e-01  9.2300000e-01 -7.5000000e-01
  9.2000000e-01 -8.2000000e-01  7.9000000e-01 -4.7000000e-01
 -8.7000000e-01  8.8817842e-16  6.9000000e-01  5.0000000e-02
 -8.0000000e-02 -3.4600000e-01  5.0000000e-02 -3.0000000e-02
 -9.8000000e-01 -9.2000000e-01  7.3000000e-01 -2.8000000e-01
  5.1000000e-01 -1.7700000e-01 -6.2000000e-01 -3.3000000e-01
  3.6000000e-01 -4.5000000e-01 -7.2000000e-01  6.1000000e-01
  7.5000000e-01 -5.3000000e-01 -8.0000000e-01  2.9000000e-01
 -2.0000000e-02 -5.7000000e-01  9.4000000e-01  4.7000000e-01
 -7.5000000e-01 -7.0000000e-01  5.0000000e-01  6.3000000e-01
  7.3000000e-01 -8.5000000e-01  6.5000000e-01  8.1000000e-01
  7.3000000e-01 -8.8000000e-01 -4.5000000e-01  3.1000000e-01
 -2.7000000e-01 -8.4000000e-01  5.8000000e-01  8.5000000e-01
  6.6000000e-01  2.1000000e-01  1.7000000e-01  6.3000000e-01
 -6.2000000e-01  7.6000000e-01 -7.7000000e-01 -3.8000000e-01
  7.4000000e-01 -1.6000000e-01  6.2000000e-01  9.0000000e-02
 -3.0000000e-02 -3.7000000e-01  4.8000000e-01  5.0000000e-02
 -4.8000000e-01  5.6000000e-01  2.0000000e-01  2.0000000e-01
 -7.5000000e-01 -1.4000000e-01  9.4000000e-01 -6.5000000e-01
 -5.5000000e-01 -2.6000000e-01  1.3000000e-01 -2.8000000e-01
  2.0000000e-01  8.7800000e-01][ 0.47  -0.59   0.75  -0.62  -0.96   0.17  -0.91   0.03  -0.45   0.82
  0.923 -0.68   0.92  -0.82   0.79  -0.47  -0.87   0.06   0.76  -0.15
 -0.08  -0.346  0.75   0.17  -0.98  -0.94   0.73   0.57   0.51   0.16
  0.95   0.42   0.36  -0.45  -0.79   0.61   0.75  -0.53   0.65   0.29
 -0.02   0.22   0.1    0.3   -0.75  -0.07  -1.306  0.63  -0.121 -1.012
  0.65  -0.26  -0.16   0.2   -0.45   0.81  -0.27  -0.84  -0.69   0.85
 -0.82  -0.3    0.17   0.02  -0.62   0.68  -0.81  -0.38  -0.55   0.2
  0.62  -0.5   -0.03  -0.37  -0.98   0.05  -0.48   0.56   0.2    0.35
 -0.75  -0.14   1.036 -0.65  -0.55  -0.343  0.13  -0.28   0.2    0.878][ 0.47  -0.6    0.08  -0.26   0.22   0.81  -0.91   0.03  -0.01   0.82
  0.27  -0.75   0.92  -0.82   0.79  -0.47  -0.41   0.06   0.76   0.05
 -0.08  -0.66   0.05   0.17  -0.98  -0.94   0.73  -0.28   0.51   0.16
 -0.62  -0.33   0.36  -0.45  -0.72   0.61   0.48  -0.53   0.65   0.61
 -0.02  -0.57   0.1    0.3    0.66  -0.07   0.5    0.63   0.73  -0.85
  0.738  0.81  -0.16  -0.88  -0.45   0.31  -0.27  -0.98  -0.69   0.85
  0.66   0.21   0.46   0.615 -0.62   0.76  -0.77  -0.38   0.74  -0.16
  0.62   0.09  -0.416  0.72   0.48   0.05  -0.48   1.584  0.2    0.2
  0.088 -0.14   0.94  -0.65  -0.55   0.02   0.13   0.07   0.53   0.13 ][ 4.7000000e-01 -6.0000000e-01  7.5000000e-01 -2.6000000e-01
 -9.6000000e-01  1.7000000e-01 -9.1000000e-01  3.0000000e-02
 -1.0000000e-02  8.2000000e-01  2.7000000e-01 -7.5000000e-01
  9.2000000e-01 -8.2000000e-01  7.9000000e-01  9.9000000e-01
 -8.7000000e-01  8.8817842e-16  7.6000000e-01  5.0000000e-02
 -8.0000000e-02 -6.6000000e-01  5.0000000e-02 -3.0000000e-02
 -2.6900000e-01 -9.2000000e-01  7.3000000e-01 -2.8000000e-01
  5.1000000e-01  1.2200000e-01 -6.2000000e-01 -3.3000000e-01
  3.6000000e-01 -4.5000000e-01 -7.9000000e-01  6.1000000e-01
  7.5000000e-01 -5.3000000e-01  6.5000000e-01  2.9000000e-01
 -2.0000000e-02  8.5100000e-01  1.0000000e-01  3.0000000e-01
  6.6000000e-01 -7.0000000e-01  5.0000000e-01 -5.5100000e-01
  7.3000000e-01 -8.5000000e-01  6.5000000e-01 -3.8400000e-01
 -1.6000000e-01  2.0000000e-01 -4.5000000e-01  3.1000000e-01
 -2.7000000e-01 -9.8000000e-01 -6.9000000e-01  8.5000000e-01
  6.6000000e-01 -4.2000000e-01  1.7000000e-01  2.0000000e-02
 -6.2000000e-01  7.6000000e-01 -7.7000000e-01 -3.8000000e-01
  7.4000000e-01 -1.6000000e-01  6.2000000e-01  9.0000000e-02
 -3.0000000e-02  7.2000000e-01  4.8000000e-01  2.8000000e-01
 -4.8000000e-01  5.6000000e-01  2.0000000e-01  2.0000000e-01
  8.8000000e-02 -1.4000000e-01  9.4000000e-01 -6.5000000e-01
  3.2000000e-01  2.0000000e-02  1.3000000e-01 -2.8000000e-01
  2.0000000e-01  8.7800000e-01]