[ 0.504 -0.59   0.75  -0.62  -0.96   0.17  -0.84  -0.785 -0.01   0.82
  1.866 -0.68   0.92  -1.397  0.79  -1.127 -0.87   0.06   0.69  -1.12
 -0.08  -0.346  0.75   0.17  -0.269 -0.94   0.73  -0.28  -0.257  0.16
  0.642  1.102  0.36  -0.45  -0.72   0.665  0.75  -0.53  -0.8    0.29
 -0.02   0.198  0.466 -0.508 -1.076 -0.07  -2.637  0.63  -0.121 -0.85
  0.65  -0.26  -0.16   0.2    0.347  0.81  -0.27  -1.247 -0.595 -0.141
 -0.82   0.21  -0.76   0.02  -0.62   0.68  -0.81  -0.031 -0.55   0.2
  0.62  -0.5   -0.03  -0.37  -0.98   0.05  -0.48   1.66   0.2    1.02
 -0.75  -0.14   1.439 -1.614 -0.55   0.02   0.13  -0.28   0.2    0.994][ 0.47  -0.59   0.75  -0.62  -0.96   0.17  -1.925 -0.039 -0.01   0.82
  1.866 -0.68   0.92  -1.397  0.888 -1.127 -0.87  -0.044  0.69  -1.136
 -0.08  -0.346  0.75   0.17   0.013 -0.94   0.73  -0.035 -0.257  0.953
  0.642  1.102  0.36  -0.45  -0.72   0.665  0.75  -0.53  -0.8    0.29
 -0.02   0.198  0.1    0.3   -1.076 -0.07  -1.662  0.63   0.677 -0.85
  0.65  -0.26  -0.16   0.2    0.347  0.81  -0.27  -1.247 -0.595 -0.141
 -0.82   0.21   0.17   0.02  -0.62   0.68  -0.81  -0.031 -0.55   0.2
  0.62  -0.5   -0.03  -0.37  -0.98   0.05  -0.48   1.584  0.2    1.02
 -0.75  -0.14   1.439 -0.65   0.022  0.02   0.13  -0.28   0.2    0.13 ][ 0.504 -0.59   0.75  -0.62   0.22   0.17  -0.91   0.03  -0.01   0.82
  1.47  -0.68   0.92  -1.397  0.79  -1.127 -0.87  -0.044  0.69  -1.136
 -0.08  -0.346  0.75   0.17  -0.269 -1.223  1.014 -0.28  -0.257  0.16
  0.95   1.102  0.36  -0.45  -0.72   0.665  0.75  -0.53  -0.8    0.29
 -0.02   0.198  0.1   -0.508 -1.076 -0.07  -1.088  0.63   0.677 -0.85
  0.65  -0.26  -0.16   0.2    0.347  0.81  -0.27  -1.247 -0.69  -0.141
 -0.86   0.21   0.17   0.02  -0.62   0.68  -0.81  -0.031 -0.55   0.2
  0.62  -0.5   -0.03  -0.37  -0.98   0.05  -0.48   1.66   0.2    1.02
 -0.75  -0.14   1.439 -0.65  -0.55   0.02   0.268 -0.28   0.2    0.13 ][ 0.47  -0.59   0.75  -0.62  -1.33   0.17  -0.97  -1.689 -0.01   0.82
  1.866 -0.68   0.92  -1.397  0.888 -1.127 -0.87   0.06   0.69  -1.136
 -0.08  -0.346  0.75   0.17   0.013 -0.94   0.73  -0.035 -0.257  0.16
  0.642  1.102  0.36  -0.45  -0.72   0.665  0.75  -0.53  -0.8    0.29
 -0.02   0.198  0.1    0.3   -1.076 -0.07  -1.673  0.63   0.677 -0.85
  0.65  -0.26  -0.16   0.2    0.347  0.81  -0.27  -1.247 -0.595  0.85
 -0.86   0.21   0.17   0.02  -0.62   0.68  -0.81  -0.031 -0.55   0.2
  0.62  -0.5   -0.03  -0.37  -0.98   0.05  -0.48   1.584  0.2    1.02
 -0.75  -0.14   1.439 -0.65   0.022  0.02   0.13  -0.28   0.2    0.13 ][ 0.504 -0.59   0.75  -0.62  -1.33   0.17  -0.97  -0.785 -0.01   0.82
  1.866 -0.68   0.92  -1.397  0.888 -1.127 -0.87   0.06   0.69  -0.15
 -0.08  -0.346  0.75   0.17   0.013 -0.94   0.73  -0.035 -0.257  0.16
  0.642  1.102  0.36  -0.45  -0.72   0.665  0.75  -0.53  -0.8    0.29
 -0.02   0.198  0.1    0.3   -1.076 -0.07  -1.673  0.63   0.677 -0.85
  0.65  -0.26  -0.16   0.2    0.347  0.81  -0.27  -1.247 -0.69   0.85
 -0.86   0.21  -0.76   0.02  -0.62   0.68  -0.81  -0.031 -0.55   0.2
  0.62  -0.5   -0.03  -0.37  -0.98   0.05  -0.48   1.584  0.2    1.02
 -0.75  -0.14   1.439 -0.65   0.022  0.02   0.13  -0.28   0.2    0.13 ][ 0.47  -0.59   0.75  -0.62  -0.96   0.17  -1.925 -0.785 -0.01   0.82
  1.866 -0.68   0.92  -1.397  0.79  -1.127 -0.87   0.06   0.69  -1.136
 -0.08  -0.346  0.75   0.17   0.013 -0.94   0.605 -0.035 -0.257  0.953
  0.642  1.102  0.36  -0.45  -0.72   0.665  0.75  -0.53  -0.8    0.29
 -0.02   0.198  0.1    0.3   -1.425 -0.07  -1.662  0.63   0.677 -0.85
  0.65  -0.26  -0.16   0.2    0.347  0.81  -0.27  -1.247 -0.595 -0.141
 -0.82   0.21   0.17   0.02  -0.62   0.68  -0.81  -0.031 -0.55   0.2
  0.62  -0.5   -0.03  -0.37  -0.98   0.05  -0.48   1.66   0.2    1.02
 -0.75  -0.14   1.439 -0.65   0.022  0.02   0.13  -0.28   0.2    0.994][ 0.504 -0.27   0.75  -0.603  0.22   0.17  -0.97  -0.785 -0.01   0.82
  0.923 -0.68   0.92  -1.397  0.79  -1.127 -0.87   0.06   0.69  -1.136
 -0.08  -0.346  0.75   0.17  -0.269 -0.94   0.73  -0.28  -0.257  0.16
  0.642  1.102  0.36  -0.45  -0.72   0.665  0.75  -0.53  -0.329  0.29
 -0.02   0.198  0.466  0.3   -1.076 -0.07  -1.088  0.63  -0.121 -0.85
  0.65  -0.26  -0.16   0.2    0.347  0.81  -0.399 -1.247 -0.595  0.939
 -0.82   0.21   0.17   0.02  -0.62   0.68  -0.81  -0.031 -0.55   0.2
  0.62  -0.5   -0.03  -0.37  -0.98   0.134 -0.48   1.663  0.2    1.02
 -0.75  -0.14   1.439 -0.65  -0.55   0.02   0.13  -0.28   0.2    0.13 ][ 0.504 -0.59   0.75  -0.62  -0.96   0.17  -0.84  -0.785 -0.01   0.82
  1.47  -0.68   0.92  -1.397  0.79  -1.127 -0.87   0.06   0.69  -1.136
 -0.08  -0.346  0.75   0.17  -0.269 -0.94   0.73  -0.28  -0.257  0.16
  0.642  1.102  0.36  -0.45  -0.72   0.665  0.75  -0.53  -0.8    0.29
 -0.02   0.198  0.466 -0.508 -1.425 -0.07  -1.673  0.63   0.677 -0.85
  0.65  -0.26  -0.16   0.2   -0.45   0.81  -0.27  -1.247 -0.69  -0.141
 -0.82   0.21   0.17   0.02  -0.62   0.68  -0.81  -0.143 -0.55   0.2
  0.62  -0.5   -0.03  -0.37  -0.98   0.05  -0.48   1.584  0.2    1.02
 -0.75  -0.14   1.439 -0.65  -0.55   0.02   0.13  -0.28  -0.682  0.994][ 0.504 -0.59   0.75  -0.62   0.22   0.17  -0.91  -0.039 -0.01   0.82
  0.923 -0.68   0.92  -1.397  0.888 -1.127 -0.87   0.06   0.69  -1.136
 -0.08  -0.346  0.75   0.17  -0.269 -1.223  0.73  -0.28  -0.257  0.16
  0.95   1.102  0.36  -0.45  -0.72   0.665  0.75  -0.599 -0.218  0.29
 -0.02   0.198  0.1    0.3   -1.076 -0.07  -1.088  0.63  -0.121 -0.85
  0.65  -0.26  -0.16   0.2    0.347  0.81  -0.399 -1.247 -0.69  -0.141
 -0.86   0.21   0.17   0.02  -0.62   0.68  -0.81  -0.031 -0.55   0.2
  0.62  -0.5   -0.03  -0.37  -0.98   0.05  -0.48   1.584  0.2    1.02
 -0.75  -0.14   1.439 -0.65  -0.55   0.02   0.268 -0.28   0.2    0.13 ][ 0.47  -0.59   0.75  -0.62  -0.96   0.17  -0.97  -0.785 -0.01   0.82
  1.866 -0.68   0.92  -1.397  0.888 -1.127 -0.87  -0.044  0.69  -1.622
 -0.08  -0.346  0.75   0.17  -0.269 -0.94   0.73  -0.035 -0.257  0.16
  0.642  1.102  0.36  -0.45  -0.72   0.665  0.75  -0.53  -0.8    0.29
 -0.02   0.198  0.1    0.3   -1.076 -0.07  -1.662  0.63   0.677 -0.85
  0.65  -0.26  -0.16   0.2    0.347  0.81  -0.27  -1.247 -0.69   0.85
 -0.82   0.21  -0.76   0.02  -0.62   0.68  -0.81  -0.031 -0.55   0.2
  0.62  -0.5   -0.03  -0.37  -0.98   0.05  -0.48   1.584  0.2    1.02
 -0.75  -0.14   1.439 -0.65  -0.55   0.02   0.13  -0.28   0.2    0.13 ][ 0.504 -0.59   0.75  -0.62  -0.96   0.17  -0.84   0.03  -0.01   0.82
  1.47  -0.68   0.92  -1.397  0.79  -1.127 -0.87   0.06   0.69  -1.136
 -0.08  -0.346  0.75   0.17  -0.269 -0.94   0.73  -0.28  -0.257  0.16
  0.642  1.102  0.36  -0.45  -0.72   0.665  0.75  -0.53  -0.8    0.29
 -0.02   0.198  0.466  0.3   -1.425 -0.07  -1.673  0.63   0.677 -0.85
  0.65  -0.26  -0.16   0.2    0.347  0.81  -0.27  -1.247 -0.69  -0.141
 -0.82   0.21   0.17   0.02  -0.62   0.68  -0.81  -0.031 -0.55   0.2
  0.62  -0.5   -0.03  -0.37  -0.98   0.05  -0.48   1.584  0.2    1.02
 -0.75  -0.14   1.439 -0.65  -0.55   0.02   0.268 -0.28  -0.682  0.13 ][ 0.504 -0.59   0.75  -0.62  -0.96   0.17  -0.84  -0.785 -0.01   0.82
  0.923 -0.68   0.92  -1.397  0.79  -1.127 -0.87  -0.044  0.69  -1.136
 -0.08  -0.346  0.75   0.17  -0.269 -1.223  0.73  -0.28  -0.257  0.16
  0.642  1.102  0.36  -0.45  -0.72   0.665  0.75  -0.53  -0.8    0.29
 -0.02   0.198  0.1    0.3   -1.076 -0.07  -1.088  0.63  -0.121 -0.85
  0.65  -0.26  -0.16   0.2    0.347  0.81  -0.27  -1.247 -0.733 -0.141
 -0.86   0.21   0.17   0.02  -0.62   0.68  -0.81  -0.031 -0.55   0.2
  0.62  -0.5   -0.03  -0.37  -0.98   0.05  -0.4    1.663  0.2    1.02
 -0.75  -0.14   1.439 -0.65  -0.55   0.02   0.13  -0.28   0.2    0.13 ][ 0.504 -0.59   0.75  -0.62   0.22   0.17  -0.97   0.03  -0.01   0.82
  0.591 -0.68   0.92  -2.353  0.79  -1.127 -0.87  -0.044  0.69  -0.15
 -0.08  -0.346  0.75   0.17  -0.269 -0.94   0.73  -0.035 -0.257  0.16
  0.642  1.102  0.36  -0.45  -0.72   0.665  0.75  -0.53  -0.8    0.29
 -0.02   0.198  0.466 -0.508 -1.425 -0.07  -1.088  0.897 -0.121 -0.85
  0.65  -0.26  -0.16   0.2    0.347  0.81  -0.27  -1.247 -0.69   0.85
 -0.82   0.21   0.17   0.02  -0.62   0.68  -0.81  -0.031 -0.55   0.2
  0.62  -0.5   -0.03  -0.37  -0.98   0.05  -0.48   1.623  0.2    1.02
 -0.75  -0.14   1.439 -0.65  -0.55   0.02   0.268 -0.28   0.2    0.13 ][ 0.504 -0.59   0.75  -0.62   0.22   0.17  -0.91  -0.039 -0.01   0.82
  1.47  -0.68   0.92  -1.397  0.79  -1.127 -0.87  -0.044  0.69  -1.136
 -0.08  -0.346  0.75   0.17  -0.269 -1.223  0.73  -0.28  -0.257  0.16
  0.95   1.102  0.36  -0.45  -0.72   0.665  0.75  -0.53  -0.218  0.29
 -0.02   0.198  0.1    0.3   -1.076 -0.07  -1.088  0.63  -0.121 -0.85
  0.65  -0.26  -0.16   0.2    0.347  0.81  -0.27  -1.247 -0.69  -0.141
 -0.86   0.21   0.17   0.02  -0.62   0.68  -0.81  -0.031 -0.55   0.2
  0.62  -0.5   -0.03  -0.37  -0.98   0.05  -0.48   1.66   0.2    1.02
 -0.75  -0.943  1.439 -0.65  -0.55   0.02   0.268 -0.28   0.2    0.13 ][ 0.504 -0.59   0.75  -0.62   0.22   0.17  -0.91   0.03  -0.01   0.82
  1.47  -0.68   0.92  -1.397  0.79  -1.127 -0.87  -0.044  0.69  -1.136
 -0.08  -0.346  0.75   0.17  -0.269 -0.94   1.014 -0.28  -0.257  0.16
  0.95   1.102  0.36  -0.45  -0.72   0.665  0.75  -0.599 -0.8    0.29
 -0.02   0.198  0.169 -0.508 -1.076 -0.07  -1.088  0.63  -0.121 -0.85
  0.65  -0.26  -0.16   0.2    0.347  0.81  -0.27  -1.247 -0.69  -0.141
 -0.86   0.21   0.17   0.057 -0.62   0.68  -0.81  -0.031 -0.55   0.441
  0.62  -0.5   -0.03  -0.37  -0.98   0.05  -0.48   1.584  0.2    1.02
 -0.75  -0.14   1.439 -0.65  -0.55   0.02   0.268 -0.28   0.2    0.13 ][ 0.504 -0.27   0.75  -0.603  0.22   0.17  -0.84  -0.785 -0.01   0.82
  0.923 -0.68   0.92  -1.397  0.79  -1.127 -0.87   0.06   0.69  -1.136
 -0.08  -0.346  0.75   0.17  -0.269 -0.94   0.73  -0.28  -0.257  0.16
  0.642  1.102  0.36  -0.45  -0.72   0.665  0.75  -0.53  -0.329  0.29
 -0.02   0.198  0.466  0.3   -1.076 -0.07  -1.081  0.63  -0.121 -0.85
  0.65  -0.26  -0.16   0.2    0.347  0.81  -0.399 -1.247 -0.595  0.939
 -0.82   0.21   0.17   0.02  -0.62   0.68  -0.81  -0.031 -0.55   0.2
  0.62  -0.5   -0.03  -0.37  -0.98   0.134 -0.48   1.663  0.2    1.02
 -0.75  -0.14   1.439 -0.65  -0.55   0.02   0.13  -0.28   0.2    0.13 ][ 0.47  -0.59   0.75  -1.542 -0.96   0.17  -0.84  -0.039 -0.01   0.82
  1.47  -0.68   0.92  -1.397  0.79  -1.127 -0.87  -0.044  0.69  -1.136
 -0.08  -0.346  0.75   0.17  -0.269 -0.94   0.73  -0.28  -0.257  0.16
  0.642  1.102  0.36  -0.45  -0.72   0.665  0.75  -0.53  -0.8    0.29
 -0.02   0.198  0.1    0.3   -1.425 -0.07  -1.673  0.63   0.677 -0.85
  0.65  -0.26  -0.16   0.2    0.347  0.81  -0.27  -1.247 -0.595 -0.141
 -0.82   0.21   0.17   0.02  -0.62   0.68  -0.81  -0.031 -0.55   0.2
  0.62  -0.5   -0.03  -0.37  -0.98   0.05  -0.48   1.584  0.2    1.02
 -0.75  -0.14   1.439 -0.65   0.022  0.02   0.268 -0.28  -0.682  0.13 ][ 0.504 -0.59   0.75  -0.62  -0.96   0.17  -0.97  -0.039 -0.01   0.82
  0.923 -0.68   0.92  -1.397  0.888 -1.127 -0.87   0.06   0.69  -1.136
 -0.08  -0.346  0.75   0.17  -0.269 -0.94   0.73  -0.28  -0.257  0.16
  0.642  1.102  0.36  -0.45  -0.72   0.665  0.75  -0.53  -0.8    0.29
 -0.02   0.198  0.466  0.3   -1.425 -0.07  -1.673  0.63   0.677 -0.85
  0.65  -0.26  -0.16   0.2    0.347  0.81  -0.27  -1.247 -0.69  -0.141
 -0.82   0.21   0.17   0.02  -0.62   0.68  -0.81  -0.031 -0.55   0.2
  0.54  -0.5   -0.03  -0.37  -0.98   0.05  -0.48   1.584  0.2    1.02
 -0.75  -0.14   1.439 -0.65   0.022  0.02   0.268 -0.28  -0.682  0.13 ][ 0.504 -0.59   0.75  -0.62  -0.96   0.17  -0.91   0.03  -0.01   0.82
  1.47  -0.68   0.92  -1.397  0.79  -1.127 -0.87  -0.044  0.69  -1.136
 -0.08  -0.346  0.75   0.17  -0.269 -0.94   0.73  -0.28  -0.257  0.16
  0.95   1.102  0.36  -0.45  -0.72   0.665  0.75  -0.53  -0.8    0.29
 -0.02   0.198  0.466 -0.508 -1.425 -0.07  -1.673  0.63   0.677 -0.85
  0.65  -0.26  -0.16   0.2    0.347  0.81  -0.27  -0.267 -0.69  -0.141
 -0.82   0.21   0.17   0.02  -0.62   0.68  -0.81  -0.031 -0.55   0.2
  0.62  -0.5   -0.03  -0.37  -0.98   0.05  -0.48   1.66   0.2    1.02
 -0.75  -0.14   1.439 -0.65  -0.55   0.02   0.268 -0.28   0.2    0.13 ][ 0.47  -0.59   0.75  -0.62  -0.96   0.17  -0.84  -0.785 -0.01   0.82
  1.866 -0.68   0.92  -1.397  0.79  -1.127 -0.87   0.06   0.69  -1.12
 -0.08  -0.346  0.75   0.17  -0.269 -0.94   0.73  -0.28  -0.257  0.16
  0.642  1.102  0.36  -0.45  -0.72   0.665  0.75  -0.53  -0.8    0.29
 -0.02   0.198  0.466 -0.508 -1.425 -0.07  -2.637  0.63   0.677 -0.85
  0.65  -0.26  -0.16   0.2   -0.45   0.81  -0.27  -1.247 -0.595 -0.141
 -0.82   0.21   0.17   0.02  -0.62   0.68  -0.81  -0.031 -0.55   0.2
  0.62  -0.5   -0.03  -0.37  -0.98   0.05  -0.48   1.66   0.2    1.02
 -0.75  -0.14   1.439 -0.65  -0.55   0.02   0.13  -0.28   0.2    0.994][ 0.504 -0.59   0.75  -0.62  -0.96   0.17  -0.91   0.03  -0.01   0.82
  1.47  -0.68   0.92  -1.397  0.79  -1.127 -0.87  -0.044  0.69  -1.136
 -0.08  -0.346  0.75   0.17  -0.269 -1.223  0.73  -0.28  -0.257  0.16
  0.95   1.102  0.36  -0.45  -0.72   0.665  0.75  -0.53  -0.8    0.29
 -0.02   0.198  0.1   -0.508 -1.076 -0.07  -1.662  0.63   0.677 -0.85
  0.65  -0.26  -0.16   0.2    0.347  0.81  -0.27  -1.247 -0.69  -0.141
 -0.82   0.21   0.17   0.02  -0.62   0.68  -0.81  -0.031 -0.55  -0.498
  0.62  -0.5   -0.03  -0.37  -0.98   0.05  -0.48   1.584  0.2    1.02
 -0.75  -0.14   1.439 -0.65   0.022  0.02   0.268 -0.28   0.2    0.13 ][ 0.504 -0.59   0.75  -0.62  -0.96   0.17  -0.97  -0.039 -0.01   0.82
  1.866 -0.68   0.92  -1.397  0.79  -1.127 -0.87   0.06   0.69  -1.12
 -0.08  -0.346  0.75   0.17  -0.269 -0.94   0.73  -0.28  -0.257  0.16
  0.642  1.102  0.36  -0.45  -0.72   0.665  0.75  -0.53  -0.8    0.29
 -0.02   0.198  0.466  0.168 -1.425 -0.07  -2.637  0.63   0.677 -0.85
  0.65  -0.26  -0.16   0.2   -0.45   0.81  -0.27  -1.247 -0.69  -0.141
 -0.82   0.21   0.17   0.02  -0.62   0.68  -0.81  -0.031 -0.55   0.2
  0.54  -0.5   -0.03  -0.37  -0.98   0.05  -0.48   1.584  0.2    1.02
 -0.75  -0.14   1.439 -0.65  -0.55   0.02   0.268 -0.28  -0.682  0.994][ 0.504 -0.59   0.75  -0.62  -0.96   0.17  -0.84  -0.785 -0.01   0.82
  0.923 -0.68   0.92  -1.737  0.79  -1.127 -0.87   0.06   0.69  -1.12
 -0.08  -0.346  0.75   0.17  -0.269 -1.223  0.73  -0.28  -0.257  0.16
  0.642  1.102  0.36  -0.45  -0.72   0.665  0.75  -0.53  -0.8    0.29
 -0.02   0.198  0.1    0.3   -1.076 -0.07  -1.088  0.63  -0.121 -0.85
  0.65  -0.26  -0.16   0.2    0.347  0.81  -0.27  -1.247 -0.595 -0.141
 -0.82   0.21   0.17   0.02  -0.62   0.68  -0.81  -0.031 -0.55   0.2
  0.62  -0.5   -0.03  -0.37  -0.98   0.05  -0.48   1.663  0.2    1.02
 -0.75  -0.14   1.439 -1.614 -0.55   0.02   0.13  -0.28   0.2    0.13 ][ 0.504 -0.59   0.75  -0.62   0.22   0.17  -0.97   0.03  -0.01   0.82
  1.47  -0.68   0.92  -2.353  0.79  -1.127 -0.87   0.06   0.69  -0.15
 -0.08  -0.346  0.75   0.17  -0.269 -0.94   0.73  -0.28  -0.257  0.16
  0.642  1.102  0.36  -0.45  -0.72   0.665  0.75  -0.53  -0.8    0.29
 -0.02   0.198  0.466 -0.508 -1.425 -0.07  -1.673  0.897 -0.121 -0.85
  0.65  -0.26  -0.16   0.2    0.347  0.81  -0.27  -1.247 -0.69   0.85
 -0.82   0.21   0.17   0.02  -0.62   0.68  -0.81  -0.031 -0.55   0.2
  0.62  -0.5   -0.03  -0.37  -0.387  0.05  -0.48   1.584  0.2    1.02
 -0.75  -0.14   1.439 -0.65  -0.55   0.02   0.268 -0.28   0.2    0.13 ][ 0.47  -0.59   0.75  -0.62  -0.96   0.17  -0.84  -0.039 -0.01   0.82
  1.866 -0.68   0.92  -1.397  0.79  -1.127 -0.87  -0.044  0.69  -1.136
 -0.08  -0.346  0.75   0.17  -0.269 -0.94   0.73  -0.28  -0.257  0.16
  0.642  1.102  0.36  -0.45  -0.72   0.665  0.75  -0.53  -0.8    0.29
 -0.02   0.198  0.466  0.3   -1.425 -0.07  -2.637  0.63   0.677 -0.85
  0.65  -0.26  -0.16   0.2    0.347  0.81  -0.27  -1.247 -0.595 -0.141
 -0.82   0.21   0.17   0.02  -0.62   0.68   0.111 -0.031 -0.55   0.2
  0.62  -0.5   -0.03  -0.37  -0.98   0.05  -0.48   1.584  0.2    1.02
 -0.75  -0.14   1.439 -0.65  -0.55   0.02   0.13  -0.28   0.2    0.13 ][ 0.504 -0.59   0.75  -0.62   0.22   0.17  -0.97   0.03  -0.01   0.82
  1.47  -0.68   0.92  -1.397  0.888 -1.127 -0.87   0.06   0.69  -0.15
 -0.08  -0.346  0.75   0.17  -0.269 -0.94   1.014 -0.28  -0.257  0.16
  0.95   1.102  0.36  -0.45  -0.72   0.665  0.75  -0.53  -0.8    0.29
 -0.02   0.198 -0.519  0.3   -1.076 -0.07  -1.673  0.63  -0.121 -0.85
  0.65  -0.26  -0.16   0.2    0.347  0.81  -0.27  -1.247 -0.69   0.85
 -0.86   0.21  -0.76   0.057 -0.62   0.68  -0.81  -0.031 -0.55   0.441
  0.62  -0.5   -0.03  -0.37  -0.98   0.05  -0.48   1.584  0.2    1.02
 -0.75  -0.14   1.439 -0.65  -0.55   0.02   0.13  -0.28   0.2    0.13 ][ 0.47  -0.59   0.75  -0.833 -0.96   0.17  -1.925 -1.689 -0.01   0.82
  1.866 -0.68   0.92  -1.397  0.888 -1.127 -0.87  -0.044  0.69  -1.136
 -0.08  -0.346  0.75   0.17   0.013 -0.94   0.73  -0.035 -0.257  0.16
  0.642  1.102  0.36  -0.45  -0.72   0.665  0.75  -0.53  -0.8    0.29
 -0.02   0.198  0.1    0.3   -1.076 -0.07  -1.662  0.63   0.677 -0.85
  0.65  -0.26  -0.16   0.2    0.347  0.81  -0.27  -1.247 -0.595  0.85
 -0.86   0.21   0.17   0.02  -0.62   0.68  -0.81  -0.031 -0.55   0.2
  0.62  -0.5   -0.03  -0.37  -0.98   0.05  -0.48   1.584  0.2    1.02
 -0.75  -0.14   1.439 -0.65   0.022  0.02   0.13  -0.28   0.2    0.13 ][ 0.47  -0.59   0.75  -0.62  -0.469  0.17  -0.97  -1.689 -0.01   0.82
  0.923 -0.68   0.92  -1.397  0.888 -1.127 -0.87   0.06   0.69  -1.136
 -0.08  -0.346  0.75   0.17   0.013 -0.94   0.73  -0.28  -0.257  0.16
  0.642  1.102  0.36  -0.45  -0.72   0.665  0.75  -0.53  -0.8    0.29
 -0.02   0.198  0.1    0.3   -1.076 -0.07  -1.673  0.63   0.677 -0.85
  0.65  -0.26  -0.16   0.2    0.347  0.81  -0.27  -1.247 -0.69   0.85
 -0.86   0.21   0.17   0.02  -0.62   0.68  -0.81  -0.031 -0.55   0.2
  0.62  -0.5   -0.03  -0.37  -0.98   0.05  -0.48   1.584  0.2    1.02
 -0.75  -0.14   1.439 -0.65   0.022  0.02   0.268 -0.28  -0.682  0.13 ][ 0.504 -0.27   0.75  -0.603  0.22   0.17  -0.91  -0.785 -0.01   0.82
  0.923 -0.68   0.92  -1.397  0.79  -1.127 -0.87  -0.044  0.69  -1.136
 -0.08  -0.346  0.887  0.17  -0.269 -0.94   1.014 -0.28  -0.257  0.16
  0.642  1.102  0.36  -0.45  -0.72   0.665  0.75  -0.599 -0.8    0.29
 -0.02   0.198  0.466  0.3   -1.076 -0.07  -1.088  0.63  -0.121 -0.85
  0.65  -0.26  -0.16   0.2    0.347  0.81  -0.399 -1.247 -0.69  -0.141
 -0.86   0.21   0.17   0.02  -0.62   0.68  -0.81  -0.031 -0.55   0.441
  0.62  -0.5   -0.03  -0.37  -0.98   0.134 -0.48   1.584  0.2    1.02
 -0.75  -0.14   1.439 -0.65  -0.55   0.02   0.13  -0.28   0.2    0.13 ][ 0.47  -0.59   0.75  -0.62  -0.96   0.123 -0.84  -0.039 -0.01   0.82
  1.866 -0.68   0.92  -1.397  0.79  -1.127 -0.87   0.06   0.69  -1.12
 -0.08  -0.346  0.75   0.17  -0.269 -0.94   0.73  -0.28  -0.257  0.16
  0.642  1.102  0.36  -0.45  -0.72   0.665  0.75  -0.53  -0.8    0.29
 -0.02   0.198  0.466  0.3   -1.425 -0.07  -2.637  0.63   0.677 -0.85
  0.65  -0.26  -0.16   0.2    0.347  0.81  -0.27  -1.247 -0.595 -0.141
 -0.82   0.21   0.17   0.02  -0.62   0.68  -0.81  -0.031 -0.55   0.2
  0.62  -0.5   -0.03  -0.37  -0.98   0.05  -0.48   1.66   0.2    1.02
 -0.75  -0.14   1.439 -0.65  -0.55   0.02   0.13  -0.28  -0.682  0.994][ 0.504 -0.59   1.312 -0.62   0.22   0.17  -0.91   0.03  -0.01   0.82
  0.923 -0.68   0.92  -1.397  0.79  -1.127 -0.87  -0.044  0.69  -1.136
 -0.08  -0.346  0.75   0.17  -0.269 -1.223  0.73  -0.28  -0.257  0.16
  0.95   1.102  0.36  -0.45  -0.72   0.665  0.75  -0.599 -0.218  0.29
 -0.02   0.198  0.1    0.3   -1.076 -0.07  -1.088  0.63  -0.121 -0.85
  0.65  -0.26  -0.16   0.2    0.347  0.81  -0.27  -1.247 -0.69  -0.141
 -0.86   0.21   0.17   0.02  -0.62   0.68  -0.81  -0.031 -0.55   0.441
  0.62  -0.5   -0.03  -0.37  -0.98   0.05  -0.48   1.584  0.2    1.02
 -0.75  -0.14   1.439 -0.65  -0.55   0.02   0.268 -0.28   0.2    0.13 ][ 0.504 -0.59   0.75  -0.62  -0.96   0.17  -0.84  -0.785 -0.01   0.82
  1.866 -0.68   0.92  -1.397  0.79  -1.127 -0.87   0.06   0.69  -1.12
 -0.08  -0.346  0.75   0.17  -0.269 -0.94   0.73  -0.28  -0.257  0.16
  0.642  1.102  0.36  -0.45  -0.72   0.665  0.75  -0.53  -0.8    0.29
 -0.02   0.198  0.466  0.3   -1.076 -0.07  -1.673  0.63   0.677 -0.85
  0.65  -0.26  -0.16   0.2    0.347  0.81  -0.27  -1.247 -0.005 -0.141
 -0.82   0.21   0.17   0.02  -0.62   0.68  -0.81  -0.031 -0.55   0.2
  0.62  -0.5   -0.03  -0.37  -0.98   0.05  -0.48   1.66   0.2    1.02
 -0.75  -0.14   1.439 -1.614 -0.55   0.02   0.268 -0.28   0.2    0.13 ][ 0.47  -0.59   0.75  -0.62  -0.96   0.17  -0.97  -0.785 -0.01   0.82
  1.866  0.093  0.92  -1.397  0.79  -1.127 -0.87   0.06   0.69  -1.136
 -0.08  -0.346  0.75   0.17   0.013 -0.94   0.73  -0.035 -0.257  0.16
  0.642  1.102  0.36  -0.45  -0.72   0.665  0.75  -0.53  -0.8    0.29
 -0.02   0.198  0.1    0.3   -1.425 -0.07  -1.673  0.63   0.677 -0.85
  0.65  -0.26  -0.16   0.2    0.347  0.81  -0.27  -1.247 -0.595 -0.141
 -0.82   0.21   0.17   0.02  -0.62   0.68  -0.81  -0.031 -0.55   0.2
  0.62  -0.5   -0.03  -0.37  -0.98   0.05  -0.48   1.584  0.2    1.02
 -0.75  -0.14   1.439 -0.65  -0.55   0.02   0.13  -0.28   0.2    0.13 ][ 0.504 -0.59   0.75  -0.62   0.22   0.17  -0.84  -0.785 -0.01   0.82
  1.866 -0.68   0.92  -1.397  0.79  -1.127 -0.87   0.06   0.69  -1.136
 -0.08  -0.346  0.75   0.17  -0.269 -0.94   0.73  -0.146 -0.257  0.16
  0.642  1.102  0.36  -0.45  -0.72   0.665  0.75  -0.53  -0.8    0.29
 -0.02   0.198  0.169 -0.508 -1.425 -0.07  -2.637  0.63  -0.121 -0.85
  0.65  -0.26  -0.16   0.2   -0.45   0.81  -0.27  -1.247 -0.595 -0.141
 -0.82   0.21   0.17   0.057 -0.62   0.68  -0.81  -0.031 -0.55   0.2
  0.62  -0.5   -0.03  -0.37  -0.98   0.05  -0.48   1.66   0.2    1.02
 -0.75  -0.14   1.439 -0.65  -0.55   0.02   0.13  -0.28   0.2    0.994][ 0.504 -0.59   0.75  -0.603 -0.96   0.17  -0.84  -0.785 -0.01   0.82
  0.923 -0.68   0.92  -1.397  0.79  -1.127 -0.87   0.06   0.69  -1.12
 -0.08  -0.346  0.75   0.17  -0.269 -0.94   0.73  -0.28  -0.257  0.16
  0.642  1.102  0.36  -0.45  -0.72   0.665  0.75  -0.53  -0.8    0.29
 -0.02   1.046  0.466 -0.508 -1.425 -0.07  -1.081  0.63   0.677 -0.85
  0.65  -0.26  -0.16   0.2    0.347  0.81  -0.399 -1.247 -0.595  0.939
 -0.82   0.21   0.17   0.02  -0.62   0.68  -0.81  -0.031 -0.55   0.2
  0.62  -0.5   -0.03  -0.37  -0.98   0.134 -0.48   1.66   0.2    1.02
 -0.75  -0.14   1.439 -0.65  -0.55   0.02   0.13  -0.28   0.2    0.13 ][ 0.504 -0.59   0.75  -0.62  -0.96   0.17  -0.97  -0.039 -0.01   0.82
  1.866 -0.68   0.92  -1.397  0.888 -1.127 -0.87   0.06   0.69  -1.136
 -0.08  -0.346  0.75   0.17  -0.269 -0.94   0.73  -0.035 -0.257  0.16
  0.642  1.102  0.36  -1.111 -0.72   0.665  0.75  -0.53  -0.8    0.29
 -0.02   0.198  0.466  0.3   -1.076 -0.07  -1.673  0.63   0.677 -0.85
  0.65  -0.26  -0.16   0.2    0.347  0.81  -0.27  -1.247 -0.69  -0.141
 -0.82   0.21   0.17   0.02  -0.62   0.68  -0.81  -0.031 -0.55   0.2
  0.54  -0.5   -0.03  -0.37  -0.98   0.05  -0.48   1.584  0.2    1.02
 -0.75  -0.14   1.439 -0.65   0.022  0.02   0.13  -0.28   0.2    0.13 ][ 0.504 -0.59   0.75  -0.62  -0.96   0.17  -0.84  -0.785 -0.01   0.82
  0.923 -0.68   0.92  -1.397  0.79  -1.127 -0.87  -0.044  0.69  -1.12
 -0.08  -0.346  0.75   0.17  -0.269 -0.94   0.73  -0.28  -0.257  0.16
  0.642  1.102  0.36  -0.45  -0.72   0.665  0.75  -0.53  -0.8    0.29
 -0.02   0.198  0.1    0.3   -1.076 -0.07  -1.088  0.63   0.407 -0.85
  0.65  -0.26  -0.16   0.2    0.347  0.81  -0.27  -1.247 -0.595 -0.141
 -0.82   0.21  -0.76   0.02  -0.62   0.68  -0.81  -0.031 -0.55   0.2
  0.62  -0.5   -0.03  -0.37  -0.98   0.05  -0.4    1.663  0.2    1.02
 -0.75  -0.14   1.439 -0.65  -0.55   0.02   0.13  -0.28   0.2    0.994][ 0.47  -0.59   0.75  -0.62  -0.96   0.17  -0.84  -0.785 -0.01   0.82
  1.866 -0.68   0.92  -1.397  0.79  -1.127 -0.87   0.06   0.69  -1.136
 -0.08  -0.346  0.75   0.17  -0.269 -0.94   0.73  -0.28  -0.257  0.953
  0.642  1.102  0.36  -0.45  -1.066  0.665  0.75  -0.53  -0.8    0.29
 -0.02   0.198  0.1    0.3   -1.425 -0.07  -1.673  0.63   0.677 -0.85
  0.65  -0.26  -0.16   0.2    0.347  0.81  -0.27  -1.247 -0.69  -0.141
 -0.82   0.21   0.17   0.02  -0.62   0.68  -0.81  -0.031 -0.55   0.2
  0.62  -0.5   -0.03  -0.37  -0.98   0.05  -0.48   1.66   0.2    1.02
 -0.75  -0.14   1.439 -0.65   0.022  0.02   0.268 -0.28  -0.682  0.13 ][ 4.70000000e-01 -5.90000000e-01  2.22044605e-16 -6.20000000e-01
 -9.60000000e-01  1.70000000e-01 -8.40000000e-01 -7.85000000e-01
 -1.00000000e-02  8.20000000e-01  1.86600000e+00 -6.80000000e-01
  9.20000000e-01 -1.39700000e+00  7.90000000e-01 -1.12700000e+00
 -8.70000000e-01 -4.40000000e-02  6.90000000e-01 -1.13600000e+00
 -8.00000000e-02 -3.46000000e-01  7.50000000e-01  1.70000000e-01
  1.30000000e-02 -9.40000000e-01  7.30000000e-01 -3.50000000e-02
 -2.57000000e-01  1.60000000e-01  6.42000000e-01  1.10200000e+00
  3.60000000e-01 -4.50000000e-01 -7.20000000e-01  6.65000000e-01
  7.50000000e-01 -5.30000000e-01 -8.00000000e-01  2.90000000e-01
 -2.00000000e-02  1.98000000e-01  4.66000000e-01  3.00000000e-01
 -1.42500000e+00 -7.00000000e-02 -2.63700000e+00  6.30000000e-01
  6.77000000e-01 -8.50000000e-01  6.50000000e-01 -2.60000000e-01
 -1.60000000e-01  2.00000000e-01  3.47000000e-01  8.10000000e-01
 -2.70000000e-01 -1.24700000e+00 -5.95000000e-01 -1.41000000e-01
 -8.20000000e-01  2.10000000e-01  1.70000000e-01  2.00000000e-02
 -6.20000000e-01  6.80000000e-01 -8.10000000e-01 -3.10000000e-02
 -5.50000000e-01  2.00000000e-01  6.20000000e-01 -5.00000000e-01
 -3.00000000e-02 -3.70000000e-01 -9.80000000e-01  5.00000000e-02
 -4.80000000e-01  1.66000000e+00  2.00000000e-01  1.02000000e+00
 -7.50000000e-01 -1.40000000e-01  1.43900000e+00 -6.50000000e-01
  2.20000000e-02  2.00000000e-02  1.30000000e-01 -2.80000000e-01
  2.00000000e-01  9.94000000e-01][ 0.504 -0.59   0.75  -0.62  -1.33   0.17  -0.97  -1.689 -0.01   0.82
  1.866 -0.68   0.92  -1.397  0.79  -1.127 -0.87   0.06   0.69  -1.136
 -0.08  -0.346  0.75   0.17  -0.269 -0.94   0.73  -0.28  -0.257  0.16
  0.642  1.102  0.36  -0.45  -0.72   0.665  0.75  -0.53  -0.8    0.29
 -0.02   0.198  0.466  0.3   -1.076 -0.07  -2.066  0.63  -0.121 -0.85
  0.65  -0.26  -0.16   0.2    0.347  0.81  -0.27  -1.247 -0.595 -0.141
 -0.86   0.21   0.17   0.02  -0.62   0.68  -0.81  -0.031 -0.55   0.2
  0.62  -0.5   -0.03  -0.37  -0.98   0.05  -0.48   1.584  0.2    1.02
 -0.75  -0.14   1.439 -0.65   0.022  0.02   0.13  -0.28   0.2    0.994][ 1.029 -0.59   0.75  -0.62  -0.96   0.17  -0.97  -0.039 -0.01   0.82
  1.866 -0.68   0.92  -1.397  0.888 -1.127 -0.87  -0.044  0.69  -1.136
 -0.08  -0.346  0.75   0.17   0.013 -0.94   0.73  -0.28  -0.257  0.953
  0.642  1.102  0.36  -0.45  -0.72   0.665  0.75  -0.53  -0.8    0.29
 -0.02   0.198  0.1    0.3   -1.076 -0.07  -1.673  0.63   0.677 -0.85
  0.65  -0.26  -0.16   0.2    0.347  0.81  -0.27  -1.247 -0.69  -0.141
 -0.82   0.21   0.17   0.02  -0.62   0.68  -0.81  -0.031 -0.55   0.2
  0.54  -0.5   -0.03  -0.37  -0.98   0.05  -0.48   1.584  0.2    1.02
 -0.75  -0.14   1.439 -0.65   0.022  0.02   0.13  -0.28   0.2    0.13 ][ 0.47  -0.59   0.75  -0.62  -0.96   0.17  -0.84  -0.785 -0.01   0.82
  1.866 -0.68   0.92  -1.559  0.888 -1.127 -0.87  -0.044  0.69  -1.12
 -0.08  -0.346  0.75   0.17  -0.269 -0.94   0.73  -0.035 -0.257  0.16
  0.642  1.102  0.36  -0.45  -0.72   0.665  0.75  -0.53  -0.8    0.29
 -0.02   0.198  0.1   -0.508 -1.076 -0.07  -2.637  0.63   0.677 -0.85
  0.65  -0.26  -0.16   0.2   -0.45   0.81  -0.27  -1.247 -0.595 -0.141
 -0.82   0.21  -0.76   0.02  -0.62   0.68  -0.81  -0.031 -0.55   0.2
  0.62  -0.5   -0.03  -0.37  -0.98   0.05  -0.48   1.584  0.2    1.02
 -0.75  -0.14   1.439 -0.65  -0.55   0.02   0.13  -0.28   0.2    0.13 ][ 0.504 -0.59   0.75  -0.62  -0.96   0.17  -0.84  -0.785 -0.01   0.82
  0.923 -0.68   0.92  -1.397  0.79  -1.127 -0.87   0.06   0.69  -1.136
 -0.08  -0.346  0.75   0.17  -0.269 -0.94   0.605 -0.035 -0.257  0.16
  0.642  1.102  0.36  -0.45  -0.72   0.228  0.75  -0.53  -0.8    0.29
 -0.02   0.198  0.1    0.3   -1.425 -0.07  -1.088  0.63   0.677 -0.85
  0.65  -0.26  -0.16   0.2    0.347  0.81  -0.27  -1.247 -0.733 -0.141
 -0.86   0.21   0.17   0.02  -0.62   0.68  -0.81  -0.031 -0.55   0.2
  0.62  -0.5   -0.03  -0.37  -0.98   0.05  -0.4    1.66   0.2    1.02
 -0.75  -0.14   1.439 -0.65  -0.55   0.02   0.13  -0.28   0.2    0.994][ 0.504 -0.59   0.75  -0.62  -0.96   0.17  -0.84   0.03  -0.01   0.82
  1.866 -0.68   0.92  -1.397  0.79  -1.127 -0.87   0.06   0.69  -1.136
 -0.08  -0.346  0.75   0.17  -0.269 -0.94   0.73  -0.28  -0.257  0.16
  0.642  1.102  0.36  -0.45  -0.72   0.665  0.75  -0.53  -0.8    0.29
 -0.02   0.198  0.466 -0.508 -1.425 -0.07  -2.637  0.63   0.677 -0.85
  0.65  -0.26  -0.16   0.2    0.347  0.81  -0.27  -1.247 -0.595 -0.141
 -0.82   0.21   0.17   0.02  -0.62   0.68  -0.81  -0.031 -0.55   0.2
  0.62  -0.5   -0.03  -0.37  -0.98   0.05  -0.48   1.584  0.2    1.02
 -0.75  -0.14   1.439 -0.65  -1.295  0.02   0.268 -0.28  -0.682  0.13 ][ 0.504 -0.59   0.75  -0.62  -1.33   0.17  -0.91  -0.785 -0.01   0.82
  1.866 -0.68   0.92  -1.397  0.888 -1.127 -0.87   0.06   0.69  -1.136
 -0.08  -0.346  0.75   0.17   0.013 -1.223  0.73  -0.28  -0.257  0.16
  0.642  1.102  0.36  -0.45  -0.72   0.665  0.75  -0.599 -0.218  0.29
 -0.02   0.198  0.1    0.3   -1.076 -0.07  -1.088  0.63   0.677 -0.85
  0.65  -0.26  -0.16   0.2    0.347  0.81  -0.27  -1.247 -0.69   0.85
 -1.434  0.21  -0.76   0.02  -0.62   0.68  -0.81  -0.031 -0.55   0.2
  0.62  -0.5   -0.03  -0.37  -0.98   0.05  -0.48   1.584  0.2    1.02
 -0.75  -0.14   1.439 -0.65  -0.55   0.02   0.268 -0.28   0.2    0.13 ][ 0.47  -0.59   0.75  -0.62  -0.96   0.17  -1.925 -0.785 -0.01   0.82
  1.866 -0.68   0.92  -1.397  0.888 -1.127 -0.87  -0.044  0.69  -1.12
 -0.08  -0.346  0.75   0.17  -0.269 -0.94   0.73  -0.28  -0.257  0.953
  0.642  1.102  0.36  -0.45  -0.72   0.665  0.75  -0.53  -0.8    0.29
 -0.02   0.198  0.466  0.3   -1.076 -0.07  -2.637  0.63  -0.121 -0.85
  0.65  -0.26  -0.16   0.2    0.347  0.81  -0.27  -1.247 -0.595 -0.141
 -0.82   0.21   0.17   0.02  -0.62   0.68  -0.81  -0.031 -0.55   0.2
  0.62  -0.5    0.081 -0.37  -0.98   0.05  -0.48   1.66   0.2    1.02
 -0.75  -0.14   1.439 -1.614 -0.55   0.02   0.13  -0.28   0.2    0.13 ][ 0.47  -0.59   0.75  -0.62  -0.96   0.17  -1.925 -0.039 -0.01   0.82
  1.866 -0.68   0.92  -1.397  0.888 -1.127 -0.87   0.06   0.69  -1.12
 -0.08  -0.346  0.75   0.17   0.013 -0.94   0.73  -0.28  -0.257  0.16
  0.642  1.102  0.36  -0.45  -0.72   0.665  0.75  -0.53  -0.8    0.29
 -0.02   0.198  0.466 -0.508 -1.425 -0.07  -2.637  0.63   0.677 -0.85
  0.65  -0.26  -0.16   0.2    0.347  0.81  -0.27  -1.247 -0.595 -0.141
 -0.82   0.21   0.17   0.02  -0.62   0.68  -0.81  -0.031 -0.55   0.2
  0.62  -0.5   -0.03  -0.37  -0.98   0.05  -0.48   1.584  0.2    1.02
 -0.75  -0.14   1.439 -0.65  -0.55  -0.576  0.13  -0.28   0.2    0.994][ 0.47  -0.59   0.75  -0.62  -0.96   0.17  -0.91   0.03  -0.01   0.82
  1.866 -0.68   0.92  -1.397  0.888 -1.127 -0.87   0.06   0.69  -1.136
 -0.08  -0.346  0.75   0.17  -0.269 -0.94   0.73  -0.28  -0.257  0.16
  0.642  1.102  0.36  -0.45  -0.72   0.665  0.75  -0.53  -0.8    0.29
 -0.02   0.198  0.466  0.3   -1.425 -0.07  -1.673  0.63   0.677 -0.85
  0.65  -0.26  -0.16   0.2    0.347  0.81  -0.27  -0.267 -0.69  -0.141
 -0.82   0.21   0.17   0.02  -0.62   0.68  -0.81  -0.031 -0.55   0.2
  0.62  -0.5   -0.03  -0.37  -0.98   0.05  -0.48   1.66   0.418  1.02
 -0.75  -0.14   1.439 -0.65   0.022  0.02   0.13  -0.28   0.2    0.13 ][ 0.504 -0.59   0.75  -0.62  -1.33   0.17  -0.97   0.03  -0.01   0.82
  1.866 -0.68   0.92  -1.397  0.888 -1.127 -1.836  0.06   0.69  -1.136
 -0.08  -0.346  0.75   0.17  -0.269 -0.94   0.73  -0.035 -0.257  0.16
  0.642  1.102  0.36  -0.45  -0.72   0.665  0.75  -0.53  -0.8    0.29
 -0.02   0.198  0.1    0.3   -1.425 -0.07  -1.673  0.63   0.677 -0.85
  0.65  -0.26  -0.16   0.2    0.347  0.81  -0.27  -1.247 -0.69  -0.141
 -0.82   0.21   0.17   0.02  -0.62   0.68  -0.81  -0.031 -0.55   0.2
  0.62  -0.5   -0.03  -0.37  -0.98   0.05  -0.48   1.584  0.2    1.02
 -0.75  -0.14   1.439 -0.65  -0.55   0.02   0.268 -0.28   0.2    0.13 ][ 0.504 -0.59   0.75  -0.62  -1.33   0.17  -0.97   0.03  -0.01   0.82
  0.591 -0.68   0.92  -2.353  0.888 -1.127 -0.87   0.06   0.69  -0.15
 -0.08  -0.346  0.75   0.17   0.013 -0.94   0.73  -0.035 -0.257  0.16
  0.642  1.102  0.36  -0.45  -0.533  0.665  0.75  -0.53  -0.8    0.29
 -0.02   0.198  0.466  0.3   -1.076 -0.07  -1.088  0.63   0.677 -0.85
  0.65  -0.26  -0.16   0.2    0.347  0.81  -0.27  -1.247 -0.595  0.85
 -0.82   0.21   0.17   0.02  -0.62   0.68  -0.81  -0.031 -0.55   0.2
  0.62  -0.5   -0.03  -0.37  -0.98   0.05  -0.48   1.584  0.2    1.02
 -0.75  -0.14   1.439 -0.65   0.022  0.02   0.268 -0.28   0.2    0.13 ][ 0.504 -0.59   0.75  -0.62  -0.96   0.17  -0.91  -0.785 -0.01   0.82
  1.866 -0.68   0.92  -1.397  0.655 -1.127 -0.87  -0.044  0.69  -1.136
 -0.08  -0.346  0.75   0.17  -0.269 -0.94   0.73  -0.28  -0.257  0.16
  0.642  1.102  0.36  -0.45  -0.72   0.665  0.75  -0.53  -0.8    0.29
 -0.02   0.198  0.466 -0.508 -1.425 -0.07  -2.637  0.63   0.677 -0.85
  0.65  -0.26  -0.16   0.2    0.347  0.81  -0.27  -1.247 -0.69  -0.141
 -0.82   0.21   0.17   0.02  -0.62   0.68  -0.81  -0.031 -0.55   0.2
  0.62  -0.5   -0.03  -0.37  -0.98   0.05  -0.48   1.66   0.2    1.02
 -0.75  -0.14   1.439 -0.65  -0.55   0.02   0.13  -0.28   0.2    0.994][ 0.47  -0.59   0.75  -0.62  -0.96   0.17  -1.925 -0.785 -0.01   0.82
  1.866 -0.68   0.92  -1.397  0.888 -1.127 -0.87   0.06   0.69  -1.136
 -0.08  -0.346  0.75   0.17   0.013 -0.94   0.73  -0.035 -0.257  0.953
  0.642  1.102  0.36  -0.45  -0.72   0.665  0.75  -0.53  -0.8    0.29
 -0.02   0.198  0.1    0.3   -1.076 -0.07  -1.662  0.63   0.677 -0.85
  0.65  -0.26  -0.16   0.2    0.347  0.81  -0.27  -1.247 -0.595 -0.141
 -0.82   0.21   0.17   0.02  -0.62   0.68  -0.81  -0.031 -0.55   0.2
  0.62  -0.5   -0.03  -0.37  -0.98   0.05  -0.48   2.428  0.2    1.02
 -0.75  -0.14   1.439 -0.65   0.022  0.02   0.13  -0.28   0.2    0.994][ 0.504 -0.27   0.75  -0.62   0.22   0.17  -0.91  -0.785 -0.01   0.82
  0.923 -0.68   0.92  -1.397  0.79  -1.127 -0.87   0.06   0.69  -1.136
 -0.08  -0.346  0.75   0.17  -0.269 -0.94   0.73  -0.28  -0.257 -0.191
  0.642  1.102  0.36  -0.45  -0.72   0.665  0.75  -0.599 -0.329  0.29
 -0.02   0.198  0.1    0.3   -1.076 -0.07  -1.088  0.63  -0.121 -0.85
  0.65  -0.26  -0.16   0.2    0.347  0.81  -0.399 -1.247 -0.595 -0.141
 -0.82   0.21   0.17   0.02  -0.62   0.68  -0.81  -0.031 -0.55   0.2
  0.62  -0.5   -0.03  -0.37  -0.98   0.134 -0.48   1.663  0.2    1.02
 -0.75  -0.14   1.439 -0.65  -0.55   0.02   0.268 -0.28   0.2    0.13 ][ 0.47  -0.59   0.75  -0.62   0.22   0.17  -0.84  -0.785 -0.01   0.82
  1.866 -0.68   0.92  -1.397  0.79  -1.127 -0.87   0.06   0.69  -1.523
 -0.08  -0.346  0.75   0.17  -0.269 -0.94   0.73  -0.28  -0.257  0.16
  0.642  1.102  0.36  -0.45  -0.72   0.665  0.75  -0.599 -0.218  0.29
 -0.02   0.198  0.466 -0.508 -1.425 -0.07  -1.088  0.63  -0.121 -0.85
  0.65  -0.26  -0.16   0.2   -0.45   0.81  -0.27  -1.247 -0.69  -0.141
 -0.86   0.21   0.17   0.02  -0.62   0.68  -0.81  -0.031 -0.55   0.2
  0.62  -0.5   -0.03  -0.37  -0.98   0.05  -0.48   1.584  0.2    1.02
 -0.75  -0.14   1.439 -0.65  -0.55   0.02   0.13  -0.28   0.2    0.994][ 0.504 -0.59   0.75  -0.62   0.22   0.17  -0.91   0.03  -0.01   0.82
  1.866 -0.68   0.92  -1.397  0.79  -1.127 -0.87  -0.044  0.69  -1.136
 -0.08  -0.346  0.75   0.17  -0.269 -0.94   0.73  -0.035 -0.257  0.16
  0.642  1.102  0.36  -0.507 -0.72   0.665  0.75  -0.53  -0.8    0.29
 -0.02   0.198  0.169 -0.508 -1.076 -0.07  -1.673  0.63  -0.121 -0.85
  0.65  -0.26  -0.16   0.2    0.347  0.81  -0.27  -1.247 -0.69   0.85
 -0.86   0.21   0.17   0.02  -0.62   0.68  -0.81  -0.031 -0.55   0.2
  0.62  -0.5   -0.03  -0.37  -0.98   0.05  -0.48   1.584  0.2    1.02
 -0.75  -0.14   1.439 -0.65  -0.55   0.02   0.13  -0.28   0.2    0.13 ][ 0.47  -0.59   0.75  -0.62  -0.96   0.17  -1.925 -0.039 -0.01   0.82
  1.866 -0.68   0.92  -1.397  0.888 -1.127 -0.87   0.06   0.69  -1.136
 -0.08  -0.346  0.75   0.17   0.013 -0.94   0.605 -0.035 -0.257  0.953
  0.642  1.845  0.36  -0.45  -0.72   0.665  0.75  -0.53  -0.8    0.29
 -0.02   0.198  0.1    0.3   -1.425 -0.07  -1.662  0.63   0.677 -0.85
  0.65  -0.26  -0.16   0.2    0.347  0.81  -0.27  -1.247 -0.595 -0.141
 -0.82   0.21   0.17   0.02  -0.62   0.68  -0.81  -0.031 -0.55   0.2
  0.62  -0.5   -0.03  -0.37  -0.98   0.05  -0.48   1.66   0.2    1.02
 -0.75  -0.14   1.439 -0.65   0.022  0.02   0.13  -0.28   0.2    0.994][ 0.47  -0.59   0.75  -0.62   0.22   0.17  -0.91   0.03  -0.01   0.82
  1.47  -0.68   0.92  -1.397  0.79  -1.127 -0.87  -0.044  0.69  -1.12
 -0.08  -0.346  0.75   0.17  -0.269 -0.94   0.73  -0.28  -0.257  0.16
  0.95   1.102  0.36  -0.45  -0.72   0.665  0.75  -0.599 -0.8    0.29
 -0.02   0.198  0.466 -0.508 -1.425 -0.07  -1.088  0.63  -0.121 -0.85
  0.65  -0.26  -0.16   0.2    0.347  0.81  -0.27  -1.247 -0.595 -0.141
 -0.86   0.21  -0.175  0.02  -0.62   0.68  -0.81  -0.031 -0.55   0.441
  0.62  -0.5   -0.03  -0.37  -0.98   0.05  -0.48   1.584  0.2    1.02
 -0.75  -0.14   1.439 -0.65  -0.55   0.02   0.268 -0.28   0.2    0.994][ 0.504 -0.27   0.75  -0.603  0.22   0.17  -0.84  -0.785 -0.01   0.82
  1.47  -0.68   0.92  -1.397  0.79  -1.127 -0.87  -0.044  0.69  -1.136
 -0.08  -0.346  0.75   0.17  -0.269 -0.94   0.73  -0.28  -0.257  0.16
  0.642  1.102  0.36  -0.45  -0.72   0.665  0.75  -0.53  -0.8    0.29
 -0.02   0.198  0.466  0.3   -1.076 -0.07  -1.734  0.63  -0.121 -0.85
  0.65  -0.26  -0.16   0.2    0.347  0.81  -0.27  -1.247 -0.595  0.939
 -0.82   0.21   0.17   0.02  -0.62   0.68  -0.81  -0.031 -0.55   0.2
  0.62  -0.5   -0.03  -0.37  -0.98   0.05  -0.48   1.663  0.2    1.02
 -0.75  -0.14   1.439 -0.65  -0.55   0.02   0.13  -0.28   0.2    0.13 ][ 0.504 -0.59   0.75  -0.62  -0.96   0.17  -0.91  -0.039 -0.01   0.82
  1.866 -0.68   0.92  -1.397  0.888 -1.127 -0.87  -0.044  0.69  -1.136
 -0.08  -0.346  0.75   0.17  -0.269 -0.94   0.73  -0.035 -0.257  0.953
  0.95   1.102  0.36  -0.45  -0.72   0.665  0.75  -0.53  -0.218  0.29
 -0.02   0.198  0.1    0.3   -1.076 -0.07  -1.662  0.63   0.677 -0.85
  0.65  -0.26  -0.16   0.2    0.347  0.81  -0.27  -1.247 -0.595 -0.141
 -0.86   0.21   0.17   0.02  -0.62   0.68  -0.81  -0.031 -0.55   0.2
  0.62  -0.5   -0.03  -0.37  -0.98   0.05  -0.48   1.66   0.2    1.02
 -0.75  -0.943  1.439 -0.65   0.022  0.02   0.13  -0.28   0.2    0.419][ 0.504 -0.59   0.75  -0.603 -0.96   0.17  -0.97  -0.785 -0.01   0.82
  1.866 -0.68   0.92  -1.397  0.79  -1.127 -0.87   0.06   0.69  -1.12
 -0.08  -0.346  0.75   0.17  -0.269 -0.94   0.73  -0.28  -0.257  0.16
  0.642  1.102  0.36  -0.45  -0.72   0.665  0.75  -0.53  -0.8    0.29
 -0.02   0.198  0.466 -0.508 -1.425 -0.07  -2.637  0.63   0.677 -0.85
  0.65  -0.26  -0.16   0.2   -0.45   1.682 -0.399 -1.247 -0.595 -0.141
 -0.82   0.21   0.17   0.02  -0.62   0.68  -0.81  -0.031 -0.55   0.2
  0.62  -0.5   -0.03  -0.37  -0.98   0.05  -0.48   1.663  0.2    1.02
 -0.75  -0.14   1.439 -0.65  -0.55   0.02   0.13  -0.28   0.2    0.994][ 0.504 -0.59   0.75  -0.62  -1.33   0.17  -0.97  -0.785 -0.01   0.82
  1.866 -0.68   0.92  -1.397  0.888 -1.127 -0.87   0.06   0.69  -1.136
 -0.08  -0.346  0.75   0.17   0.013 -0.94   0.73  -0.035 -0.257  0.16
  0.642  1.102  0.36  -0.45  -0.72   0.665  0.75  -0.53  -0.8    0.29
 -0.02   0.198  0.1    0.3   -1.076 -0.07  -1.673  0.63   0.677 -0.85
  0.65  -0.26  -0.16   0.2    0.347  0.81  -0.27  -1.247 -0.595  0.85
 -0.86  -0.736 -0.76   0.02  -0.62   0.68  -0.81  -0.031 -0.55   0.2
  0.62  -0.5   -0.03  -0.37  -0.98   0.05  -0.48   1.584  0.2    1.02
 -0.75  -0.14   1.439 -0.65   0.022  0.02   0.13  -0.28   0.2    0.13 ][ 0.504 -0.59   0.75  -0.62   0.22   0.17  -0.91   0.03  -0.01   0.82
  1.866 -0.68   0.92  -1.397  0.79  -1.127 -0.87   0.06   0.69  -0.15
 -0.08  -0.346  0.75   0.17   0.013 -0.94   0.73  -0.035 -0.257  0.16
  0.95   1.102  0.36  -0.45  -0.72   0.665  0.75  -0.599 -0.8    0.29
 -0.02   0.198  0.1    0.3   -1.076 -0.07  -1.673  0.63   0.677 -0.85
  0.65  -0.26  -0.16   0.2    0.347  0.81  -0.27  -1.247 -0.69   0.85
 -0.86   0.21   0.17   0.057 -0.62   0.68  -0.81  -0.031 -0.55   0.2
 -0.045 -0.5   -0.03  -0.37  -0.98   0.05  -0.48   1.584  0.2    1.02
 -0.75  -0.14   1.439 -0.65   0.022  0.02   0.13  -0.28   0.2    0.13 ][ 0.504 -0.59   0.75  -0.603 -0.96   0.17  -0.97  -0.785 -0.01   0.82
  0.923 -0.68   0.92  -1.397  0.79  -1.127 -0.87   0.06   0.69  -1.136
 -0.08  -0.346  0.75   0.17  -0.269 -0.94   0.73  -0.28  -0.257  0.16
  0.642  1.102  0.36  -0.45  -0.72   0.665  0.75  -0.53  -0.8    0.29
 -0.02   0.198  0.466  0.3   -1.076 -0.07  -1.088  0.63   0.677 -0.85
  0.65  -0.26  -0.16   0.2    0.347  0.81  -0.399 -1.247 -0.69   0.939
 -0.82   0.21   0.17   0.02  -0.62   0.68  -0.81  -0.031 -0.55   0.2
  0.54  -0.5   -0.03  -0.051 -0.98   0.134 -0.48   1.584  0.2    1.02
 -0.75  -0.14   1.439 -0.65  -0.55   0.02   0.268 -0.28  -0.682  0.13 ][ 0.47  -0.59   0.75  -0.62  -0.96   0.17  -0.97  -0.785 -0.01   0.82
  0.923 -0.68   0.92  -1.397  0.79  -1.127 -0.87  -0.044  0.69  -1.136
 -0.08  -0.346  0.75   0.17  -0.269 -0.94   0.73  -0.28  -0.257  0.16
  0.642  1.102  0.36  -0.45  -0.72   0.665  1.058 -0.53  -0.8    0.29
 -0.02   0.198  0.1    0.3   -1.076 -0.07  -1.088  0.63  -0.121 -0.85
  0.65  -0.26  -0.16   0.2    0.347  0.81  -0.27  -1.247 -0.733  0.85
 -0.86   0.21  -0.76   0.02  -0.62   0.68  -0.81  -0.031 -0.55   0.2
  0.62  -0.5   -0.03  -0.37  -0.98   0.05  -0.48   1.584  0.2    1.02
 -0.75  -0.14   1.439 -0.65  -0.55   0.02   0.13  -0.28   0.2    0.13 ][ 0.47  -0.59   0.75  -0.62  -0.96  -0.225 -0.84  -0.785 -0.01   0.82
  1.866 -0.68   0.92  -1.397  0.79  -1.127 -0.87   0.06   0.69  -1.136
 -0.08  -0.346  0.75   0.17  -0.269 -0.94   0.73  -0.28  -0.257  0.16
  0.642  1.102  0.36  -0.45  -0.72   0.665  0.75  -0.53  -0.8    0.29
 -0.02   0.198  0.466 -0.508 -1.425 -0.07  -2.637  0.63   0.677 -0.85
  0.65  -0.26  -0.16   0.2   -0.45   0.81  -0.27  -1.247 -0.69  -0.141
 -0.82   0.21   0.17   0.02  -0.62   0.68  -0.81  -0.143 -0.55   0.2
  0.62  -0.5   -0.03  -0.37  -0.98   0.05  -0.48   1.584  0.2    1.02
 -0.75  -0.14   1.439 -0.65  -0.55   0.02   0.13  -0.28   0.2    0.994][ 0.504 -0.59   0.75  -0.603  0.22   0.17  -0.91   0.03  -0.01   0.82
  0.923 -0.68   0.92  -1.397  0.79  -1.786 -0.87  -0.044  0.69  -1.136
 -0.08  -0.346  0.75   0.17  -0.269 -1.223  0.73  -0.28  -0.257  0.16
  0.95   1.102  0.36  -0.45  -0.72   0.665  0.75  -0.53  -0.8    0.29
 -0.02   0.198  0.466 -0.508 -1.076 -0.07  -1.088  0.63  -0.121 -0.85
  0.65  -0.26  -0.16   0.2    0.347  0.81  -0.27  -1.247 -0.595  0.939
 -0.82   0.21   0.17   0.02  -0.62   0.68  -0.81  -0.031 -0.55   0.2
  0.62  -0.5   -0.03  -0.37  -0.98   0.05  -0.48   1.663  0.2    1.02
 -0.75  -0.14   1.439 -0.65  -0.55   0.02   0.13  -0.28   0.2    0.13 ][ 0.47  -0.59   0.75  -0.62  -1.33   0.17  -0.97  -1.689 -0.01   0.82
  1.866 -0.68   0.92  -1.397  0.79  -1.127 -0.229  0.06   0.69  -1.136
 -0.08  -0.346  0.75   0.17   0.013 -0.94   0.73  -0.035 -0.257  0.16
  0.642  1.102  0.36  -0.45  -0.72   0.665  0.75  -0.53  -0.8    0.29
 -0.02   0.198  0.466  0.3   -1.076 -0.07  -2.637  0.63   0.677 -0.85
  0.65  -0.26  -0.16   0.2    0.347  0.81  -0.27  -1.247 -0.595 -0.141
 -0.82   0.21   0.17   0.02  -0.62   0.68  -0.81  -0.031 -0.55   0.2
  0.62  -0.5   -0.03  -0.37  -0.98   0.05  -0.48   1.584  0.2    1.02
 -0.75  -0.14   1.439 -0.65  -0.55   0.02   0.13  -0.28   0.2    0.13 ][ 0.504 -0.59   0.75  -0.62  -0.96   0.17  -0.84  -0.039 -0.01   0.82
  1.47  -0.68   0.92  -1.397  0.79  -1.127 -0.87  -0.044  0.69  -1.136
 -0.08  -0.346  0.75   0.17  -0.269 -0.94   0.73  -0.28  -0.257  0.16
  0.642  1.102  0.36  -0.45  -0.72   0.665  0.75  -0.53  -0.8    0.29
 -0.02   0.198  0.466  0.3   -1.425 -0.07  -1.673  0.63   0.677 -0.85
  0.65  -0.26  -0.16   0.2    0.347  0.81  -0.27  -1.247 -0.595 -0.141
 -0.697  0.21   0.17   0.02  -0.62   0.68  -0.81  -0.143 -0.55   0.2
  0.62  -0.5   -0.03  -0.37  -0.98   0.05  -0.48   1.584  0.2    1.02
 -0.75  -0.14   1.439 -0.65   0.022  0.02   0.13  -0.28  -0.682  0.13 ][ 0.47  -0.27   0.75   0.113  0.22   0.17  -0.84  -0.785 -0.01   0.82
  0.923 -0.68   0.92  -1.397  0.79  -1.127 -0.87  -0.044  0.69  -1.136
 -0.08  -0.346  0.75   0.17   0.013 -0.94   0.73  -0.28  -0.257  0.16
  0.642  1.102  0.36  -0.45  -0.72   0.665  0.75  -0.53  -0.8    0.29
 -0.02   0.198  0.1    0.3   -1.076 -0.07  -1.662  0.63   0.677 -0.85
  0.65  -0.26  -0.16   0.2    0.347  0.81  -0.399 -1.247 -0.595  0.939
 -0.82   0.21   0.17   0.02  -0.62   0.68  -0.81  -0.031 -0.55   0.2
  0.62  -0.5   -0.03  -0.37  -0.98   0.134 -0.48   1.584  0.2    1.02
 -0.75  -0.14   1.439 -0.65  -0.55   0.02   0.13  -0.28   0.2    0.13 ][ 0.47  -0.59   0.75  -0.62  -0.96   0.17  -0.91  -0.785 -0.01   0.82
  1.47  -0.68   0.92  -1.397  0.79  -1.127 -0.87  -0.044  0.69  -1.136
 -0.08  -0.346  0.75   0.17  -0.269 -1.223  0.73  -0.28  -0.257 -0.099
  0.642  1.102  0.36  -0.45  -0.72   0.665  0.75  -0.53  -0.8    0.29
 -0.02   0.198  0.1   -0.508 -1.425 -0.07  -1.088  0.63   0.677 -0.85
  0.65  -0.26  -0.16   0.2    0.347  0.81  -0.27  -1.247 -0.595 -0.141
 -0.82   0.21   0.17   0.02  -0.62   0.68  -0.81  -0.031 -0.55   0.2
  0.62  -0.5   -0.03  -0.37  -0.98   0.05  -0.48   1.66   0.2    1.02
 -0.75  -0.14   1.439 -0.65  -0.55   0.02   0.13  -0.28   0.2    0.13 ][ 0.47  -0.59   0.75  -0.62  -0.96   0.17  -1.925 -0.785 -0.01   0.82
  1.866 -0.68   0.92  -1.397  0.888 -1.127 -0.87   0.06   0.69  -1.136
 -0.08  -0.346  1.069  0.17   0.013 -0.94   0.73  -0.035 -0.257  0.953
  0.642  1.102  0.36  -0.45  -0.72   0.665  0.75  -0.53  -0.8    0.29
 -0.02   0.198  0.466  0.3   -1.076 -0.07  -2.637  0.63   0.677 -0.85
  0.65  -0.26  -0.16   0.2   -0.45   0.81  -0.27  -1.247 -0.595 -0.141
 -0.82   0.21   0.17   0.02  -0.62   0.68  -0.81  -0.031 -0.55   0.2
  0.62  -0.5   -0.03  -0.37  -0.98   0.05  -0.48   1.66   0.2    1.02
 -0.75  -0.14   1.439 -0.65   0.022  0.02   0.13  -0.28   0.2    0.13 ][ 0.47  -0.59   0.75  -1.542 -0.96   0.17  -0.84  -0.785 -0.01   0.82
  1.866 -0.68   0.92  -1.397  0.79  -1.127 -0.87  -0.044  0.69  -1.136
 -0.08  -0.346  0.75   0.17  -0.269 -0.94   0.73  -0.28  -0.257  0.16
  0.642  1.102  0.36  -0.45  -0.72   0.665  0.75  -0.53  -0.8    0.29
 -0.02   0.198  0.466  0.3   -1.425 -0.07  -2.637  0.63   0.677 -0.85
  0.65  -0.26  -0.16   0.2   -0.45   0.81  -0.27  -1.247 -0.595 -0.141
 -0.82   0.21   0.17   0.02  -0.62   0.68  -0.81  -0.031 -0.55   0.2
  0.62  -0.5   -0.03  -0.37  -0.98  -0.388 -0.48   1.66   0.2    1.02
 -0.75  -0.14   1.439 -0.65  -0.55   0.02   0.268 -0.28   0.2    0.994][ 0.504 -0.59   0.75  -0.62  -0.96   0.17  -0.91  -0.039 -0.01   0.82
  1.47  -0.68   0.92  -1.397  0.888 -1.127 -0.87  -0.044  0.69  -1.136
 -0.08  -0.346  0.75   0.17  -0.269 -0.94   0.73  -0.28  -0.257  0.16
  0.95   1.102  0.36  -0.45  -0.72   0.665  0.75  -0.53  -0.8    0.29
 -0.02   0.198  0.1   -0.508 -1.425 -0.07  -1.088  0.63   0.677 -0.85
  0.65  -0.26  -0.16   0.2    0.347  0.81  -0.27  -1.247 -0.69  -0.141
 -0.82   0.21   0.17   0.02  -0.62   0.68  -0.81  -0.031 -0.55   0.2
  0.62  -0.5   -0.03  -0.37  -0.98   0.05  -0.48   1.584  0.2    1.02
 -0.75  -0.14   1.439 -0.65   0.022  0.211  0.268 -0.28   0.2    0.13 ][ 0.504 -0.27   0.75  -0.603  0.22   0.17  -0.97  -0.785 -0.01   0.82
  0.923 -0.68   0.92  -1.397  0.79  -1.127 -0.87   0.06   0.69  -1.136
 -0.08  -0.346  0.75   0.17  -0.269 -0.94   0.73  -0.28  -0.257  0.16
  0.642  1.102  0.36  -0.45  -0.72   0.665  0.75  -0.53  -0.329  0.29
 -0.02   0.198  0.466  0.3   -1.076 -0.07  -1.081  0.63  -0.121 -0.85
  0.65  -0.26  -0.16   0.2    1.21   0.81  -0.399 -1.247 -0.595  0.939
 -0.82   0.21   0.17   0.02  -0.62   0.68  -0.81  -0.031 -0.55   0.2
  0.62  -0.5   -0.03  -0.37  -0.98   0.134 -0.48   1.663  0.2    1.02
 -0.75  -0.14   1.439 -0.65  -0.55   0.02   0.13  -0.28   0.2    0.13 ][ 0.47  -0.59   0.75  -0.62  -0.96   0.17  -0.84  -0.785 -0.01   0.82
  1.866 -0.68   0.92  -1.397  0.79  -1.127 -0.87   0.06   0.69  -1.12
 -0.08  -0.346  0.75   0.17  -0.269 -0.94   0.73  -0.28  -0.257  0.16
  0.642  1.102  0.36  -0.45  -0.72   0.665  0.75  -0.53  -0.8    0.29
 -0.02   0.198  0.466 -0.508 -1.076 -0.07  -2.637  0.63  -0.121 -0.85
  0.65  -0.26  -0.16   0.2    0.347  0.81  -0.27  -1.247 -0.595 -0.141
 -0.82   0.21  -0.76   0.02  -0.62   0.68  -0.81  -0.031 -0.55   0.2
  0.91  -0.5   -0.03  -0.37  -0.98   0.05  -0.48   1.66   0.2    1.02
 -0.75  -0.14   1.439 -0.65  -0.55   0.02   0.13  -0.28   0.2    0.994]