[ 0.47  -0.59   0.75  -0.62  -0.96   0.17  -0.97   0.03  -0.01   0.82
  0.923 -0.68   0.92  -1.397  0.79  -0.935 -0.87   0.06   0.76  -1.136
 -0.08  -0.346  0.75   0.17  -0.269 -0.94   0.73  -0.28  -0.257  0.048
  0.95   1.102  0.36  -0.45  -0.72   0.665  0.75  -0.53  -0.8    0.29
 -0.02   0.198  0.466  0.3   -0.75  -0.07  -1.088  0.63  -0.121 -0.85
  0.65  -0.26  -0.16   0.2   -0.45   0.81  -0.27  -1.247 -0.69   0.85
 -0.82   0.21   0.17   0.02  -0.62   0.68  -0.81  -0.031 -0.55   0.2
  0.62  -0.5   -0.03  -0.37  -0.98   0.05  -0.48   1.584  0.2    1.02
 -0.75  -0.14   1.439 -0.65  -0.55   0.02   0.13  -0.28   0.2    0.13 ][ 0.47  -0.59   0.75  -0.62   0.22   0.17  -0.91   0.03  -0.01   0.82
  0.923 -0.68   0.92  -1.397  0.79  -0.47  -0.87   0.06   0.76  -1.136
 -0.08  -0.346  0.75   0.17  -0.269 -0.94   0.73  -0.28  -0.13  -0.643
  0.95   1.102  0.36  -0.45  -0.72   0.665  0.75  -0.53  -0.8    0.29
 -0.02   0.22   0.1    0.3   -0.75  -0.07  -1.088  0.63  -0.121 -0.85
  0.65  -0.26  -0.16   0.2   -0.542  0.81  -0.27  -1.594 -1.075  0.85
 -0.82   0.21   0.17   0.02  -0.62   0.68  -0.81   0.584 -0.55   0.2
  0.62  -0.5   -0.03  -0.37  -0.98   0.05  -0.48   1.584  0.2    1.02
 -0.75  -0.14   1.439 -0.65  -0.55   0.02   0.13  -0.28   0.2    0.13 ][ 0.47  -0.59   0.75  -0.62  -0.96   0.17  -0.91   0.03  -0.01   0.82
  0.363 -0.68   0.92  -1.397  0.79  -0.47  -0.87   0.06   0.69  -0.15
 -0.08  -0.346  0.75   0.17  -0.269 -0.94   0.73  -0.28  -0.257 -0.643
  0.95   1.102  0.36  -0.45  -0.72   0.665  0.75  -0.53  -0.8    0.29
 -0.02   0.22   0.1    0.3   -0.75   0.359 -1.088  0.63  -0.121 -0.85
  0.65  -0.26   0.681  0.2    0.347  0.81  -0.27  -1.594 -0.69   0.85
 -0.82   0.21   0.17   0.02  -0.62   0.68  -0.77  -0.031 -0.55   0.2
  0.62  -0.5   -0.03  -0.37  -0.98   0.05  -0.48   1.584  0.2    1.02
 -0.75  -0.14   1.439 -0.65  -0.55   0.02   0.13  -0.28   0.2    0.13 ][ 0.47  -0.461  0.75  -0.62  -0.96   0.17  -0.97   0.03  -0.01   0.82
  0.923 -0.68   0.92  -1.397  0.79  -0.935 -0.87   0.06   0.76  -0.15
 -0.08  -0.346  0.75   0.17  -0.269 -0.94   0.73  -0.28  -0.13   0.16
  0.95   1.102  0.36  -0.45  -0.72   0.665  0.75  -0.53  -0.8    0.29
 -0.02   0.22   0.1    0.3   -0.75  -0.07  -1.088  0.63  -0.121 -0.85
  0.65  -0.26  -0.16   0.2    0.347  0.81  -0.27  -1.247 -0.69   0.85
 -0.82   0.21   0.17   0.02  -0.62   0.68  -0.81  -0.031 -0.55   0.2
  0.62  -0.5   -0.03  -0.37  -0.98   0.05  -0.48   1.584  0.2    1.02
 -0.75  -0.14   1.036 -0.65  -0.55   0.02   0.13  -0.28   0.2    0.13 ][ 0.47  -0.59   0.75  -0.62   0.22   0.17  -0.91   0.03  -0.01   0.82
  0.923 -0.68   0.92  -1.397  0.79  -0.47  -0.87   0.06   0.76  -1.136
 -0.08  -0.346  0.75   0.17  -0.269 -0.94   0.73  -0.28  -0.257  0.048
  0.95   1.135  0.36  -0.45  -0.72   0.665  0.75  -0.53  -0.8    0.29
 -0.02   0.198  0.1    0.3   -0.75  -0.07  -1.673  0.63  -0.121 -0.85
  0.65  -0.26  -0.16   0.2   -0.45   0.81  -0.27  -1.594 -0.69   0.85
 -0.82   0.21   0.17   0.02  -0.62   0.68  -0.81  -0.031 -0.55   0.2
  0.62  -0.5   -0.03  -0.37  -0.98   0.05  -0.48   1.584  0.2    1.02
 -0.75  -0.14   1.439 -0.65  -0.55   0.02   0.13  -0.28   0.2    0.13 ][ 0.47  -0.59   0.75  -0.62   0.22   0.17  -0.91  -0.841 -0.01   0.82
  0.094 -0.68   0.92  -1.397  0.79  -0.47  -0.87   0.06   0.76  -1.136
 -0.08  -0.346  0.75   0.17  -0.269 -0.94   0.73  -0.28  -0.257  0.16
  0.95   1.102  0.36  -0.45  -0.72   0.665  0.839 -0.53  -0.8    0.29
 -0.02   0.198  0.1    0.3   -0.75  -0.07  -1.088  0.63  -0.121 -0.85
  0.161 -0.26  -0.16   0.2   -0.45   0.81  -0.27  -1.594 -0.69   0.85
 -0.82   0.21   0.17   0.02  -0.62   0.68  -0.81  -0.38  -0.55   0.2
  0.62  -0.5   -0.03  -0.37  -0.98   0.05  -0.48   1.584  0.2    1.02
 -0.75  -0.14   1.439 -0.65  -0.55   0.02   0.13  -0.28   0.2    0.13 ][ 0.47  -0.59   0.75  -0.62   0.22   0.17  -0.97   0.03  -0.01   0.82
  0.72  -0.68   0.92  -0.82   0.79  -0.47  -0.87   0.06   0.69  -1.136
 -0.08  -0.346  0.75   0.17  -0.269 -0.94   0.73  -0.28  -0.13   0.16
  0.95   1.135  0.36  -0.705 -0.72   0.665  0.75  -0.53  -0.8    0.29
 -0.02   0.198  0.1    0.3   -0.75  -0.07  -1.673  0.63  -0.121 -0.85
  0.65  -0.26  -0.16   0.2   -0.45   0.81  -0.27  -1.594 -0.69   0.85
 -0.82   0.21   0.17   0.02  -0.62   0.68  -0.77  -0.031 -0.55   0.2
  0.62  -0.5    0.314 -0.37  -0.98   0.05  -0.48   1.584  0.2    1.02
 -0.75  -0.14   1.439 -0.65  -0.55   0.02   0.13  -0.28   0.2    0.13 ][ 0.47  -0.59   0.75  -0.62   0.22   0.17  -0.97   0.03  -0.01   0.82
  0.094 -0.68   0.92  -1.397  0.79  -0.47  -0.87   0.06   0.69  -0.15
 -0.08  -0.346  0.75   0.17  -0.269 -0.94   0.73  -0.28  -0.257  0.048
  0.95   1.102  0.36  -0.45  -0.72   0.665  0.839 -0.53  -0.8    0.29
 -0.02   0.22   0.1    0.3   -0.75  -0.07  -1.088  0.63  -0.121 -0.85
  0.65  -0.26  -0.16   0.2   -0.45   0.81  -1.08  -1.594 -0.69   0.85
 -0.82   0.21   0.17   0.02  -0.62   0.68  -0.81  -0.38  -0.55   0.2
  0.62  -0.5   -0.03  -0.37  -0.98   0.05  -0.48   1.584  0.2    1.02
 -0.75  -1.409  1.036 -0.65  -0.55   0.02   0.13  -0.28   0.2    0.13 ][ 0.47  -0.59   0.75  -0.62  -0.96   0.17  -0.91   0.03  -0.01   0.82
  0.923 -0.68   0.92  -1.397  0.79  -0.47  -0.87   0.06   0.69  -0.15
 -0.08  -0.346  0.75   0.17  -0.269 -0.94   0.73  -0.28  -0.13  -0.643
  0.95   1.102  0.36  -0.45  -0.72   0.665  0.75  -0.53  -0.8    0.29
 -0.02   0.22   0.1    0.3   -0.75   0.359 -1.088  0.63  -0.599 -0.85
  0.65  -0.26   0.681  0.2    0.347  0.81  -0.27  -1.594 -1.075  0.85
 -0.82   0.21   0.17   0.02  -0.62   0.68  -0.77  -0.031 -0.55   0.2
  0.62  -0.5   -0.03  -0.37  -0.98   0.05  -0.48   1.584  0.2    0.35
 -0.75  -0.14   1.036 -0.65  -0.55   0.02   0.13  -0.619  0.2    0.13 ][ 0.47  -0.59   0.75  -0.62   0.22   0.17  -0.91   0.03  -0.01   0.82
  0.094 -0.68   0.92  -1.397  0.79  -0.47  -0.87   0.06   0.76  -1.136
 -0.08  -0.346  0.75   0.17  -0.269 -0.94   0.73  -0.28  -0.257  0.048
  0.95   1.102  0.36  -0.45  -0.72   0.665  0.75  -0.53  -0.8    0.29
 -0.02   0.198  0.1    0.3   -0.75   0.169 -1.673  0.63  -0.121 -0.85
  0.65  -0.26  -0.16   0.2   -0.45   0.81  -0.27  -1.594 -0.69   0.85
 -0.82   0.21   0.17   0.02  -0.62   0.68  -0.81  -0.031 -0.55   0.2
  0.62  -0.5   -0.03  -0.37  -0.98   0.05  -0.48   1.584  0.2    1.02
 -0.75  -0.14   1.036 -0.65  -0.55   0.02   0.13  -0.28   0.2    0.13 ][ 0.47  -0.59   0.75  -0.62   0.22   0.17  -0.97   0.03  -0.01   0.82
  0.094 -0.68   0.92  -1.397  0.79  -0.47  -0.87   0.06   0.69  -1.136
 -0.08  -0.346  0.75   0.17  -0.269 -0.94   0.73  -0.28  -0.257  0.048
  0.95   1.102  0.36  -0.45  -0.72   0.665  0.75  -0.53  -0.8    0.29
 -0.02   0.198  0.1    0.3   -0.75  -0.07  -1.088  0.63   0.423 -0.85
  0.65  -0.26  -0.16   0.2   -0.45   0.81  -0.27  -1.594 -0.69   0.595
 -0.82   0.21   0.17   0.02  -0.62   0.68  -0.81  -0.38  -0.55   0.2
  0.62  -0.5   -0.03  -0.37  -0.98   0.05  -0.48   1.584  0.2    1.02
 -0.75  -0.14   1.036 -0.65  -0.55   0.02   0.13  -0.28   0.2    0.13 ][ 0.47  -0.59   0.75  -0.62   0.22   0.17  -0.97   0.03  -0.01   0.82
  0.094 -0.68   0.92  -1.397  0.79  -0.47  -0.87   0.06   0.69  -0.15
 -0.08  -0.346  0.75   0.17  -0.269 -0.94   0.73  -0.28  -0.257  0.16
  0.95   1.102  0.36  -0.45  -0.72   0.665  0.839 -0.53  -0.8    0.29
 -0.02   0.198  0.1    0.3   -0.75  -0.07  -1.088  0.63   0.423 -0.85
  0.161 -1.217 -0.16   0.2    0.347  0.81  -1.08  -1.594 -0.69   0.85
 -0.82   0.21   0.17   0.02  -0.62   0.68  -0.81  -0.38  -0.55   0.2
  0.62  -0.5   -0.03  -0.37  -0.98   0.05  -0.48   1.584  0.2    1.02
 -0.75  -0.14   1.036 -0.65  -0.55   0.02   0.13  -0.28   0.2    0.13 ][ 0.47  -0.59   0.75  -0.62  -0.96   0.17  -0.97   0.03  -0.01   0.82
  0.72  -0.68   0.92  -0.82   0.653 -0.47  -0.87   0.06   0.76  -0.15
 -0.08  -0.346  0.75   0.17  -0.269 -0.94   0.73  -0.035 -0.257  0.048
  0.95   1.135  0.36  -0.45  -0.72   0.61   0.75  -0.53  -0.8    0.29
 -0.02   0.198  0.1    0.3   -0.75  -0.07  -1.088  0.63  -0.121 -0.85
  0.65  -0.26  -0.16   0.2    0.347  0.31  -0.27  -1.594 -0.69   0.85
 -0.82   0.21   0.17   0.02  -0.62   0.68  -0.81  -0.031 -0.55   0.2
  0.62  -0.5   -0.03  -0.37  -0.98   0.05  -0.48   1.584  0.2    1.02
 -0.75  -0.14   1.439 -1.27  -0.55   0.02   0.13  -0.28   0.2    0.13 ][ 0.47  -0.59   0.75  -0.62  -0.96   0.17  -0.97   0.03  -0.01   0.82
  0.923 -0.68   0.92  -1.397  0.79  -0.935 -0.87   0.06   0.69  -0.434
 -0.08  -0.346  0.75   0.17  -0.269 -0.94   0.73  -0.28  -0.13   0.16
  0.95   1.135  0.36  -0.45  -0.72   0.665  0.75  -0.53  -0.8    0.29
 -0.02   0.198  0.1    0.3   -0.75  -0.07  -1.088  0.63  -0.121 -0.85
  0.65  -0.26  -0.16   0.2    0.347  0.81  -0.27  -1.594 -0.69   0.85
 -0.82   0.21   0.17   0.02  -0.62   0.68  -0.77  -0.031 -0.55   0.2
  0.62  -0.5    0.314 -0.37  -0.98   0.05  -0.48   1.584  0.2    1.02
 -0.75  -0.14   1.439 -0.65  -0.55   0.02   0.13  -0.28   0.2    0.13 ][ 0.47  -0.597  0.75  -0.62  -0.96   0.17  -0.97   0.03  -0.01   0.82
  0.962 -0.68   0.92  -0.82   0.79  -0.47  -0.87   0.06   0.69  -0.15
 -0.08  -0.346  0.75   0.17  -0.269 -0.94   0.73  -0.035 -0.257  0.16
  0.95   1.102  0.36  -0.45  -0.72   0.61   0.75  -0.53  -0.8    0.29
 -0.02   0.198  0.1    0.3   -0.75   0.169 -1.088  0.725  0.423 -0.85
  0.65  -1.217 -0.16   0.2   -0.45   0.81  -0.24  -1.594 -0.69   0.85
 -0.82   0.21   0.17   0.02  -0.62   0.68  -0.77  -0.031 -0.55   0.2
  0.62  -0.5   -0.03  -0.37  -0.98   0.05  -0.48   1.584  0.2    0.35
 -0.75  -0.14   1.036 -0.65  -0.55   0.02   0.13  -0.28   0.2    0.13 ][ 0.47  -0.59   0.388 -0.62  -0.96   0.17  -0.97   0.03  -0.01   0.82
  0.923 -0.68   0.92  -0.82   0.79  -0.935 -0.87   0.06   0.69  -0.15
 -0.08  -0.346  0.75   0.17  -0.269 -0.94   0.73  -0.28  -0.13   0.968
  0.95   0.42   0.36  -0.45  -0.72   0.61   0.75  -0.53  -0.8    0.29
 -0.02   0.22   0.1    0.838 -0.75  -0.07  -1.306  0.63  -0.599 -0.85
  0.65  -1.19  -0.16  -0.228  0.347  0.81  -0.27  -1.594 -0.69   0.85
 -0.82   0.21   0.17   0.02  -0.62   1.477 -1.583 -0.031 -0.55   0.2
  0.62   0.09  -0.03  -0.37  -0.98   0.05  -0.48   1.584  0.2    0.35
 -0.75  -0.14   1.036 -0.65  -0.55   0.02   0.13  -0.28   0.2    0.13 ][ 0.47  -0.59   0.75  -0.62   0.22   0.17  -0.91   0.03  -0.967  0.82
  0.72  -0.68   0.92  -0.82   0.79  -0.47  -0.87   0.06   0.76  -1.136
 -0.08  -0.346  0.75   0.17  -0.269 -0.94   0.73  -0.28  -0.13   0.16
  0.95   0.42   0.36  -0.45  -0.72   0.665  0.75  -0.53  -0.8    0.29
 -0.02   0.198  0.1    0.3   -0.75  -0.07  -1.306  0.63  -0.121 -0.85
  0.65  -0.26  -0.16   0.2   -0.45   0.31  -0.27  -1.594 -0.69   0.85
 -0.82   0.21   0.17   0.02  -0.62   0.68  -0.81  -0.38  -0.55   0.246
  0.62  -0.5   -0.03  -0.37  -0.98   0.05  -0.48   1.584  0.2    1.02
 -0.75  -0.14   1.036 -0.65  -0.55   0.02   0.13  -0.28   0.2    0.13 ][ 0.47  -1.299  0.75  -0.62  -0.96   0.17  -0.97   0.03  -0.01   0.82
  0.72  -0.68   0.92  -0.82   0.79  -0.47  -0.87   0.06   0.76  -1.136
 -0.08  -0.346  0.75   0.17  -0.269 -0.94   0.73  -0.035 -0.13   0.16
  0.95   1.102  0.36  -0.45  -0.72   0.61   0.75  -0.53  -0.8    0.29
 -0.02   0.22   0.1    0.3   -0.75  -0.07  -1.088  0.599 -0.121 -0.85
  0.65  -0.26  -0.16   0.2    0.347  0.81  -0.27  -1.594 -0.69   0.85
 -0.82   0.21   0.17   0.02  -0.62   0.68  -0.77  -0.031 -0.55   0.2
  0.62  -0.5   -0.03  -0.37  -0.98   0.05  -0.48   1.584  0.2    1.02
 -0.75  -0.14   1.036 -0.65  -0.55   0.02   0.13  -0.28   0.2    0.13 ][ 0.47  -0.59   0.388 -0.62   0.22   0.17  -0.97   0.03  -0.967  0.82
  0.923 -0.68   0.92  -1.397  0.79  -0.935 -0.87   0.06   0.69  -0.15
 -0.08  -0.346  0.75   0.17  -0.269 -0.94   0.73  -0.28  -0.257  0.048
  0.95   1.102  0.36  -0.45  -0.72   0.61   0.75  -0.53  -0.8    0.29
 -0.02   0.22   0.1    0.3   -0.75  -0.07  -1.306  0.63  -0.121 -0.85
  0.65  -0.26  -0.16   0.2    0.347  0.81  -0.27  -1.594 -0.69   0.85
 -0.82   0.21   0.17   0.02  -0.62   0.68  -0.81  -0.031 -0.55   0.2
  0.62  -0.5   -0.03  -0.37  -0.98   0.05  -0.48   1.584  0.2    1.02
 -0.75  -0.77   1.036 -0.65  -0.55   0.02   0.13  -0.28   0.2    0.13 ][ 0.47  -0.59   0.75  -0.62   0.22   0.17  -0.97   0.03  -0.01   0.82
  0.094 -0.68   0.92  -1.397  0.653 -0.47  -0.87   0.06   0.76  -0.15
 -0.08  -0.346  0.75   0.17  -0.269 -0.94   0.73  -0.035 -0.13  -0.33
  0.95   1.102  0.36  -0.45  -0.72   0.665  0.75  -0.53  -0.8    0.29
 -0.02   0.198  0.1    0.3   -0.75  -0.07  -1.088  0.63   0.423 -0.85
  0.65  -1.217 -0.16   0.2    0.347  0.81  -0.27  -1.594 -0.69   0.85
 -0.82   0.21   0.17   0.02  -0.62   0.68  -0.77  -0.38  -0.55   0.2
  0.62  -0.5   -0.03  -0.37  -0.98   0.05  -0.48   1.584  0.2    1.02
 -0.75  -0.14   1.036 -0.65  -0.55   0.02   0.13  -0.28   0.2    0.13 ][ 0.47  -0.59   0.75  -0.62  -0.96   0.17  -0.221  0.03  -0.01   0.82
  0.72  -0.68   0.92  -1.397  0.653 -0.935 -0.87   0.06   0.76  -0.15
 -0.08  -0.346  0.75   0.17  -0.269 -0.94   0.73  -0.28  -0.257  0.048
  0.95   1.135  0.36  -0.45  -0.72   0.61   0.75  -0.53  -0.8    0.29
 -0.02   0.198  0.1    0.3   -0.75  -0.07  -1.088  0.63  -0.121 -0.85
  0.65  -0.26  -0.16   0.2    0.347  0.81  -0.27  -1.594 -0.69   0.85
 -0.82   0.21   0.17   0.02  -0.62   0.68  -0.81  -0.031 -0.55   0.2
  0.62  -0.5   -0.03  -0.37  -0.98   0.05  -0.48   1.584  0.2    1.02
 -0.75  -0.14   1.439 -1.27  -0.55   0.02   0.13  -0.28   0.2    0.13 ][ 0.47  -0.59   0.75  -0.62   0.22   0.17  -0.91   0.03  -0.01   0.82
  0.094 -0.68   0.92  -1.397  0.79  -0.47  -0.87   0.06   0.69  -0.15
 -0.08  -0.346  0.75   0.17  -0.269 -0.94   0.932 -0.28  -0.13  -0.643
  0.95   1.102  0.36  -0.45  -0.72   0.665  0.839 -0.53  -0.8    0.29
 -0.02   0.22   0.1    0.3   -0.75  -0.07  -1.088  0.63  -0.121 -0.85
  0.65  -0.26  -0.16   0.2   -0.45   0.81  -0.27  -1.594 -0.69   0.85
 -0.82   0.21   0.17   0.02  -0.62   0.68  -0.81   0.584 -0.55   0.2
  0.62  -0.5   -0.03  -0.37  -0.98   0.05  -0.48   1.584  0.2    1.02
 -0.75  -0.14   1.036 -0.65  -0.55   0.02   0.13  -0.28   0.2    0.13 ][ 0.47  -1.299  0.75  -0.62  -0.96   0.17  -0.91   0.03  -0.01   0.82
  0.72  -0.68   0.92  -0.82   0.79  -0.47  -0.87   0.06   0.76  -1.136
 -0.08  -0.346  0.75   0.17  -0.269 -0.94   0.73  -0.035 -0.13   0.16
  0.95   1.102  0.36  -0.45  -0.72   0.665  0.75  -0.53  -0.8    0.29
 -0.02   0.198  0.1    0.3   -0.75  -0.07  -1.088  0.599 -0.121 -0.85
  0.65  -0.26  -0.16   0.2    0.347  0.81  -0.27  -1.594 -0.69   0.85
 -0.82   0.21   0.17   0.02  -0.62   0.68  -0.81  -0.031 -0.55   0.2
  0.62  -0.5   -0.03  -0.37  -0.98   0.05  -0.48   1.584  0.2    1.02
 -0.75  -0.261  1.439 -0.65  -0.55   0.02   0.13  -0.28   0.2    0.13 ][ 0.47  -0.461  0.75  -0.62  -0.96   0.17  -0.91   0.03  -0.521  0.82
  0.363 -0.68   0.92  -1.397  0.79  -0.47  -0.87   0.06   0.69  -0.15
 -0.08  -0.346  0.75   0.17  -0.269 -0.94   0.73  -0.28  -0.257  0.16
  0.95   1.102  0.36  -0.45  -0.72   0.665  0.75  -0.53  -0.8    0.29
 -0.02   0.22   0.1    0.3   -0.75  -0.07  -1.088  0.63  -0.121 -0.85
  0.65  -0.26  -0.16   0.2    0.347  0.81  -0.27  -1.594 -0.69   0.85
 -0.82   0.21   0.17   0.02  -0.62   0.68  -0.77  -0.031 -0.55   0.2
  0.62  -0.5   -0.03  -0.37  -0.98   0.05  -0.48   1.584  0.2    1.02
 -0.75  -0.14   1.036 -0.65  -0.55   0.02   0.13  -0.28   0.2    0.13 ][ 0.47  -1.299  0.75  -0.62   0.22   0.17  -0.97   0.03  -0.01   0.82
  0.72  -0.68   0.92  -0.82   0.79  -0.47  -0.87   0.06   0.76  -1.136
 -0.08  -0.346  0.75   0.17  -0.269 -0.94   0.73  -0.28  -0.13   0.16
  0.95   0.42   0.36  -0.45  -0.72   0.61   0.75  -0.53  -0.8    0.29
 -0.02   0.22   0.1    0.3   -0.75  -0.07  -1.088  0.599 -0.121 -0.85
  0.65  -0.26  -0.16   0.2    0.347  0.299 -0.27  -1.594 -0.69   0.85
 -0.82   0.21   0.17   0.02  -0.62   0.68  -0.81  -0.38  -0.55   0.246
  0.62  -0.5   -0.03  -0.37  -0.98   0.05  -0.48   1.584  0.2    1.02
 -0.75  -0.14   1.036 -0.65  -0.55   0.02   0.13  -0.28   0.2    0.13 ][ 0.47  -0.59   0.75  -0.62   0.22   0.17  -0.97   0.03  -0.01   0.82
  0.094 -0.68   0.92  -1.397  0.653 -0.47  -0.87   0.06   0.69  -0.15
 -0.08  -0.346  0.75   0.17  -0.269 -0.94   0.73  -0.28  -0.13   0.16
  0.95   1.102  0.36  -0.45  -0.72   0.665  0.839 -0.53  -0.8    0.29
 -0.02   0.198  0.1    0.735 -0.75  -0.07  -1.088  0.63   0.423 -0.85
  0.161 -1.217 -0.16   0.2    0.347  0.81  -1.08  -1.594 -0.69   0.85
 -0.82   0.21   0.17   0.02  -0.62   0.68  -0.77  -0.38  -0.55   0.2
  0.62  -0.5   -0.03  -0.37  -0.98   0.05  -0.48   1.584  0.2    1.02
 -0.75  -0.14   1.036 -0.65  -0.55   0.02   0.13  -0.28   0.2    0.13 ][ 0.47  -0.59   0.75  -0.62   0.22   0.17  -0.97   0.03  -0.01   1.667
  0.094 -0.68   0.92  -1.397  0.653 -0.47  -0.87   0.06   0.69  -1.136
 -0.08  -0.346  0.75   0.17  -0.269 -0.94   0.73  -0.035 -0.257 -0.33
  0.95   1.102  0.36  -0.45  -0.72   0.665  0.75  -0.53  -0.8    0.29
 -0.02   0.198  0.1    0.3   -0.75  -0.07  -1.088  0.63   0.423 -0.85
  0.65  -0.26  -0.16   0.2    0.347  0.81  -0.27  -1.594 -0.69   0.595
 -0.82   0.21   0.17   0.02  -0.62   0.68  -0.77  -0.38  -0.55   0.2
  0.62  -0.5   -0.03  -0.37  -0.98   0.05  -0.48   1.584  0.2    1.02
 -0.75  -0.14   1.036 -0.65  -0.55   0.02   0.13  -0.28   0.2    0.13 ][ 0.47  -0.59   0.75  -0.62   0.22   0.17  -0.97   0.03  -0.01   0.82
  0.923 -0.68   1.14  -1.397  0.79  -0.935 -0.87   0.06   0.69  -1.136
 -0.08  -0.346  0.75   0.17  -0.269 -0.94   0.73  -0.28  -0.257  0.048
  0.95   1.102  0.36  -0.45  -0.72   0.665  0.75  -0.53  -0.8    0.29
 -0.02   0.22   0.466  0.3   -0.75  -0.07  -1.306  0.63  -0.121 -0.85
  0.65  -0.26  -0.16   0.2   -0.45   0.81  -0.27  -1.594 -0.69   0.85
 -0.82   0.21   0.17   0.02  -0.62   0.68  -0.81  -0.031 -0.55   0.2
  0.62  -0.5   -0.03  -0.37  -0.98   0.05  -0.48   1.584  0.2    1.02
 -0.75  -0.77   1.439 -0.65  -0.55   0.02   0.13  -0.28   0.2    0.13 ][ 0.47  -0.59   0.75  -0.62  -0.96   0.17  -0.97   0.03  -0.01   0.82
  0.975 -0.68   0.92  -0.82   0.79  -0.47  -0.87   0.06   0.69  -0.15
 -0.08  -0.346  0.75   0.17  -0.269 -0.94   0.73  -0.28  -0.257  0.16
  0.95   1.102  0.36  -0.45  -0.72   0.665  0.839 -0.53  -0.8    0.29
 -0.02   0.198  0.1    0.3   -0.75   0.169 -1.088  0.725 -0.121 -0.85
  0.65  -1.217 -0.16   0.2   -0.45   0.81  -0.27  -1.594 -0.69   0.85
 -0.82   0.21   0.17   0.02  -0.62   0.68  -0.81  -0.031 -0.55   0.2
  0.62  -0.5   -0.03  -0.37  -0.98   0.05  -0.48   1.584  0.2    1.02
 -0.75  -0.14   1.036 -0.65  -0.55   0.02   0.13  -0.28   0.2    0.13 ][ 0.47  -0.59   0.75  -0.62  -0.96   0.17  -0.97   0.03  -0.01   0.82
  0.363 -0.68   0.92  -1.397  0.79  -0.47  -0.87   0.06   0.69  -0.15
 -0.08  -0.346  0.75   0.17  -0.269 -0.94   0.73  -0.28  -0.257  0.16
  0.95   1.102  0.36  -0.45  -0.72   0.665  0.75  -0.53  -0.8    0.29
 -0.02   0.198  0.1    0.3   -0.75   0.359 -1.088  0.63  -0.121 -0.85
  0.161 -1.217  0.681  0.2    0.347  0.068 -1.08  -1.594 -0.69   0.85
 -0.82   0.21   0.17   0.02  -0.62   0.68  -0.77  -0.031 -0.55   0.2
  0.62  -0.5   -0.03  -0.37  -0.98   0.05  -0.48   1.584  0.2    1.02
 -0.75  -0.14   1.439 -0.65  -0.55   0.02   0.13  -0.28   0.2    0.13 ][ 0.47  -0.461  0.75  -0.62  -0.96   0.17  -0.97   0.03  -0.01   0.82
  0.923 -0.68   0.92  -0.82   0.79  -0.935 -0.87   0.06   0.69  -0.15
 -0.08  -0.346  0.75   0.17  -0.269 -0.94   0.73  -0.28  -0.13   0.968
  0.95   0.42   0.36  -0.45  -0.72   0.61   0.75  -0.53  -0.8    0.29
 -0.02   0.22   0.1    0.838 -0.75  -0.07  -1.088  0.63  -0.121 -0.85
  0.65  -0.26  -0.16  -0.228  0.347  0.81  -0.27  -1.247 -0.69   0.85
 -0.82   0.21   0.17   0.482 -0.62   0.68  -0.81  -0.031 -0.55   0.2
  0.62   0.09  -0.03  -0.37  -0.98   0.05  -0.48   1.584  0.2    0.35
 -0.75  -0.14   1.036 -0.65  -0.55   0.02   0.13  -0.28   0.2    0.13 ][ 0.47  -0.59   0.75  -0.62   0.22   0.17  -0.91   0.03  -0.01   0.82
  0.094 -0.68   0.92  -1.397  0.653 -0.47  -0.87   0.06   0.76  -1.136
 -0.08  -0.346  0.75   0.17  -0.269 -0.94   0.73  -0.035 -0.13   0.16
  0.95   1.102  0.36  -0.45  -0.72   0.665  0.75  -0.53  -0.8    0.29
 -0.02   0.198  0.1    0.3   -0.75  -0.07  -1.088  0.63  -0.121 -0.85
  0.65  -0.26  -0.16   0.2   -0.45   0.81  -0.27  -1.594 -0.69   0.85
 -0.82   0.21   0.17   0.02  -0.62   1.372 -0.77  -0.38  -0.55   0.2
  0.62  -0.5   -0.03  -0.37  -0.98   0.05  -0.48   1.584  0.2    1.02
 -0.75  -0.14   1.036 -0.65  -0.55   0.02   0.13  -0.28   0.2    0.13 ][ 0.47  -0.59   0.75  -0.62   0.22   0.17  -0.97   0.03  -0.01   0.82
  0.688 -0.68   0.92  -1.397  0.79  -0.47  -0.87   0.06   0.69  -1.136
 -0.08  -0.346  0.75   0.17  -0.269 -0.94   0.73  -0.28  -0.13   0.048
  0.95   1.135  0.36  -0.705 -0.72   0.665  0.839 -0.53  -0.8    0.29
 -0.02   0.198  0.1    0.3   -0.75  -0.07  -1.088  0.63  -0.121 -0.85
  0.65  -0.26  -0.16   0.2   -0.45   0.81  -0.27  -1.594 -0.69   0.85
 -0.82   0.21   0.17   0.02  -0.62   0.68  -0.77  -0.031 -0.55   0.2
  0.62  -0.5    0.314 -0.37  -0.98   0.05  -0.48   1.584  0.2    1.02
 -0.75  -1.409  1.036 -0.65  -0.55   0.02   0.13  -0.28   0.2    0.13 ][ 0.47  -0.59   0.75  -0.62   0.22   0.17  -0.97   0.03  -0.01   0.82
  0.094 -0.68   0.92  -1.752  0.653 -0.47  -0.87   0.06   0.69  -0.15
 -0.08  -0.346  0.75   0.17  -0.269 -0.94   0.73  -0.035 -0.257 -0.33
  0.95   1.102  0.36  -0.45  -0.72   0.665  0.75  -0.53  -0.8    0.29
 -0.02   0.198  0.1    0.3   -0.75  -0.07  -1.088  0.63   0.423 -0.85
  0.65  -0.26  -0.16   0.2   -0.45   0.81  -1.08  -1.594 -0.69   0.85
 -0.82   0.21   0.17   0.02  -0.62   0.68  -0.81  -0.38  -0.55   0.2
  0.62  -0.5   -0.03  -0.37  -0.98   0.05  -0.48   1.584  0.2    1.02
 -0.75  -1.409  1.036 -0.65  -0.55   0.02   0.13  -0.28   0.2    0.13 ][ 0.47  -0.59   0.388 -0.62  -0.96   0.17  -0.91   0.03  -0.01   0.82
  0.923 -0.68   0.92  -0.82   0.79  -0.935 -0.87   0.06   0.69  -0.15
 -0.08  -0.346  0.75   0.17  -0.269 -0.94   0.73  -0.28  -0.13  -0.643
  0.95   1.102  0.36  -0.45  -0.72   0.61   0.75  -0.53  -0.8    0.29
 -0.02   0.22   0.1    0.838 -0.75  -0.07  -1.088  0.63  -0.599 -0.85
  0.65  -0.26   0.681 -0.228  0.347  0.81  -0.27  -1.594 -0.69   0.85
 -0.82   0.21   0.17   0.02  -0.62   0.68  -0.77  -0.031 -0.55   0.2
  0.62   0.09  -0.03  -0.37  -0.98   0.05  -0.48   1.584  0.2    0.35
 -0.75  -0.14   1.036 -0.65  -0.55   0.02   0.13   0.199  0.2    0.13 ][ 0.47  -0.59   0.75  -0.62   0.22   0.17  -0.91   0.03  -0.01   0.82
  0.923 -0.68   0.92  -1.397  0.79  -0.47  -0.87   0.06   0.76  -1.136
 -0.08  -0.346  0.75   0.17  -0.269 -0.94   0.73  -0.28  -0.257 -0.643
  0.95   1.102  0.36  -0.45  -0.72   1.633  0.75  -0.53  -0.8    0.29
 -0.02   0.22   0.1    0.3   -0.75  -0.07  -1.673  0.63  -0.121 -0.85
  0.65  -0.26  -0.16   0.2   -0.542  0.81  -0.27  -1.594 -1.075  0.85
 -0.82   0.21   0.17   0.02  -0.62   0.68  -0.81  -0.031 -0.55   0.2
  0.62  -0.5   -0.03  -0.37  -0.98   0.05  -0.48   1.584  0.2    1.02
 -0.75  -0.14   1.439 -0.65  -0.55   0.02   0.13  -0.28   0.2    0.13 ][ 0.47  -0.59   0.75  -0.62   0.22   0.17  -0.97   0.03  -0.01   0.82
  0.923 -0.68   0.92  -1.397  0.79  -0.47  -0.87   0.06   0.69  -1.136
 -0.08  -0.346  0.75   0.17  -0.269 -0.94   0.73  -0.28  -0.257  0.048
  0.95   1.102  0.36  -0.45  -0.72   0.665  0.75  -0.53  -0.8    0.29
 -0.02   0.198  0.1    0.3   -0.75  -0.07  -1.088  0.686  0.423 -0.85
  0.65  -0.26  -0.16   0.2   -0.45   0.81  -0.27  -1.594 -0.69   0.595
 -0.82   0.21   0.17   0.02  -0.62   0.68  -0.77  -0.031 -0.55   0.2
  0.62  -0.5   -0.03  -0.37  -0.98   0.05  -0.48   1.584  0.2    1.02
 -0.75  -0.14   1.036 -0.65  -0.55   0.02   0.13  -0.28   0.2    0.13 ][ 0.47  -0.59   0.75  -0.62   0.22   0.17  -0.91   0.03  -0.01   0.82
  0.094 -0.68   0.92  -1.397  0.79  -0.47  -0.87   0.06   0.76  -1.136
 -0.08  -0.346  0.75   0.17  -0.269 -0.94   0.73  -0.28  -0.257  0.048
  1.71   1.135  0.36  -0.45  -0.72   0.665  0.75  -0.53  -0.8    0.29
 -0.02   0.198  0.1    0.3   -0.75   0.169 -1.673  0.63  -0.121 -0.85
  0.65  -0.26  -0.16   0.2   -0.45   0.81  -0.27  -1.594 -0.69   0.85
 -0.82   0.21   0.17   0.02  -0.62   0.68  -0.81  -0.031 -0.55   0.2
  0.62  -0.5   -0.03  -0.37  -0.98   0.05  -0.48   1.584  0.2    1.02
 -0.75  -0.14   1.036 -0.65  -0.55   0.02   0.13  -0.28   0.2    0.13 ][ 0.47  -0.59   0.75  -0.62  -0.96   0.17  -0.97   0.03  -0.01   0.82
  0.094 -0.68   0.92  -1.397  0.653 -0.935 -0.87   0.06   0.76  -0.15
 -0.08  -0.346  0.75   0.17  -0.269 -0.94   0.73  -0.035 -0.13   0.16
  0.95   1.102  0.36  -0.45  -0.72   0.665  0.75  -0.53  -0.8    0.29
 -0.02   0.22   0.1    0.3   -1.597 -0.07  -1.088  0.63   0.423 -0.85
  0.65  -0.26  -0.16   0.2    0.347  0.81  -0.27  -1.594 -0.69   0.85
 -0.82   0.21   0.17   0.02  -0.62   0.68  -0.77  -0.031 -0.55   0.2
  0.62  -0.5   -0.03  -0.37  -0.98   0.05  -0.48   1.584  0.2    1.02
 -0.75  -0.14   1.036 -0.65  -0.55   0.02   0.13  -0.28   0.2    0.13 ][ 0.47  -0.59   0.75  -0.62   0.22   0.17  -0.91   0.03  -0.967  0.82
  0.094 -0.68   0.92  -0.82   0.79  -0.47  -0.87   0.06   0.76  -1.136
 -0.08  -0.346  0.75   0.17  -0.269 -0.94   0.73  -0.28  -0.13   0.16
  0.95   1.102  0.36  -0.45  -0.72   0.665  0.75  -0.53  -0.8    0.29
 -0.02   0.198  0.1    0.3   -0.75  -0.07  -1.306  0.63   0.423 -0.85
  0.65  -0.26  -0.16   0.2   -0.45   0.31  -0.27  -1.594 -0.69   0.85
 -0.82   0.21   0.717  0.02  -0.62   0.68  -0.81  -0.38  -0.55   0.2
  0.62  -0.5   -0.03  -0.37  -0.98   0.05  -0.48   1.584  0.2    1.02
 -0.75  -0.14   1.036 -0.65  -0.55   0.02   0.13  -0.28   0.2    0.13 ][ 0.47  -0.59   0.388 -0.62   0.22   0.17  -0.97   0.03  -0.772  0.82
  0.923 -0.68   0.92  -1.397  0.79  -0.935 -0.87   0.06   0.76  -1.136
 -0.08  -0.346  0.75   0.17  -0.269 -0.94   0.73  -0.28  -0.13  -0.643
  0.95   1.102  0.36  -0.45  -0.72   0.665  0.75  -0.53  -0.8    0.29
 -0.02   0.22   0.1    0.3   -0.75  -0.07  -1.088  0.63  -0.599 -0.85
  0.65  -0.26  -0.16  -0.228  0.347  0.81  -0.27  -1.594 -1.075  0.85
 -0.82   0.21   0.17   0.02  -0.62   0.68  -1.583  0.584 -0.55   0.2
  0.62  -0.5   -0.03  -0.37  -0.98   0.05  -0.48   1.584  0.2    1.02
 -0.75  -0.14   1.439 -0.65  -0.55   0.02   0.13  -0.28   0.2    0.13 ][ 0.47  -0.59   0.75  -0.62   0.22   0.17  -0.97   0.03  -0.01   0.82
  0.923 -0.68   0.92  -1.397  0.79  -0.47  -0.87   0.06   0.76  -1.136
 -0.08  -0.346  0.75   0.17  -0.269 -0.94   0.73  -0.28  -0.257  0.048
  0.95   1.135  0.36  -0.45  -0.72   0.665  0.75  -0.53  -0.8    0.29
 -0.02   0.198  0.1    0.3   -0.75  -0.07  -1.673  0.63  -0.121 -0.85
  0.65   0.495 -0.16   0.2   -0.45   0.81  -0.27  -1.247 -0.69   0.85
 -0.82   0.21   0.17   0.02  -0.62   0.68  -0.81  -0.031 -0.55   0.2
  0.62  -0.5   -0.03  -0.37  -0.98   0.05  -0.48   1.584  0.2    1.02
 -0.75  -0.14   1.439 -0.65  -0.55   0.02   0.13  -0.28   0.2    0.13 ][ 0.47  -0.59   0.75  -0.62   0.22   0.17  -0.97   0.03  -0.01   0.82
  0.094 -0.68   0.92  -1.397  0.79  -0.47  -0.87   0.06   0.69  -0.15
 -0.08  -0.346  0.75   0.17  -0.269 -0.94   0.73  -0.28  -0.257  0.048
  0.95   1.102  0.36  -0.45  -0.72   0.665  0.839 -0.53  -0.8    0.29
 -0.02   0.198  0.1    0.3   -0.75  -0.07  -1.088  0.63   0.423 -0.85
  0.161 -1.217 -0.16   0.2    0.779  0.81  -1.08  -1.594 -0.69   0.85
 -0.82   0.21   0.17   0.02  -0.62   0.68  -0.81  -0.38  -0.55   0.2
  0.62  -0.5   -0.03  -0.37  -0.98   0.05  -0.48   1.584  0.2    1.02
 -0.75  -0.14   1.036 -0.65  -0.55   0.02   0.13  -0.28   0.2    0.13 ][ 0.47  -0.59   0.75  -0.62   0.22   0.17  -0.97   0.03  -0.01   0.82
  0.923 -0.68   0.92  -0.82   0.79  -0.935 -0.87   0.172  0.76  -1.136
 -0.08  -0.346  0.75   0.17  -0.269 -0.94   0.73  -0.28  -0.13  -0.643
  0.95   1.102  0.36  -0.45  -0.72   0.61   0.75  -0.53  -0.8    0.29
 -0.02   0.22   0.1    0.838 -0.75  -0.07  -1.088  0.63  -0.121 -0.85
  0.65  -1.19  -0.16   0.2   -0.542  0.81  -0.27  -1.594 -1.075  0.85
 -0.82   0.21   0.17   0.02  -0.62   1.477 -1.583  0.584 -0.55   0.2
  0.62   0.09  -0.03  -0.37  -0.98   0.05  -0.48   1.584  0.2    0.35
 -0.75  -0.14   1.439 -0.65  -0.55   0.02   0.13  -0.28   0.2    0.13 ][ 0.47  -0.59   0.75  -0.62   0.22   0.17  -0.91   0.03  -0.01   0.82
  0.923 -0.68   0.92  -1.397  0.79  -0.935 -0.87   0.06   0.76  -1.136
 -0.08  -0.346  0.75   0.17  -0.269 -0.94   0.73  -0.28  -0.257  0.16
  0.95   1.102  0.36  -0.45  -0.72   0.665  0.75  -0.53  -0.8    0.29
 -0.02   0.198  0.1    0.3   -0.75  -0.07  -1.673  0.63  -0.121 -0.85
  0.65  -0.26  -0.16   0.2    0.347  0.81  -0.27  -1.594 -0.69   0.85
 -0.82   0.21   0.17   0.02  -0.62   0.68  -0.77  -0.031 -0.55   0.2
  0.62  -0.5    0.314 -0.37  -0.98   0.05  -0.48   1.584 -0.215  1.02
 -0.75  -0.14   1.439 -0.65  -0.55   0.02   0.13  -0.28   0.2    0.13 ][ 0.47  -0.59   0.75  -0.62  -0.96   0.17  -0.97   0.03  -0.01   0.82
  0.094 -0.68   0.92  -1.397  0.653 -0.47  -0.87   0.06   0.76  -0.434
 -0.08  -0.346  0.75   0.17  -0.269 -0.94   0.73  -0.28  -0.13   0.16
  0.95   1.135  0.36  -0.45  -0.72   0.665  0.75  -0.53  -0.8    0.29
 -0.02   0.198  0.1    0.3   -0.75  -0.07  -1.088  0.63  -0.121 -0.85
  0.65  -0.26  -0.16   0.2    0.347  0.81  -0.27  -1.594 -0.69   0.85
 -0.82   0.21   0.17   0.02  -0.62   0.68  -0.77  -0.38  -0.55   0.2
  0.62  -0.5   -0.03  -0.37  -0.98   0.05  -0.48   1.584  0.2    1.02
 -0.75  -0.14   1.439 -0.65  -0.598  0.02   0.13  -0.28   0.2    0.13 ][ 0.47  -0.59   0.75  -0.62   0.22   0.17  -0.97   0.03  -0.01   0.82
  0.094 -0.68   0.92  -1.397  0.79  -0.47  -0.87   0.06   0.76  -1.136
 -0.08  -0.346  0.75   0.17  -0.269 -0.94   0.73  -0.28  -0.257  0.16
  0.95   1.102  0.36  -0.45  -0.72   0.665  0.75  -0.53  -0.8    0.29
 -0.02   0.22   0.1    0.3   -0.75  -0.07  -1.088  0.63  -0.121 -0.85
  0.65  -0.26  -0.16   0.2   -0.45   0.81  -0.27  -1.594 -0.69   0.85
 -0.82   0.21   0.17   0.02  -0.62   0.68  -0.81  -0.031 -0.727  0.2
  0.62  -0.5   -0.03  -0.37  -0.98   0.05  -0.48   1.584  0.2    1.02
 -0.75  -0.14   1.036 -0.65  -0.55   0.02   0.13  -0.28   0.2    0.13 ][ 0.47  -0.59   0.75  -0.62   0.22   0.17  -0.97   0.03  -0.01   0.82
  0.094 -0.68   0.92  -1.397  0.653 -0.47  -0.87   0.06   0.76  -1.136
 -0.08  -0.346  0.75   0.17  -0.269 -0.94   0.73  -0.28  -0.257  0.048
  0.95   1.102  0.36  -0.45  -0.72   0.665  0.75  -0.53  -0.8    0.29
 -0.02   0.198  0.1    0.3   -0.75  -0.07  -1.088  0.63   0.423 -0.85
  0.65  -0.26  -0.16   0.2    0.347  0.81  -0.27  -2.048 -0.69   0.595
 -0.82   0.21   0.17   0.02  -0.62   0.68  -0.77  -0.38  -0.55   0.2
  0.62  -0.5   -0.03  -0.37  -0.98   0.05  -0.48   1.584  0.2    1.02
 -0.75  -0.14   1.036 -0.65  -0.55   0.02   0.13  -0.28   0.2    0.13 ][ 0.47  -0.59   0.75  -0.62   0.22   0.17  -0.97   0.03  -0.01   0.82
  0.094 -0.68   0.92  -0.82   0.79  -0.47  -0.87   0.06   0.76  -1.136
 -0.08  -0.346  0.75   0.17  -0.269 -0.94   0.73  -0.035 -0.13  -0.33
  0.95   1.102  0.36  -0.45  -0.72   0.665  0.75  -0.53  -0.8    0.29
 -0.02   0.198  0.1    0.3   -0.75  -0.07  -1.088  0.63  -0.121 -0.85
  0.65  -1.217 -0.16   0.2    0.347  0.81  -0.27  -1.594 -0.69   0.85
 -0.82   0.21   0.17   0.02  -0.62   0.68  -0.77  -0.031 -0.55   0.2
  0.62  -0.5   -0.03  -0.37  -0.248  0.05  -0.48   1.584  0.2    1.02
 -0.75  -0.14   1.036 -0.65  -0.55   0.02   0.13  -0.28   0.2    0.13 ][ 0.47  -0.59   0.75  -0.62   0.22   0.17  -0.97   0.03  -0.01   0.82
  0.094 -0.68   0.92  -1.397  0.653 -0.47  -0.87   0.06   0.76  -1.136
 -0.08  -0.346  0.75   0.916 -0.269 -0.94   0.73  -0.28  -0.13  -0.643
  0.95   1.102  0.36  -0.45  -0.72   0.665  0.75  -0.53  -0.8    0.29
 -0.02   0.198  0.1    0.3   -0.75  -0.07  -1.088  0.63  -0.121 -0.85
  0.65  -0.26  -0.16   0.2   -0.542  0.81  -0.27  -1.594 -0.69   0.85
 -0.82   0.21   0.17   0.02  -0.62   0.68  -0.81  -0.38  -0.55   0.2
  0.62  -0.5   -0.03  -0.37  -0.98   0.05  -0.48   1.584  0.2    1.02
 -0.75  -0.14   1.036 -0.65  -0.55   0.02   0.13  -0.28   0.2    0.13 ][ 0.47  -0.59   0.75  -0.62   0.22   0.17  -0.97   0.03  -0.01   0.82
  0.72  -0.68   0.92  -1.397  0.79  -0.47  -0.87   0.06   0.69  -1.136
 -0.08  -0.346  0.75   0.17  -0.269 -0.94   0.73  -0.28  -0.13   0.16
  0.95   1.967  0.36  -0.45  -0.72   0.665  0.75  -0.53  -0.8    0.29
 -0.02   0.198  0.1    0.3   -0.75  -0.07  -1.673  0.63  -0.121 -0.85
  0.65  -0.26  -0.16   0.2   -0.45   0.81  -0.27  -1.594 -0.69   0.85
 -0.82   0.21   0.17   0.02  -0.62   0.68  -0.77  -0.031 -0.55   0.2
  0.62  -0.5   -0.03  -0.37  -0.98   0.05  -0.48   1.584  0.2    1.02
 -0.75  -0.14   1.439 -0.65  -0.55   0.02   0.13  -0.28   0.2    0.13 ][ 0.47  -0.461  0.75  -0.62  -0.96   0.17  -0.97   0.03  -0.01   0.82
  0.72  -0.68   0.92  -1.397  0.79  -0.47  -0.87   0.06   0.76  -0.15
 -0.08  -0.346  0.75   0.17  -0.269 -0.94   0.73  -0.28  -0.257  0.16
  0.95   1.135  0.36  -0.45  -0.72   0.61   0.75  -0.53  -0.8    0.29
 -0.02   0.198  0.1    0.3   -0.75  -0.07  -1.088  0.63  -0.121 -0.85
  0.65  -0.26  -0.16   0.2    0.347  0.81  -0.27  -1.594 -0.69   0.85
 -0.82   0.21   0.17   0.02  -0.62   0.68  -0.81  -0.031 -0.55   0.2
  0.62  -0.5   -0.03  -0.37  -0.98   0.05  -0.48   1.521  0.2    1.02
 -0.75  -0.14   1.439 -1.27  -0.55   0.02   0.13  -0.28   0.2    0.13 ][ 0.47  -0.461  0.75  -0.62  -0.96   0.17  -0.97   0.03  -0.01   0.82
  0.923 -0.68   0.92  -1.397  0.79  -0.935 -0.87   0.06   0.69   0.434
 -0.08  -0.346  0.75   0.17  -0.269 -0.94   0.73  -0.28  -0.13   0.16
  0.95   1.102  0.36  -0.45  -0.72   0.665  0.75  -0.53  -0.8    0.29
 -0.02   0.22   0.1    0.3   -0.75  -0.07  -1.306  0.63  -0.121 -0.85
  0.65  -1.19  -0.16   0.2    0.347  0.81  -0.27  -1.594 -0.69   0.85
 -0.82   0.21   0.17   0.02  -0.62   0.68  -1.583 -0.031 -0.55   0.2
  0.62  -0.5   -0.03  -0.37  -0.98   0.05  -0.48   1.584  0.2    1.02
 -0.75  -0.14   1.036 -0.65  -0.55   0.02   0.13  -0.28   0.2    0.13 ][ 0.47  -0.461  0.75  -0.62  -0.96   0.17  -0.91   0.03  -0.967  0.82
  0.923 -0.68   0.92  -0.82   0.79  -0.935 -0.87   0.06   0.76  -1.136
 -0.08  -0.346  0.75   0.17  -0.269 -0.94   0.73  -0.28  -0.13   0.16
  0.95   1.293  0.36  -0.45  -0.72   0.665  0.75  -0.53  -0.8    0.29
 -0.02   0.22   0.1    0.3   -0.75  -0.07  -1.088  0.63  -0.121 -0.85
  0.65  -0.26  -0.16   0.2    0.347  0.81  -0.27  -1.594 -0.69   0.85
 -0.82   0.21   0.17   0.02  -0.62   0.68  -0.81  -0.38  -0.55   0.246
  0.62  -0.5   -0.03  -0.37  -0.98   0.05  -0.48   1.584  0.2    1.02
 -0.75  -0.14   1.036 -0.65  -0.55   0.02   0.13  -0.28   0.2    0.13 ][ 0.47  -0.59   0.75  -0.62   0.22   0.17  -0.97   0.03  -0.01   0.82
  0.094 -0.68   0.92  -0.82  -0.112 -0.47  -0.87   0.06   0.69  -0.15
 -0.08  -0.346  0.75   0.17  -0.269 -0.94   0.73  -0.28  -0.13   0.968
  0.95   1.102  0.36  -0.45  -0.72   0.61   0.75  -0.53  -0.8    0.29
 -0.02   0.198  0.1    0.838 -0.75  -0.07  -1.088  0.63   0.423 -0.85
  0.65  -1.19  -0.16  -0.228  0.347  0.81  -0.27  -1.594 -0.69   0.85
 -0.82   0.21   0.17   0.02  -0.62   0.68  -1.583 -0.38  -0.55   0.2
  0.62  -0.5   -0.03  -0.37  -0.98   0.05  -0.48   1.584  0.2    0.35
 -0.75  -0.14   1.036 -0.65  -0.55   0.02   0.13  -0.28   0.2    0.13 ][ 0.47  -0.59   0.75  -0.62   0.22   0.17  -0.91   0.03  -0.01   0.82
  0.923 -0.68   0.92  -0.82   0.79  -0.935 -0.87   0.06   0.69  -0.15
 -0.08  -0.346  0.75   0.17  -0.269 -0.94   0.73  -0.28  -0.13  -0.643
  0.95   0.42   0.36  -0.45  -0.72   0.665  0.75  -0.53  -0.8    0.29
 -0.02   0.22   0.1    0.3   -0.75  -0.07  -1.088  0.63  -0.121 -0.85
  0.65  -0.26  -0.16   0.2    0.347  0.81  -0.27  -1.594 -0.69   0.85
 -0.82   0.21  -0.382  0.02  -0.62   0.68  -1.583 -0.031 -0.55   0.2
  0.62  -0.5   -0.03  -0.37  -0.98   0.05  -0.48   1.584  0.2    1.02
 -0.75  -0.14   1.439 -0.65  -0.55   0.02   0.13  -0.28   0.2    0.13 ][ 0.47  -0.59   0.75  -0.62  -0.96   0.17  -0.97   0.03  -0.01   0.82
  0.094 -0.68   0.92  -1.397  0.653 -0.47  -0.87   0.06   0.76  -0.15
 -0.08  -0.346  0.75   0.17  -0.269 -0.94   0.73  -0.035 -0.13  -0.643
  0.95   1.102  0.36  -0.45  -0.72   0.665  0.75  -0.53  -0.8    0.29
 -0.02   0.22   0.1    0.3   -0.75  -0.07  -1.088  0.63  -0.121 -0.85
  0.65  -1.217  0.681  0.2    0.347  0.468 -0.27  -1.594 -0.69   0.85
 -0.82   0.21   0.17   0.02  -0.62   0.68  -0.77  -0.38  -0.55   0.2
  0.62  -0.5   -0.03  -0.37  -0.98   0.05  -0.48   1.584  0.2    1.02
 -0.75  -0.14   1.439 -0.65  -0.55   0.02   0.13  -0.28   0.2    0.13 ][ 0.47  -0.59   0.388 -0.62   0.22   0.17  -0.97   0.03  -0.01   0.82
  0.923 -0.68   0.92  -0.82   0.79  -0.47  -0.87   0.06   0.76  -1.136
 -0.08  -0.346  0.75   0.17  -0.269 -0.94   0.73  -0.28  -0.13   0.968
  0.95   1.102  0.36  -0.45  -0.72   0.61   0.75  -0.53  -0.8   -0.7
 -0.02   0.22   0.1    0.838 -0.75  -0.07  -1.088  0.63  -0.121 -0.85
  0.65  -1.19  -0.16   0.2   -0.542  0.81  -0.27  -1.594 -0.69   0.85
 -0.82   0.21   0.17   0.02  -0.62   1.477 -0.81  -0.031 -0.55   0.2
  0.62   0.09  -0.03  -0.37  -0.98   0.05  -0.48   1.584  0.2    1.02
 -0.75  -0.14   1.439 -0.65  -0.55   0.02   0.13  -0.28   0.2    0.13 ][ 0.47  -0.59   0.75  -0.62  -0.96   0.17  -0.97   0.03  -0.01   0.82
  0.923 -0.68   1.188 -1.397  0.79  -0.935 -0.87   0.06   0.69  -1.136
 -0.08  -0.346  0.75   0.17  -0.269 -0.94   0.73  -0.28  -0.13   0.16
  0.95   1.102  0.36  -0.45  -0.72   0.61   0.75  -0.53  -0.8    0.29
 -0.02   0.198  0.1    0.3   -0.75  -0.07  -1.088  0.599 -0.121 -0.85
  0.65  -0.26  -0.16   0.2    0.347  0.81  -0.27  -1.594 -0.69   0.85
 -0.82   0.21   0.17   0.02  -0.62   0.68  -0.77  -0.031 -0.55   0.2
  0.62  -0.5   -0.03  -0.37  -0.98   0.05  -0.48   1.584  0.2    1.02
 -0.75  -0.14   1.036 -0.65  -0.55   0.02   0.13  -0.28   0.2    0.13 ][ 0.47  -0.59   0.75  -0.62   0.22   0.17  -0.97   0.03  -0.01   0.82
  0.72  -0.68   0.92  -0.82   0.79  -0.47  -0.87   0.06   0.69  -1.136
 -0.08  -0.346  0.75   0.17  -1.233 -0.94   0.73  -0.28  -0.257  0.16
  0.95   1.102  0.36  -0.45  -0.72   0.665  0.75  -0.53  -0.8    0.29
 -0.02   0.198  0.1    0.3   -0.75  -0.07  -1.088  0.63  -0.121 -0.85
  0.65  -0.26  -0.16   0.2   -0.45   0.81  -0.27  -1.594 -0.69   0.85
 -0.82   0.21   0.17   0.02  -0.62   0.68  -0.77  -0.38  -0.55   0.2
  0.62  -0.5   -0.03  -0.37  -0.98   0.05  -0.48   1.584  0.2    1.02
 -0.75  -0.14   1.036 -0.65  -0.55   0.02   0.13  -0.28   0.2    0.13 ][ 0.47  -0.59   0.75  -0.62   0.22   0.17  -0.91  -0.841 -0.01   0.82
  0.923 -0.68   0.608 -1.397  0.79  -0.47  -0.87   0.06   0.76  -1.136
 -0.08  -0.346  0.75   0.17  -0.269 -0.94   0.73  -0.28  -0.257  0.048
  0.95   1.102  0.36  -0.45  -0.72   0.665  0.839 -0.53  -0.8    0.29
 -0.02   0.198  0.1    0.3   -0.75  -0.07  -1.088  0.63  -0.121 -0.85
  0.161 -0.26  -0.16   0.2   -0.45   0.81  -0.27  -1.594 -0.69   0.85
 -0.82   0.21   0.17   0.02  -0.62   0.68  -0.81  -0.38  -0.55   0.2
  0.62  -0.5   -0.03  -0.37  -0.98   0.05  -0.48   1.584  0.2    1.02
 -0.75  -0.14   1.439 -0.65  -0.55   0.02   0.13  -0.28   0.2    0.13 ][ 0.47  -0.59   0.75  -0.62  -0.96   0.17  -0.97   0.03  -0.967  0.82
  0.72  -0.68   0.92  -0.82   0.79  -0.47  -0.87   0.06   0.76  -0.15
 -0.08  -0.346  0.75   0.17  -0.269 -0.94   0.73  -0.035 -0.13   0.16
  0.95   1.135  0.36  -0.45  -0.72   0.61   0.75  -0.53  -0.8    0.29
 -0.02   0.198  0.1    0.3   -0.75  -0.07  -1.306  0.63  -0.121 -0.85
  0.65  -0.26  -0.16   0.2   -0.45   0.31  -1.04  -1.594 -0.69   0.85
 -0.82   0.21   0.17   0.02  -0.62   0.68  -0.81  -0.38  -0.55   0.246
  0.62  -0.5   -0.03  -0.37  -0.98   0.05  -0.48   1.584  0.2    1.02
 -0.75  -0.14   1.439 -0.65  -0.55   0.02   0.13  -0.28   0.2    0.13 ][ 0.47  -0.59   0.75  -0.62   0.22   0.17  -0.91   0.03  -0.01   0.82
  0.923 -0.68   0.92  -1.397  0.79  -0.47  -0.87   0.06   0.76  -1.136
 -0.08  -0.346  0.75   0.17  -0.269 -0.94   0.73  -0.28  -0.13   0.048
  0.95   1.135  0.36  -0.45  -0.72   0.665  0.75  -0.53  -0.8    0.29
 -0.02   0.22   0.1    0.3   -1.703 -0.07  -1.088  0.63  -0.121 -0.85
  0.65  -0.26  -0.16   0.2   -0.45   0.81  -0.27  -1.594 -0.69   0.85
 -0.82   0.21   0.17   0.02  -0.62   0.68  -0.81  -0.031 -0.55   0.2
  0.62  -0.5   -0.03  -0.37  -0.98   0.05  -0.48   1.584  0.2    1.02
 -0.75  -0.14   1.439 -0.65  -0.55   0.02   0.13  -0.28   0.2    0.13 ][ 0.47  -0.59   0.75  -0.62   0.22   0.17  -0.91   0.03  -0.01   0.82
  0.094 -0.68   0.92  -1.397  0.79  -0.47  -0.87   0.06   0.76  -0.15
 -0.08  -0.346  0.75   0.17  -0.269 -0.94   0.73  -0.28  -0.257  0.048
  0.95   1.135  0.36  -0.45  -0.72   0.665  0.839 -0.53  -0.8    0.29
 -0.02   0.198  0.1    0.3   -0.75  -0.07  -1.088  0.63  -0.121 -0.85
  0.65  -0.26  -0.16   0.2   -0.45   0.81  -1.08  -1.594 -0.69   0.85
 -0.82   0.21   0.17   0.02  -0.62   0.68  -0.81  -0.031 -0.55   0.2
  0.62  -0.5    0.53  -0.37  -0.98   0.05  -0.48   1.584  0.2    1.02
 -0.75  -1.409  1.439 -0.65  -0.55   0.02   0.13  -0.28   0.2    0.13 ][ 0.47  -0.301  0.75  -0.62   0.22   0.17  -0.97   0.03  -0.01   0.82
  0.094 -0.68   0.92  -1.397  0.79  -0.47  -0.87   0.06   0.76  -1.136
 -0.08  -0.346  0.75   0.17  -0.269 -0.94   0.73  -0.28  -0.257  0.16
  0.95   1.102  0.36  -0.45  -0.72   0.61   0.75  -0.53  -0.8    0.29
 -0.02   0.22   0.1    0.3   -0.75  -0.07  -1.088  0.63  -0.121 -0.85
  0.65  -0.26  -0.16   0.2    0.347  0.81  -0.27  -1.594 -0.69   0.85
 -0.82   0.21   0.17   0.02  -0.62   0.68  -0.81  -0.031 -0.55   0.2
  0.62  -0.5   -0.03  -0.37  -0.98   0.05  -0.48   1.584  0.2    1.02
 -0.75  -0.14   1.439 -0.65  -0.55   0.02   0.13  -0.28   0.2    0.13 ][ 0.47  -0.59   0.75  -0.62  -0.96   0.17  -0.91   0.03  -0.01   0.82
  0.094 -0.68   0.92  -1.397  0.79  -0.47  -0.87   0.06   0.76  -1.136
 -0.08  -0.346  0.75   0.17  -0.269 -0.94   0.73  -0.28  -0.257  0.16
  0.95   1.102  0.36  -0.45  -0.72   0.665  0.75  -0.53  -0.8    0.29
 -0.02   0.198  0.466  0.3   -0.75  -0.07  -1.088  0.63  -0.121 -0.321
  0.65  -0.26  -0.16   0.2   -0.45   0.81  -0.27  -1.594 -0.69   0.85
 -0.82   0.21   0.17   0.02  -0.62   0.68  -0.81  -0.031 -0.55   0.2
  0.62  -0.5   -0.03  -0.37  -0.98   0.05  -0.48   1.584  0.2    1.02
 -0.75  -0.14   1.439 -0.65  -0.55   0.02   0.13  -0.28   0.2    0.13 ][ 0.47  -0.59   0.388 -0.62   0.22   0.17  -0.97   0.03  -0.967  0.82
  0.923 -0.68   0.92  -1.397  0.79  -0.47  -0.87   0.06   0.69  -0.15
 -0.08  -0.346  0.75   0.17  -0.269 -0.94   0.73  -0.28  -0.257  0.048
  0.95   1.135  0.36  -0.45  -0.72   0.61   0.75  -0.53  -0.329  0.29
 -0.02   0.198  0.1    0.3   -0.75  -0.07  -1.306  0.63  -0.121 -0.85
  0.65  -0.26  -0.16   0.2    0.347  0.81  -0.27  -1.594 -0.69   0.85
 -0.82   0.21   0.17   0.02  -0.62   0.68  -0.81  -0.031 -0.55   0.2
  0.62  -0.5   -0.03  -0.37  -0.98   0.05  -0.48   1.584  0.2    1.02
 -0.75  -0.77   1.439 -0.65  -0.55   0.02   0.13  -0.28   0.2    0.13 ][ 0.47  -0.461  0.75  -0.62  -0.96   0.17  -0.97   0.03  -0.01   0.82
  0.923 -0.68   0.92  -1.397  0.79  -0.47  -0.87   0.06   0.76  -1.136
 -0.08  -0.346  0.75   0.17  -0.269 -0.94   0.73  -0.28  -0.13  -0.643
  0.95   1.102  0.36  -0.45  -0.72   0.665  0.75  -0.53  -0.8    0.29
 -0.02   0.22   0.1    0.3   -0.75  -0.07  -1.088  0.63  -0.465 -0.85
  0.65  -0.26  -0.16   0.2    0.347  0.81  -0.27  -1.247 -0.69   0.85
 -0.82   0.21   0.17   0.02  -0.62   0.68  -0.81   0.584 -0.55   0.2
  0.62  -0.5   -0.03  -0.37  -0.98   0.05  -0.48   1.584  0.2    1.02
 -0.75  -0.14   1.036 -0.65  -0.55   0.02   0.13  -0.28   0.2    0.13 ][ 0.47  -0.59   0.75  -0.62   0.22   0.17  -0.97   0.03  -0.01   0.82
  0.094 -0.68   0.92  -0.82   0.79  -0.935 -0.87   0.06   0.69  -0.15
 -0.08  -0.346  0.75   0.17  -0.269 -0.94   0.73  -0.28  -0.13   0.968
  0.95   1.102  0.36  -0.45  -0.72   0.665  0.839 -0.53  -0.8    0.29
 -0.02   0.22   0.1    0.3   -0.75  -0.07  -1.306  0.693 -0.599 -0.85
  0.65  -1.19  -0.16  -0.228 -0.45   0.81  -0.27  -1.594 -0.69   0.85
 -0.82   0.21   0.17   0.02  -0.62   0.68  -0.81  -0.38  -0.55   0.2
  0.62  -0.5   -0.03  -0.37  -0.98   0.05  -0.48   1.584  0.2    1.02
 -0.75  -0.14   1.036 -0.65  -0.55   0.02   0.13  -0.28   0.2    0.13 ][ 0.111 -0.59   0.75  -0.62   0.22   0.17  -0.91   0.03  -0.01   0.82
  0.094 -0.68   0.92  -1.397  0.79  -0.47  -0.87   0.06   0.76  -0.15
 -0.08  -0.346  0.75   0.17  -0.269 -0.94   0.73  -0.28  -0.257 -0.643
  0.95   1.102  0.36  -0.45  -0.72   0.665  0.75  -0.53  -0.8    0.29
 -0.02   0.198  0.1    0.3   -0.75   0.169 -1.673  0.63  -0.121 -0.85
  0.65  -0.26   0.681  0.2    0.347  0.81  -0.27  -1.594 -0.69   0.85
 -0.82   0.21   0.17   0.02  -0.62   0.68  -0.81  -0.031 -0.55   0.2
  0.62  -0.5   -0.03  -0.37  -0.98   0.05  -0.48   1.584  0.2    1.02
 -0.75  -0.14   1.036 -0.65  -0.55   0.02   0.13  -0.28   0.2    0.13 ][ 0.965 -0.59   0.75  -0.62   0.22   0.17  -0.97   0.03  -0.01   0.82
  0.094 -0.68   0.92  -1.397  0.79  -0.47  -0.87   0.06   0.69  -0.15
 -0.08  -0.346  0.75   0.17  -0.269 -0.94   0.73  -0.28  -0.257 -0.643
  0.95   1.102  0.36  -0.45  -0.72   0.665  0.839 -0.53  -0.8    0.29
 -0.02   0.22   0.1    0.3   -0.75   0.359 -1.088  0.63  -0.121 -0.85
  0.65  -0.26   0.681  0.2   -0.45   0.81  -1.08  -1.594 -0.69   0.85
 -0.82   0.21   0.17   0.02  -0.62   0.68  -0.81  -0.38  -0.55   0.2
  0.62  -0.5   -0.03  -0.37  -0.98   0.05  -0.48   1.584  0.2    1.02
 -0.75  -1.409  1.439 -0.65  -0.55   0.02   0.13  -0.28   0.2    0.13 ][ 0.47  -0.59   0.75  -0.62  -0.96   0.17  -0.97   0.03  -0.01   0.82
  0.923 -0.68   0.92  -0.82   0.79  -0.935 -0.87   0.06   0.76  -1.136
 -0.08  -1.342  0.75   0.17  -0.269 -0.94   0.73  -0.28  -0.13   0.048
  0.95   0.42   0.36  -0.45  -0.72   0.665  0.75  -0.53  -0.8    0.29
 -0.02   0.22   0.466  0.838 -0.75  -0.07  -1.306  0.63  -0.599 -0.85
  0.65  -0.26  -0.16  -0.228  0.347  0.81  -0.27  -1.247 -0.69   0.85
 -0.82   0.21   0.17   0.02  -0.62   0.68  -0.81  -0.031 -0.55   0.2
  0.62  -0.5   -0.03  -0.37  -0.98   0.05  -0.48   1.584  0.2    0.35
 -0.75  -0.14   1.439 -0.65  -0.55   0.02   0.13  -0.28   0.2    0.13 ][ 0.47  -0.59   0.75  -0.62   0.22   0.17  -0.91   0.03  -0.01   0.82
  0.72  -0.68   0.92  -1.397  0.79  -0.47  -0.87   0.06   0.69  -1.136
 -0.08  -0.346  0.75   0.17  -0.269 -0.94   0.73  -0.28  -0.13   0.048
  0.95   1.135  0.36  -0.45  -0.72   0.665  0.75  -0.53  -0.8    0.29
 -0.02   0.198  0.1    0.3   -0.75  -0.07  -1.673  0.63  -0.121 -0.85
  0.65  -0.26  -0.16   0.2   -0.45   0.81  -0.27  -1.594 -0.69   0.85
 -0.82   0.21   0.17   0.02  -0.62   0.68  -0.77  -0.031 -0.55   0.2
  0.62  -0.5    0.314 -1.011 -0.98   0.05  -0.48   1.584  0.2    1.02
 -0.75  -0.14   1.439 -0.65  -0.55   0.02   0.13  -0.28   0.2    0.13 ][ 0.47  -0.59   0.75  -0.62   0.22   0.17  -0.91   0.03  -0.01   0.82
  0.923 -0.68   0.92  -1.397  0.79  -0.47  -0.87   0.06   0.69  -0.15
 -0.08  -0.346  0.75   0.17  -0.269 -0.94   0.73  -0.28  -0.13  -0.643
  0.95   1.102  0.36  -0.45  -0.72   0.665  0.75  -0.53  -0.8    0.29
 -0.02   0.22   0.1    0.3   -0.75   0.359 -1.088  0.63  -0.599 -0.85
  0.65  -0.26   1.361  0.2    0.347  0.81  -0.27  -1.594 -1.075  0.85
 -0.82   0.21   0.17   0.02  -0.62   0.68  -0.81   0.584 -0.55   0.2
  0.62  -0.5   -0.03  -0.37  -0.98   0.05  -0.48   1.584  0.2    0.35
 -0.75  -0.14   1.439 -0.65  -0.55   0.02   0.13  -0.28   0.2    0.13 ][ 0.47  -0.59   0.75  -0.62   0.22   0.17  -0.97  -0.841 -0.01   0.82
  0.094 -0.68   0.92  -1.397  0.79  -0.47  -0.87   0.06   0.76  -0.15
 -0.08  -0.346  0.75   0.17  -0.269 -0.94   0.73  -0.035 -0.13   0.16
  0.95   1.102  0.36  -0.45  -0.72   0.665  0.839 -0.53  -0.8    0.29
 -0.02   0.198  0.1    0.3   -0.75  -0.07  -1.088  0.63  -0.121 -0.85
  0.161 -1.217 -0.16   0.2    0.347  0.81  -0.27  -1.594 -0.69   0.85
 -0.82   0.21   0.17   0.02  -0.62   0.68  -0.81  -0.38  -0.55   0.2
  0.62  -0.5   -0.03  -0.37  -0.98   0.05  -0.48   1.336  0.2    1.02
 -0.75  -0.14   1.439 -0.65  -0.55   0.02   0.13  -0.28   0.2    0.13 ]