[ 2.6000000e-01 -6.0000000e-01  8.0000000e-02 -2.6000000e-01
 -6.9000000e-01  1.7000000e-01  4.1000000e-01 -4.3000000e-01
 -3.4000000e-01  8.2000000e-01  7.2000000e-01 -6.8000000e-01
  9.2000000e-01 -8.2000000e-01  7.9000000e-01  9.9000000e-01
 -8.7000000e-01  8.8817842e-16  7.6000000e-01  5.0000000e-02
 -8.0000000e-02  4.3000000e-01 -7.3000000e-01  1.7000000e-01
 -3.2000000e-01 -9.2000000e-01  7.3000000e-01 -2.8000000e-01
  5.1000000e-01  8.8817842e-16 -6.2000000e-01  4.2000000e-01
  3.6000000e-01 -4.5000000e-01 -2.7000000e-01  6.1000000e-01
  4.8000000e-01 -5.3000000e-01  6.5000000e-01  2.9000000e-01
 -2.0000000e-02 -5.7000000e-01  1.0000000e-01  3.0000000e-01
 -7.5000000e-01  5.4000000e-01  5.0000000e-01 -1.9000000e-01
  7.3000000e-01 -8.5000000e-01  5.2000000e-01 -2.6000000e-01
 -1.6000000e-01 -2.4000000e-01 -4.5000000e-01 -6.6000000e-01
 -9.8000000e-01 -9.8000000e-01  5.8000000e-01  8.5000000e-01
  1.5000000e-01 -3.0000000e-01  4.6000000e-01  2.0000000e-02
 -6.2000000e-01  7.6000000e-01 -8.1000000e-01 -3.8000000e-01
 -5.5000000e-01 -5.1000000e-01  6.2000000e-01  9.3000000e-01
 -3.0000000e-02  7.2000000e-01  4.8000000e-01  2.8000000e-01
 -4.8000000e-01  5.6000000e-01  2.0000000e-01  2.0000000e-01
 -1.2000000e-01 -1.4000000e-01  9.4000000e-01 -6.5000000e-01
 -2.3000000e-01  3.2000000e-01  1.3000000e-01  7.0000000e-02
  2.0000000e-01  1.3000000e-01][-7.8000000e-01  6.2000000e-01  7.4000000e-01  9.7000000e-01
  2.2000000e-01 -9.8000000e-01 -7.6000000e-01  3.0000000e-02
 -1.0000000e-02 -7.7000000e-01 -3.1000000e-01 -7.5000000e-01
 -9.0000000e-01 -9.4000000e-01  9.1000000e-01  5.0000000e-02
  7.0000000e-02  7.6000000e-01  7.2000000e-01  7.7000000e-01
  5.1000000e-01 -8.7000000e-01  7.5000000e-01 -8.9000000e-01
  8.0000000e-01  5.7000000e-01  3.1000000e-01  5.7000000e-01
  1.7000000e-01  5.3000000e-01 -6.4000000e-01 -5.1000000e-01
  1.7000000e-01  1.3000000e-01 -2.8000000e-01 -7.5000000e-01
  8.4000000e-01  5.4000000e-01 -7.6000000e-01  6.1000000e-01
  8.8817842e-16  7.0000000e-02 -4.0000000e-01 -6.7000000e-01
 -4.0000000e-01  9.3000000e-01 -5.8000000e-01 -3.2000000e-01
 -2.2000000e-01 -1.8000000e-01 -5.0000000e-01 -3.8000000e-01
 -2.7000000e-01  3.0000000e-02 -8.5000000e-01  5.5000000e-01
 -1.2000000e-01 -8.9000000e-01 -6.6000000e-01 -7.9000000e-01
 -8.2000000e-01 -4.2000000e-01 -6.1000000e-01 -5.7000000e-01
 -1.6000000e-01  2.0000000e-01  8.6000000e-01  4.2000000e-01
  1.1000000e-01 -9.9000000e-01  9.6000000e-01  4.8000000e-01
 -6.2000000e-01  2.2000000e-01 -1.0000000e-01  7.7000000e-01
  1.0000000e-01 -8.0000000e-02 -2.0000000e-02 -3.4000000e-01
 -5.8000000e-01 -2.0000000e-01 -3.6000000e-01  8.7000000e-01
  7.6000000e-01 -8.5000000e-01 -4.0000000e-01  6.1000000e-01
 -1.8000000e-01  1.0000000e-02][ 3.9000000e-01  7.5000000e-01  6.5000000e-01  1.9000000e-01
 -9.9000000e-01  8.1000000e-01 -9.7000000e-01  1.2000000e-01
 -4.5000000e-01  1.9000000e-01 -2.2000000e-01 -7.7000000e-01
 -2.0000000e-02 -7.8000000e-01  6.7000000e-01  1.4000000e-01
  7.9000000e-01 -1.1000000e-01  6.9000000e-01  8.8817842e-16
 -7.0000000e-02 -6.6000000e-01  2.8000000e-01  2.1000000e-01
 -8.7000000e-01 -7.4000000e-01 -7.2000000e-01 -3.5000000e-01
  3.7000000e-01 -4.0000000e-02  9.5000000e-01 -3.3000000e-01
  8.7000000e-01 -7.0000000e-02 -1.0000000e-02  2.1000000e-01
  5.1000000e-01  1.8000000e-01 -9.2000000e-01 -6.3000000e-01
  3.0000000e-02  3.0000000e-01  3.3000000e-01 -4.3000000e-01
 -8.0000000e-01 -7.0000000e-01 -4.7000000e-01  3.8000000e-01
  4.0000000e-01 -5.7000000e-01 -1.7000000e-01  8.1000000e-01
  1.7000000e-01 -8.8000000e-01 -3.0000000e-01  3.1000000e-01
  4.5000000e-01  5.4000000e-01  1.7000000e-01  9.7000000e-01
  6.8000000e-01  4.0000000e-02  1.7000000e-01 -6.2000000e-01
 -1.5000000e-01  9.3000000e-01 -7.7000000e-01 -1.3000000e-01
 -1.1000000e-01 -1.6000000e-01  9.9000000e-01  9.0000000e-02
  8.9000000e-01 -2.7000000e-01 -8.0000000e-01  1.8000000e-01
  4.6000000e-01 -2.0000000e-02  1.9000000e-01 -6.0000000e-01
  9.2000000e-01 -3.4000000e-01 -6.2000000e-01 -7.1000000e-01
 -5.5000000e-01 -2.6000000e-01  2.0000000e-01 -3.3000000e-01
  5.3000000e-01  4.7000000e-01][ 0.2  -0.32  0.26  0.58  0.75  0.65 -0.38 -0.02 -0.42  0.8   0.31 -0.9
 -0.72 -0.6  -0.91  0.04 -0.45 -0.77  0.57  0.39  0.17 -0.98  0.55 -0.39
 -0.77 -0.62  0.59 -0.95 -0.1   0.52  0.3   0.54  0.35  0.83  0.24 -0.58
 -0.76 -0.94 -0.1   0.01  0.56  0.81  0.3  -0.8   0.06 -0.13 -0.7   0.44
 -0.06  0.37 -0.54  0.77  0.19 -0.42  0.82  0.58 -0.85 -0.44  0.17 -0.16
  0.8  -0.01  0.94 -0.49 -0.31 -1.   -0.98  0.86  0.89  0.98  0.71  0.65
  0.93 -0.35  0.56  0.07  0.72  0.59  0.81  0.98  0.07 -0.75  0.31  0.14
  0.14  0.34 -0.2   0.6  -0.9   0.32][ 0.57 -0.59  0.55 -0.62  0.75  0.42 -0.91  0.77 -0.01  0.53 -0.79 -0.17
 -0.62 -0.57  0.81  0.05  0.43  0.06  0.63 -0.15  0.11 -0.47  0.21  0.36
 -0.98 -0.94 -0.76 -0.7  -0.13  0.14  0.71  0.42  0.87 -0.75 -0.79  0.83
  0.75  0.23 -0.8   0.9  -0.47  0.22  0.94  0.12  0.66  0.83 -0.03  0.63
  0.46  0.36  0.47 -0.58  0.73  0.2   0.18 -0.02 -0.27 -0.84 -0.69 -0.94
 -0.83 -0.39 -0.94  0.63  0.77  0.68 -0.2  -0.52  0.74  0.2  -0.88 -0.5
 -0.94 -0.37 -0.98  0.05  0.39  0.97  0.11  0.4   0.05 -0.77 -0.96  0.6
 -0.74  0.02 -0.15 -0.05 -0.48 -0.39][ 1.5000000e-01 -4.1000000e-01 -6.6000000e-01  3.8000000e-01
  5.0000000e-02  8.8817842e-16 -6.9000000e-01  1.1000000e-01
  2.8000000e-01 -3.8000000e-01 -6.3000000e-01  6.0000000e-01
  7.9000000e-01  5.8000000e-01  9.9000000e-01  6.6000000e-01
  5.0000000e-02 -5.0000000e-02  6.9000000e-01  8.0000000e-02
  8.8817842e-16  1.0000000e-01  8.3000000e-01  7.2000000e-01
  2.5000000e-01  5.9000000e-01  2.7000000e-01 -2.2000000e-01
 -8.8000000e-01 -4.3000000e-01 -4.1000000e-01 -7.3000000e-01
  4.3000000e-01 -2.1000000e-01  3.6000000e-01 -7.6000000e-01
 -3.0000000e-01 -6.0000000e-01  2.9000000e-01  9.3000000e-01
 -6.3000000e-01 -9.0000000e-02 -3.0000000e-02 -6.4000000e-01
  8.8000000e-01 -6.6000000e-01  9.7000000e-01  6.2000000e-01
 -8.0000000e-01 -5.8000000e-01 -2.5000000e-01 -2.6000000e-01
 -4.0000000e-02  9.4000000e-01 -7.3000000e-01 -1.8000000e-01
  6.0000000e-01 -2.5000000e-01  4.0000000e-01  2.0000000e-02
  7.9000000e-01  1.5000000e-01  6.1000000e-01 -1.5000000e-01
  5.1000000e-01  6.8000000e-01 -5.5000000e-01 -8.0000000e-02
  1.2000000e-01  8.3000000e-01  5.0000000e-02  5.5000000e-01
  7.0000000e-02  4.7000000e-01 -1.6000000e-01  8.1000000e-01
  3.5000000e-01 -6.5000000e-01 -3.3000000e-01  2.2000000e-01
 -5.2000000e-01 -4.0000000e-01 -9.0000000e-01 -1.7000000e-01
  5.6000000e-01 -6.4000000e-01 -3.8000000e-01 -3.5000000e-01
  3.0000000e-02  9.0000000e-01][ 7.3000000e-01  1.4000000e-01 -7.6000000e-01  2.1000000e-01
  8.1000000e-01 -7.2000000e-01 -8.4000000e-01  2.4000000e-01
  4.4000000e-01  2.7000000e-01  6.9000000e-01  3.9000000e-01
 -7.7000000e-01  9.4000000e-01 -9.8000000e-01 -2.9000000e-01
  4.8000000e-01 -1.2000000e-01  3.5000000e-01  6.5000000e-01
 -7.0000000e-01 -7.2000000e-01 -5.6000000e-01 -3.1000000e-01
  2.9000000e-01 -4.0000000e-01  6.5000000e-01  8.8817842e-16
 -7.1000000e-01 -8.5000000e-01  7.0000000e-01 -3.1000000e-01
 -9.4000000e-01  8.9000000e-01 -1.0000000e+00 -5.3000000e-01
 -6.6000000e-01 -9.6000000e-01  2.9000000e-01  8.7000000e-01
 -4.1000000e-01  1.8000000e-01 -4.4000000e-01 -9.9000000e-01
  3.5000000e-01 -5.0000000e-02  4.5000000e-01  9.4000000e-01
  6.2000000e-01 -2.4000000e-01 -4.5000000e-01 -4.0000000e-01
 -8.4000000e-01 -9.0000000e-01 -6.6000000e-01  3.2000000e-01
  1.5000000e-01 -2.0000000e-01  6.2000000e-01 -9.0000000e-02
  2.5000000e-01  8.7000000e-01 -3.3000000e-01 -1.5000000e-01
  1.8000000e-01 -3.9000000e-01 -7.1000000e-01  7.5000000e-01
  9.2000000e-01 -2.2000000e-01  6.4000000e-01 -1.6000000e-01
  6.4000000e-01 -3.6000000e-01  2.5000000e-01  6.8000000e-01
  2.1000000e-01  3.2000000e-01 -1.6000000e-01 -6.5000000e-01
  9.6000000e-01  3.4000000e-01 -7.1000000e-01  2.4000000e-01
 -1.0000000e-01 -7.8000000e-01 -5.1000000e-01  3.7000000e-01
  4.0000000e-01  7.8000000e-01][ 1.9000000e-01  2.4000000e-01  4.5000000e-01  5.0000000e-02
  9.3000000e-01  2.8000000e-01  8.4000000e-01  9.8000000e-01
 -3.7000000e-01 -6.9000000e-01  9.7000000e-01  9.4000000e-01
 -8.7000000e-01  9.2000000e-01 -9.3000000e-01  1.8000000e-01
  2.3000000e-01  7.4000000e-01  6.6000000e-01  9.0000000e-02
 -7.3000000e-01  5.6000000e-01 -8.8000000e-01  1.2000000e-01
 -8.5000000e-01 -8.1000000e-01  8.2000000e-01  6.0000000e-02
 -2.5000000e-01  4.5000000e-01  3.1000000e-01 -5.7000000e-01
 -4.4000000e-01  9.1000000e-01 -5.1000000e-01 -7.3000000e-01
 -7.3000000e-01  6.5000000e-01 -3.8000000e-01 -6.7000000e-01
  5.8000000e-01 -4.8000000e-01 -7.4000000e-01 -1.9000000e-01
  8.0000000e-01  2.4000000e-01 -5.0000000e-01 -5.4000000e-01
 -8.2000000e-01 -6.9000000e-01  8.3000000e-01 -1.8000000e-01
 -7.0000000e-01 -3.0000000e-02 -1.8000000e-01 -5.2000000e-01
  1.6000000e-01 -8.2000000e-01  5.5000000e-01 -7.8000000e-01
 -7.3000000e-01  9.5000000e-01 -9.4000000e-01 -5.6000000e-01
  9.5000000e-01  2.3000000e-01  6.7000000e-01  4.3000000e-01
 -8.2000000e-01  3.0000000e-02 -9.5000000e-01 -8.9000000e-01
  7.3000000e-01 -5.6000000e-01  9.8000000e-01  7.1000000e-01
 -3.8000000e-01  3.1000000e-01  6.1000000e-01 -6.0000000e-02
  3.7000000e-01  8.8817842e-16  2.6000000e-01  2.8000000e-01
 -3.6000000e-01 -7.8000000e-01  2.1000000e-01 -1.2000000e-01
 -1.5000000e-01  9.0000000e-01][ 0.29 -0.3  -0.11 -0.83  0.5  -0.1  -0.39 -0.97  0.2   0.44 -0.66  0.19
 -0.43 -0.46  0.54  0.53 -0.36  0.33  0.81  0.77 -0.27  0.53  0.98 -0.44
 -0.13 -0.64  0.63  0.39 -0.91 -0.69  0.6  -0.83  0.99 -0.39 -0.94 -0.4
 -0.38  0.18  0.55  0.7  -0.83  0.82  0.03 -0.88 -0.14 -0.11  0.03  0.61
  0.39  0.89 -0.4   0.83 -0.88  0.13 -0.54  0.82  0.8   0.14 -0.77 -0.12
  0.24 -0.92 -0.58 -0.58 -0.79  0.62  0.7  -0.69 -0.41  0.84 -0.37  0.14
  0.71 -0.5   0.28 -0.62  0.2  -0.81  0.11 -0.79 -0.88  0.84 -0.22 -0.67
 -0.32 -0.6  -0.66 -0.32 -0.76 -0.41][-0.13 -0.03  0.49  0.97  0.49  0.89 -0.86 -1.   -0.76 -0.45 -0.97 -0.72
  0.88 -0.82  0.24 -0.83  0.29  0.26  0.67 -0.69  0.36  0.98 -0.94 -0.66
  0.72 -0.89  0.63 -0.01  0.18  0.35 -0.3   0.69  0.45  0.66  0.51 -0.1
 -0.11  0.72  0.4  -0.17  0.66 -0.33 -0.44  0.58 -0.62 -0.38  0.05 -0.27
 -0.94 -0.63 -0.67 -0.96  0.83 -0.12  0.21 -0.6  -0.1  -0.23 -0.89 -0.11
 -0.55 -0.82  0.83  0.34 -0.15 -0.42  0.94 -0.08  0.41  0.26  0.63 -0.22
  0.79  0.77  0.39  0.96  0.38  0.53 -0.27  0.97  0.96  0.63 -0.96 -0.62
  0.66  0.37 -0.14  0.99  0.04 -0.67][ 4.9000000e-01 -1.0000000e-02 -3.3000000e-01  4.4000000e-01
  1.0000000e-02  6.8000000e-01 -5.1000000e-01  8.3000000e-01
 -3.4000000e-01  6.6000000e-01  6.9000000e-01  1.2000000e-01
  8.2000000e-01 -1.7000000e-01 -1.5000000e-01  8.0000000e-02
  7.0000000e-01 -7.0000000e-02  6.7000000e-01  5.1000000e-01
 -7.8000000e-01  7.8000000e-01 -1.5000000e-01 -9.0000000e-01
  6.0000000e-01  9.8000000e-01  8.5000000e-01  3.5000000e-01
 -5.1000000e-01 -4.8000000e-01 -7.1000000e-01  5.4000000e-01
  3.4000000e-01 -5.0000000e-01 -3.9000000e-01  8.5000000e-01
  7.8000000e-01 -8.4000000e-01  2.0000000e-02  8.1000000e-01
  3.7000000e-01 -3.5000000e-01  6.4000000e-01  5.9000000e-01
  5.8000000e-01  3.8000000e-01 -8.7000000e-01 -2.6000000e-01
  3.3000000e-01 -3.7000000e-01  8.6000000e-01  7.9000000e-01
 -3.5000000e-01 -6.5000000e-01  9.0000000e-01  3.2000000e-01
  8.8000000e-01 -2.5000000e-01 -1.8000000e-01 -1.5000000e-01
 -6.4000000e-01  7.2000000e-01 -7.2000000e-01 -6.7000000e-01
 -8.3000000e-01 -1.9000000e-01 -4.5000000e-01  4.1000000e-01
  5.1000000e-01 -5.6000000e-01 -9.4000000e-01 -2.4000000e-01
 -5.0000000e-02  6.2000000e-01  8.8817842e-16  1.7000000e-01
  2.4000000e-01 -9.1000000e-01 -4.2000000e-01 -5.0000000e-01
  4.9000000e-01 -6.0000000e-02  5.0000000e-02  8.4000000e-01
  1.5000000e-01 -4.5000000e-01  7.9000000e-01  8.6000000e-01
  6.6000000e-01  3.3000000e-01][-0.16  0.32  0.86  0.15 -0.09  0.36  0.73 -0.13  0.29  0.52 -0.4   0.79
  0.93  0.39  0.11 -0.23  0.27  0.07  0.6   0.32  0.5  -0.98 -0.69  0.51
  0.42  0.42 -0.3   0.65  0.21  0.4  -0.81  0.56 -0.81 -0.06 -0.16 -0.1
 -0.45 -0.46  0.05 -0.97  0.46 -0.75 -0.65  0.59  0.1   0.49 -0.61  0.11
 -0.08  0.68  0.75  0.95 -0.15 -0.76 -0.85 -0.21 -0.89 -0.92 -0.73  0.39
  0.31 -0.59 -0.55 -0.16 -0.07  0.62  0.08  0.4  -0.12  0.27  0.05 -0.4
 -0.76 -0.86  0.87  0.14 -0.35 -0.01  0.19 -0.57 -0.5   0.28  0.26 -0.75
  0.38  0.75 -0.23 -0.81  0.08  0.84][ 9.6000000e-01  4.4000000e-01 -2.5000000e-01 -4.0000000e-02
 -1.2000000e-01  8.6000000e-01  7.5000000e-01 -6.0000000e-01
 -9.0000000e-01  7.9000000e-01 -6.4000000e-01 -2.2000000e-01
 -5.5000000e-01  2.5000000e-01  8.0000000e-01 -9.8000000e-01
  5.1000000e-01  5.6000000e-01 -1.4000000e-01  8.1000000e-01
 -4.8000000e-01  7.3000000e-01  3.1000000e-01 -9.7000000e-01
  5.6000000e-01 -7.0000000e-02  8.0000000e-02 -9.5000000e-01
  6.6000000e-01 -6.1000000e-01  7.2000000e-01 -6.9000000e-01
 -2.8000000e-01  1.8000000e-01 -5.4000000e-01 -1.8000000e-01
 -8.6000000e-01 -3.1000000e-01 -1.9000000e-01  9.2000000e-01
  9.8000000e-01 -8.2000000e-01 -4.1000000e-01 -3.5000000e-01
  3.2000000e-01 -3.6000000e-01  6.0000000e-02 -5.7000000e-01
  7.1000000e-01 -9.6000000e-01  3.4000000e-01  9.1000000e-01
 -4.5000000e-01  6.7000000e-01 -4.3000000e-01 -8.0000000e-02
  9.4000000e-01  3.7000000e-01 -1.0000000e-02 -5.1000000e-01
 -8.0000000e-02 -2.3000000e-01  3.1000000e-01  8.5000000e-01
  7.0000000e-01  6.8000000e-01  5.7000000e-01  2.0000000e-02
 -6.1000000e-01  8.8817842e-16  4.2000000e-01  9.2000000e-01
  1.4000000e-01 -8.7000000e-01 -5.8000000e-01 -2.6000000e-01
  6.0000000e-01  5.6000000e-01  2.3000000e-01 -7.6000000e-01
 -8.2000000e-01 -3.6000000e-01 -4.2000000e-01  3.9000000e-01
  6.3000000e-01  7.0000000e-01 -3.4000000e-01 -6.0000000e-01
  1.9000000e-01 -6.7000000e-01][ 9.4000000e-01 -6.1000000e-01  5.5000000e-01 -8.4000000e-01
 -6.5000000e-01 -5.6000000e-01 -2.6000000e-01  8.1000000e-01
  3.2000000e-01  9.6000000e-01 -5.0000000e-01  8.6000000e-01
 -6.8000000e-01  6.8000000e-01 -9.1000000e-01 -6.2000000e-01
  2.2000000e-01 -5.0000000e-02  3.2000000e-01 -3.0000000e-02
 -3.0000000e-01 -7.7000000e-01  3.1000000e-01 -2.3000000e-01
  8.1000000e-01 -2.1000000e-01 -5.5000000e-01 -7.0000000e-02
 -3.0000000e-01  5.1000000e-01  6.2000000e-01 -5.1000000e-01
  3.8000000e-01  2.4000000e-01  1.8000000e-01  9.5000000e-01
 -4.9000000e-01 -1.6000000e-01  8.1000000e-01  6.5000000e-01
 -3.3000000e-01 -1.3000000e-01  7.6000000e-01 -9.7000000e-01
  9.4000000e-01 -8.7000000e-01 -4.8000000e-01  5.0000000e-01
 -1.7000000e-01 -9.3000000e-01 -3.4000000e-01  8.8817842e-16
  1.2000000e-01 -2.9000000e-01  8.7000000e-01  3.0000000e-01
  4.5000000e-01  8.1000000e-01  6.4000000e-01  7.0000000e-02
  2.9000000e-01 -2.3000000e-01  3.2000000e-01  2.8000000e-01
 -6.5000000e-01 -6.7000000e-01 -8.0000000e-02  1.0000000e-02
  4.3000000e-01 -9.5000000e-01  9.3000000e-01  6.8000000e-01
 -8.0000000e-02 -8.7000000e-01  7.4000000e-01 -9.7000000e-01
  3.0000000e-02 -5.1000000e-01  3.2000000e-01  5.7000000e-01
  3.5000000e-01 -5.1000000e-01  6.5000000e-01  8.5000000e-01
  3.4000000e-01  4.0000000e-01 -1.0000000e-01 -6.6000000e-01
  5.3000000e-01  4.6000000e-01][ 0.34 -0.94 -0.45 -0.42 -0.76  0.37 -0.41  0.14 -0.33 -0.35  0.07  0.44
 -0.43 -0.63  0.45  0.79  0.42 -0.01 -0.61 -0.03 -0.95  0.16 -0.69  0.52
  0.46  0.18 -0.41 -0.43  0.88 -0.89 -0.35  0.75 -0.28 -0.24  0.76 -0.47
  0.59 -0.38 -0.8   0.43  0.67 -0.67 -0.92  0.05 -0.15 -0.83 -0.59 -0.72
 -0.78 -0.2   0.72 -0.7  -0.75 -0.5   0.3   0.98 -0.69  0.25 -0.73 -0.62
 -0.12  0.67 -0.18 -0.52 -0.62 -0.04 -0.03  0.15 -0.67  0.26  0.41  0.55
 -0.26  0.74  0.26  0.64 -0.99 -0.32  0.92 -0.39 -0.27  0.32  0.08 -0.36
  0.62 -0.24 -0.84 -0.87  0.13  0.94][-0.29  0.2  -0.97  0.25 -0.78 -0.3  -0.83 -0.04  0.06  0.93  0.2   0.74
 -0.07 -0.67  0.89 -0.42  0.85  0.56  0.4  -0.22 -0.91  0.55 -0.89 -0.2
  0.23 -0.57  0.4   0.61 -0.27 -0.35  0.61 -0.35  0.87 -0.35 -0.34 -0.79
  0.5   0.11  0.86  0.38 -0.9   0.97 -0.3  -0.78 -0.35 -0.07  0.59 -0.2
  0.58  0.22 -0.34  0.18  0.75 -0.98 -0.48  0.81 -0.31  0.6  -0.71 -0.09
  0.06  0.08  0.77 -0.17 -0.22  0.25  0.35 -0.79 -0.69 -0.72  0.02  0.89
  0.31  0.58  0.38  0.15 -0.05 -0.93  0.65 -0.68 -0.68 -0.91 -0.84  0.01
 -0.43  0.55  0.71 -0.43  0.34  0.3 ][-7.6000000e-01 -7.0000000e-02  6.8000000e-01 -7.3000000e-01
 -1.7000000e-01 -4.4000000e-01  6.4000000e-01 -2.8000000e-01
 -2.0000000e-01  5.5000000e-01  5.3000000e-01  8.6000000e-01
  8.8817842e-16  3.2000000e-01 -5.1000000e-01  9.0000000e-01
  2.8000000e-01 -6.3000000e-01 -9.5000000e-01  3.9000000e-01
  3.8000000e-01  7.0000000e-02  4.4000000e-01 -6.9000000e-01
  9.3000000e-01  2.9000000e-01  6.4000000e-01  2.7000000e-01
  5.0000000e-02  1.3000000e-01  1.1000000e-01  5.0000000e-01
  2.1000000e-01  8.2000000e-01 -1.0000000e-01  7.9000000e-01
 -5.9000000e-01 -2.7000000e-01 -5.3000000e-01 -2.6000000e-01
  2.5000000e-01 -1.8000000e-01  6.1000000e-01  2.3000000e-01
  1.9000000e-01  8.6000000e-01  2.3000000e-01  7.6000000e-01
 -6.3000000e-01 -8.9000000e-01  7.0000000e-01 -7.6000000e-01
 -3.5000000e-01  9.7000000e-01 -8.8000000e-01  4.4000000e-01
 -3.8000000e-01 -2.5000000e-01  1.8000000e-01 -7.0000000e-01
  2.9000000e-01 -2.9000000e-01 -5.9000000e-01  2.6000000e-01
 -9.5000000e-01  8.3000000e-01 -6.0000000e-01  3.9000000e-01
  8.6000000e-01  2.5000000e-01  3.9000000e-01 -6.2000000e-01
 -5.5000000e-01  1.5000000e-01 -8.0000000e-02 -1.0000000e+00
  2.6000000e-01  7.1000000e-01  4.0000000e-02 -3.8000000e-01
 -4.3000000e-01 -3.0000000e-02  7.3000000e-01 -5.9000000e-01
  1.1000000e-01 -1.0000000e-02 -3.6000000e-01  9.5000000e-01
  2.3000000e-01 -9.0000000e-01][-9.0000000e-02 -9.4000000e-01 -6.2000000e-01 -5.4000000e-01
 -1.5000000e-01  8.4000000e-01 -6.7000000e-01  9.0000000e-02
 -2.7000000e-01  6.8000000e-01  1.4000000e-01 -5.0000000e-02
 -9.7000000e-01 -8.5000000e-01 -5.0000000e-01 -5.6000000e-01
  9.2000000e-01  6.4000000e-01 -2.2000000e-01  9.1000000e-01
  4.3000000e-01  9.7000000e-01 -6.7000000e-01  4.0000000e-02
  9.5000000e-01  6.6000000e-01 -9.6000000e-01  6.0000000e-01
  8.0000000e-01 -2.8000000e-01 -2.6000000e-01 -8.0000000e-01
  7.5000000e-01  9.3000000e-01 -8.9000000e-01  6.5000000e-01
  8.8000000e-01  7.7000000e-01  3.3000000e-01 -5.0000000e-02
 -5.9000000e-01 -9.4000000e-01 -7.8000000e-01  2.8000000e-01
 -3.8000000e-01  9.0000000e-01  7.1000000e-01  7.8000000e-01
  3.0000000e-01  9.5000000e-01  1.5000000e-01 -9.4000000e-01
  2.4000000e-01  8.8817842e-16  4.1000000e-01 -8.2000000e-01
 -7.4000000e-01  8.0000000e-02 -2.1000000e-01 -2.7000000e-01
 -5.2000000e-01 -5.2000000e-01  5.8000000e-01 -6.3000000e-01
  3.4000000e-01  8.8817842e-16  4.7000000e-01  9.0000000e-01
 -4.1000000e-01  2.4000000e-01  4.7000000e-01 -1.0000000e-01
 -3.1000000e-01 -3.4000000e-01 -8.7000000e-01 -5.4000000e-01
  3.0000000e-01 -8.6000000e-01 -8.8000000e-01 -9.9000000e-01
 -4.1000000e-01 -1.1000000e-01  6.1000000e-01  5.8000000e-01
 -7.2000000e-01 -5.0000000e-02  9.4000000e-01 -3.6000000e-01
 -8.7000000e-01 -3.9000000e-01][ 0.52 -0.58  0.3  -0.28 -0.35 -0.5  -0.02  0.15 -0.69 -0.07 -0.03  0.04
  0.91 -0.01  0.64  0.97 -0.5   0.19  0.64  0.91 -0.58 -0.67  0.24 -0.3
 -0.96  0.37 -0.44 -0.75 -0.82 -0.24  0.18  0.83 -0.52 -0.48  0.04 -0.46
 -0.59  0.53  0.66 -0.44 -0.2   0.8   0.34 -0.34  0.29  0.05  0.06 -0.03
  0.89  0.99 -0.77  0.72  0.19  0.28 -0.14 -0.72 -0.84 -0.3   0.23  0.13
  0.29  0.72  0.68 -0.73  0.13  0.25  0.57  0.84 -0.12  0.05 -0.42 -0.21
  0.6  -0.53 -0.41  0.49 -0.58  0.05 -0.93  0.59 -0.04  0.84 -0.65  0.69
 -0.56 -0.79  0.28 -0.04  0.42 -0.33][ 4.7000000e-01 -7.8000000e-01  7.5000000e-01  6.0000000e-02
 -9.6000000e-01 -4.6000000e-01 -3.3000000e-01  5.6000000e-01
 -9.2000000e-01 -1.8000000e-01  2.7000000e-01 -2.3000000e-01
 -6.3000000e-01 -5.4000000e-01  3.9000000e-01  3.1000000e-01
 -4.1000000e-01 -5.4000000e-01  1.9000000e-01 -6.8000000e-01
  7.0000000e-01  4.4000000e-01  5.0000000e-02 -3.0000000e-02
  7.9000000e-01 -5.8000000e-01  2.2000000e-01 -5.3000000e-01
 -6.5000000e-01  1.6000000e-01 -3.0000000e-02  8.5000000e-01
 -9.8000000e-01 -3.0000000e-02 -7.2000000e-01  3.9000000e-01
 -1.5000000e-01 -8.1000000e-01  7.1000000e-01  8.8817842e-16
 -7.7000000e-01 -3.5000000e-01 -1.0000000e-01  4.7000000e-01
  1.9000000e-01  7.8000000e-01 -1.0000000e-01 -2.8000000e-01
 -4.3000000e-01 -5.5000000e-01  6.5000000e-01 -3.0000000e-01
  6.4000000e-01  7.0000000e-02  4.0000000e-02 -6.9000000e-01
 -4.4000000e-01  1.5000000e-01 -6.9000000e-01 -4.3000000e-01
  6.6000000e-01  2.1000000e-01 -3.5000000e-01 -2.4000000e-01
  4.6000000e-01 -9.3000000e-01 -7.0000000e-01  1.2000000e-01
  1.0000000e-01 -7.0000000e-02  8.0000000e-01  6.6000000e-01
  4.4000000e-01  1.8000000e-01 -2.5000000e-01 -2.5000000e-01
  1.5000000e-01 -9.8000000e-01 -7.1000000e-01  3.5000000e-01
 -7.5000000e-01 -9.1000000e-01 -6.2000000e-01  7.1000000e-01
  1.6000000e-01  6.3000000e-01 -1.3000000e-01 -2.8000000e-01
  4.5000000e-01 -8.8000000e-01][ 2.6000000e-01 -6.0000000e-01  8.0000000e-02 -2.6000000e-01
 -6.9000000e-01 -4.6000000e-01 -3.3000000e-01  5.6000000e-01
 -9.2000000e-01 -1.8000000e-01  2.7000000e-01 -6.8000000e-01
 -6.3000000e-01 -8.2000000e-01  3.9000000e-01  9.9000000e-01
 -4.1000000e-01 -5.4000000e-01  7.6000000e-01  5.0000000e-02
  7.0000000e-01  4.4000000e-01 -7.3000000e-01  1.7000000e-01
  7.9000000e-01 -5.8000000e-01  2.2000000e-01 -2.8000000e-01
 -6.5000000e-01  1.6000000e-01 -3.0000000e-02  4.2000000e-01
  3.6000000e-01 -3.0000000e-02 -7.2000000e-01  3.9000000e-01
  4.8000000e-01 -8.1000000e-01  6.5000000e-01  8.8817842e-16
 -2.0000000e-02 -5.7000000e-01 -1.0000000e-01  3.0000000e-01
 -7.5000000e-01  5.4000000e-01 -1.0000000e-01 -1.9000000e-01
 -4.3000000e-01 -5.5000000e-01  5.2000000e-01 -3.0000000e-01
  6.4000000e-01 -2.4000000e-01 -4.5000000e-01 -6.9000000e-01
 -4.4000000e-01  1.5000000e-01  5.8000000e-01  8.5000000e-01
  6.6000000e-01 -3.0000000e-01 -3.5000000e-01 -2.4000000e-01
 -6.2000000e-01  8.6400000e-01 -8.1000000e-01 -3.8000000e-01
  1.0000000e-01 -5.1000000e-01  8.0000000e-01  6.6000000e-01
 -3.0000000e-02  7.2000000e-01 -2.5000000e-01 -2.5000000e-01
  1.5000000e-01 -9.8000000e-01 -7.1000000e-01  2.0000000e-01
 -1.2000000e-01 -9.1000000e-01  9.4000000e-01  7.1000000e-01
  1.6000000e-01  3.2000000e-01 -1.3000000e-01  7.0000000e-02
  4.5000000e-01  1.3000000e-01][-7.8000000e-01 -6.0000000e-01  8.0000000e-02  9.7000000e-01
 -6.9000000e-01 -9.8000000e-01  4.1000000e-01 -4.3000000e-01
 -3.4000000e-01 -7.7000000e-01  7.2000000e-01 -6.8000000e-01
 -9.0000000e-01 -9.4000000e-01  7.9000000e-01  9.9000000e-01
  7.0000000e-02  8.8817842e-16  7.2000000e-01  7.7000000e-01
 -8.0000000e-02 -8.7000000e-01 -7.3000000e-01  1.7000000e-01
 -3.2000000e-01 -9.2000000e-01  7.3000000e-01  5.7000000e-01
  1.7000000e-01  8.8817842e-16 -6.4000000e-01  4.2000000e-01
  1.7000000e-01  1.3000000e-01 -2.7000000e-01  6.1000000e-01
  8.4000000e-01 -5.3000000e-01  6.5000000e-01  6.1000000e-01
 -2.0000000e-02 -5.7000000e-01 -4.0000000e-01 -6.7000000e-01
 -7.5000000e-01  5.4000000e-01 -5.8000000e-01 -1.9000000e-01
 -2.2000000e-01 -8.5000000e-01  5.2000000e-01 -2.6000000e-01
 -1.6000000e-01 -2.4000000e-01 -4.5000000e-01 -6.6000000e-01
 -1.2000000e-01 -9.8000000e-01 -6.6000000e-01 -7.9000000e-01
  4.4000000e-02 -3.0000000e-01  4.6000000e-01 -5.7000000e-01
 -6.2000000e-01  2.0000000e-01  8.6000000e-01  4.2000000e-01
 -5.5000000e-01 -9.9000000e-01  6.2000000e-01  4.8000000e-01
 -6.2000000e-01  7.2000000e-01  4.8000000e-01  2.8000000e-01
  1.0000000e-01 -8.0000000e-02 -2.0000000e-02 -3.4000000e-01
 -5.8000000e-01 -2.0000000e-01 -3.6000000e-01  8.7000000e-01
  7.6000000e-01 -8.5000000e-01  1.3000000e-01  7.0000000e-02
 -1.8000000e-01  1.3000000e-01][ 4.7000000e-01 -7.8000000e-01  7.5000000e-01  6.0000000e-02
  2.2000000e-01 -4.6000000e-01  9.2000000e-02  5.6000000e-01
 -1.0000000e-02 -1.8000000e-01  2.7000000e-01 -2.3000000e-01
 -9.0000000e-01 -9.4000000e-01  3.9000000e-01  3.1000000e-01
 -4.1000000e-01  7.6000000e-01  1.9000000e-01 -6.8000000e-01
  7.0000000e-01 -8.7000000e-01  7.5000000e-01 -8.9000000e-01
  7.9000000e-01  5.7000000e-01  3.1000000e-01  5.7000000e-01
  1.7000000e-01  5.3000000e-01 -3.0000000e-02  8.5000000e-01
  1.7000000e-01 -3.0000000e-02 -7.2000000e-01  3.9000000e-01
 -1.5000000e-01 -8.1000000e-01 -7.6000000e-01  8.8817842e-16
  8.8817842e-16 -3.5000000e-01 -4.0000000e-01  4.7000000e-01
  1.9000000e-01  9.3000000e-01 -1.0000000e-01 -2.8000000e-01
 -4.3000000e-01 -5.5000000e-01 -5.0000000e-01 -3.8000000e-01
 -2.7000000e-01  7.0000000e-02 -8.5000000e-01  5.5000000e-01
 -4.4000000e-01 -8.9000000e-01 -6.9000000e-01 -7.9000000e-01
 -8.2000000e-01  2.1000000e-01 -3.5000000e-01 -2.4000000e-01
 -1.6000000e-01  2.0000000e-01 -7.0000000e-01  1.2000000e-01
  1.0000000e-01 -7.0000000e-02  8.0000000e-01  4.8000000e-01
  4.4000000e-01  2.2000000e-01 -2.5000000e-01  7.7000000e-01
  1.0000000e-01 -8.0000000e-02 -7.1000000e-01  3.5000000e-01
 -7.5000000e-01 -9.1000000e-01 -3.6000000e-01  8.7000000e-01
  7.6000000e-01  6.3000000e-01 -4.0000000e-01  6.1000000e-01
 -1.8000000e-01 -8.8000000e-01][ 2.6000000e-01 -7.8000000e-01  7.5000000e-01  6.0000000e-02
 -6.9000000e-01 -4.6000000e-01 -3.3000000e-01  5.6000000e-01
 -3.4000000e-01 -1.8000000e-01  7.2000000e-01 -2.3000000e-01
 -6.3000000e-01 -5.4000000e-01  3.9000000e-01  3.1000000e-01
 -4.1000000e-01 -5.4000000e-01  7.6000000e-01  5.0000000e-02
  7.0000000e-01  4.3000000e-01 -7.3000000e-01  1.7000000e-01
  7.9000000e-01 -9.2000000e-01  7.3000000e-01 -5.3000000e-01
 -6.5000000e-01  8.8817842e-16 -6.2000000e-01  8.5000000e-01
 -9.8000000e-01 -4.5000000e-01 -7.2000000e-01  6.1000000e-01
  4.8000000e-01 -5.3000000e-01  6.5000000e-01  2.9000000e-01
 -7.7000000e-01 -5.7000000e-01  1.0000000e-01  4.7000000e-01
 -7.5000000e-01  7.8000000e-01 -1.1300000e-01 -2.8000000e-01
  7.3000000e-01 -5.5000000e-01  6.5000000e-01 -2.6000000e-01
 -1.6000000e-01  7.0000000e-02 -4.5000000e-01 -6.9000000e-01
 -4.4000000e-01 -9.8000000e-01 -6.9000000e-01  8.5000000e-01
  1.5000000e-01  2.1000000e-01  4.6000000e-01 -2.4000000e-01
 -6.2000000e-01 -9.3000000e-01 -8.1000000e-01 -3.8000000e-01
 -5.5000000e-01 -5.1000000e-01  6.2000000e-01  6.6000000e-01
 -3.0000000e-02  1.8000000e-01 -2.5000000e-01  2.8000000e-01
  1.5000000e-01 -9.8000000e-01  2.0000000e-01  2.0000000e-01
 -1.2000000e-01 -1.4000000e-01  9.4000000e-01 -6.5000000e-01
 -2.3000000e-01  3.2000000e-01  1.3000000e-01 -2.8000000e-01
  2.0000000e-01 -8.8000000e-01][ 2.6000000e-01 -6.0000000e-01  7.5000000e-01 -2.6000000e-01
 -6.9000000e-01  1.7000000e-01  4.1000000e-01 -4.3000000e-01
 -3.4000000e-01 -1.8000000e-01  7.2000000e-01 -2.3000000e-01
 -6.3000000e-01 -8.2000000e-01  3.9000000e-01  3.1000000e-01
 -8.7000000e-01 -5.4000000e-01  1.9000000e-01  5.0000000e-02
  7.0000000e-01  4.3000000e-01 -7.3000000e-01 -3.0000000e-02
 -3.2000000e-01 -5.8000000e-01  2.2000000e-01 -2.8000000e-01
 -6.5000000e-01  1.6000000e-01 -3.0000000e-02  8.5000000e-01
  3.6000000e-01 -3.0000000e-02 -7.2000000e-01  6.1000000e-01
 -1.5000000e-01 -8.1000000e-01  7.1000000e-01  8.8817842e-16
 -2.0000000e-02 -3.5000000e-01 -1.0000000e-01  4.7000000e-01
 -7.5000000e-01  5.4000000e-01 -1.0000000e-01 -2.8000000e-01
 -4.3000000e-01 -8.5000000e-01  6.5000000e-01 -3.0000000e-01
 -1.6000000e-01  7.0000000e-02  4.0000000e-02 -6.6000000e-01
 -9.8000000e-01  1.5000000e-01 -6.9000000e-01  8.5000000e-01
  1.5000000e-01 -3.0000000e-01  4.6000000e-01  2.0000000e-02
  4.6000000e-01  7.6000000e-01 -8.1000000e-01 -3.8000000e-01
  1.0000000e-01 -5.1000000e-01  6.2000000e-01  9.3000000e-01
  4.4000000e-01  1.8000000e-01  4.8000000e-01 -2.5000000e-01
  1.5000000e-01 -9.8000000e-01  2.0000000e-01  2.0000000e-01
 -1.2000000e-01 -1.4000000e-01 -6.2000000e-01  7.1000000e-01
  1.6000000e-01  6.3000000e-01  5.8900000e-01 -2.8000000e-01
  4.5000000e-01 -8.8000000e-01][ 5.2000000e-01 -6.0000000e-01  3.0000000e-01 -2.6000000e-01
 -3.5000000e-01  1.7000000e-01 -2.0000000e-02 -4.3000000e-01
 -3.4000000e-01 -7.0000000e-02  7.2000000e-01 -6.8000000e-01
  9.2000000e-01 -1.0000000e-02  6.4000000e-01  9.9000000e-01
 -5.0000000e-01  8.8817842e-16  6.4000000e-01  5.0000000e-02
 -5.8000000e-01  4.3000000e-01 -7.3000000e-01  1.7000000e-01
 -3.2000000e-01  3.7000000e-01  7.3000000e-01 -7.5000000e-01
  5.1000000e-01 -2.4000000e-01  1.8000000e-01  4.2000000e-01
 -5.2000000e-01 -4.5000000e-01 -2.7000000e-01 -4.6000000e-01
  4.8000000e-01  1.2910000e+00  6.6000000e-01 -4.4000000e-01
 -2.0000000e-01  8.0000000e-01  3.4000000e-01 -3.4000000e-01
 -7.5000000e-01  5.0000000e-02  5.0000000e-01 -1.9000000e-01
  8.9000000e-01 -8.5000000e-01 -7.7000000e-01 -2.6000000e-01
  1.9000000e-01 -2.4000000e-01 -1.4000000e-01 -7.2000000e-01
 -9.8000000e-01 -3.0000000e-01  5.8000000e-01  1.3000000e-01
  1.5000000e-01  7.2000000e-01  6.8000000e-01 -7.3000000e-01
 -6.2000000e-01  7.6000000e-01  5.7000000e-01 -3.8000000e-01
 -5.5000000e-01 -5.1000000e-01 -4.2000000e-01 -2.1000000e-01
 -3.0000000e-02 -5.3000000e-01  4.8000000e-01  4.9000000e-01
 -4.8000000e-01  5.0000000e-02  2.0000000e-01  5.9000000e-01
 -1.2000000e-01  8.4000000e-01 -6.5000000e-01  6.9000000e-01
 -5.6000000e-01  3.2000000e-01  2.8000000e-01  7.0000000e-02
  2.0000000e-01 -3.3000000e-01][-0.78   0.62   0.74   0.97  -0.69   0.17   0.41   0.03  -0.01  -0.77
 -0.31  -0.68   0.92  -0.94   0.91   0.05  -0.87   0.76   0.72   0.05
  0.51  -0.87  -0.73   0.17   0.8    0.57  -0.654  0.57   0.51   0.53
 -0.64  -0.51   0.17  -0.45  -0.28  -0.75   0.84   0.54   0.65   0.29
 -0.02  -0.57   0.1    0.3   -0.75   0.93   0.5   -0.32   0.73  -0.85
  0.52  -0.38  -0.16   0.03  -0.85  -0.66  -0.98  -0.98   0.58   0.85
  0.15  -0.42   0.46   0.02  -0.16   0.2   -0.81  -0.38  -0.55  -0.51
  0.96   0.48  -0.62   0.22  -0.1    0.77   0.1   -0.08   0.2   -0.34
 -0.58  -0.2   -0.36   0.87  -0.23  -0.85  -0.4    0.61   0.2    0.13 ][ 4.7000000e-01 -6.0000000e-01  8.0000000e-02 -2.6000000e-01
 -9.6000000e-01 -4.6000000e-01  4.1000000e-01 -4.3000000e-01
 -3.4000000e-01  8.2000000e-01  7.2000000e-01 -6.8000000e-01
 -6.3000000e-01 -8.2000000e-01  3.9000000e-01  3.1000000e-01
 -8.7000000e-01  8.8817842e-16  1.9000000e-01  5.0000000e-02
 -8.0000000e-02  4.3000000e-01  5.0000000e-02 -3.0000000e-02
  7.9000000e-01 -5.8000000e-01  2.2000000e-01 -5.3000000e-01
  5.1000000e-01  1.6000000e-01 -6.2000000e-01  4.2000000e-01
  3.6000000e-01 -4.5000000e-01 -7.2000000e-01  3.9000000e-01
 -1.5000000e-01 -8.1000000e-01  7.1000000e-01  2.9000000e-01
 -7.7000000e-01 -5.7000000e-01  1.0000000e-01  4.7000000e-01
 -7.5000000e-01  7.8000000e-01  5.0000000e-01 -1.9000000e-01
 -4.3000000e-01 -5.5000000e-01  5.2000000e-01 -2.6000000e-01
 -1.6000000e-01  7.0000000e-02 -4.5000000e-01 -6.9000000e-01
 -4.4000000e-01  1.5000000e-01  5.8000000e-01  8.5000000e-01
  1.5000000e-01 -3.0000000e-01 -3.5000000e-01  2.0000000e-02
  4.6000000e-01  7.6000000e-01 -7.0000000e-01 -3.8000000e-01
  1.0000000e-01 -7.0000000e-02  8.0000000e-01  9.3000000e-01
 -3.0000000e-02  1.8000000e-01  4.8000000e-01  2.8000000e-01
 -4.8000000e-01 -9.8000000e-01 -7.1000000e-01  3.5000000e-01
 -7.5000000e-01 -9.1000000e-01 -6.2000000e-01 -6.5000000e-01
 -2.3000000e-01  6.3000000e-01 -6.1000000e-02  7.0000000e-02
  4.5000000e-01 -8.8000000e-01][ 4.7000000e-01  1.4000000e-01  7.5000000e-01  2.1000000e-01
 -9.6000000e-01 -7.2000000e-01 -8.4000000e-01  2.4000000e-01
  4.4000000e-01 -1.8000000e-01  2.7000000e-01  3.9000000e-01
 -6.3000000e-01  9.4000000e-01  3.9000000e-01  3.1000000e-01
  4.8000000e-01 -1.2000000e-01  3.5000000e-01  6.5000000e-01
  7.0000000e-01 -7.2000000e-01 -5.6000000e-01 -3.0000000e-02
  2.9000000e-01 -4.0000000e-01  2.2000000e-01 -5.3000000e-01
 -6.5000000e-01 -8.5000000e-01  7.0000000e-01  8.5000000e-01
 -9.8000000e-01  8.9000000e-01 -7.2000000e-01  3.9000000e-01
 -1.5000000e-01 -9.6000000e-01  7.1000000e-01  8.8817842e-16
 -7.7000000e-01 -3.5000000e-01 -1.0000000e-01 -9.9000000e-01
  1.9000000e-01 -5.0000000e-02  4.5000000e-01  9.4000000e-01
 -4.3000000e-01 -5.5000000e-01  6.5000000e-01 -4.0000000e-01
  6.4000000e-01  7.0000000e-02  4.0000000e-02 -2.9000000e-02
  1.5000000e-01 -2.0000000e-01 -6.9000000e-01 -4.3000000e-01
  6.6000000e-01  2.1000000e-01 -3.5000000e-01 -1.5000000e-01
  4.6000000e-01 -9.3000000e-01 -7.1000000e-01  7.5000000e-01
  1.0000000e-01 -7.0000000e-02  6.4000000e-01  6.6000000e-01
  6.4000000e-01  1.8000000e-01  2.5000000e-01 -2.5000000e-01
  2.1000000e-01 -9.8000000e-01 -7.1000000e-01  3.5000000e-01
 -7.5000000e-01 -9.1000000e-01 -7.1000000e-01  2.4000000e-01
 -1.0000000e-01  6.3000000e-01 -1.3000000e-01  3.7000000e-01
  4.5000000e-01  7.8000000e-01][-7.8000000e-01  6.2000000e-01  7.4000000e-01  6.0000000e-02
 -9.6000000e-01 -4.6000000e-01 -6.1400000e-01  5.6000000e-01
 -1.0000000e-02 -7.7000000e-01 -3.1000000e-01 -2.3000000e-01
 -6.3000000e-01 -5.4000000e-01  9.1000000e-01  5.0000000e-02
 -4.1000000e-01  7.6000000e-01  1.9000000e-01 -6.8000000e-01
  5.1000000e-01 -8.7000000e-01  5.0000000e-02 -8.9000000e-01
  7.9000000e-01 -5.8000000e-01  3.1000000e-01  5.7000000e-01
  1.7000000e-01  5.3000000e-01 -6.4000000e-01 -5.1000000e-01
 -9.8000000e-01  1.3000000e-01 -7.2000000e-01 -7.5000000e-01
 -1.5000000e-01 -8.1000000e-01  7.1000000e-01  6.1000000e-01
  8.8817842e-16 -3.5000000e-01 -4.0000000e-01  4.7000000e-01
 -4.0000000e-01  9.3000000e-01 -5.8000000e-01 -3.2000000e-01
 -2.2000000e-01 -5.5000000e-01 -5.0000000e-01 -3.8000000e-01
  6.4000000e-01  3.0000000e-02 -8.5000000e-01 -6.9000000e-01
 -4.4000000e-01  1.5000000e-01 -6.6000000e-01 -4.3000000e-01
 -8.2000000e-01 -4.2000000e-01 -6.1000000e-01 -5.7000000e-01
  4.6000000e-01 -9.3000000e-01  8.6000000e-01  4.2000000e-01
  1.0000000e-01 -7.0000000e-02  8.0000000e-01  6.6000000e-01
 -6.2000000e-01  1.8000000e-01 -1.0000000e-01 -2.5000000e-01
  1.5000000e-01 -9.8000000e-01 -7.1000000e-01 -3.4000000e-01
 -5.8000000e-01 -2.0000000e-01 -3.6000000e-01  8.7000000e-01
  1.6000000e-01  6.3000000e-01 -4.0000000e-01  6.1000000e-01
 -1.8000000e-01 -8.8000000e-01][ 1.5000000e-01 -7.8000000e-01 -6.6000000e-01  6.0000000e-02
  5.0000000e-02 -4.6000000e-01 -6.9000000e-01  5.6000000e-01
 -9.2000000e-01 -1.8000000e-01 -6.3000000e-01  6.0000000e-01
  7.9000000e-01 -5.4000000e-01  9.9000000e-01  3.1000000e-01
  5.0000000e-02 -5.0000000e-02  6.9000000e-01  8.0000000e-02
  8.8817842e-16  1.0000000e-01  5.0000000e-02  7.2000000e-01
  2.5000000e-01 -5.8000000e-01  2.7000000e-01 -5.3000000e-01
 -8.8000000e-01  1.6000000e-01 -3.0000000e-02 -7.3000000e-01
  4.3000000e-01 -2.1000000e-01  3.6000000e-01 -7.6000000e-01
 -3.0000000e-01 -8.1000000e-01  2.9000000e-01  9.3000000e-01
 -7.7000000e-01 -9.0000000e-02 -3.0000000e-02 -6.4000000e-01
  1.9000000e-01 -6.6000000e-01  9.7000000e-01  6.2000000e-01
 -4.3000000e-01 -5.5000000e-01  6.3500000e-01 -2.6000000e-01
 -4.0000000e-02  7.0000000e-02 -7.3000000e-01 -1.8000000e-01
  6.0000000e-01  1.5000000e-01  4.0000000e-01 -4.3000000e-01
  7.9000000e-01  1.5000000e-01 -3.5000000e-01 -1.5000000e-01
  5.1000000e-01  6.8000000e-01 -5.5000000e-01  1.2000000e-01
  1.0000000e-01 -7.0000000e-02  8.0000000e-01  5.5000000e-01
  7.0000000e-02  1.8000000e-01 -2.5000000e-01  8.1000000e-01
  3.5000000e-01 -6.5000000e-01 -7.1000000e-01  2.2000000e-01
 -7.5000000e-01 -4.0000000e-01 -9.0000000e-01  7.1000000e-01
  1.6000000e-01  6.3000000e-01 -3.8000000e-01 -2.8000000e-01
  4.5000000e-01  9.0000000e-01][ 3.9000000e-01  7.5000000e-01  7.5000000e-01  6.0000000e-02
 -9.9000000e-01 -4.6000000e-01 -3.3000000e-01  1.2000000e-01
 -4.5000000e-01 -1.8000000e-01  2.7000000e-01 -2.3000000e-01
 -2.0000000e-02 -7.8000000e-01  3.9000000e-01  1.4000000e-01
  7.9000000e-01 -1.1000000e-01  1.9000000e-01  8.8817842e-16
  7.0000000e-01 -6.6000000e-01  5.0000000e-02  2.1000000e-01
  7.9000000e-01 -5.8000000e-01 -7.2000000e-01 -3.5000000e-01
 -6.5000000e-01  1.6000000e-01 -3.0000000e-02 -3.3000000e-01
 -9.8000000e-01 -7.0000000e-02 -7.2000000e-01  3.9000000e-01
 -1.5000000e-01 -8.1000000e-01  7.1000000e-01  8.8817842e-16
  3.0000000e-02  3.0000000e-01 -1.0000000e-01 -4.3000000e-01
  1.9000000e-01  7.8000000e-01 -1.0000000e-01 -2.8000000e-01
 -4.3000000e-01 -5.5000000e-01 -1.7000000e-01  8.1000000e-01
  6.4000000e-01  7.0000000e-02  4.0000000e-02 -6.9000000e-01
 -4.4000000e-01  5.4000000e-01  1.7000000e-01 -4.3000000e-01
  6.6000000e-01  4.0000000e-02 -3.5000000e-01 -2.4000000e-01
 -1.5000000e-01  9.3000000e-01 -7.7000000e-01  1.2000000e-01
  1.0000000e-01 -1.6000000e-01  8.0000000e-01  1.6580000e+00
  8.9000000e-01 -2.7000000e-01 -2.5000000e-01  1.8000000e-01
  1.5000000e-01 -2.0000000e-02  1.9000000e-01  3.5000000e-01
 -7.5000000e-01 -3.4000000e-01 -6.2000000e-01 -7.1000000e-01
 -5.5000000e-01 -2.6000000e-01 -1.3000000e-01 -2.8000000e-01
  4.5000000e-01  4.7000000e-01][ 4.7000000e-01 -7.8000000e-01  8.0000000e-02  6.0000000e-02
 -6.9000000e-01 -4.6000000e-01 -3.3000000e-01 -4.3000000e-01
 -3.4000000e-01 -1.8000000e-01  2.7000000e-01 -2.3000000e-01
 -6.3000000e-01 -8.2000000e-01  3.9000000e-01  9.9000000e-01
 -4.1000000e-01 -5.4000000e-01  1.9000000e-01 -6.8000000e-01
 -8.0000000e-02  4.4000000e-01 -7.3000000e-01 -3.0000000e-02
 -3.2000000e-01 -9.2000000e-01  7.3000000e-01 -2.8000000e-01
  5.1000000e-01  1.6000000e-01 -3.0000000e-02  8.5000000e-01
 -9.8000000e-01 -4.5000000e-01 -2.7000000e-01  6.1000000e-01
  4.8000000e-01 -5.3000000e-01  7.1000000e-01  8.8817842e-16
 -2.0000000e-02 -3.5000000e-01 -1.0000000e-01  4.7000000e-01
 -7.5000000e-01  7.8000000e-01 -1.0000000e-01 -2.8000000e-01
  7.3000000e-01 -5.5000000e-01  5.2000000e-01 -2.6000000e-01
  6.4000000e-01 -2.4000000e-01 -4.5000000e-01 -6.9000000e-01
 -4.4000000e-01 -9.8000000e-01  5.8000000e-01  3.2300000e-01
  6.6000000e-01 -3.0000000e-01  4.6000000e-01 -2.4000000e-01
  4.6000000e-01 -9.3000000e-01 -7.0000000e-01 -3.8000000e-01
  1.0000000e-01 -7.0000000e-02  6.2000000e-01  9.3000000e-01
  4.4000000e-01  7.2000000e-01 -2.5000000e-01  2.8000000e-01
  1.5000000e-01 -9.8000000e-01 -7.1000000e-01  3.5000000e-01
 -1.2000000e-01 -9.1000000e-01 -6.2000000e-01  7.1000000e-01
 -2.3000000e-01  6.3000000e-01 -1.3000000e-01  7.0000000e-02
  4.5000000e-01  1.3000000e-01][ 4.7000000e-01 -7.8000000e-01  8.0000000e-02  6.0000000e-02
 -9.6000000e-01  1.7000000e-01 -3.3000000e-01  5.6000000e-01
 -9.2000000e-01 -1.8000000e-01  2.7000000e-01 -6.8000000e-01
 -6.3000000e-01 -5.4000000e-01  7.9000000e-01  3.1000000e-01
 -8.7000000e-01  8.8817842e-16  7.6000000e-01 -6.8000000e-01
 -8.0000000e-02  4.3000000e-01  5.0000000e-02 -3.0000000e-02
 -3.2000000e-01 -5.8000000e-01  7.3000000e-01 -2.8000000e-01
  5.1000000e-01  1.6000000e-01 -3.0000000e-02  8.5000000e-01
  3.6000000e-01 -3.0000000e-02 -7.2000000e-01  6.1000000e-01
 -1.5000000e-01 -5.3000000e-01  7.1000000e-01  8.8817842e-16
 -7.7000000e-01 -5.7000000e-01 -1.0000000e-01  3.0000000e-01
  1.9000000e-01 -1.7900000e-01 -1.0000000e-01 -1.9000000e-01
 -4.3000000e-01 -8.5000000e-01  5.2000000e-01 -2.6000000e-01
  6.4000000e-01  7.0000000e-02 -4.5000000e-01 -6.6000000e-01
 -9.8000000e-01 -9.8000000e-01  5.8000000e-01 -4.3000000e-01
  1.5000000e-01 -3.0000000e-01 -3.5000000e-01 -2.4000000e-01
 -6.2000000e-01  7.6000000e-01 -8.1000000e-01 -3.8000000e-01
 -5.5000000e-01 -5.1000000e-01  6.2000000e-01  6.6000000e-01
 -3.0000000e-02  1.8000000e-01  4.8000000e-01  2.8000000e-01
  1.5000000e-01  5.6000000e-01 -7.1000000e-01  3.5000000e-01
 -7.5000000e-01 -1.4000000e-01  9.4000000e-01 -6.5000000e-01
  1.6000000e-01  3.2000000e-01 -1.3000000e-01  7.0000000e-02
  2.0000000e-01  1.3000000e-01][ 4.7000000e-01  7.5000000e-01  7.5000000e-01  6.0000000e-02
 -9.6000000e-01  8.1000000e-01 -9.7000000e-01  1.2000000e-01
 -4.5000000e-01 -1.8000000e-01  2.7000000e-01 -2.3000000e-01
 -2.0000000e-02 -7.8000000e-01  3.9000000e-01  1.4000000e-01
  7.9000000e-01 -1.1000000e-01  6.9000000e-01 -6.8000000e-01
 -7.0000000e-02 -6.6000000e-01  5.0000000e-02 -3.0000000e-02
  7.9000000e-01 -7.4000000e-01 -7.2000000e-01 -3.5000000e-01
  3.7000000e-01 -4.0000000e-02  9.5000000e-01 -3.3000000e-01
 -9.8000000e-01 -7.0000000e-02 -7.2000000e-01  3.9000000e-01
 -1.5000000e-01 -8.1000000e-01  7.1000000e-01  8.8817842e-16
  3.0000000e-02  3.0000000e-01 -1.0000000e-01  4.7000000e-01
 -8.0000000e-01 -7.0000000e-01 -1.3060000e+00 -2.8000000e-01
 -4.3000000e-01 -5.5000000e-01  6.5000000e-01  8.1000000e-01
  6.4000000e-01 -8.8000000e-01  4.0000000e-02  3.1000000e-01
 -4.4000000e-01  1.5000000e-01 -6.9000000e-01 -4.3000000e-01
  6.6000000e-01  2.1000000e-01  1.7000000e-01 -6.2000000e-01
  4.6000000e-01  9.3000000e-01 -7.7000000e-01 -1.3000000e-01
 -1.1000000e-01 -1.6000000e-01  8.0000000e-01  9.0000000e-02
  4.4000000e-01  1.8000000e-01 -2.5000000e-01  1.8000000e-01
  4.6000000e-01 -9.8000000e-01 -7.1000000e-01 -6.0000000e-01
 -7.5000000e-01 -3.4000000e-01 -6.2000000e-01 -7.1000000e-01
 -5.5000000e-01 -2.6000000e-01 -1.3000000e-01 -2.8000000e-01
  5.3000000e-01 -8.8000000e-01][ 0.47  -0.78   0.74   0.97  -0.96  -0.46  -0.76   0.56  -0.92  -0.18
 -0.31  -0.75  -0.63  -0.94   0.39   0.05   0.07   0.76   0.19   0.77
  0.51   0.44   0.75  -0.03   0.79  -0.58   0.31   0.57  -0.65   0.53
 -0.03   0.85  -0.98  -0.03  -0.72   0.39  -0.15  -0.81   0.71   0.61
 -0.77   0.07  -0.4    0.47   0.19   0.93  -0.58  -0.28  -0.43  -0.18
 -0.5   -0.38   0.64   0.03  -0.85   0.55  -0.44   0.15  -0.66  -0.43
 -1.265 -0.42  -0.61  -0.57  -0.16  -0.93   0.86   0.12   0.1   -0.07
  0.8    0.66  -0.62   0.18  -0.1    0.77   0.15  -0.08  -0.71  -0.34
 -0.58  -0.91  -0.62   0.71   0.16  -0.85  -0.4   -0.28   0.45   0.01 ][ 0.57  -0.78   0.75   0.06   0.75   0.42  -0.33   0.77  -0.92   0.53
 -0.79  -0.23  -0.62  -0.57   0.81   0.05  -0.41   0.06   0.19  -0.68
  0.11   0.44   0.05  -0.03  -0.98  -0.94   0.22  -0.53  -0.65   0.16
  0.71   0.42   0.87  -0.03  -0.72   0.39   0.077  0.23  -0.8    0.9
 -0.47  -0.35  -0.1    0.47   0.19   0.78  -0.1   -0.28   0.46   0.36
  0.65  -0.3    0.73   0.07   0.04  -0.69  -0.27   0.15  -0.69  -0.43
  0.66   0.21  -0.35  -0.24   0.77  -0.93  -0.2    0.12   0.1    0.2
 -0.88   0.66   0.44  -0.37  -0.25   0.05   0.15   0.97   0.11   0.4
  0.05  -0.77  -0.62   0.6    0.16   0.02  -0.13  -0.05  -0.48  -0.88 ][ 2.6000000e-01  6.2000000e-01  8.0000000e-02  9.7000000e-01
  2.2000000e-01  1.7000000e-01 -7.6000000e-01  3.0000000e-02
 -1.0000000e-02 -7.7000000e-01 -3.1000000e-01 -6.8000000e-01
 -9.0000000e-01 -8.2000000e-01  9.1000000e-01  5.0000000e-02
  7.0000000e-02  8.8817842e-16  7.6000000e-01  7.7000000e-01
  5.1000000e-01 -8.7000000e-01  7.5000000e-01 -8.9000000e-01
 -3.2000000e-01 -9.2000000e-01  7.3000000e-01 -2.8000000e-01
  5.1000000e-01  5.3000000e-01 -6.4000000e-01 -5.1000000e-01
  1.7000000e-01  1.3000000e-01 -2.8000000e-01  6.1000000e-01
  4.8000000e-01 -5.3000000e-01  6.5000000e-01  2.9000000e-01
  8.8817842e-16 -5.7000000e-01  1.0000000e-01  3.0000000e-01
 -4.0000000e-01  9.3000000e-01  5.0000000e-01 -1.9000000e-01
  7.3000000e-01 -9.3700000e-01 -5.0000000e-01 -2.6000000e-01
 -1.6000000e-01 -2.4000000e-01 -8.5000000e-01  5.5000000e-01
 -1.2000000e-01 -8.9000000e-01 -6.6000000e-01 -7.9000000e-01
  1.5000000e-01 -3.0000000e-01  4.6000000e-01 -5.7000000e-01
 -1.6000000e-01  7.6000000e-01  8.6000000e-01 -3.8000000e-01
  1.1000000e-01 -9.9000000e-01  6.2000000e-01  9.3000000e-01
 -6.2000000e-01  2.2000000e-01  4.8000000e-01  7.7000000e-01
 -4.8000000e-01  5.6000000e-01 -2.0000000e-02 -3.4000000e-01
 -1.2000000e-01 -1.4000000e-01 -3.6000000e-01 -6.5000000e-01
 -2.3000000e-01 -8.5000000e-01 -4.0000000e-01  7.0000000e-02
 -1.8000000e-01  1.3000000e-01][ 4.7000000e-01 -7.8000000e-01  7.4000000e-01  9.7000000e-01
  2.2000000e-01 -9.8000000e-01 -7.6000000e-01  3.0000000e-02
 -9.2000000e-01 -7.7000000e-01  2.7000000e-01 -2.3000000e-01
 -6.3000000e-01 -9.4000000e-01  9.1000000e-01  5.0000000e-02
  7.0000000e-02  7.6000000e-01  7.2000000e-01  7.7000000e-01
  7.0000000e-01 -8.7000000e-01  5.0000000e-02 -3.0000000e-02
  7.9000000e-01  5.7000000e-01  3.1000000e-01  5.7000000e-01
 -6.5000000e-01  1.6000000e-01 -6.4000000e-01 -5.1000000e-01
 -9.8000000e-01  1.3000000e-01 -7.2000000e-01 -7.5000000e-01
  8.4000000e-01 -8.1000000e-01  7.1000000e-01  8.8817842e-16
  8.8817842e-16  7.0000000e-02 -4.0000000e-01  4.7000000e-01
  1.9000000e-01  9.3000000e-01 -3.5400000e-01 -2.8000000e-01
 -4.3000000e-01 -5.5000000e-01  6.5000000e-01 -3.8000000e-01
  6.4000000e-01  7.0000000e-02 -8.5000000e-01  5.5000000e-01
 -1.2000000e-01 -8.9000000e-01 -6.6000000e-01 -4.3000000e-01
 -8.2000000e-01  2.1000000e-01 -3.5000000e-01 -2.4000000e-01
  4.6000000e-01 -9.3000000e-01  8.6000000e-01  1.2000000e-01
  1.1000000e-01 -9.9000000e-01  9.6000000e-01  6.6000000e-01
  4.4000000e-01  1.8000000e-01 -2.5000000e-01  7.7000000e-01
  1.5000000e-01 -9.8000000e-01 -7.1000000e-01  3.5000000e-01
 -5.8000000e-01 -2.0000000e-01 -6.2000000e-01  7.1000000e-01
  1.6000000e-01 -8.5000000e-01 -1.3000000e-01 -2.8000000e-01
  4.5000000e-01  1.0000000e-02][-8.6200000e-01 -7.8000000e-01  7.4000000e-01  9.7000000e-01
  2.2000000e-01 -4.6000000e-01 -3.3000000e-01  5.6000000e-01
 -1.0000000e-02 -1.8000000e-01 -3.1000000e-01 -2.3000000e-01
 -9.0000000e-01 -9.4000000e-01  3.9000000e-01  3.1000000e-01
  7.0000000e-02 -5.4000000e-01  1.9000000e-01 -6.8000000e-01
  5.1000000e-01  4.4000000e-01  7.5000000e-01 -8.9000000e-01
  8.0000000e-01 -5.8000000e-01  3.1000000e-01  5.7000000e-01
  1.7000000e-01  5.3000000e-01 -6.4000000e-01 -5.1000000e-01
  1.7000000e-01  1.3000000e-01 -7.2000000e-01  3.9000000e-01
  8.4000000e-01 -8.1000000e-01 -7.6000000e-01  8.8817842e-16
  8.8817842e-16  7.0000000e-02 -1.0000000e-01  4.7000000e-01
 -4.0000000e-01  7.8000000e-01 -1.0000000e-01 -3.2000000e-01
 -2.2000000e-01 -5.5000000e-01 -5.0000000e-01 -3.8000000e-01
  6.4000000e-01  7.0000000e-02  4.0000000e-02 -6.9000000e-01
 -1.2000000e-01 -8.9000000e-01 -6.6000000e-01 -7.9000000e-01
  6.6000000e-01 -4.2000000e-01 -3.5000000e-01 -2.4000000e-01
 -1.6000000e-01  2.0000000e-01 -7.0000000e-01  1.2000000e-01
  1.0000000e-01 -7.0000000e-02  8.0000000e-01  4.8000000e-01
 -6.2000000e-01  1.8000000e-01 -2.5000000e-01  7.7000000e-01
  1.5000000e-01 -9.8000000e-01 -7.1000000e-01 -3.4000000e-01
 -5.8000000e-01 -9.1000000e-01 -3.6000000e-01  8.7000000e-01
  7.6000000e-01 -8.5000000e-01 -4.0000000e-01 -2.8000000e-01
  4.5000000e-01  1.0000000e-02][ 4.7000000e-01 -7.8000000e-01  8.0000000e-02 -2.6000000e-01
 -9.6000000e-01 -4.6000000e-01  4.1000000e-01  5.6000000e-01
 -9.2000000e-01 -1.8000000e-01  7.2000000e-01 -6.8000000e-01
 -6.3000000e-01 -8.2000000e-01  7.9000000e-01  9.9000000e-01
 -8.7000000e-01 -5.4000000e-01  7.6000000e-01 -6.8000000e-01
 -8.0000000e-02  4.4000000e-01  5.0000000e-02 -3.0000000e-02
  7.9000000e-01 -5.8000000e-01  7.3000000e-01 -5.3000000e-01
 -6.5000000e-01  1.6000000e-01 -6.2000000e-01  8.5000000e-01
  3.6000000e-01 -3.0000000e-02 -7.2000000e-01  6.1000000e-01
 -1.5000000e-01 -5.3000000e-01  6.5000000e-01  8.8817842e-16
 -2.0000000e-02 -5.7000000e-01  1.0000000e-01  5.3400000e-01
 -7.5000000e-01  7.8000000e-01  5.0000000e-01 -1.9000000e-01
  7.3000000e-01 -8.5000000e-01  5.2000000e-01 -3.0000000e-01
 -1.6000000e-01 -2.4000000e-01 -4.5000000e-01 -6.6000000e-01
 -4.4000000e-01  1.5000000e-01  5.8000000e-01 -4.3000000e-01
  1.5000000e-01 -3.0000000e-01  4.6000000e-01 -2.4000000e-01
  4.6000000e-01 -9.3000000e-01 -7.0000000e-01  1.2000000e-01
 -5.5000000e-01 -5.1000000e-01  8.0000000e-01  9.3000000e-01
  4.4000000e-01  1.8000000e-01 -2.5000000e-01  2.8000000e-01
 -4.8000000e-01 -9.8000000e-01  2.0000000e-01  3.5000000e-01
 -1.2000000e-01 -1.4000000e-01  9.4000000e-01 -6.5000000e-01
  1.6000000e-01  3.2000000e-01 -1.3000000e-01 -2.8000000e-01
  4.5000000e-01 -8.8000000e-01][ 4.7000000e-01 -7.8000000e-01  7.5000000e-01  6.0000000e-02
 -9.6000000e-01 -4.6000000e-01 -3.3000000e-01  5.6000000e-01
 -9.2000000e-01  8.2000000e-01  2.7000000e-01 -6.8000000e-01
 -6.3000000e-01 -8.2000000e-01  3.9000000e-01  3.1000000e-01
 -8.7000000e-01 -5.4000000e-01  7.6000000e-01  5.0000000e-02
  7.0000000e-01  4.4000000e-01  5.0000000e-02  1.7000000e-01
 -3.2000000e-01 -9.2000000e-01  2.2000000e-01 -5.3000000e-01
 -6.5000000e-01  8.8817842e-16 -3.0000000e-02  8.5000000e-01
  3.6000000e-01 -4.5000000e-01 -7.2000000e-01  6.1000000e-01
  4.8000000e-01 -5.3000000e-01  7.1000000e-01  8.8817842e-16
 -2.0000000e-02 -5.7000000e-01 -1.0000000e-01  3.0000000e-01
  1.9000000e-01  7.8000000e-01 -1.0000000e-01 -1.9000000e-01
  7.3000000e-01 -5.5000000e-01  5.2000000e-01 -2.6000000e-01
  6.4000000e-01 -2.4000000e-01 -4.5000000e-01 -6.6000000e-01
 -4.4000000e-01  1.5000000e-01 -6.9000000e-01 -4.3000000e-01
  6.6000000e-01  2.1000000e-01  4.6000000e-01 -2.4000000e-01
 -6.2000000e-01  7.6000000e-01 -8.1000000e-01  1.2000000e-01
 -5.5000000e-01 -7.0000000e-02  8.0000000e-01  9.3000000e-01
 -3.0000000e-02  7.2000000e-01 -2.5000000e-01 -2.5000000e-01
  1.5000000e-01 -6.7900000e-01  2.0000000e-01  3.5000000e-01
 -1.2000000e-01 -9.1000000e-01 -6.2000000e-01  7.1000000e-01
 -2.3000000e-01  6.3000000e-01 -1.3000000e-01 -2.8000000e-01
  4.5000000e-01  1.3000000e-01][ 0.26  -0.78   0.08   0.06  -0.69   0.17   0.41  -0.43  -0.34  -0.18
  0.27  -0.68  -0.63  -0.82   0.39   0.99  -0.41  -0.54   0.19  -0.68
 -0.08   0.43   0.05  -0.03   0.79  -0.58   0.73  -0.28  -0.65   0.16
 -0.62   0.42   0.36  -0.03  -0.27   0.39   0.48  -0.53   0.71   0.29
 -0.02  -0.57   0.1    0.3    0.19   0.54  -0.1   -0.28  -0.43  -0.55
  0.65  -0.26   0.64  -0.24  -0.45  -0.69  -0.44   0.15  -0.69   0.85
  0.15   0.21  -0.35  -0.24  -0.62  -0.93  -0.7    0.12   0.1   -0.51
  0.8    0.93  -0.03   0.18  -0.25   0.28   0.15   0.56   0.2   -0.512
 -0.75  -0.91  -0.62  -0.65   0.16   0.32   0.13   0.07   0.2   -0.88 ][ 4.7000000e-01 -6.0000000e-01  8.0000000e-02  6.0000000e-02
 -9.6000000e-01 -4.6000000e-01  4.1000000e-01  5.6000000e-01
 -3.4000000e-01 -1.8000000e-01  2.7000000e-01 -2.3000000e-01
 -6.3000000e-01 -5.4000000e-01  3.9000000e-01  3.1000000e-01
 -8.7000000e-01 -5.4000000e-01  7.6000000e-01 -6.8000000e-01
 -8.0000000e-02  4.4000000e-01 -7.3000000e-01  1.7000000e-01
 -3.2000000e-01 -9.2000000e-01  7.3000000e-01 -5.3000000e-01
  5.1000000e-01  8.8817842e-16 -6.2000000e-01  4.2000000e-01
  3.6000000e-01 -3.0000000e-02 -7.2000000e-01  6.1000000e-01
  4.8000000e-01 -8.1000000e-01  6.5000000e-01  8.8817842e-16
 -7.7000000e-01 -5.7000000e-01 -1.0000000e-01  4.7000000e-01
 -7.5000000e-01  7.8000000e-01 -1.0000000e-01 -1.9000000e-01
  7.3000000e-01 -8.5000000e-01  5.2000000e-01 -2.6000000e-01
  6.4000000e-01  7.0000000e-02  4.0000000e-02 -6.9000000e-01
 -9.8000000e-01 -9.8000000e-01 -6.9000000e-01 -4.3000000e-01
  1.5000000e-01 -3.0000000e-01 -3.5000000e-01  2.0000000e-02
  4.6000000e-01 -9.3000000e-01 -7.0000000e-01  1.2000000e-01
 -5.5000000e-01 -7.0000000e-02  6.2000000e-01  9.3000000e-01
  4.4000000e-01  1.8000000e-01  4.8000000e-01  2.8000000e-01
  1.5000000e-01  5.6000000e-01 -7.1000000e-01  3.5000000e-01
 -7.5000000e-01 -9.1000000e-01  9.4000000e-01  7.1000000e-01
 -2.3000000e-01  6.3000000e-01 -7.8000000e-01 -2.8000000e-01
  2.0000000e-01  1.3000000e-01][ 0.47  -0.78   0.08  -0.26  -0.69  -0.46   0.41   0.56  -0.34  -0.18
  0.72  -0.23  -0.63  -0.54   0.79   0.31  -0.41  -0.54   0.76  -0.68
 -0.08   0.44   0.05   0.17  -0.32  -0.58   0.73  -0.28  -0.65   0.16
 -0.03   0.85   0.36  -0.45  -0.27   0.39   0.48  -0.81   0.65   0.29
 -0.02   0.191 -0.1    0.3   -0.75   0.78   0.5   -0.19   0.73  -0.55
  0.52  -0.3   -0.16   0.07  -0.45  -0.66  -0.98   0.15  -0.69  -0.43
  0.66  -0.3   -0.35  -0.24  -0.62   0.76  -0.7    0.12  -0.55  -0.07
  0.8    0.66  -0.03   0.18  -0.25  -0.25  -0.48  -0.98   0.2    0.35
 -0.75  -0.14   0.94  -0.65  -0.23   0.63   0.13   0.07   0.45  -0.88 ][ 2.6000000e-01 -6.0000000e-01  7.4000000e-01  9.7000000e-01
  2.2000000e-01  1.7000000e-01 -7.6000000e-01  3.0000000e-02
 -1.0000000e-02 -7.7000000e-01 -3.1000000e-01 -6.8000000e-01
  9.2000000e-01 -8.2000000e-01  9.1000000e-01  9.9000000e-01
  7.0000000e-02  7.6000000e-01  7.2000000e-01  7.7000000e-01
 -8.0000000e-02  4.3000000e-01 -7.3000000e-01  1.7000000e-01
 -3.2000000e-01 -9.2000000e-01  7.3000000e-01  5.7000000e-01
  1.7000000e-01  8.8817842e-16 -6.2000000e-01  4.2000000e-01
  3.6000000e-01  1.3000000e-01 -2.8000000e-01  6.1000000e-01
  4.8000000e-01  5.4000000e-01 -7.6000000e-01  6.1000000e-01
  8.8817842e-16 -5.7000000e-01 -4.0000000e-01 -6.7000000e-01
 -7.5000000e-01  9.3000000e-01  5.0000000e-01 -3.2000000e-01
 -2.2000000e-01 -8.5000000e-01 -5.0000000e-01 -2.6000000e-01
 -1.6000000e-01 -2.4000000e-01 -8.5000000e-01  5.5000000e-01
 -9.8000000e-01 -9.8000000e-01 -6.6000000e-01  8.5000000e-01
  1.5000000e-01 -3.0000000e-01 -6.1000000e-01  2.0000000e-02
 -6.2000000e-01  7.6000000e-01  8.6000000e-01  4.2000000e-01
  1.1000000e-01 -5.1000000e-01  9.6000000e-01  4.8000000e-01
 -3.0000000e-02  7.2000000e-01 -1.0000000e-01  2.8000000e-01
  1.0000000e-01 -8.0000000e-02 -2.0000000e-02  2.0000000e-01
 -5.8000000e-01 -1.4000000e-01 -3.6000000e-01  8.7000000e-01
  7.6000000e-01  3.2000000e-01 -4.0000000e-01  1.3170000e+00
 -1.8000000e-01  1.0000000e-02][ 4.7000000e-01 -7.8000000e-01  8.0000000e-02 -2.6000000e-01
 -6.9000000e-01  1.7000000e-01 -3.3000000e-01  5.6000000e-01
 -3.4000000e-01 -1.8000000e-01  2.7000000e-01 -6.8000000e-01
 -6.3000000e-01 -5.4000000e-01  7.9000000e-01  3.1000000e-01
 -8.7000000e-01  8.8817842e-16  1.9000000e-01 -6.8000000e-01
 -8.0000000e-02  4.4000000e-01  5.0000000e-02 -3.0000000e-02
 -3.2000000e-01 -9.2000000e-01  2.2000000e-01 -2.8000000e-01
 -6.5000000e-01  1.6000000e-01 -3.0000000e-02  4.2000000e-01
  3.6000000e-01 -3.0000000e-02 -7.2000000e-01  6.1000000e-01
 -1.5000000e-01 -8.1000000e-01  6.5000000e-01  8.8817842e-16
 -2.0000000e-02 -3.5000000e-01 -1.0000000e-01  3.0000000e-01
 -7.5000000e-01  7.8000000e-01 -1.0000000e-01 -2.8000000e-01
 -4.3000000e-01 -5.5000000e-01  6.5000000e-01 -2.6000000e-01
  6.4000000e-01  7.0000000e-02 -4.5000000e-01 -6.6000000e-01
 -9.8000000e-01 -9.8000000e-01 -6.9000000e-01  8.5000000e-01
  1.5000000e-01  2.1000000e-01 -3.5000000e-01  2.0000000e-02
  4.6000000e-01 -9.3000000e-01 -7.0000000e-01  1.2000000e-01
 -5.5000000e-01  1.4600000e-01  8.0000000e-01  6.6000000e-01
  4.4000000e-01  1.8000000e-01  4.8000000e-01  2.8000000e-01
 -4.8000000e-01 -9.8000000e-01  2.0000000e-01  3.5000000e-01
 -1.2000000e-01 -1.4000000e-01 -6.2000000e-01  7.1000000e-01
  1.6000000e-01  6.3000000e-01  1.3000000e-01 -2.8000000e-01
  2.0000000e-01 -8.8000000e-01][ 4.9000000e-01 -7.8000000e-01 -3.3000000e-01  4.4000000e-01
 -9.6000000e-01  6.8000000e-01 -3.3000000e-01  5.6000000e-01
 -3.4000000e-01 -1.8000000e-01  6.9000000e-01 -2.3000000e-01
 -6.3000000e-01 -5.4000000e-01  3.9000000e-01  8.0000000e-02
  7.0000000e-01 -5.4000000e-01  1.9000000e-01 -6.8000000e-01
 -7.8000000e-01  7.8000000e-01  5.0000000e-02 -9.0000000e-01
  7.9000000e-01  1.7920000e+00  8.5000000e-01  3.5000000e-01
 -6.5000000e-01 -4.8000000e-01 -7.1000000e-01  5.4000000e-01
 -9.8000000e-01 -3.0000000e-02 -3.9000000e-01  8.5000000e-01
 -1.5000000e-01 -8.4000000e-01  2.0000000e-02  8.1000000e-01
  3.7000000e-01 -3.5000000e-01  6.4000000e-01  5.9000000e-01
  1.9000000e-01  3.8000000e-01 -1.0000000e-01 -2.8000000e-01
 -4.3000000e-01 -3.7000000e-01  8.6000000e-01  7.9000000e-01
  6.4000000e-01 -6.5000000e-01  9.0000000e-01  3.2000000e-01
  8.8000000e-01 -2.5000000e-01 -6.9000000e-01 -1.5000000e-01
 -6.4000000e-01  7.2000000e-01 -7.2000000e-01 -6.7000000e-01
  4.6000000e-01 -9.3000000e-01 -7.0000000e-01  1.2000000e-01
  5.1000000e-01 -5.6000000e-01 -9.4000000e-01 -2.4000000e-01
  4.4000000e-01  1.8000000e-01  8.8817842e-16  1.7000000e-01
  1.5000000e-01 -9.8000000e-01 -7.1000000e-01 -5.0000000e-01
  4.9000000e-01 -9.1000000e-01  5.0000000e-02  7.1000000e-01
  1.5000000e-01  6.3000000e-01 -1.3000000e-01 -2.8000000e-01
  4.5000000e-01  3.3000000e-01][ 4.7000000e-01 -6.0000000e-01  7.5000000e-01  6.0000000e-02
 -6.9000000e-01  1.7000000e-01 -3.3000000e-01 -4.3000000e-01
 -9.2000000e-01 -1.1200000e+00  2.7000000e-01 -2.3000000e-01
  9.2000000e-01 -8.2000000e-01  7.9000000e-01  3.1000000e-01
 -8.7000000e-01  8.8817842e-16  7.6000000e-01 -6.8000000e-01
 -8.0000000e-02  4.4000000e-01 -7.3000000e-01  1.7000000e-01
  7.9000000e-01 -5.8000000e-01  2.2000000e-01 -2.8000000e-01
  5.1000000e-01  8.8817842e-16 -3.0000000e-02  8.5000000e-01
 -9.8000000e-01 -4.5000000e-01 -2.7000000e-01  3.9000000e-01
  4.8000000e-01 -5.3000000e-01  7.1000000e-01  8.8817842e-16
 -2.0000000e-02 -5.7000000e-01  1.0000000e-01  3.0000000e-01
 -7.5000000e-01  7.8000000e-01 -1.0000000e-01 -1.9000000e-01
  7.3000000e-01 -5.5000000e-01  6.5000000e-01 -2.6000000e-01
  6.4000000e-01  7.0000000e-02  4.0000000e-02 -6.6000000e-01
 -9.8000000e-01 -9.8000000e-01 -6.9000000e-01 -4.3000000e-01
  6.6000000e-01 -3.0000000e-01  4.6000000e-01  2.0000000e-02
 -6.2000000e-01 -9.3000000e-01 -7.0000000e-01  1.2000000e-01
 -5.5000000e-01 -5.1000000e-01  6.2000000e-01  9.3000000e-01
  4.4000000e-01  7.2000000e-01 -2.5000000e-01  2.8000000e-01
  1.5000000e-01 -9.8000000e-01  2.0000000e-01  3.5000000e-01
 -7.5000000e-01 -1.4000000e-01  9.4000000e-01 -6.5000000e-01
  1.6000000e-01  3.2000000e-01 -1.3000000e-01 -2.8000000e-01
  4.5000000e-01  1.3000000e-01][ 0.26   0.62   0.74  -0.26   0.22   0.17  -0.76  -0.43  -0.34   0.82
  0.72  -0.68  -0.9   -0.94   0.91   0.05  -0.87   0.76   0.72   0.77
 -0.08  -0.87   0.75  -0.89   0.8    0.57   0.73   0.57   0.51   0.53
 -0.62  -0.51   0.36  -0.45  -0.28  -0.75   0.84  -0.53  -0.76   0.61
 -0.02  -0.57   0.1    0.3   -0.4    0.54   0.5   -0.19  -0.22  -0.85
 -0.5   -0.38  -0.16   0.03  -0.45   0.55  -0.98  -0.89  -0.66   0.85
  0.15  -0.3    0.46   0.02  -0.16   0.76   0.86  -0.38  -0.55  -0.51
  0.96   0.93  -0.03   0.72  -0.1   -0.177  0.1   -0.08  -0.02  -0.34
 -0.12  -0.14  -0.36  -0.65   0.76  -0.85  -0.4    0.07   0.2    0.01 ][ 4.7000000e-01 -7.8000000e-01  2.6000000e-01  5.8000000e-01
  7.5000000e-01 -4.6000000e-01 -3.8000000e-01  5.6000000e-01
 -4.2000000e-01 -1.8000000e-01  2.7000000e-01 -9.0000000e-01
 -6.3000000e-01 -5.4000000e-01 -9.1000000e-01  4.0000000e-02
 -4.5000000e-01 -5.4000000e-01  5.7000000e-01 -6.8000000e-01
  1.7000000e-01  4.4000000e-01  5.0000000e-02 -3.0000000e-02
  7.9000000e-01 -5.8000000e-01  5.9000000e-01 -5.3000000e-01
 -6.5000000e-01  5.2000000e-01  3.0000000e-01  8.5000000e-01
  3.5000000e-01  8.3000000e-01  2.4000000e-01  3.9000000e-01
 -7.6000000e-01 -8.1000000e-01 -1.0000000e-01  8.8817842e-16
 -7.7000000e-01  8.1000000e-01  3.0000000e-01 -8.0000000e-01
  1.9000000e-01  7.8000000e-01 -1.0000000e-01  4.4000000e-01
 -6.0000000e-02  3.7000000e-01 -5.4000000e-01  7.7000000e-01
  6.4000000e-01 -4.2000000e-01  8.2000000e-01  2.8700000e-01
 -8.5000000e-01 -4.4000000e-01  1.7000000e-01 -4.3000000e-01
  8.0000000e-01  2.1000000e-01  9.4000000e-01 -2.4000000e-01
 -3.1000000e-01 -9.3000000e-01 -7.0000000e-01  8.6000000e-01
  8.9000000e-01  9.8000000e-01  8.0000000e-01  6.5000000e-01
  4.4000000e-01  1.8000000e-01  5.6000000e-01 -2.5000000e-01
  7.2000000e-01  5.9000000e-01 -7.1000000e-01  9.8000000e-01
 -7.5000000e-01 -7.5000000e-01 -6.2000000e-01  7.1000000e-01
  1.6000000e-01  6.3000000e-01 -1.3000000e-01  6.0000000e-01
 -9.0000000e-01 -8.8000000e-01][-7.8000000e-01  6.2000000e-01  7.4000000e-01  9.7000000e-01
 -9.6000000e-01 -4.6000000e-01 -7.6000000e-01  3.0000000e-02
 -9.2000000e-01 -7.7000000e-01  2.7000000e-01 -2.3000000e-01
 -9.0000000e-01 -9.4000000e-01  3.9000000e-01  5.0000000e-02
 -4.1000000e-01 -5.4000000e-01  7.2000000e-01 -6.8000000e-01
  5.1000000e-01  4.4000000e-01  5.0000000e-02 -8.9000000e-01
  8.0000000e-01 -5.1500000e-01  2.2000000e-01 -5.3000000e-01
  1.7000000e-01  1.6000000e-01 -6.4000000e-01 -5.1000000e-01
 -9.8000000e-01 -3.0000000e-02 -2.8000000e-01  3.9000000e-01
  8.4000000e-01 -8.1000000e-01  7.1000000e-01  6.1000000e-01
  8.8817842e-16 -3.5000000e-01 -4.0000000e-01  4.7000000e-01
 -4.0000000e-01  7.8000000e-01 -5.8000000e-01 -2.8000000e-01
 -4.3000000e-01 -1.8000000e-01  6.5000000e-01 -3.8000000e-01
  6.4000000e-01  7.0000000e-02 -8.5000000e-01  5.5000000e-01
 -4.4000000e-01 -8.9000000e-01 -6.6000000e-01 -4.3000000e-01
  6.6000000e-01 -4.2000000e-01 -3.5000000e-01 -5.7000000e-01
 -1.6000000e-01 -9.3000000e-01 -7.0000000e-01  4.2000000e-01
  1.0000000e-01 -9.9000000e-01  9.6000000e-01  6.6000000e-01
 -6.2000000e-01  2.2000000e-01 -2.5000000e-01  7.7000000e-01
  1.5000000e-01 -9.8000000e-01 -2.0000000e-02 -3.4000000e-01
 -7.5000000e-01 -9.1000000e-01 -3.6000000e-01  8.7000000e-01
  1.6000000e-01  6.3000000e-01 -4.0000000e-01  6.1000000e-01
 -1.8000000e-01 -8.8000000e-01][ 4.7000000e-01 -7.8000000e-01  8.0000000e-02  6.0000000e-02
 -9.6000000e-01 -4.6000000e-01  4.1000000e-01  5.6000000e-01
 -9.2000000e-01  8.2000000e-01  2.7000000e-01 -2.3000000e-01
 -6.3000000e-01 -5.4000000e-01  3.9000000e-01  3.1000000e-01
 -8.7000000e-01  8.8817842e-16  1.9000000e-01  5.0000000e-02
 -8.0000000e-02  4.4000000e-01  5.0000000e-02  1.7000000e-01
 -3.2000000e-01 -9.2000000e-01  7.3000000e-01 -2.8000000e-01
 -6.5000000e-01  8.8817842e-16 -3.0000000e-02  8.5000000e-01
 -9.8000000e-01 -4.5000000e-01 -2.7000000e-01  6.1000000e-01
 -1.5000000e-01 -8.1000000e-01  7.1000000e-01  8.8817842e-16
 -2.0000000e-02 -3.5000000e-01 -1.0000000e-01  3.0000000e-01
 -7.5000000e-01  7.8000000e-01  5.0000000e-01 -2.8000000e-01
  7.3000000e-01 -8.5000000e-01  5.2000000e-01 -3.0000000e-01
  6.4000000e-01  7.0000000e-02 -4.5000000e-01 -6.6000000e-01
 -4.4000000e-01  1.5000000e-01  5.8000000e-01  8.5000000e-01
  1.5000000e-01 -3.0000000e-01  4.6000000e-01  2.0000000e-02
 -6.2000000e-01 -9.3000000e-01 -7.0000000e-01 -3.8000000e-01
 -5.5000000e-01 -5.1000000e-01  6.2000000e-01  6.6000000e-01
  4.4000000e-01  1.8000000e-01  4.8000000e-01  2.8000000e-01
  1.5000000e-01  5.6000000e-01 -7.1000000e-01  3.5000000e-01
 -1.2000000e-01 -1.3180000e+00  9.4000000e-01 -6.5000000e-01
  1.6000000e-01  6.3000000e-01  1.3000000e-01 -2.8000000e-01
  4.5000000e-01 -8.8000000e-01][ 0.26  -0.78   0.08  -0.26  -0.96   0.17   0.41   0.56  -0.34   0.82
  0.27  -0.23  -0.63  -0.82   0.79   0.99  -0.41  -0.54   0.76   0.05
  0.7    0.43   0.05  -0.03   0.79  -0.58   0.22  -0.53  -0.65   0.16
 -0.03   0.42  -0.98  -0.45  -0.27   0.39  -0.15  -0.53   0.65   0.29
 -0.77  -0.57   0.1    0.3    0.19   1.615  0.5   -0.19  -0.43  -0.55
  0.52  -0.26  -0.16   0.07   0.04  -0.69  -0.44   0.15   0.58  -0.43
  0.15  -0.3    0.46  -0.24   0.46  -0.93  -0.81  -0.38   0.1   -0.51
  0.62   0.93   0.44   0.18  -0.25   0.28  -0.48   0.56  -0.71   0.35
 -0.75  -0.14  -0.62   0.71  -0.23   0.32  -0.13  -0.28   0.2   -0.88 ][ 4.7000000e-01  7.5000000e-01  6.5000000e-01  1.9000000e-01
 -9.6000000e-01  8.1000000e-01 -1.0930000e+00  1.2000000e-01
 -4.5000000e-01  1.9000000e-01 -2.2000000e-01 -2.3000000e-01
 -2.0000000e-02 -5.4000000e-01  6.7000000e-01  3.1000000e-01
 -4.1000000e-01 -1.1000000e-01  6.9000000e-01 -6.8000000e-01
 -7.0000000e-02  4.4000000e-01  2.8000000e-01 -3.0000000e-02
 -8.7000000e-01 -5.8000000e-01 -7.2000000e-01 -3.5000000e-01
  3.7000000e-01 -4.0000000e-02  9.5000000e-01 -3.3000000e-01
 -9.8000000e-01 -7.0000000e-02 -1.0000000e-02  2.1000000e-01
  5.1000000e-01  1.8000000e-01  7.1000000e-01  8.8817842e-16
 -7.7000000e-01  3.0000000e-01 -1.0000000e-01  4.7000000e-01
  1.9000000e-01  7.8000000e-01 -1.0000000e-01 -2.8000000e-01
 -4.3000000e-01 -5.5000000e-01 -1.7000000e-01  8.1000000e-01
  6.4000000e-01  7.0000000e-02  4.0000000e-02  3.1000000e-01
 -4.4000000e-01  1.5000000e-01 -6.9000000e-01  9.7000000e-01
  6.8000000e-01  2.1000000e-01  1.7000000e-01 -6.2000000e-01
 -1.5000000e-01 -9.3000000e-01 -7.7000000e-01 -1.3000000e-01
 -1.1000000e-01 -7.0000000e-02  9.9000000e-01  6.6000000e-01
  4.4000000e-01 -2.7000000e-01 -2.5000000e-01 -2.5000000e-01
  4.6000000e-01 -9.8000000e-01  1.9000000e-01  3.5000000e-01
 -7.5000000e-01 -3.4000000e-01 -6.2000000e-01  7.1000000e-01
  1.6000000e-01  6.3000000e-01  2.0000000e-01 -3.3000000e-01
  5.3000000e-01  4.7000000e-01][ 0.57 -0.59  0.55 -0.62  0.75  0.42 -0.91  0.77 -0.01  0.53  0.27 -0.17
 -0.62 -0.54  0.39  0.05  0.43 -0.54  0.19 -0.68  0.11 -0.47  0.05 -0.03
 -0.98 -0.58 -0.76 -0.7  -0.13  0.16 -0.03  0.42 -0.98 -0.75 -0.72  0.83
 -0.15 -0.81  0.71  0.9  -0.77 -0.35 -0.1   0.47  0.66  0.78 -0.03 -0.28
 -0.43 -0.55  0.47 -0.58  0.73  0.07  0.18 -0.02 -0.44 -0.84 -0.69 -0.43
  0.66 -0.39 -0.35  0.63  0.46 -0.93 -0.7   0.12  0.74 -0.07  0.8   0.66
  0.44 -0.37 -0.98  0.05  0.15 -0.98 -0.71  0.4  -0.75 -0.91 -0.96  0.6
  0.16  0.02 -0.15 -0.28  0.45 -0.39][-7.8000000e-01  6.2000000e-01  8.0000000e-02 -2.6000000e-01
  2.2000000e-01  1.7000000e-01  4.1000000e-01 -4.3000000e-01
 -1.0000000e-02  8.2000000e-01 -2.3900000e-01 -7.5000000e-01
  9.2000000e-01 -9.4000000e-01  7.9000000e-01  5.0000000e-02
  7.0000000e-02  8.8817842e-16  7.2000000e-01  7.7000000e-01
 -8.0000000e-02  4.3000000e-01  7.5000000e-01 -8.9000000e-01
  8.0000000e-01  5.7000000e-01  3.1000000e-01  5.7000000e-01
  5.1000000e-01  5.3000000e-01 -6.2000000e-01  4.2000000e-01
  1.7000000e-01  1.3000000e-01 -2.8000000e-01 -7.5000000e-01
  8.4000000e-01  5.4000000e-01 -7.6000000e-01  6.1000000e-01
 -2.0000000e-02 -5.7000000e-01  1.0000000e-01 -6.7000000e-01
 -4.0000000e-01  5.4000000e-01  5.0000000e-01 -3.2000000e-01
 -2.2000000e-01 -1.8000000e-01 -5.0000000e-01 -2.6000000e-01
 -2.7000000e-01 -2.4000000e-01 -8.5000000e-01 -6.6000000e-01
 -9.8000000e-01 -9.8000000e-01  5.8000000e-01 -7.9000000e-01
 -8.2000000e-01 -3.0000000e-01  4.6000000e-01 -5.7000000e-01
 -6.2000000e-01  2.0000000e-01 -8.1000000e-01 -3.8000000e-01
 -5.5000000e-01 -9.9000000e-01  9.6000000e-01  4.8000000e-01
 -3.0000000e-02  7.2000000e-01  4.8000000e-01  2.8000000e-01
 -4.8000000e-01  5.6000000e-01 -2.0000000e-02  2.0000000e-01
 -1.2000000e-01 -1.4000000e-01 -3.6000000e-01  8.7000000e-01
 -2.3000000e-01 -8.5000000e-01  1.3000000e-01  7.0000000e-02
  2.0000000e-01  1.0000000e-02][ 4.7000000e-01 -7.8000000e-01 -6.6000000e-01  6.0000000e-02
  5.0000000e-02  8.8817842e-16 -6.9000000e-01  1.1000000e-01
 -9.2000000e-01 -3.8000000e-01  2.7000000e-01  6.0000000e-01
 -6.3000000e-01 -5.4000000e-01  3.9000000e-01  6.6000000e-01
 -4.1000000e-01 -5.0000000e-02  6.9000000e-01  8.0000000e-02
  8.8817842e-16  1.0000000e-01  5.0000000e-02 -3.0000000e-02
  2.5000000e-01 -5.8000000e-01  2.2000000e-01 -5.3000000e-01
 -6.5000000e-01  1.6000000e-01 -4.1000000e-01  8.5000000e-01
  4.3000000e-01 -2.1000000e-01 -7.2000000e-01  3.9000000e-01
 -1.5000000e-01 -8.1000000e-01  2.9000000e-01  9.3000000e-01
 -7.7000000e-01 -3.5000000e-01 -3.0000000e-02 -6.4000000e-01
  1.9000000e-01  7.8000000e-01 -1.0000000e-01 -2.8000000e-01
 -4.3000000e-01 -5.5000000e-01  6.5000000e-01  2.2500000e-01
  6.4000000e-01  7.0000000e-02  4.0000000e-02 -6.9000000e-01
 -4.4000000e-01 -2.5000000e-01 -6.9000000e-01  2.0000000e-02
  6.6000000e-01  1.5000000e-01 -3.5000000e-01 -1.5000000e-01
  4.6000000e-01  6.8000000e-01 -7.0000000e-01 -8.0000000e-02
  1.2000000e-01 -7.0000000e-02  8.0000000e-01  5.5000000e-01
  7.0000000e-02  1.8000000e-01 -1.6000000e-01 -2.5000000e-01
  3.5000000e-01 -9.8000000e-01 -7.1000000e-01  3.5000000e-01
 -7.5000000e-01 -4.0000000e-01 -9.0000000e-01 -1.7000000e-01
  5.6000000e-01 -6.4000000e-01 -1.3000000e-01 -3.5000000e-01
  4.5000000e-01 -8.8000000e-01][ 0.47  -0.6    0.08   0.06  -0.69  -0.46  -0.33  -0.43  -0.92  -0.18
  0.72  -0.68   0.92  -0.54   0.39   0.99  -0.41  -0.54   0.19  -0.68
  0.7    0.44  -0.73  -0.03   0.79  -0.92   0.22  -0.53   0.51   0.16
 -0.62   0.85   0.36  -0.03  -0.27   0.61  -0.15  -0.53   0.65   0.29
 -0.77  -0.35  -0.1    0.3   -0.453  0.78  -0.1   -0.28  -0.43  -0.55
  0.52  -0.26   0.64  -0.24  -0.45  -0.66  -0.98   0.15  -0.69   0.85
  0.66   0.21  -0.35   0.02   0.46   0.76  -0.7   -0.38  -0.55  -0.07
  0.62   0.66   0.44   0.18   0.48  -0.25   0.15   0.56  -0.71   0.35
 -0.75  -0.91   0.94   0.71  -0.23   0.32   0.13   0.07   0.2    0.13 ][ 4.7000000e-01 -5.2900000e-01  7.5000000e-01 -6.2000000e-01
 -9.6000000e-01  4.2000000e-01 -9.1000000e-01  5.6000000e-01
 -1.0000000e-02 -1.8000000e-01  2.7000000e-01 -1.7000000e-01
 -6.3000000e-01 -5.7000000e-01  3.9000000e-01  3.1000000e-01
  4.3000000e-01  6.0000000e-02  6.3000000e-01 -1.5000000e-01
  7.0000000e-01  4.4000000e-01  5.0000000e-02 -3.0000000e-02
  7.9000000e-01 -5.8000000e-01 -7.6000000e-01 -7.0000000e-01
 -1.3000000e-01  1.4000000e-01  7.1000000e-01  8.5000000e-01
 -9.8000000e-01 -7.5000000e-01 -7.2000000e-01  3.9000000e-01
 -1.5000000e-01  2.3000000e-01 -8.0000000e-01  8.8817842e-16
 -4.7000000e-01 -3.5000000e-01  9.4000000e-01  4.7000000e-01
  1.9000000e-01  7.8000000e-01 -1.0000000e-01 -2.8000000e-01
  4.6000000e-01  3.6000000e-01  4.7000000e-01 -5.8000000e-01
  6.4000000e-01  7.0000000e-02  1.8000000e-01 -6.9000000e-01
 -2.7000000e-01 -8.4000000e-01 -6.9000000e-01 -9.4000000e-01
  6.6000000e-01  2.1000000e-01 -9.4000000e-01  6.3000000e-01
  4.6000000e-01 -9.3000000e-01 -2.0000000e-01 -5.2000000e-01
  1.0000000e-01  2.0000000e-01 -8.8000000e-01  6.6000000e-01
  4.4000000e-01 -3.7000000e-01 -2.5000000e-01  5.0000000e-02
  3.9000000e-01 -9.8000000e-01  1.1000000e-01  4.0000000e-01
 -7.5000000e-01 -7.7000000e-01 -6.2000000e-01  6.0000000e-01
  1.6000000e-01  6.3000000e-01 -1.5000000e-01 -2.8000000e-01
 -4.8000000e-01 -3.9000000e-01][-7.8000000e-01 -6.0000000e-01  7.4000000e-01  9.7000000e-01
 -6.9000000e-01 -9.8000000e-01  4.1000000e-01  3.0000000e-02
 -1.0000000e-02 -7.7000000e-01  7.2000000e-01 -6.8000000e-01
 -9.0000000e-01 -8.2000000e-01  9.1000000e-01  9.9000000e-01
  7.0000000e-02  7.6000000e-01  7.2000000e-01  7.7000000e-01
 -8.0000000e-02 -8.7000000e-01  7.5000000e-01 -8.9000000e-01
  8.0000000e-01 -9.2000000e-01  7.3000000e-01  5.7000000e-01
  1.7000000e-01  8.8817842e-16 -6.4000000e-01 -5.1000000e-01
  3.6000000e-01  1.3000000e-01 -2.7000000e-01 -7.5000000e-01
  4.8000000e-01 -5.3000000e-01 -7.6000000e-01  2.9000000e-01
  3.4000000e-02  7.0000000e-02 -4.0000000e-01 -6.7000000e-01
 -4.0000000e-01  9.3000000e-01  5.0000000e-01 -1.9000000e-01
  7.3000000e-01 -8.5000000e-01  5.2000000e-01 -3.8000000e-01
 -1.6000000e-01  3.0000000e-02 -4.5000000e-01 -6.6000000e-01
 -9.8000000e-01 -9.8000000e-01 -6.6000000e-01  8.5000000e-01
  1.5000000e-01 -4.2000000e-01  4.6000000e-01  2.0000000e-02
 -1.6000000e-01  7.6000000e-01  8.6000000e-01  4.2000000e-01
  1.1000000e-01 -9.9000000e-01  6.2000000e-01  4.8000000e-01
 -3.0000000e-02  2.2000000e-01 -1.0000000e-01  7.7000000e-01
 -4.8000000e-01 -8.0000000e-02  2.0000000e-01 -3.4000000e-01
 -5.8000000e-01 -1.4000000e-01 -3.6000000e-01  8.7000000e-01
  7.6000000e-01 -8.5000000e-01  1.3000000e-01  6.1000000e-01
  2.0000000e-01  1.3000000e-01][-7.8000000e-01 -7.8000000e-01  7.5000000e-01  6.0000000e-02
  2.2000000e-01 -4.6000000e-01 -7.6000000e-01  3.0000000e-02
 -1.0000000e-02 -7.7000000e-01 -3.1000000e-01 -7.5000000e-01
 -9.0000000e-01 -9.4000000e-01  9.1000000e-01 -4.7000000e-01
 -4.1000000e-01  7.6000000e-01  1.9000000e-01 -6.8000000e-01
  7.0000000e-01 -8.7000000e-01  7.5000000e-01 -8.9000000e-01
  8.0000000e-01 -5.8000000e-01  2.2000000e-01  5.7000000e-01
 -6.5000000e-01  1.6000000e-01 -3.0000000e-02  8.5000000e-01
  1.7000000e-01 -3.0000000e-02 -7.2000000e-01  3.9000000e-01
  8.4000000e-01 -8.1000000e-01  7.1000000e-01  6.1000000e-01
  8.8817842e-16 -3.5000000e-01 -4.0000000e-01 -6.7000000e-01
 -4.0000000e-01  9.3000000e-01 -1.0000000e-01 -3.2000000e-01
 -2.2000000e-01 -5.5000000e-01  6.5000000e-01 -3.8000000e-01
 -2.7000000e-01  7.0000000e-02 -8.5000000e-01  5.5000000e-01
 -4.4000000e-01  1.5000000e-01 -6.6000000e-01 -4.3000000e-01
 -8.2000000e-01 -4.2000000e-01 -6.1000000e-01 -5.7000000e-01
 -1.6000000e-01  2.0000000e-01 -7.0000000e-01  4.2000000e-01
  1.0000000e-01 -7.0000000e-02  8.0000000e-01  4.8000000e-01
  4.4000000e-01  2.2000000e-01 -2.5000000e-01  7.7000000e-01
  1.0000000e-01 -8.0000000e-02 -2.0000000e-02  3.5000000e-01
 -5.8000000e-01 -9.1000000e-01 -3.6000000e-01  8.7000000e-01
  1.6000000e-01  6.3000000e-01 -4.0000000e-01 -2.8000000e-01
  4.5000000e-01  1.0000000e-02][ 4.7000000e-01 -6.0000000e-01  8.0000000e-02  6.0000000e-02
 -9.6000000e-01  1.7000000e-01  4.1000000e-01 -4.3000000e-01
 -9.2000000e-01  8.2000000e-01  2.7000000e-01 -2.3000000e-01
 -6.3000000e-01 -5.4000000e-01  3.9000000e-01  9.9000000e-01
 -4.1000000e-01 -1.4460000e+00  7.6000000e-01  5.0000000e-02
  7.0000000e-01  4.4000000e-01  5.0000000e-02 -3.0000000e-02
  7.9000000e-01 -9.2000000e-01  7.3000000e-01 -2.8000000e-01
  5.1000000e-01  1.6000000e-01 -6.2000000e-01  8.5000000e-01
  3.6000000e-01 -4.5000000e-01 -2.7000000e-01  6.1000000e-01
  4.8000000e-01 -5.3000000e-01  7.1000000e-01  8.8817842e-16
 -2.0000000e-02 -5.7000000e-01 -1.0000000e-01  4.7000000e-01
  1.9000000e-01  5.4000000e-01 -1.0000000e-01 -2.8000000e-01
  7.3000000e-01 -8.5000000e-01  5.2000000e-01 -2.6000000e-01
  6.4000000e-01  7.0000000e-02  4.0000000e-02 -6.6000000e-01
 -4.4000000e-01 -9.8000000e-01  5.8000000e-01  8.5000000e-01
  1.5000000e-01 -3.0000000e-01 -3.5000000e-01 -2.4000000e-01
 -6.2000000e-01 -9.3000000e-01 -7.0000000e-01  1.2000000e-01
 -5.5000000e-01 -5.1000000e-01  8.0000000e-01  9.3000000e-01
 -3.0000000e-02  1.8000000e-01  4.8000000e-01 -2.5000000e-01
 -4.8000000e-01  5.6000000e-01 -7.1000000e-01  2.0000000e-01
 -1.2000000e-01 -9.1000000e-01 -6.2000000e-01 -6.5000000e-01
 -2.3000000e-01  6.3000000e-01 -1.3000000e-01  7.0000000e-02
  4.5000000e-01  1.3000000e-01][ 4.7000000e-01 -7.8000000e-01  7.5000000e-01  9.7000000e-01
  2.2000000e-01 -4.6000000e-01 -3.3000000e-01  3.0000000e-02
 -9.2000000e-01 -7.7000000e-01 -3.1000000e-01 -7.5000000e-01
 -6.3000000e-01 -9.4000000e-01  3.9000000e-01  3.1000000e-01
 -4.1000000e-01  7.6000000e-01  1.9000000e-01  7.7000000e-01
  5.1000000e-01 -8.7000000e-01  5.0000000e-02 -8.9000000e-01
  8.0000000e-01 -5.8000000e-01  2.2000000e-01  5.7000000e-01
 -6.5000000e-01  1.6000000e-01 -3.0000000e-02  8.5000000e-01
  1.7000000e-01 -3.0000000e-02 -7.2000000e-01 -7.5000000e-01
  8.4000000e-01  5.4000000e-01 -7.6000000e-01  6.1000000e-01
  8.8817842e-16  7.0000000e-02 -4.0000000e-01 -6.7000000e-01
 -4.0000000e-01  9.3000000e-01 -1.0000000e-01 -2.8000000e-01
 -4.3000000e-01 -5.5000000e-01  6.5000000e-01 -3.8000000e-01
 -2.7000000e-01  7.0000000e-02 -8.5000000e-01 -6.9000000e-01
 -4.4000000e-01 -8.9000000e-01 -6.9000000e-01 -7.9000000e-01
  6.6000000e-01  2.1000000e-01 -6.1000000e-01 -5.7000000e-01
 -1.6000000e-01  2.0000000e-01  8.6000000e-01  4.2000000e-01
  1.1000000e-01 -9.9000000e-01  8.0000000e-01  4.8000000e-01
 -6.2000000e-01  1.8000000e-01 -2.5000000e-01  7.7000000e-01
  1.0000000e-01 -9.8000000e-01 -2.0000000e-02  3.5000000e-01
 -5.8000000e-01 -9.1000000e-01 -3.6000000e-01  8.7000000e-01
  7.6000000e-01  6.3000000e-01 -1.3000000e-01 -2.8000000e-01
 -5.4300000e-01  1.0000000e-02][ 2.6000000e-01 -6.0000000e-01  7.5000000e-01 -2.6000000e-01
 -6.9000000e-01 -4.6000000e-01 -3.3000000e-01  5.6000000e-01
 -9.2000000e-01 -1.8000000e-01  2.7000000e-01 -6.8000000e-01
  9.2000000e-01 -8.2000000e-01  7.9000000e-01  9.9000000e-01
 -8.7000000e-01  8.8817842e-16  7.6000000e-01 -6.8000000e-01
  7.0000000e-01  4.4000000e-01  5.0000000e-02  1.7000000e-01
 -3.2000000e-01 -9.2000000e-01  7.3000000e-01 -5.3000000e-01
  5.1000000e-01  8.8817842e-16 -6.2000000e-01  4.2000000e-01
  3.6000000e-01 -3.0000000e-02 -2.7000000e-01  3.9000000e-01
  4.8000000e-01 -5.3000000e-01  7.1000000e-01  8.8817842e-16
 -2.0000000e-02 -5.7000000e-01  1.0000000e-01  3.0000000e-01
 -7.5000000e-01  7.8000000e-01 -1.0000000e-01 -2.8000000e-01
  7.3000000e-01 -5.5000000e-01  6.5000000e-01 -3.0000000e-01
 -1.6000000e-01  7.0000000e-02 -4.5000000e-01 -6.6000000e-01
 -4.4000000e-01 -9.8000000e-01 -6.9000000e-01 -4.3000000e-01
  6.6000000e-01  2.1000000e-01  4.6000000e-01  2.0000000e-02
  4.6000000e-01 -9.3000000e-01 -8.2000000e-02 -3.8000000e-01
 -5.5000000e-01 -7.0000000e-02  6.2000000e-01  6.6000000e-01
  4.4000000e-01  7.2000000e-01 -2.5000000e-01 -2.5000000e-01
  1.5000000e-01  5.6000000e-01 -7.1000000e-01  3.5000000e-01
 -1.2000000e-01 -1.4000000e-01  9.4000000e-01  7.1000000e-01
 -2.3000000e-01  6.3000000e-01 -1.3000000e-01 -2.8000000e-01
  2.0000000e-01 -8.8000000e-01][ 2.6000000e-01 -6.0000000e-01  8.0000000e-02 -2.6000000e-01
 -6.9000000e-01  1.7000000e-01  4.1000000e-01  3.0000000e-02
 -3.4000000e-01  8.2000000e-01 -3.1000000e-01 -6.8000000e-01
  9.2000000e-01 -9.4000000e-01  7.9000000e-01  5.0000000e-02
  7.0000000e-02  8.8817842e-16  7.2000000e-01  7.7000000e-01
  5.1000000e-01  7.6900000e-01  7.5000000e-01  1.7000000e-01
 -3.2000000e-01  5.7000000e-01  3.1000000e-01 -2.8000000e-01
  5.1000000e-01  8.8817842e-16 -6.4000000e-01  4.2000000e-01
  3.6000000e-01  1.3000000e-01 -2.7000000e-01 -7.5000000e-01
  8.4000000e-01  5.4000000e-01 -7.6000000e-01  6.1000000e-01
  8.8817842e-16 -5.7000000e-01 -4.0000000e-01  3.0000000e-01
 -4.0000000e-01  5.4000000e-01 -5.8000000e-01 -3.2000000e-01
  7.3000000e-01 -8.5000000e-01 -5.0000000e-01 -3.8000000e-01
 -1.6000000e-01 -2.4000000e-01 -4.5000000e-01 -6.6000000e-01
 -1.2000000e-01 -9.8000000e-01 -6.6000000e-01  8.5000000e-01
  1.5000000e-01 -4.2000000e-01  4.6000000e-01 -5.7000000e-01
 -6.2000000e-01  2.0000000e-01 -8.1000000e-01 -3.8000000e-01
 -5.5000000e-01 -9.9000000e-01  6.2000000e-01  4.8000000e-01
 -3.0000000e-02  7.2000000e-01  4.8000000e-01  7.7000000e-01
  1.0000000e-01  5.6000000e-01  2.0000000e-01  2.0000000e-01
 -1.2000000e-01 -1.4000000e-01  9.4000000e-01 -6.5000000e-01
 -2.3000000e-01  3.2000000e-01 -4.0000000e-01  7.0000000e-02
  2.0000000e-01  1.3000000e-01][ 0.26  -0.78   0.75   0.06  -0.69   0.17   0.41   0.56  -0.92  -0.18
  0.72  -0.68   0.92  -0.54   0.79   0.31  -0.41  -0.54   0.76  -0.68
 -0.08   0.44  -0.73  -0.03   0.79  -0.92   0.22  -0.28  -0.65   0.16
 -0.62   0.85   0.36  -0.45  -0.27   0.39  -0.15  -0.53   0.71   0.29
 -0.02  -0.57  -0.1    0.47  -0.75   0.78  -0.1   -0.28   0.611 -0.55
  0.65  -0.3    0.64  -0.24   0.04  -0.69  -0.98   0.15  -0.69  -0.43
  0.15  -0.3   -0.35  -0.24  -0.62   0.76  -0.7   -0.38  -0.55  -0.51
  0.8    0.93   0.44   0.72  -0.25   0.28  -0.48   0.56  -0.71   0.2
 -0.75  -0.14  -0.62   0.71  -0.23   0.63  -0.13   0.07   0.45  -0.88 ][ 4.7000000e-01 -7.8000000e-01  7.5000000e-01 -2.6000000e-01
 -9.6000000e-01 -4.6000000e-01  4.1000000e-01  5.6000000e-01
 -2.7400000e-01  8.2000000e-01  7.2000000e-01 -6.8000000e-01
  9.2000000e-01 -5.4000000e-01  7.9000000e-01  3.1000000e-01
 -4.1000000e-01 -5.4000000e-01  1.9000000e-01  5.0000000e-02
 -8.0000000e-02  4.3000000e-01  5.0000000e-02 -3.0000000e-02
 -3.2000000e-01 -9.2000000e-01  2.2000000e-01 -5.3000000e-01
 -6.5000000e-01  8.8817842e-16 -6.2000000e-01  8.5000000e-01
 -9.8000000e-01 -3.0000000e-02 -7.2000000e-01  3.9000000e-01
  4.8000000e-01 -8.1000000e-01  6.5000000e-01  2.9000000e-01
 -7.7000000e-01 -3.5000000e-01  1.0000000e-01  4.7000000e-01
 -7.5000000e-01  5.4000000e-01 -1.0000000e-01 -1.9000000e-01
  7.3000000e-01 -8.5000000e-01  6.5000000e-01 -3.0000000e-01
 -1.6000000e-01  7.0000000e-02  4.0000000e-02 -6.6000000e-01
 -4.4000000e-01 -9.8000000e-01 -6.9000000e-01 -4.3000000e-01
  6.6000000e-01 -3.0000000e-01 -3.5000000e-01  2.0000000e-02
  4.6000000e-01  7.6000000e-01 -8.1000000e-01 -3.8000000e-01
 -5.5000000e-01 -7.0000000e-02  8.0000000e-01  9.3000000e-01
  4.4000000e-01  1.8000000e-01  4.8000000e-01 -2.5000000e-01
 -4.8000000e-01  5.6000000e-01 -7.1000000e-01  2.0000000e-01
 -7.5000000e-01 -1.4000000e-01 -6.2000000e-01  7.1000000e-01
 -2.3000000e-01  6.3000000e-01  1.3000000e-01 -2.8000000e-01
  4.5000000e-01  1.3000000e-01][ 0.47  -0.78   0.75   0.06   0.75   0.65  -0.33   0.56  -0.42   0.8
  0.31  -0.23  -0.72  -0.54  -0.91   0.31  -0.45  -0.54   0.19   0.39
  0.7    0.44   0.55  -0.39  -0.77  -0.58   0.59  -0.53  -0.1    0.52
 -0.03   0.54  -0.98   0.83  -0.72  -0.58  -0.15  -0.81   0.71   0.01
  0.56  -0.35   0.3   -0.8    0.19   0.78  -0.7    0.44  -0.43   0.37
 -0.54  -0.3    0.19   0.07   0.04   0.58  -0.44  -0.44   0.17  -0.43
  0.66  -0.01   0.94  -0.49  -0.31  -1.    -0.98   0.12   0.89   0.98
  0.71   0.65   0.93   0.18  -0.25   0.07   0.15  -0.98   0.81   0.98
 -0.75  -0.91   0.31   0.71   0.477  0.63  -0.13   0.6   -0.9    0.32 ][ 4.7000000e-01 -6.0000000e-01  7.5000000e-01 -2.6000000e-01
 -9.6000000e-01 -4.6000000e-01 -3.3000000e-01 -4.3000000e-01
 -3.4000000e-01 -1.8000000e-01  7.2000000e-01 -6.8000000e-01
  9.2000000e-01 -5.4000000e-01  3.9000000e-01  3.1000000e-01
 -8.7000000e-01  8.8817842e-16  1.9000000e-01  5.0000000e-02
  7.0000000e-01  4.4000000e-01  5.0000000e-02  1.7000000e-01
 -3.2000000e-01 -5.8000000e-01  7.3000000e-01 -5.3000000e-01
 -6.5000000e-01  1.6000000e-01 -3.0000000e-02  4.2000000e-01
 -9.8000000e-01 -4.5000000e-01 -2.7000000e-01  3.9000000e-01
  4.8000000e-01 -5.3000000e-01  6.5000000e-01  2.9000000e-01
 -2.0000000e-02 -5.7000000e-01  1.0000000e-01  4.7000000e-01
 -7.5000000e-01  5.4000000e-01 -1.0000000e-01 -1.9000000e-01
 -4.3000000e-01 -5.5000000e-01  5.2000000e-01 -2.6000000e-01
  6.4000000e-01  7.0000000e-02  4.0000000e-02 -6.9000000e-01
 -4.4000000e-01  1.5000000e-01  5.8000000e-01  8.5000000e-01
  1.5000000e-01 -3.0000000e-01 -3.5000000e-01  2.0000000e-02
  4.6000000e-01 -9.3000000e-01 -7.0000000e-01 -2.5200000e-01
 -5.5000000e-01 -5.1000000e-01  6.2000000e-01  6.6000000e-01
 -3.0000000e-02  1.8000000e-01  4.8000000e-01 -2.5000000e-01
 -4.8000000e-01  5.6000000e-01 -7.1000000e-01  3.5000000e-01
 -7.5000000e-01 -9.1000000e-01 -6.2000000e-01 -6.5000000e-01
  1.6000000e-01  3.2000000e-01 -1.3000000e-01 -2.8000000e-01
  2.0000000e-01 -8.8000000e-01][ 4.7000000e-01 -4.1000000e-01 -6.6000000e-01  3.8000000e-01
  5.0000000e-02  8.8817842e-16 -6.9000000e-01  5.6000000e-01
  2.8000000e-01 -1.8000000e-01  2.7000000e-01 -2.3000000e-01
 -6.3000000e-01  5.8000000e-01  9.9000000e-01  3.1000000e-01
  5.0000000e-02 -5.0000000e-02  1.9000000e-01 -6.8000000e-01
  7.0000000e-01  4.4000000e-01  5.0000000e-02 -3.0000000e-02
  7.9000000e-01 -5.8000000e-01  2.7000000e-01 -5.3000000e-01
 -6.5000000e-01  1.6000000e-01 -4.1000000e-01  2.2400000e-01
 -9.8000000e-01 -2.1000000e-01  3.6000000e-01  3.9000000e-01
 -3.0000000e-01 -8.1000000e-01  7.1000000e-01  9.3000000e-01
 -6.3000000e-01 -3.5000000e-01 -1.0000000e-01  4.7000000e-01
  8.8000000e-01  7.8000000e-01 -1.0000000e-01 -2.8000000e-01
 -4.3000000e-01 -5.5000000e-01 -2.5000000e-01 -2.6000000e-01
 -4.0000000e-02  9.4000000e-01 -7.3000000e-01 -6.9000000e-01
  6.0000000e-01  1.5000000e-01 -6.9000000e-01  2.0000000e-02
  6.6000000e-01  2.1000000e-01 -3.5000000e-01 -2.4000000e-01
  4.6000000e-01  6.8000000e-01 -5.5000000e-01  1.2000000e-01
  1.0000000e-01  8.3000000e-01  5.0000000e-02  5.5000000e-01
  4.4000000e-01  1.8000000e-01 -2.5000000e-01 -2.5000000e-01
  1.5000000e-01 -9.8000000e-01 -7.1000000e-01  2.2000000e-01
 -5.2000000e-01 -9.1000000e-01 -6.2000000e-01  7.1000000e-01
  1.6000000e-01 -6.4000000e-01 -3.8000000e-01 -3.5000000e-01
  4.5000000e-01 -8.8000000e-01][ 1.9000000e-01 -7.8000000e-01  7.5000000e-01  5.0000000e-02
  9.3000000e-01  2.8000000e-01 -3.3000000e-01  5.6000000e-01
 -3.7000000e-01 -1.8000000e-01  9.7000000e-01  9.4000000e-01
 -6.3000000e-01 -5.4000000e-01  3.9000000e-01  3.1000000e-01
  2.3000000e-01  7.4000000e-01  1.9000000e-01 -6.8000000e-01
  7.0000000e-01  5.6000000e-01  5.0000000e-02 -3.0000000e-02
  7.9000000e-01 -8.1000000e-01  2.2000000e-01 -5.3000000e-01
 -2.5000000e-01  1.6000000e-01 -3.0000000e-02 -5.7000000e-01
 -9.8000000e-01 -3.0000000e-02 -7.2000000e-01 -7.3000000e-01
 -1.5000000e-01 -8.1000000e-01 -3.8000000e-01 -6.7000000e-01
 -7.7000000e-01 -4.8000000e-01 -7.4000000e-01  4.7000000e-01
  8.0000000e-01  7.8000000e-01 -1.0000000e-01 -2.8000000e-01
 -8.2000000e-01 -6.9000000e-01  8.3000000e-01 -1.8000000e-01
  6.4000000e-01 -3.0000000e-02  4.0000000e-02 -5.2000000e-01
 -4.4000000e-01  1.5000000e-01 -6.9000000e-01 -7.8000000e-01
  6.6000000e-01  9.5000000e-01 -3.5000000e-01 -2.4000000e-01
  4.6000000e-01 -9.3000000e-01 -4.7200000e-01  4.3000000e-01
 -8.2000000e-01  3.0000000e-02  8.0000000e-01 -8.9000000e-01
  4.4000000e-01 -5.6000000e-01  9.8000000e-01  7.1000000e-01
  1.5000000e-01  3.1000000e-01  6.1000000e-01  3.5000000e-01
 -7.5000000e-01  8.8817842e-16  2.6000000e-01  7.1000000e-01
  1.6000000e-01 -7.8000000e-01 -1.3000000e-01 -1.2000000e-01
 -1.5000000e-01 -8.8000000e-01][ 4.7000000e-01 -7.8000000e-01  7.5000000e-01  7.1200000e-01
 -9.6000000e-01  1.7000000e-01  4.1000000e-01 -4.3000000e-01
 -3.4000000e-01  8.2000000e-01  7.2000000e-01 -6.8000000e-01
  9.2000000e-01 -8.2000000e-01  7.9000000e-01  9.9000000e-01
 -4.1000000e-01  8.8817842e-16  1.9000000e-01 -6.8000000e-01
 -8.0000000e-02  4.4000000e-01 -7.3000000e-01 -3.0000000e-02
  7.9000000e-01 -5.8000000e-01  7.3000000e-01 -5.3000000e-01
 -6.5000000e-01  8.8817842e-16 -6.2000000e-01  4.2000000e-01
 -9.8000000e-01 -4.5000000e-01 -7.2000000e-01  6.1000000e-01
  4.8000000e-01 -8.1000000e-01  6.5000000e-01  2.9000000e-01
 -2.0000000e-02 -5.7000000e-01  1.0000000e-01  4.7000000e-01
 -7.5000000e-01  7.8000000e-01 -1.0000000e-01 -2.8000000e-01
 -4.3000000e-01 -5.5000000e-01  5.2000000e-01 -2.6000000e-01
  6.4000000e-01 -2.4000000e-01 -4.5000000e-01 -6.6000000e-01
 -4.4000000e-01  1.5000000e-01  5.8000000e-01  8.5000000e-01
  1.5000000e-01  2.1000000e-01 -3.5000000e-01  2.0000000e-02
  4.6000000e-01 -9.3000000e-01 -7.0000000e-01  1.2000000e-01
  1.0000000e-01 -5.1000000e-01  8.0000000e-01  9.3000000e-01
  4.4000000e-01  7.2000000e-01 -2.5000000e-01  2.8000000e-01
  1.5000000e-01 -9.8000000e-01  2.0000000e-01  3.5000000e-01
 -1.2000000e-01 -9.1000000e-01 -6.2000000e-01 -6.5000000e-01
 -2.3000000e-01  6.3000000e-01  1.3000000e-01 -2.8000000e-01
  4.5000000e-01  1.3000000e-01][ 2.6000000e-01 -7.8000000e-01  8.0000000e-02  6.0000000e-02
 -9.6000000e-01 -4.6000000e-01 -3.3000000e-01  5.6000000e-01
 -9.2000000e-01 -1.8000000e-01  7.2000000e-01 -2.3000000e-01
  9.2000000e-01 -8.2000000e-01  3.9000000e-01  3.1000000e-01
 -4.1000000e-01  8.8817842e-16  1.9000000e-01 -6.8000000e-01
  7.0000000e-01  4.4000000e-01 -7.3000000e-01  1.7000000e-01
  7.9000000e-01 -5.8000000e-01  2.2000000e-01 -2.8000000e-01
  5.1000000e-01  8.8817842e-16 -3.0000000e-02  8.5000000e-01
  3.6000000e-01 -3.0000000e-02 -7.2000000e-01  6.1000000e-01
  4.8000000e-01 -5.3000000e-01  6.5000000e-01  2.9000000e-01
 -2.0000000e-02 -5.7000000e-01 -1.0000000e-01  4.7000000e-01
  1.9000000e-01  7.8000000e-01  5.0000000e-01 -5.3700000e-01
  7.3000000e-01 -8.5000000e-01  5.2000000e-01 -2.6000000e-01
  6.4000000e-01  7.0000000e-02  4.0000000e-02 -6.6000000e-01
 -4.4000000e-01 -9.8000000e-01 -6.9000000e-01  8.5000000e-01
  6.6000000e-01 -3.0000000e-01  4.6000000e-01  2.0000000e-02
 -6.2000000e-01 -9.3000000e-01 -8.1000000e-01 -3.8000000e-01
  1.0000000e-01 -7.0000000e-02  6.2000000e-01  9.3000000e-01
  4.4000000e-01  1.8000000e-01 -2.5000000e-01  2.8000000e-01
  1.5000000e-01  5.6000000e-01  2.0000000e-01  3.5000000e-01
 -1.2000000e-01 -1.4000000e-01 -6.2000000e-01  7.1000000e-01
  1.6000000e-01  3.2000000e-01 -1.3000000e-01  7.0000000e-02
  2.0000000e-01 -8.8000000e-01][ 0.47  -0.32   0.75   0.58  -0.96  -0.46  -1.242 -0.02  -0.42  -0.18
  0.27  -0.9   -0.72  -0.54   0.39   0.04  -0.45  -0.77   0.57   0.39
  0.7   -0.98   0.55  -0.03   0.79  -0.62   0.22  -0.95  -0.65   0.16
 -0.03   0.54  -0.98  -0.03   0.24  -0.58  -0.15  -0.94   0.71   0.01
 -0.77  -0.35  -0.1    0.47   0.19   0.78  -0.1    0.44  -0.06  -0.55
  0.65   0.77   0.19  -0.42   0.04  -0.69  -0.85  -0.44  -0.69  -0.43
  0.66   0.21   0.94  -0.24  -0.31  -0.93  -0.7    0.86   0.89  -0.07
  0.8    0.65   0.93   0.18   0.56   0.07   0.72   0.59   0.81   0.98
  0.07  -0.75  -0.62   0.14   0.16   0.34  -0.2    0.6   -0.9    0.32 ]