[-0.21   0.471 -0.4    0.7    0.93  -0.809  1.78  -0.42   0.142 -0.253
  0.14   0.614 -0.44   0.161 -0.085 -0.1   -1.056  0.053  0.656 -0.81
  0.83  -1.636  0.808  0.253  1.144  0.057 -0.632  0.966  0.81  -0.291
 -0.785  1.249  0.871  0.009 -0.25   0.941  0.564 -0.27   0.86   0.35
 -0.33   0.54 ][-0.21   0.7   -0.4    0.7    0.77  -0.98   1.24  -0.121 -0.062  0.296
  0.14   1.191 -0.44   0.036 -0.085 -0.1   -1.056  0.83   0.647 -1.528
  0.83  -1.636  0.808  0.253  1.144  0.586 -0.632  0.966  0.81  -0.291
 -0.785  1.249  0.913  0.009 -0.25   0.941  0.564 -0.27   0.86   0.35
  0.106  0.54 ][-0.21   1.012 -0.4    0.7    0.93  -0.809  1.24  -0.42   1.199  0.296
  0.789  1.191 -0.44   0.38   0.212 -0.1   -1.056 -0.123  0.647 -1.528
  1.262 -1.636  0.808 -0.374  1.144  0.057 -0.632  0.97   0.81  -0.86
 -0.178  1.339  0.606 -0.09  -0.25   0.941  0.564 -0.276  0.86   0.35
 -0.33  -0.426][-0.21   0.7   -0.4    0.7    0.77  -0.98   1.24  -0.42  -0.062  0.296
  0.14   1.191 -0.44   0.38   0.212 -0.1    0.089  0.83   0.647 -1.528
  0.418 -1.808  0.808  0.253  1.144 -0.233 -0.385  0.97   0.81  -1.741
 -0.178  1.249  0.913  0.535 -0.25   0.941  0.564 -0.27   0.86   0.35
  0.106  0.54 ][-0.21   1.012 -0.4    0.7    0.77  -1.45   1.78  -0.42   1.199 -0.253
  0.14   0.614 -0.44   0.161  0.212 -0.1    0.699 -0.123  0.656 -0.788
  1.262 -1.636  1.109  0.253  1.144  0.057 -1.371  0.97   0.81  -0.17
 -0.178  1.249  0.606 -0.09  -0.25   0.941  0.564 -0.27   0.86   0.35
 -0.33   0.54 ][-0.21   1.012 -0.4    0.7    0.93  -1.45   1.78  -0.42   1.199  0.296
  0.14   0.614 -0.44   0.161  0.212 -0.1   -1.056 -0.123  0.647 -0.81
  0.418 -1.636  1.109  0.253  1.144  0.057  0.311  0.97   0.81  -0.17
 -0.178  1.249  0.913 -0.09  -0.25   0.941  1.076 -0.27   0.86   0.35
 -0.33   0.54 ][-0.21   1.012 -0.4    0.7    0.93  -1.45   0.685 -0.42  -0.062 -0.253
  0.14   0.614 -0.44   0.161 -0.085 -0.1   -1.056 -0.123  0.647 -0.788
  1.262 -1.636  1.109  0.253  1.144  0.545 -0.632  0.97   0.596 -0.17
 -0.178  1.249  0.871 -0.09  -0.25   0.941  0.564 -0.27   0.86   0.395
 -0.33   1.172][-0.21   1.012 -0.4    0.7    0.93  -0.809  2.001 -0.42   0.519  0.296
  0.14   0.614 -0.44   0.161  0.212 -0.1   -1.056 -0.123  0.647 -1.528
  1.262 -1.636  0.808  0.253  1.144  0.094 -0.632  0.97   0.81  -0.86
 -0.178  1.339  0.606  0.009 -0.25   0.941  0.157 -0.27   0.86   0.086
 -0.33   0.54 ][-0.21   1.012 -0.4    0.7    0.93  -1.45   1.24  -0.42   0.142 -0.253
  0.14   0.614 -0.44   0.161  0.212 -0.1    0.699 -0.123  0.656 -0.788
  1.262 -1.636  1.109  0.253  1.144  0.057 -0.632  0.97   0.81  -0.17
 -0.178  1.249  0.606 -0.09  -0.25   0.941  0.564 -0.27   0.86   1.119
 -0.33   0.54 ][-0.21   0.7   -0.4    0.7    0.77  -0.98   1.78  -0.42   0.142 -0.253
  0.14   1.191 -0.44   0.38  -1.06  -0.1   -1.056  0.83   0.647 -1.528
  0.418 -1.636  0.808  0.253  1.144 -0.233 -0.632  0.97   0.81  -0.291
 -1.393  1.249  0.913 -0.08  -0.25   0.941  0.564 -0.27   0.86   0.35
  0.106  0.54 ][-0.21   0.7   -0.4    0.7    0.77  -0.98   1.24  -0.121 -0.062  0.296
  0.14   1.191 -0.44   0.161  0.212 -0.1    0.089  0.83   0.647 -0.81
  0.418 -1.636  0.808  0.253  1.144 -0.233 -0.632  0.97   0.81  -1.741
 -0.785  1.249  0.913 -0.08  -0.25   0.941  0.564 -0.27   0.86   0.35
  0.106  0.54 ][-0.21   1.012 -0.4    0.7    0.93  -1.45   1.24  -0.42   1.199  0.296
  0.14   0.614 -0.44   0.744  0.212 -0.1   -1.056  0.053  0.647 -0.81
  1.262 -1.636  1.116  0.253  0.6    0.057 -0.385  0.97   0.81  -0.86
 -1.393  1.249  0.606 -0.09  -0.25   0.941  0.564 -0.27   0.86   0.35
 -0.33   0.54 ][-0.21   1.012 -0.4    0.7    0.93  -1.45   0.817 -0.42   1.199  0.296
  0.789  0.614 -0.44   0.161  0.212 -0.1   -1.056 -0.123  0.647 -1.528
  1.262 -1.636  1.109  0.253  1.144  0.545 -0.385  0.97   0.81  -0.17
 -0.178  1.249  0.606 -0.09  -0.25   0.941  0.564 -0.27   0.86   0.35
 -0.33   0.54 ][-0.21   1.012 -0.4    0.7    0.93  -0.809  1.24  -0.121 -0.062  0.296
  0.14   1.191 -0.44   0.161  0.212 -0.1   -1.056  0.053  0.647 -0.81
  1.262 -1.636  1.116  0.253  0.6    0.057 -0.385  0.97   0.81  -0.86
 -1.393  1.249  0.606 -0.09  -0.25   1.062  0.564 -0.27   0.86   0.35
 -0.33   0.54 ][-0.21   1.012 -0.4    0.7    0.93  -1.45   0.685 -0.42  -0.062  0.296
  0.14   0.614 -0.44   0.161  0.212 -0.1    0.699 -0.123  0.647 -0.788
  0.418 -1.636  1.109  0.253  1.144  0.545 -0.632  0.97   0.81  -0.17
 -1.393  1.249  0.871 -0.09  -0.25   0.941  0.564 -0.27   0.86   0.395
 -0.33   0.54 ][-0.21   1.012 -0.4    0.7    0.93  -1.45   1.78  -0.42   1.199 -0.253
  0.14   0.614 -0.44   0.161 -0.085 -0.1   -1.056 -0.123  0.647 -0.81
  1.262 -1.636  1.109  0.253  1.144  0.545 -0.385  0.97   0.81  -0.17
 -0.178  1.249  0.913 -0.09  -0.25   0.941  0.564 -0.27   0.86   0.35
 -0.33   1.172][-0.21   0.7   -0.4    0.7    0.77  -0.98   1.78  -0.42   1.199  0.296
  0.14   1.191 -0.44   0.161  0.212 -0.1    0.699 -0.123  0.647 -0.81
  0.418 -1.808  1.109  0.253  1.144  0.057 -0.632  0.97   0.81  -1.741
 -0.178  1.249  0.913 -0.08  -0.25   0.941  1.035 -0.27   0.86   0.35
 -0.33   0.54 ][-0.21   0.7   -0.4    0.7    0.93  -1.865  1.24  -0.121 -0.062  0.296
  0.14   0.614 -0.44   0.161  0.212 -0.1    0.089 -0.123  0.647 -0.81
  1.262 -1.808  0.808  0.253  1.144  0.057 -0.385  0.97   0.81  -0.86
 -0.785  1.249  0.913 -0.09  -0.25   0.941  0.564 -0.27   0.86   0.395
 -0.33   0.54 ][-0.21   1.012 -0.4    0.7    0.77  -1.45   1.78  -0.42  -0.247 -0.253
  0.14   0.614 -0.44   0.161  0.212 -0.1    0.699 -0.123 -0.321 -0.788
  0.418 -1.636  1.109  0.253  1.144  0.057 -0.632  0.97   0.81  -0.17
 -0.178  1.249  0.913 -0.09  -0.25   0.941  0.564 -0.27   0.86   1.119
 -0.33   0.54 ][-0.21   0.7   -0.4    0.7    0.93  -1.8    1.78  -0.42   1.199  0.296
  0.14   0.614 -0.44   0.161 -0.085 -0.1   -1.056 -0.123  0.647 -0.81
  0.418 -1.636  1.109  0.253  0.6    0.094 -0.385  0.97   1.312 -0.86
 -0.178  1.249  0.913 -0.09  -0.25   0.941  0.564 -0.27   0.86   0.35
  0.106  1.172][-0.21   0.7   -0.4    0.7    0.93  -1.45   1.78  -0.42   1.199  0.296
  0.14   0.614 -0.44   0.161  0.212 -0.1    0.699 -0.123  0.656 -0.81
  0.418 -1.636  1.109  0.253  0.6    0.057 -0.385  0.135  0.81  -0.17
 -0.178  1.249  0.913 -0.09  -0.25   0.941  0.564 -0.27   0.86   0.35
  0.106  0.54 ][-0.21   0.471 -0.4    0.7    0.93  -1.45   1.78  -0.42   0.142 -0.253
  0.14   0.614 -0.44   0.161 -0.085 -0.1    0.699  0.053  0.656 -0.81
  0.83  -1.636  0.808  0.253  1.144  0.057 -0.632  0.97   0.81  -0.239
 -0.178  1.249  0.606  0.009 -0.25   0.941  0.564 -0.27   0.86   0.35
 -0.33   0.54 ][-0.21   0.471 -0.4    0.7    0.77  -1.45   1.78  -0.42   1.199 -0.253
  0.14   0.614 -0.44   0.161  0.212 -0.1    0.699  0.053  0.656 -0.81
  1.262 -1.636  1.109  0.451  1.144  0.057 -0.632  0.97   0.81  -0.291
 -0.178  1.249  0.606 -0.09  -0.25   0.941  0.564 -0.27   0.86   0.35
 -0.33   0.54 ][-0.21   0.7   -0.4    0.7    0.93  -1.8    1.78  -0.42   1.199 -0.253
  0.14   0.622 -0.44   0.161 -0.085 -0.1   -1.056 -0.123  0.647 -0.81
  0.418 -1.636  0.808  0.253  0.6    0.057 -0.385  0.966  0.81  -0.86
 -0.178  1.249  0.913 -0.09  -0.25   0.941  0.564 -0.27   0.86   0.35
  0.106  1.172][-0.672  0.471 -0.4    0.7    0.93  -0.809  1.78  -0.121  0.142  0.296
  0.14   1.191 -0.44   0.161  0.212 -0.1   -1.056  0.053  0.647 -0.81
  0.83  -1.636  1.116  0.253  0.6    0.057 -0.632  0.97   0.81  -0.86
 -0.785  1.249  0.606 -0.09  -0.25   0.941  0.564 -0.27   0.86   0.35
 -0.33   0.54 ][-0.21   1.012 -0.4    0.7    0.93  -0.809  1.78  -0.42   1.199 -0.253
  0.14   0.614 -0.44   0.161  0.212 -0.1   -1.056 -0.123  0.656 -0.81
  1.262 -1.636  0.808  0.253  1.144  0.057 -0.632  0.97   0.81  -0.17
 -0.178  1.249  0.871 -0.09  -0.25   0.941  0.564 -0.27   0.86   0.35
 -1.209  0.54 ][-0.21   0.7   -0.4    0.7    0.77  -0.98   1.24  -0.42  -0.062 -0.253
  0.14   1.191 -0.44   0.161  0.212 -0.1   -1.056  0.83   0.647 -0.81
  0.418 -1.234  0.808  0.253  1.144 -0.233 -0.632  0.97   0.81  -1.741
 -0.785  1.249  0.913 -0.08  -0.25   0.941  0.564 -0.27   0.86   0.35
  0.106  0.54 ][-0.21   0.7    0.49   0.7    0.77  -1.45   1.78  -0.42   1.199 -0.253
  0.14   0.614 -0.44   0.036 -0.085 -0.1   -1.056 -0.123  0.647 -1.528
  1.262 -1.636  0.808  0.253  1.144  0.586 -1.371  0.97   0.81  -0.17
 -0.785  1.249  0.913 -0.09  -0.25   0.941  0.564 -0.27   0.86   0.35
 -0.33   0.54 ][-0.21   1.012 -0.4    0.7    0.93  -1.8    1.78  -0.42   1.199 -0.253
  0.14   0.614 -0.44   0.161  0.212 -0.1   -1.056 -0.123  0.647 -0.81
  1.262 -0.905  1.109  0.253  0.6    0.094 -0.385  0.97   0.81  -0.17
 -0.178  1.249  0.913 -0.09  -0.25   0.941  0.564 -0.27   0.86   0.35
  0.106  1.172][-0.21   1.012 -0.4    0.7    0.77  -0.98   1.78  -0.121 -0.062 -0.253
  0.14   1.191 -1.025  0.036 -0.085 -0.1    0.699  0.83   0.647 -0.788
  1.262 -1.636  0.808  0.253  1.144  0.057 -0.632  0.966  0.81  -0.291
 -0.785  1.249  0.606 -0.09  -0.25   0.941  0.564 -0.27   0.86   0.35
  0.106  0.54 ][-0.21   0.7   -0.4    0.7    0.93  -1.8    1.78  -0.42   1.199  0.296
  0.14   1.191 -1.198  0.161 -0.085 -0.1    0.699 -0.123  0.647 -0.81
  0.418 -1.636  1.109  0.253  1.144  0.094 -0.632  0.97   1.312 -0.86
 -0.178  1.249  0.913 -0.09  -0.25   0.941  0.564 -0.27   0.86   0.35
  0.106  0.54 ][-0.21   1.012 -0.4    0.7    0.93  -1.8    1.78  -0.42   1.199  0.296
  0.14   0.614 -0.44   0.161 -0.085 -0.1   -1.056 -0.123  0.647 -0.81
  0.418 -1.636  1.109  0.253  0.6    0.545 -0.385  0.97   1.312 -0.17
 -0.178  1.249  0.958 -0.09  -0.25   0.941  0.564 -0.27   0.86   0.35
  0.106  1.172][-0.21   0.471 -0.4    0.7    0.77  -0.809  1.24  -0.42  -0.062  0.296
  0.14   1.191 -0.44   0.161  0.212 -0.1    0.089  0.83   0.656 -1.528
  0.364 -1.636  0.808  0.253  1.144 -0.233 -0.385  0.966  0.81  -1.741
 -0.785  1.249  0.913  0.535 -0.25   0.941  0.564 -0.27   0.86   0.35
  0.106  0.54 ][-0.21   0.471 -0.4    0.7    0.93  -0.809  1.78  -0.42   1.199 -0.253
  0.14   0.614 -0.44   0.161 -0.085 -0.1   -1.056 -0.123  0.656 -0.81
 -0.298 -1.636  0.808  0.253  0.6    0.057 -0.385  0.97   1.312 -0.86
 -0.178  1.249  0.871 -0.09  -0.25   0.941  0.564 -0.27   0.86   0.35
  0.106  1.172][-0.21   1.012 -0.4    0.7    0.77  -0.809  2.001 -0.42   0.142  0.296
  0.14   0.614 -0.831  0.38  -1.06  -0.1   -1.056 -0.123  0.647 -1.528
  1.262 -1.636  0.808  0.253  1.144  0.094 -0.632  0.97   0.81  -0.86
 -0.178  1.339  0.913  0.009 -0.25   0.941  0.564 -0.27   0.86   0.35
  0.106  0.54 ][-0.21   0.7   -0.4    0.7    0.77  -0.809  1.324 -0.121 -0.062 -0.253
  0.14   0.614 -0.44   0.161 -0.085 -0.1   -1.056  0.053  0.647 -1.528
  0.83  -1.636  0.808  0.253  1.144  0.586 -0.632  0.966  0.81  -0.291
 -0.785  1.249  0.871  0.009 -0.25   0.941  0.564 -0.27   0.86   0.35
  0.106  0.54 ][-0.21   0.7   -0.4    0.7    0.93  -1.8    1.24  -0.121  1.199  0.296
  0.14   0.614 -0.44   0.161 -0.085 -0.1    0.089 -0.123  0.647 -0.81
  0.418 -1.636  0.808  0.253  1.27  -0.233 -0.632  0.97   1.312 -0.86
 -0.785  1.249  0.913 -0.09  -0.25   0.941  0.564 -0.27   0.86   0.35
  0.106  0.54 ][-0.21   1.012 -0.4    0.7    0.93  -0.809  2.001 -0.42   0.519  0.296
  0.14   0.614 -0.44   0.161  0.212 -0.1    0.699 -0.123  0.647 -1.528
  1.262 -1.636  0.808  0.253  1.144  0.094 -0.632  0.478  0.81  -0.86
 -0.178  1.339  0.606  0.009 -0.25   0.941  0.157 -0.27   0.86   0.086
 -0.33   0.54 ][-0.21   0.7   -0.4    0.7    0.77  -0.98   1.78  -0.42   0.142 -0.253
  0.14   1.191 -0.44   0.161 -0.085 -0.1   -1.056  0.053  0.656 -1.528
  0.418 -1.636  0.808  0.253  1.144  0.057 -0.632  0.823  0.81  -0.291
 -0.785  1.249  0.871 -0.08  -0.25   0.941  0.564 -0.27   0.86   0.35
  0.106  0.54 ][-0.21   0.471 -0.4    0.7    0.93  -1.45   1.78  -0.42   1.199 -0.253
  0.14   0.614 -0.44   0.161  0.212 -0.1   -1.056 -0.123  0.647 -0.81
  0.83  -1.636  0.808  0.253  1.144  0.057 -0.632  0.966  0.81  -0.17
 -0.785  1.249  0.871  0.009 -0.25   0.941  1.076 -0.27   0.86   1.247
 -0.33   0.54 ][-0.21   1.012 -0.4    0.7    0.77  -1.45   1.78  -0.42   1.199 -0.253
  0.14   1.191 -0.44   0.161  0.212 -0.1   -1.056 -0.123  0.647 -0.788
  1.262 -1.636  0.808 -0.374  1.144  1.017 -0.632  0.97   0.81  -0.17
 -0.178  1.249  0.606 -0.09  -0.25   0.941  0.564 -0.276  0.86   0.35
 -0.33  -0.426][-0.21   0.471 -0.4    0.7    0.77  -0.809  1.24  -0.121  0.142 -0.253
  0.14   0.614 -0.44   0.036 -0.085 -0.1   -1.056  0.83   0.647 -1.528
  0.83  -1.636  0.808  0.253  1.144  0.586  0.07   0.966  0.81  -0.291
 -0.785  1.249  0.913  0.009 -0.25   0.941  0.564 -0.27   0.86   0.35
  0.106  0.54 ][-0.21   0.7   -0.4    0.7    0.77  -1.45   1.24  -0.42  -0.062  1.271
  0.14   1.191 -0.44   0.036 -0.085 -0.1    0.699  0.83   0.647 -1.528
  1.262 -1.636  0.808  0.253  1.144  0.586 -0.632  0.966  0.81  -0.291
 -0.785  1.249  0.913 -0.09  -0.25   0.941  0.564 -0.27   0.86   0.35
 -0.33   0.54 ][-0.21   1.012 -0.4    0.7    0.93  -1.45   1.78  -0.42   0.142 -0.253
  0.14   0.614  0.315  0.161 -0.085 -0.1   -1.056  0.053  0.656 -0.788
  0.83  -1.636  1.109  0.253  1.144  0.057 -1.371  0.97   0.81  -0.291
 -0.785  1.249  0.871  0.009 -0.25   0.941  0.564 -0.27   0.86   0.35
 -0.33   0.54 ][-0.21   1.012 -0.4    0.7    0.77  -1.45   1.78  -0.42  -0.247 -0.253
  0.14   1.191 -0.44   0.161 -1.06  -0.1    0.699 -0.123  0.647 -1.528
  0.418 -1.636  0.808  0.253  1.144  0.057 -0.632  0.97   0.81  -0.291
 -1.393  1.249  0.913 -0.08  -0.25   0.941  0.564 -0.27   0.86   1.791
 -0.33   0.54 ][-0.21   1.012 -0.4    0.7    0.93  -0.809  1.24  -0.42   1.199  0.296
  0.789  1.191 -0.44   0.036 -0.085 -0.1   -1.056  0.83   0.647 -1.528
  0.83  -1.636  0.808 -0.374  1.144  0.586 -0.632  0.966  0.81  -0.291
 -0.785  1.339  0.913 -0.09  -0.25   0.941  0.564 -0.27   0.86   0.35
 -0.33  -0.337][-0.21   0.471 -0.4    0.7    0.93  -0.809  1.78  -0.42   0.142  0.296
  0.14   0.614 -0.44   0.161 -0.085 -0.1   -1.056  0.053  0.656 -0.81
  0.83  -1.636  1.109  0.253  1.144  0.057 -0.632  0.966  0.81  -0.452
 -0.785  1.249  0.913  0.009 -0.25   0.941  0.564 -0.27   0.86   0.35
 -0.33   0.54 ][-0.21   1.012 -0.4    0.7    0.93  -1.45   0.685 -0.42  -0.62  -0.253
  0.14   0.614 -0.44   0.161 -0.085 -0.1   -1.056 -0.123  0.647 -0.788
  1.262 -1.636  1.109  0.253  1.144  0.057 -0.632  0.97   0.596 -0.17
 -0.178  1.249  0.871 -0.09  -0.25   0.941  0.564 -0.27   0.86   0.35
 -0.33   0.54 ][-0.21   1.012 -0.4    0.7    0.93  -0.809  1.24  -0.42   0.142  0.296
  0.14   1.191 -0.44   0.161  0.212 -0.1   -1.056 -0.123  0.656 -1.528
  1.262 -1.636  1.109  0.253  1.144  0.057 -0.632  0.97   0.81  -0.17
 -0.178  1.249  0.606 -0.09  -0.25   0.941  0.564 -0.276  1.136  0.35
 -0.33  -0.426][-0.21   0.7   -0.4    0.7    0.77  -0.98   1.24  -0.42  -0.062 -0.253
  0.14   0.614 -0.44   0.161 -0.085 -0.1   -1.056  0.83   0.647 -0.788
  0.83  -1.636  1.109  0.616  1.144  0.586 -0.632  0.966  0.81  -0.17
 -0.178  1.249  0.871 -0.09  -0.25   0.941  0.564 -0.27   0.86   0.35
  0.106  1.172][-0.21   1.012 -0.4    0.7    0.77  -1.45   1.78  -0.42  -0.062 -0.253
  0.14   0.614 -0.44   0.161 -0.085 -0.1   -1.056 -0.123  0.647 -0.788
  0.418 -1.636  1.109  0.253  1.144  0.057 -0.632  0.97   0.596 -0.17
 -0.178  1.249  0.913 -0.09  -0.25   0.941 -0.42  -0.27   0.86   1.119
 -0.33   0.54 ][-0.21   1.012 -0.4    0.7    0.93  -1.45   0.685 -0.841 -0.062 -0.253
  0.14   0.614 -0.44   0.161 -0.085 -0.1    0.699 -0.123  0.647 -0.788
  0.418 -1.636  1.109  0.253  1.144  0.057 -0.632  0.97   0.81  -0.17
 -0.178  1.249  0.871 -0.09  -0.25   0.941  0.564 -0.27   0.86   1.119
 -0.33   1.172][-0.21   0.7   -0.4    0.7    0.93  -0.98   1.24  -0.42   1.199  0.296
  0.789  1.191 -0.44   0.38  -0.085 -0.1   -1.056 -0.123  0.647 -1.528
  0.83  -1.636  0.808  0.253  1.144 -0.109 -0.632  0.966  0.81  -0.291
 -0.178  1.249  0.606  0.009 -0.25   0.941  0.564 -0.276  0.86   0.35
 -0.33  -0.426][-0.21   0.7   -0.4    0.7   -0.014 -1.45   1.78  -0.42   1.199  0.296
  0.14   0.614 -0.44   0.161  0.212 -0.1   -1.056 -0.123  0.647 -0.81
  0.418 -1.636  1.109  0.253  1.144  0.057 -0.385  0.97   1.312 -0.86
 -0.178  1.249  0.913 -0.09  -0.25   0.941  0.564 -0.27   0.86   0.35
 -0.33   0.54 ][-0.21   1.012 -0.4    0.7    0.93  -1.45   1.78  -0.42   1.887 -0.253
  0.14   0.614 -0.44   0.744  0.212 -0.1    0.699 -0.123  0.656 -0.788
  1.262 -1.636  1.116  0.253  0.6    0.057 -0.385  0.97   0.81  -0.86
 -0.178  1.249  0.606 -0.09  -0.25   0.941  0.564 -0.27   0.86   0.35
 -0.33   0.54 ][-0.21   0.471 -0.4    0.7    0.93  -0.809  1.78  -0.42   0.142  0.296
  0.14   0.614 -0.44   0.161 -0.085  0.235 -1.056 -0.123  0.656 -0.81
  0.418 -1.636  0.808  0.253  1.144  0.094 -0.385  0.966  1.312 -0.86
 -0.785  1.249  0.871 -0.09  -0.25   0.941  0.564 -0.27   0.86   0.35
  0.106  1.172][-0.21   0.7   -0.4    0.7    0.93  -1.8    1.78  -0.42   1.199  0.296
  0.14   0.943 -0.44   0.161 -0.085 -0.1   -1.056 -0.123  0.647 -0.81
  0.418 -1.808  1.109  0.253  0.6    0.094 -0.385  0.97   0.81  -1.741
 -0.178  1.249  0.913 -0.09  -0.25   0.941  1.035 -0.27   0.86   0.35
  0.106  1.172][-0.21   0.7   -0.4    0.7    0.93  -0.98   1.78  -0.42  -0.062  0.296
  0.14   0.875 -0.44   0.161 -0.085 -0.1   -1.056  0.83   0.647 -1.528
  0.83  -1.636  0.808  0.253  0.6    0.094 -0.632  0.966  0.81  -0.86
 -0.178  1.249  0.913 -0.09  -0.25   0.941  0.564 -0.27   0.86   0.35
  0.106  1.172][ 0.641  1.012 -0.4    0.7    0.93  -0.809  1.24  -0.42   1.199  0.296
  0.14   0.614 -0.44   0.161  0.212 -0.1   -1.056 -0.123  0.647 -0.81
  0.418 -1.636  1.116  0.253  1.144  0.057 -0.385  0.97   0.81  -0.17
 -1.393  1.249  0.913 -0.09  -0.25   1.062  1.076 -0.27   0.86   0.35
 -0.33   0.54 ][-0.21   1.012 -0.4    0.7    0.93  -1.865  1.78  -0.852 -0.062  0.296
  0.14   0.614 -0.44   0.161  0.212 -0.1    0.089 -0.123  0.647 -0.81
  1.262 -1.636  1.109  0.253  1.144  0.057  0.311  0.97   0.81  -0.17
 -0.178  1.249  0.913 -0.09  -0.25   0.941  0.564 -0.27   0.86   0.395
 -0.33   0.54 ][-0.21   1.012  0.571  0.7    0.93  -1.8    1.78  -0.42  -0.062 -0.253
  0.14   0.614 -0.44   0.161 -0.085 -0.1   -1.056 -0.123  0.647 -0.81
  1.262 -1.636  1.109  0.253  1.144  0.094 -0.632  0.97   1.312 -0.86
 -0.178  1.249  0.913 -0.09  -0.25   0.941  0.564 -0.27   0.86   0.35
  0.106  1.172][ 0.202  1.012 -0.4    0.7    0.77  -1.45   1.24  -0.42  -0.062 -0.253
  0.14   0.614 -0.44   0.161  0.212 -0.1    0.089 -0.123  0.647 -0.788
  1.262 -1.808  0.808  0.253  1.144 -0.233 -0.632  0.97   0.596 -0.17
 -0.178  1.249  0.871 -0.09  -0.25   0.941  0.564 -0.27   0.86   0.395
 -0.33   0.54 ][-0.21   0.7   -0.4    0.7    0.93  -1.45   1.78  -0.42   1.199  0.296
  0.14   0.614 -0.44   0.161  0.212 -0.1   -1.056 -0.123  0.656 -0.788
  1.262 -1.636  1.109  0.253  0.6    0.057 -1.268  0.97   1.312 -0.17
 -0.178  1.249  0.913 -0.09  -0.25   0.941  0.564 -0.27   0.86   1.119
 -0.33   0.54 ][-0.21   1.012 -0.4    0.7    0.93  -0.809  1.78  -0.42   1.199 -0.253
  0.14   0.614 -0.44   0.161  0.212 -0.1   -1.056  0.053  1.121 -0.81
  0.83  -1.636  1.109  0.253  1.144  0.057  0.311  0.966  0.81  -0.291
 -0.178  1.249  0.871  0.009 -0.25   0.941  0.564 -0.27   0.86   0.35
 -0.33   0.54 ][-0.21   0.7   -0.474  0.7    0.77  -1.45   0.685 -0.42  -0.062  0.296
  0.14   1.191 -0.44   0.38   0.212 -0.1    0.089  0.83   0.647 -1.528
  0.418 -1.808  0.808  0.253  1.144  0.545 -0.385  0.97   0.81  -0.17
 -0.178  1.249  0.871  0.535 -0.25   0.941  0.564 -0.27   0.86   0.35
  0.106  0.54 ][-0.21   1.012 -0.4    0.7    0.93  -1.45   1.24  -0.42   0.142  0.296
  0.789  1.191 -0.44   0.161  0.212 -0.1    0.699 -0.123  0.647 -0.788
  1.262 -1.636  1.109 -0.374  1.144  0.057 -0.947  0.97   0.81  -0.17
 -0.178  1.339  0.606 -0.09  -0.25   0.941  0.564 -0.27   0.86   0.35
 -0.33   0.54 ][-0.21   0.7   -0.4    0.7    0.93  -0.98   1.24  -0.42  -0.062  0.296
  0.14   0.479 -0.44   0.161 -0.085 -0.1   -1.056  0.053  0.647 -1.528
  0.83  -1.636  0.808  0.253  1.144  0.586 -0.632  0.966  0.81  -0.291
 -0.785  1.249  0.913  0.009 -0.25   0.941  0.564 -0.27   0.86   0.35
 -0.33   0.54 ][-0.21   1.012 -0.4    0.7    0.77  -1.45   1.78  -0.42   1.199 -0.253
  0.14   1.016 -0.44   0.161  0.212 -0.1   -1.056 -0.123  0.656 -0.788
  0.418 -1.636  1.109  0.253  1.144  0.057 -1.371  0.97   0.81  -0.17
 -0.178  1.249  0.606 -0.09  -0.25   0.941  0.564 -0.27   0.86   0.35
 -0.33   0.54 ][-0.21   0.7   -0.4    0.7    0.93  -0.809  1.78  -0.42   1.199  0.296
  0.14   0.614 -0.44   0.161 -0.085 -0.1   -1.056 -0.123  0.656 -0.81
  0.418 -1.636  0.808  0.253  0.6    0.094 -0.385  0.966  1.747 -0.291
 -0.785  1.249  0.871 -0.09  -0.25   0.941  0.564 -0.27   0.86   0.35
  0.106  1.172][-0.21   1.012 -0.4    0.7    0.93  -0.809  2.001 -0.42   0.142  0.296
  0.14   0.614 -0.44   0.161 -0.085 -0.1   -1.056 -0.123  0.647 -0.81
  0.83  -1.636  0.808  0.253  1.144  0.094 -0.632  0.966  0.81  -0.291
 -0.178  1.339  0.871  0.009 -0.25   0.941  0.157 -0.27   1.404  0.35
 -0.33   0.54 ][-0.21   0.471 -0.4    0.7    0.93  -0.809  1.78  -0.42   0.142 -0.253
  0.789  0.614 -0.44   0.161 -0.085 -0.1   -1.056  0.053  0.647 -1.528
  0.83  -1.636  0.808  0.253  1.144  0.057 -0.632  0.97   0.81  -0.86
 -0.178  1.249  0.606  0.009 -0.25   0.941  0.564 -0.276  0.86   0.35
 -0.257  0.54 ][-0.21   0.7   -0.4    0.7    0.93  -1.45   1.24  -0.42  -0.062 -0.253
 -0.715  1.191 -0.44   0.161  0.212 -0.1   -1.056 -0.123  0.647 -0.788
  0.418 -1.636  0.808  0.253  1.144 -0.233 -0.632  0.97   0.596 -0.17
 -0.178  1.249  0.913 -0.08  -0.25   0.941  0.564 -0.27   0.86   0.395
  0.106  1.172][-0.21   1.012 -0.4    0.7    0.77  -1.45   1.78  -0.42   1.199  0.296
  0.789  0.614 -0.44   0.161  0.212 -0.1    0.699 -0.123  1.37  -1.528
  0.418 -1.636  0.808 -0.374  1.144  0.057 -0.632  0.97   0.81  -0.17
 -0.178  1.249  0.606 -0.09  -0.25   0.941  0.564 -0.276  0.86   1.119
 -0.33   0.54 ][-0.21   1.012 -0.4    0.7    0.93  -1.45   0.685 -0.42  -0.062  0.296
  0.14   0.614 -0.44   0.161 -0.085 -0.1   -1.056 -0.123  1.503 -0.788
  0.418 -1.636  1.109  0.253  1.144  0.545 -0.632  0.97   0.596 -0.17
 -1.393  1.249  0.871 -0.09  -0.25   0.941  0.564 -0.27   0.86   0.395
 -0.33   1.172][-0.21   0.471 -0.4    0.7    0.93  -1.8    1.78  -0.42   1.199  0.296
  0.14   0.614 -0.44   0.161 -0.085 -0.1   -1.056 -0.123  0.647 -0.81
  0.418 -1.636  1.109  0.253  0.6    0.094 -0.385  0.966  0.81  -0.812
 -0.178  1.249  0.871 -0.09  -0.25   0.941  0.564 -0.27   0.86   0.35
  0.106  0.54 ]