[-0.21   0.46  -0.4    0.7    0.93  -1.45   1.78  -0.42  -0.062 -0.253
  0.14   0.614 -0.44   0.161  0.212 -0.1   -1.056 -0.123  0.656 -0.81
  1.262 -1.636  1.059  0.253  1.144  0.057 -0.632  0.966  0.81  -0.17
 -0.785  1.249  0.871 -0.09  -0.25   0.941  0.564 -0.27   0.86   0.35
 -0.33   0.54 ][-0.21   0.7   -0.4    0.7    0.93  -1.45   1.24  -0.121 -0.121 -0.253
 -0.082  0.614 -0.44   0.161  0.212  0.296 -1.056 -0.123  0.647 -0.81
  1.262 -1.636  0.808  0.253  1.144  0.057 -0.632  0.966  0.81  -0.17
 -0.178  1.249  0.913  0.354 -0.25   0.941  0.564 -0.27   0.86   0.061
 -0.33   0.54 ][-0.21   1.012 -0.4    0.7    0.93  -1.45   1.78  -0.121  2.012 -0.253
  0.14   0.614 -0.44   0.161  0.212 -0.1   -1.056 -0.123  0.647 -0.788
  1.262 -2.178  0.808  0.253  1.144  0.057 -0.632  0.966  0.81  -0.86
 -0.785  1.249  1.692  0.354 -0.25   0.941  0.564 -0.27   0.86  -0.128
 -0.33   0.54 ][-0.21   1.564 -0.4    0.7    0.93  -1.45   1.78  -0.42   0.142 -0.253
  0.14   0.614 -0.44   0.161  0.212  0.296 -1.056 -0.123  0.656 -0.81
  1.262 -1.636  0.808  0.253  1.144  0.475 -0.632  0.966  0.81  -0.17
 -0.178  1.249  0.871 -0.09  -0.25   0.941  0.564 -0.27   0.86   0.938
 -0.33   0.54 ][-0.21   1.012 -0.4    0.7    0.93  -1.45   1.78  -0.833  2.012 -0.253
  0.14   0.614 -0.44   0.161  0.036 -0.1   -1.056 -0.123  0.647 -0.81
  1.262 -1.636  0.808  0.253  1.144  0.057 -1.371  1.183  0.81  -0.17
 -0.178  0.372  0.871 -0.09  -0.25   0.941  0.564 -0.27   0.86   0.35
 -0.903  0.54 ][-0.21   0.7   -0.4    0.7    0.93  -1.45   1.78  -0.121  2.012 -0.253
  0.14   0.614 -0.44   0.161  0.212 -0.1   -1.056 -0.123  0.647 -0.788
  1.262 -1.636  0.808  0.253  1.144  0.057 -0.632  0.966  0.81  -0.86
 -0.785  1.249  0.913  0.354 -0.25   0.941  0.564 -0.27   0.86  -0.128
 -0.33   0.54 ][-0.21   0.7   -0.4   -0.284  0.93  -0.98   1.24  -0.42   2.012  0.296
  0.14   0.614 -0.44   0.161  0.036 -0.1   -1.056 -0.123  0.647 -0.81
  1.262 -1.636  0.808  0.253  0.495  0.057 -0.632  0.97   0.81  -0.291
 -0.785  1.249  0.913  0.009 -0.25   0.941  0.564 -0.27   1.145  0.35
 -0.33   0.54 ][-0.21   1.012 -0.4    0.454  0.93  -1.45   1.78  -0.121 -0.062 -0.253
  0.26   0.614 -0.44   0.161  0.212 -0.2   -1.056 -0.123  0.647 -0.788
  1.262 -1.636  0.808  0.253  1.144 -0.233 -0.632  0.478  0.81  -0.17
 -0.178  1.249  0.792 -0.09  -0.25   0.941  0.564 -0.27   0.86   0.061
 -0.33   0.54 ][-0.21   1.012 -0.4    0.7    0.93  -1.45   1.78  -0.42  -0.121 -0.253
  0.14   0.614 -0.44   0.161 -0.523 -0.1   -1.056 -0.123  0.647 -0.81
  1.262 -2.178  0.808  0.253  1.144 -0.414 -1.371  0.97   0.81  -0.17
 -0.178  1.249  0.871 -0.09  -0.25   0.941  0.328 -0.27   0.86   0.395
 -0.33   0.677][-0.21   0.7   -0.4    0.7    0.93  -1.45   1.78  -0.121  2.012  0.296
  0.14   0.614 -0.44   0.161 -0.523 -0.1   -1.056 -0.123  0.647 -0.788
  1.262 -1.977  0.808  0.253  1.144  0.057 -0.632  0.966  0.81  -0.86
 -0.785  1.249  0.871  0.354 -0.25   0.941  0.564 -0.27   0.86  -0.128
 -0.33   0.54 ][-0.21   1.012 -0.4    0.7    0.93  -1.45   1.24  -0.42  -0.962  0.296
  0.14   0.614 -0.44   0.161 -0.523 -0.1   -1.056  0.404  0.647 -0.788
  1.262 -2.178  1.747  0.253  1.144  0.057 -1.371  0.966  0.81  -0.17
 -0.785  1.249  0.871 -0.09  -0.25   0.941  0.564 -0.27   0.86   0.35
 -0.33   0.54 ][-0.21   1.012 -0.4    0.7    0.93  -1.45   1.78  -0.42  -0.062  0.296
  0.26   0.614 -0.44   0.161  0.212 -0.2   -1.056 -0.123  0.647 -0.788
  1.262 -1.636  0.808  0.253  1.144 -0.233 -0.632  0.235  0.81  -0.86
 -0.785  1.249  0.871  0.042 -0.25   0.941  0.564 -0.65   0.86  -0.128
 -0.33   0.54 ][-0.21   0.7   -0.4    0.7    0.93  -1.45   1.24  -0.121  1.199  0.296
  0.14   0.479 -0.44   0.161  0.212 -0.2   -1.449 -0.123  0.647 -0.699
  1.262 -1.636  0.808  0.253  0.495  0.057 -1.371  0.97   0.81  -0.17
 -0.785  1.249  0.913  0.009 -0.25   0.941  0.564 -0.27   1.145 -0.128
 -0.33   0.54 ][-0.21   1.012 -0.4    0.7    0.93  -1.45   1.78  -0.833  1.759  0.296
  0.14   0.479 -0.44   0.161  0.212 -0.1   -1.056 -0.123  0.647 -0.81
  1.262 -1.636  0.808  0.253  1.144  0.057 -1.371  0.97   0.81  -0.17
 -0.178  0.372  0.871 -0.09  -0.25   0.941  0.564 -0.27   0.86   0.061
 -0.903  0.54 ][-0.21   1.012 -0.4    0.7    0.93  -1.45   1.78  -0.121  1.199 -0.253
  0.14   0.479 -0.44   0.161  0.212 -0.2   -1.449 -0.123  0.647 -0.699
  1.262 -1.636  0.808  0.253  1.144  0.057 -1.371  1.183  0.81  -0.17
 -0.178  1.249  0.913 -0.09  -0.25   0.941  0.564 -0.252  0.86  -0.128
 -0.33   0.54 ][-0.21   1.012 -0.4    0.7    0.93  -1.45   1.24   0.175 -0.121 -0.253
  0.14   0.614 -0.44   0.161 -0.523 -0.1   -1.056 -0.123  0.647 -0.81
  1.262 -2.178  0.808  0.253  1.144  0.057 -1.371  0.966  0.81  -0.17
 -0.785  1.249  0.871  0.009 -0.25   0.941  0.564 -0.27   0.86   0.35
 -0.903  0.54 ][-2.100e-01  7.000e-01 -4.000e-01  7.000e-01  9.300e-01 -1.450e+00
  1.780e+00 -1.210e-01  2.012e+00 -2.530e-01  2.600e-01  6.140e-01
 -4.400e-01  1.072e+00  2.120e-01 -1.000e-01 -1.056e+00 -1.230e-01
  6.470e-01 -7.880e-01  1.262e+00 -1.636e+00  8.080e-01  2.530e-01
  1.144e+00  5.700e-02 -6.320e-01  9.700e-01  8.100e-01 -8.600e-01
 -7.850e-01  1.249e+00  8.710e-01  3.540e-01  2.000e-03  9.410e-01
  5.640e-01 -2.700e-01  8.600e-01 -1.280e-01 -3.300e-01  5.400e-01][-0.21   1.012 -0.4    0.7    0.93  -1.45   1.78  -0.833 -0.962 -0.253
  0.14   0.614 -0.44   0.161  0.212 -0.1   -1.056 -0.123  0.656 -0.788
  1.262 -1.636  0.808  0.253  1.144  0.057 -0.632  0.966  0.81  -0.17
 -0.178  0.372  0.871 -0.09  -0.25   0.941  0.564 -0.27   0.86   0.35
 -0.33   0.54 ][-0.21   1.012 -0.4    0.7    0.93  -1.45   1.24  -0.833 -0.962 -0.253
  0.14   0.614 -0.44   0.161  0.212 -0.2   -1.449 -0.123  0.647 -0.81
  1.262 -1.636  0.808  0.253  1.144  0.057 -1.371  0.966  0.81  -0.17
 -0.178  0.372  0.871  0.009 -0.25   0.941  1.25  -0.27   0.86   0.35
 -0.33   0.54 ][-0.21   0.7   -0.4    0.7    0.93  -0.98   1.24  -0.833 -0.962  0.296
  0.14   0.614 -0.44   0.161 -0.879 -0.1   -1.056  0.404  0.656 -0.788
  1.262 -1.636  0.808  0.253  1.144  0.057 -1.371  0.966  0.81  -0.17
 -0.178  0.824  0.871 -0.09  -0.25   0.941  0.564 -0.27   0.86   0.35
 -0.33   0.54 ][-0.21   1.012 -0.4    0.7    0.93  -1.45   1.78  -0.121 -0.062 -0.253
  0.26   0.614 -0.44   0.161  0.212 -0.2   -1.056 -0.123  0.647 -0.788
  1.262 -1.636  0.808  0.253  1.144  0.057 -0.632  0.478  0.81  -0.17
 -0.178  1.249  0.913 -0.09  -0.25   0.941  0.564 -0.27   0.86   0.061
  0.586  0.54 ][-0.21   1.012 -0.4    0.7    0.93  -1.45   1.78  -0.42   0.142 -1.216
  0.14   0.614 -0.44   0.161  0.212 -0.1   -1.056 -0.123  0.656 -0.81
  1.262 -1.636  0.808  0.253  1.144  0.057 -1.371  0.966  0.81  -0.17
 -0.178  0.372  0.871 -0.09  -0.25   0.941  0.564 -0.27   0.86   0.938
 -0.903  0.54 ][-0.21   1.012 -0.4    0.7    0.93  -1.45   1.78  -0.42  -0.121 -0.253
  0.14   0.614 -0.44   0.161 -0.523 -0.366 -1.056 -0.123  0.647 -0.81
  1.262 -1.636  0.808  0.253  1.144  0.057 -1.371  0.97   0.81  -0.17
 -0.178  1.249  0.871 -0.09  -0.25   0.941  0.564 -0.27   0.86  -0.128
 -0.33   0.677][-0.21   1.012 -0.4    0.7    0.93  -1.45   1.24  -0.121  2.012 -0.253
  0.14   0.614 -0.44   0.161  0.036 -0.1   -1.056 -0.123  0.647 -0.788
  1.262 -2.178  0.808  0.253  0.495  0.057 -0.632  0.966  0.81  -0.86
 -0.785  1.249  0.913  0.009 -0.25   0.941  0.564 -0.27   1.306 -0.128
 -0.33   0.54 ][-0.21   0.7   -0.4    0.7    0.93  -1.45   1.78  -0.42  -0.062  0.296
  0.14   0.614 -0.44   0.161 -0.523 -0.1   -1.056 -0.123  0.647 -0.81
  1.262 -1.636  0.808  0.253  1.144  0.057 -0.632  0.966  0.81  -0.17
 -0.785  1.249  0.871  0.502 -0.25   0.941  0.564 -0.27   0.86  -0.128
 -0.33   0.54 ][-2.100e-01  7.000e-01 -4.000e-01  7.000e-01  9.300e-01 -1.450e+00
  1.780e+00 -1.210e-01  2.012e+00 -2.530e-01  2.600e-01  4.790e-01
 -4.400e-01  1.072e+00  2.120e-01 -1.000e-01 -1.449e+00 -1.230e-01
  6.470e-01 -6.990e-01  1.262e+00 -1.209e+00  8.080e-01  2.530e-01
  4.950e-01  5.700e-02 -6.320e-01  9.700e-01  8.100e-01 -8.600e-01
 -7.850e-01  1.249e+00  8.710e-01  3.540e-01  2.000e-03  9.410e-01
  5.640e-01 -2.700e-01  1.145e+00 -1.280e-01 -3.300e-01  5.400e-01][-0.21   0.7   -0.4    0.7    0.93  -1.45   1.24  -0.833 -0.962 -0.253
  0.14   0.614 -0.863  0.161 -0.879 -0.1   -1.056 -0.123  0.656 -0.81
  1.262 -1.636  0.808  0.253  1.144  0.057 -1.371  0.966  0.81  -0.17
 -0.178  1.249  0.871 -0.09  -0.25   0.941  0.564 -0.27   0.86   0.35
 -0.33   0.54 ][-0.21   1.012 -0.4    0.454  0.93  -1.45   1.78  -0.42  -0.062 -0.253
  0.26   0.368 -0.44   0.161  0.212 -0.1   -1.056 -0.123  0.647 -0.788
  1.262 -1.636  1.059  0.253  1.144  0.057 -0.632  0.966  0.81  -0.17
 -0.178  1.249  0.871 -0.09  -0.25   0.941  0.564 -0.27   0.86   0.061
 -0.33   0.54 ][-0.21   1.012 -0.4    0.7    0.93  -1.45   1.24  -0.317  0.142 -0.253
  0.14   0.614 -0.44   0.161 -0.523  0.296 -1.056 -0.123  0.647 -0.81
  1.262 -1.636  1.747  0.253  1.144  0.057 -0.632  0.966  0.81  -0.17
 -0.785  1.249  0.871 -0.09  -0.25   0.941  0.564 -0.27   0.86   0.938
 -0.33   0.54 ][-0.21   0.7   -0.4    0.7    0.93  -1.45   1.78  -0.42  -0.121 -0.253
  0.14   0.614 -0.44   0.161 -0.879 -0.1   -1.056  0.404  0.647 -0.81
  1.262 -2.178  0.808  0.253  1.144 -0.414 -1.371  0.97   0.81  -0.17
 -0.178  0.824  0.871 -0.09  -0.25   0.941  0.564 -0.27   0.86   0.029
 -0.33   0.54 ][-0.21   1.012 -0.4   -0.284  0.93  -0.98   1.24  -0.42   2.012  0.172
  0.14   0.614 -0.44   0.161  0.036 -0.2   -1.056 -0.123  0.647 -0.81
  1.262 -1.636  0.808  0.253  0.495  0.057 -1.371  0.97   0.81  -0.291
 -0.785  1.249  0.871  0.009 -0.25   0.941  0.564 -0.27   0.86   0.35
 -0.33   0.54 ][-0.21   0.46  -0.4    0.7    0.93  -1.45   1.78  -0.42  -0.121 -0.253
  0.14   0.614 -0.44   0.161 -0.523 -0.1   -1.056 -0.123  0.656 -0.81
  1.262 -1.636  1.059  0.253  1.144 -0.414 -0.632  0.97   0.81  -0.17
 -0.178  1.249  0.871 -0.09  -0.25   0.941  0.328 -0.27   0.86   0.303
 -0.33   0.54 ][-0.21   1.012 -0.4    0.7    0.93  -1.45   1.78  -0.121  2.012 -0.253
 -0.23   0.614 -0.44   0.161  0.212 -0.1   -1.056 -0.123  0.647 -0.81
  1.262 -1.636  0.808  0.253  1.144  0.057 -1.371  0.97   0.81  -0.86
 -0.178  0.372  0.871 -0.09  -0.25   0.941  0.564 -0.27   0.86  -0.128
 -0.903  0.54 ][-0.21   0.46  -0.4    0.7    0.93  -1.45   1.78  -0.42  -0.062 -0.253
  0.14   0.614 -0.44   0.161  0.212 -0.1   -1.056 -0.123  0.647 -0.788
  1.262 -2.178  0.808  0.253  1.144  0.057 -0.632  0.966  0.81  -0.86
 -0.785  1.249  0.871  0.354 -0.25   0.542  0.564 -0.27   0.86  -0.128
 -0.33   0.54 ][-0.21   0.7   -0.4    0.7    0.93  -1.45   1.78  -0.833  1.759  0.296
  0.14   0.479 -0.44   0.161  0.212 -0.1   -1.056  0.618  0.647 -0.81
  1.262 -1.636  0.808  0.253  0.495  0.057 -1.371  0.97   0.81  -0.17
 -0.785  1.249  0.913  0.009 -0.25   0.941  0.564 -0.27   0.86   0.061
 -0.33   0.54 ][-0.21   1.012 -0.4    0.7    0.93  -0.98   1.78  -0.833 -0.962  0.296
  0.14   0.479 -0.44   0.161  0.212 -0.1   -1.056 -0.123  0.647 -0.788
  1.262 -1.636  0.808  0.253  1.144  0.057 -1.371  0.966  0.81  -0.17
 -0.178  0.824  0.871 -0.09  -0.25   1.415  0.564 -0.27   0.86   0.35
 -0.903  0.54 ][-0.21   1.012 -0.4    0.7    0.93  -1.45   1.78  -0.121  2.012 -0.253
  0.26   0.614 -0.44   0.161  0.212 -0.2   -1.056 -0.123  0.647 -0.788
  1.262 -1.636  0.808  0.253  1.144 -0.233 -0.632  0.235  0.81  -0.86
 -1.004  1.249  0.871  0.042 -0.25   0.941  0.564 -0.27   0.86  -0.128
 -0.33   0.54 ][-0.21   1.012 -0.4    0.7    1.139 -0.98   1.24  -0.833 -0.121  0.296
  0.14   0.614 -0.44   0.161 -0.523 -0.1   -1.056  0.404  0.656 -0.788
  1.262 -1.636  0.808  0.253  1.144  0.057 -1.371  0.966  0.81  -0.17
 -0.785  1.249  0.871  0.009 -0.25   0.941  0.564 -0.27   0.86   0.35
 -0.903  0.54 ][-0.21   0.7   -0.4    0.7    0.93  -1.45   1.78  -0.833 -0.962  0.296
  0.14   0.614 -0.44   0.161 -0.523 -0.1   -1.056  0.404  0.647 -0.016
  1.262 -1.977  0.808  0.253  1.144  0.057 -0.632  0.966  0.81  -0.17
 -0.178  0.824  0.871  0.354 -0.25   0.941  0.564 -0.27   0.86  -0.128
 -0.33   0.54 ][-0.21   0.7   -0.4   -0.284  0.93  -0.98   1.24  -0.42   2.012  0.296
  0.14   0.614 -0.44   0.161  0.036 -0.1   -1.056 -0.123  0.647 -0.81
  1.262 -1.636  0.808  0.253  0.495  0.057 -1.371  0.966  0.81  -0.291
 -0.785  1.249  0.871  0.009 -0.25   0.941  0.074 -0.27   1.145  0.35
 -0.903  0.54 ][-0.21   0.7   -0.4    0.7    0.93  -0.98   1.78  -0.833  2.574  0.296
  0.14   0.479 -0.44   0.161 -0.879 -0.1   -1.056  0.404  0.647 -0.81
  1.262 -1.636  0.808  0.253  1.144  0.057 -1.371  0.966  0.81  -0.17
 -0.178  0.372  0.871 -0.09  -0.25   0.941  0.564 -0.27   0.86   0.35
 -0.903  0.54 ][-0.21  -0.299 -0.4    0.7    0.93  -0.98   1.24  -0.833  1.199  0.296
  0.14   0.479 -0.44   0.161 -0.879 -0.2   -1.449  0.404  0.656 -0.788
  1.262 -1.636  0.808  0.253  0.495  0.057 -1.371  0.966  0.81  -0.17
 -0.178  0.824  0.871  0.009 -0.25   0.941  0.564 -0.27   1.145 -0.128
 -0.33   0.54 ][-0.21   0.7   -0.4    0.7    0.93  -1.45   1.24  -0.121 -0.962  0.296
  0.14   0.479 -0.44   0.161 -0.879 -0.2   -1.202  0.404  0.647 -0.699
  1.262 -1.636  0.808  0.253  1.144  0.057 -1.371  0.966  0.81  -0.17
 -0.178  1.249  0.913 -0.09  -0.25   0.941  0.564 -0.252  0.86   0.35
 -0.33   0.54 ][-0.21   0.7   -0.4    0.7    0.93  -0.98   1.78  -0.42   2.012 -0.253
  0.14   0.614 -0.44   0.161  0.212 -0.1   -1.056 -0.123  0.656 -0.81
  0.391 -1.636  1.059  0.253  1.144  0.057 -0.632  0.966  0.81  -0.291
 -0.785  1.249  0.871 -0.09  -0.25   0.941  0.564 -0.27   0.86   0.35
 -0.33   0.54 ][-0.21   0.7   -0.4    0.7    0.93  -1.45   1.78  -0.121  2.012 -0.253
  0.14   0.614 -0.44   0.161  0.212 -0.1   -1.056 -0.123  0.647 -0.788
  1.262 -2.045  0.808  0.253  1.144  0.057 -0.632  0.966  0.81  -0.86
 -0.785  1.249  0.913  0.354 -0.25   0.941  0.564 -0.27   0.86  -0.128
 -0.33   0.54 ][-0.21   1.012 -0.4    0.7    0.93  -1.45   1.24  -0.833 -0.962 -0.253
  0.14   0.614 -0.44   0.161 -0.879 -0.2   -1.449 -0.123  0.656 -0.81
  1.262 -1.636  0.808  0.253  1.144  0.057 -1.371  0.966  0.81  -0.17
 -0.178  0.824  0.871 -0.09  -0.25   0.829  1.25  -0.27   0.86   0.35
 -0.33   0.54 ][-0.21   1.564 -0.4    0.7    0.93  -1.45   1.78  -0.42  -0.062 -0.253
  0.14   0.614 -0.44   0.161  0.212 -0.1   -1.056  0.645  0.656 -0.81
  1.262 -1.636  0.808  0.253  1.144  0.057 -0.632  0.966  0.81  -0.17
 -0.785  1.249  0.871 -0.09  -0.25   0.941  0.564 -0.27   0.86   0.938
 -0.33   0.54 ][-0.21   1.012 -0.4    0.7    0.93  -1.45   1.78  -0.833 -0.121 -0.253
  0.14   0.479 -0.44   0.161  0.212 -0.1   -1.056 -0.123  0.647 -0.81
  1.262 -2.178  0.808  0.253  1.144  0.057 -1.371  0.97   0.81  -0.17
 -0.178  1.249  0.871 -0.09  -0.25   0.941  0.328 -0.27   0.86   0.395
 -0.33   0.017][-0.21   0.46  -0.4    0.7    0.93  -1.45   1.24  -0.42  -0.962  0.296
  0.14   0.614 -0.44   0.161  0.297 -0.1   -1.056  0.404  0.656 -0.81
  1.262 -1.636  0.808  0.253  1.144  0.057 -0.632  0.966  0.81  -0.17
 -0.785  1.249  0.871 -0.09  -0.25   0.941  0.564 -0.27   0.86   0.35
 -0.33   0.54 ][-0.21   0.7   -0.4    0.7    0.93  -0.98   1.24  -0.833  2.012  0.296
  0.14   0.614 -0.44   0.161 -0.879 -0.1   -1.056 -0.123  0.656 -0.788
  1.262 -1.636  0.808  0.253  1.144  0.057 -1.371  0.97   0.81  -0.291
 -0.785  1.249  0.913  0.009 -0.25   0.941  0.564 -0.27   0.86   0.334
 -0.33   0.54 ][-0.21   0.46  -0.4    0.7    0.93  -0.98   1.767 -0.833 -0.962  0.296
  0.14   0.614 -0.44   0.161  0.212 -0.1   -1.056  0.404  0.656 -0.788
  1.262 -1.636  1.059  0.253  1.144  0.057 -0.632  0.966  0.81  -0.17
 -0.785  0.824  0.871 -0.09  -0.25   0.941  0.564 -0.27   0.86   0.35
 -0.33   0.54 ][-0.21   0.46  -0.4    0.7    0.93  -1.45   1.78  -0.42   0.142 -0.253
  0.14   0.614 -0.44   0.161  0.212 -0.1   -1.056 -0.123  0.656 -0.81
  1.262 -1.636  1.059  0.253  1.144  0.057 -0.632  0.966  0.81  -0.17
 -0.785  1.249  0.871 -0.09  -0.25   0.941  0.564 -0.27   0.86  -0.027
 -0.33   0.54 ][-0.21   0.46  -0.4    0.7    0.93  -1.45   1.78  -0.42  -0.121 -0.253
  0.14   0.614 -0.44   0.161  0.212 -0.1   -1.056 -0.123  0.656 -0.81
  0.305 -2.178  1.059  0.253  1.144  0.057 -0.632  0.966  0.81  -0.17
 -0.785  1.249  0.871 -0.09  -0.25   0.941  0.564 -0.27   0.86   0.35
 -0.33   0.54 ][-0.21   1.012 -0.4    0.7    0.93  -1.45   1.78  -0.833  1.199  0.296
  0.14   0.479 -0.44   0.161  0.212 -0.2   -1.056 -0.123  0.647 -0.699
  1.262 -1.636  0.808  0.253  1.144  0.057 -1.371  0.97   0.81  -0.17
 -0.055  0.372  0.871 -0.09  -0.25   0.941  0.564 -0.252  0.86  -0.128
 -0.903  0.54 ][-0.21   0.46  -0.4    0.7    0.93  -1.45   1.24  -0.42  -0.962  0.296
  0.14   0.614 -0.44   0.161  0.212 -0.12  -1.056  0.404  0.656 -0.788
  1.262 -1.636  0.808  0.253  1.144  0.057 -1.371  0.966  0.81  -0.17
 -0.785  0.824  0.871 -0.09  -0.25   0.941  0.564 -0.27   0.86   0.35
 -0.33   0.54 ][-0.21   0.7   -0.4    0.454  0.93  -1.45   1.78  -0.121 -0.062 -0.253
  0.26   0.614 -0.44   0.161 -0.513  0.296 -1.056 -0.123  0.647 -0.788
  1.262 -1.636  0.808  0.253  1.144 -0.233 -0.632  0.966  0.81  -0.17
 -0.178  1.249  0.792 -0.09  -0.25   0.941  0.564 -0.27   0.86   0.061
 -0.33   0.54 ][-0.21   1.012 -0.4    0.7    0.93  -1.45   1.24  -0.833  2.012 -0.253
  0.14   0.614 -0.44   0.161 -0.523 -0.1   -1.056 -0.123  0.647 -0.81
  1.262 -1.636  0.086  0.253  1.144  0.057 -1.371  1.183  0.81  -0.17
 -0.785  0.372  0.871 -0.09  -0.25   0.941  0.564 -0.27   0.86   0.35
 -0.33   0.54 ][-0.21   1.012 -0.4    0.7    0.93  -1.45   1.78  -0.121  2.012 -0.253
  0.14   0.614 -0.44   0.161  0.212 -0.1   -1.056 -0.123  0.647 -0.788
  1.262 -2.178  0.808  0.253  1.144  0.057 -0.632  0.966  0.81  -0.86
 -0.785  1.249  1.692  0.354 -0.25   1.181  0.564 -0.27   0.86  -0.128
 -0.33   0.54 ][-0.21   1.012 -0.4    0.7    0.93  -1.45   1.78  -0.42  -0.062  0.296
  0.26   0.614 -0.44   0.161  0.212 -0.2   -1.056 -0.123  0.656 -0.788
  1.262 -1.636  0.808  0.253  1.144  0.057 -0.632  0.235  0.81  -0.17
 -0.785  0.426  0.871 -0.09  -0.25   0.941  0.564 -0.65   0.86   0.35
 -0.33   0.54 ][-0.21   0.7   -0.4    0.7    0.93  -0.98   1.24  -0.833 -0.962  0.296
  0.14   0.614 -0.44   0.161  0.212 -0.1   -1.056 -0.123  0.647 -0.393
  1.262 -1.636  0.808  0.253  0.495  0.057 -1.371  0.97   0.81  -0.17
 -0.178  0.824  0.913  0.009 -0.25   0.941  0.564 -0.27   0.86   0.35
 -0.33   0.54 ][-0.21   0.7   -0.4    0.7    0.93  -0.98   1.24  -0.121 -0.962  0.296
  0.14   0.479 -0.44   0.161 -0.879 -0.2   -1.056 -0.123  0.656 -0.788
  1.552 -1.636  0.808  0.253  0.495  0.057 -1.371  0.97   0.81  -0.17
 -0.785  1.249  0.871  0.009 -0.25   0.941  0.564 -0.27   0.86   0.35
 -0.33   0.54 ][-0.21   0.7   -0.4    0.7    0.93  -0.98   1.78  -0.833 -0.962 -0.253
  0.14   0.614 -0.44   0.161  0.212 -0.1   -1.056  0.404  0.656 -0.81
  1.262 -1.636  0.808  0.415  1.144  0.057 -0.632  0.966  0.81  -0.17
 -0.785  0.824  0.871 -0.09  -0.25   0.941  0.564 -0.27   0.86   0.35
 -0.33   0.54 ][-0.21   1.012 -0.4    0.7    0.93  -1.45   1.24  -0.833  2.012 -0.253
  0.14   0.614 -0.44   0.161  0.036 -0.1   -1.056 -0.123  0.647 -0.08
  1.262 -1.636  0.808  0.253  1.144  0.057 -1.371  0.966  0.81  -0.17
 -0.178  0.824  0.871 -0.09  -0.25   0.941  0.564 -0.27   0.86   0.35
 -0.33   0.54 ][-0.21   1.012 -0.4    0.7    0.93  -1.45   1.78  -0.121  1.199  0.735
  0.14   0.614 -0.44   0.161  0.212 -0.2   -1.056 -0.123  0.647 -0.699
  1.262 -1.636  0.808  0.253  1.144  0.057 -0.632  1.183  0.81  -0.17
 -0.178  1.249  0.913 -0.09  -0.25   0.941  0.564 -0.27   0.86   0.938
 -0.33   0.54 ][-0.21   0.7   -0.4    0.7    0.93  -0.98   1.24  -0.42  -0.062  0.296
  0.14   0.614 -0.44   0.161  0.212 -0.1   -1.056 -0.123  0.656 -0.788
  1.262 -1.636  0.808  0.253  1.144  0.057 -0.632  0.966  0.81  -0.17
 -0.178  1.249  0.871 -0.09  -0.25   0.941  0.564 -0.27   0.86   0.35
 -0.33  -0.205][-0.21   0.7   -0.4    0.7    0.93  -0.98   1.24  -0.833  1.759  0.296
  0.14   0.614 -0.44   0.161  0.212 -0.1   -1.056 -0.123  0.656 -0.81
  1.262 -1.636  0.808  0.253  1.144  0.057 -1.371  0.966  0.81  -0.17
 -0.189  0.824  0.871 -0.09  -0.25   0.941  0.564 -0.27   0.86   0.061
 -0.903  0.54 ][-0.21   0.7   -0.4    0.7    0.93  -1.45   1.78  -0.42   2.012 -0.253
  0.26   0.614 -0.44   0.161  0.212 -0.1   -1.056 -0.123  1.456 -0.788
  1.262 -2.178  0.808  0.253  1.144 -0.414 -0.632  0.97   0.81  -0.17
 -0.178  1.249  0.871 -0.09  -0.25   0.941  0.564 -0.27   0.86   0.395
 -0.33   0.54 ][-0.21   0.7   -0.4    0.7    0.93  -1.45   1.24   0.068  2.012 -0.253
  0.14   0.614 -0.44   0.161 -0.523 -0.1   -1.056 -0.123  0.647 -0.81
  1.262 -1.636  0.808  0.253  1.144  0.057 -0.632  0.966  0.81  -0.17
 -0.785  1.249  0.871  0.354 -0.25   0.941  0.564 -0.27   0.86  -0.128
 -0.33   0.54 ][-0.21   0.7   -0.4    1.668  0.93  -0.98   1.78  -0.42  -0.962 -0.253
  0.14   0.614 -0.44   0.161  0.036 -0.1   -1.056 -0.123  0.647 -0.81
  1.262 -1.636  0.808  0.253  1.144  0.057 -0.632  0.966  0.81  -0.17
 -0.785  1.249  0.913 -0.09  -0.25   0.941  0.564 -0.27   1.145  0.35
 -0.33   0.54 ][-0.21   0.7   -0.4    0.7    0.93  -1.45   1.24   0.096  2.012  0.296
  0.26   0.614 -0.44   0.161  0.212 -0.1   -1.056 -0.123  0.656 -0.788
  1.262 -1.636  0.808  0.253  1.144  0.057 -1.371  0.966  0.81  -0.86
 -0.785  1.249  0.871  0.354 -0.25   0.941  0.564 -0.27   0.86   0.35
 -0.33   0.54 ][-0.286  1.012 -0.4    0.7    0.93  -1.45   1.78  -0.42   2.012  0.296
  0.26   0.614 -0.44   0.161  0.036 -0.2   -1.056 -0.123  0.647 -0.788
  1.262 -1.636  0.808  0.253  1.144  0.057 -0.632  1.183  0.81  -0.17
 -0.178  0.372  0.871 -0.09  -0.25   0.941  0.564 -0.65   0.86  -0.128
 -0.903  0.54 ][-0.21   0.7   -0.4    0.7    0.93  -1.45   1.78  -0.833 -0.962  0.296
  0.14   0.614 -0.44   0.161 -0.879 -0.1   -1.056 -0.123  0.656 -0.788
  1.262 -1.636  0.808  0.253  1.144  0.057 -1.371  0.966  0.81  -0.17
 -0.178  0.779  0.871 -0.09  -0.25   0.941  0.564 -0.27   0.86   0.35
 -0.33   0.54 ][-0.21   1.012 -0.4    0.7    0.93  -1.45   1.78  -0.833  1.199  0.296
  0.14   0.479 -0.44   0.161  0.212 -0.2   -1.056 -0.123  0.647 -0.699
  1.262 -2.027  0.808  0.253  1.144  0.057 -1.371  0.97   0.81  -0.17
 -0.178  0.372  0.871 -0.09  -0.25   0.941  0.564 -0.27   0.86  -0.128
 -0.33   0.54 ][-0.21   0.7   -0.4    0.7    1.729 -1.45   1.24   0.175 -0.962 -0.253
  0.14   0.614 -0.44   0.161 -0.879 -0.1   -1.056  0.404  0.656 -0.788
  1.262 -2.178  0.808  0.253  1.144  0.057 -1.371  0.966  0.81  -0.17
 -0.785  0.824  0.871 -0.09  -0.25   0.941  0.564 -0.27   0.86   0.35
 -0.33   0.54 ][-0.21   0.7   -0.4    0.7    0.93  -0.98   1.78  -0.42   2.012  0.296
  0.14   0.614 -0.44   0.161  0.228 -0.1   -1.056 -0.123  0.647 -0.81
  1.262 -1.636  0.808  0.253  0.495  0.057 -0.632  0.97   0.81  -0.291
 -0.785  1.249  0.871 -0.09  -0.25   0.941  0.564 -0.27   0.86   0.35
 -0.33   0.54 ]