[-0.21   0.7   -0.4    0.7    1.364 -0.98   0.94  -0.42   0.58   0.55
  0.14   0.8   -0.44   0.38  -0.62  -0.52   0.78   0.83  -0.559 -0.81
  0.83  -0.8    0.82   0.81   0.6   -0.267  0.04   0.97   0.81  -0.86
 -0.703  0.54   0.913 -0.89  -0.25   0.34   0.581 -0.27   0.86   0.35
 -0.33  -0.29 ][-0.21   0.7   -0.4    0.7    1.364 -0.39   0.94  -0.103  0.58   0.55
  0.14   0.02  -0.44   0.38  -0.62  -0.52   0.78   0.83  -0.32  -0.81
  0.83  -0.8    0.82   0.81   0.533  0.26   0.074  0.97   0.81  -0.86
 -0.11   1.249  0.56  -0.4   -0.25   0.34   0.61  -0.27   0.86   0.35
 -0.33   0.54 ][-0.663  0.7   -0.4    0.7    1.631 -0.98   0.94  -0.42   0.58   0.55
  0.344  0.841 -0.44   0.38  -0.2   -1.358  0.78   0.83  -0.32  -0.81
  0.83  -0.84   1.388  0.81   1.514 -0.87   0.074  0.97   0.81  -0.86
 -0.11   0.54   0.56  -0.09  -0.25   0.63   0.61  -0.27   0.86   0.35
 -0.33   0.54 ][-0.21   0.7   -0.4    0.7    0.77  -0.98   0.94  -0.42   0.58   0.55
  0.61   0.02  -0.44   0.38  -0.62  -0.52   0.78   0.83  -0.32  -0.81
  0.83  -0.84   1.388  0.81   1.514 -0.87   0.074  0.97   0.81  -0.86
 -0.703  0.54   0.913 -0.89  -0.25   0.63   0.61  -0.27   0.86   0.35
 -0.33   0.54 ][-0.21   0.7   -0.4    0.7    0.77  -0.98   0.94  -0.42   0.58   0.55
  0.61   0.614 -0.44   0.234 -0.62  -0.52   0.78   0.83  -0.32  -0.81
  0.83  -0.84   1.388  0.81   0.6   -0.87   0.074  0.97   0.81  -0.86
 -0.703  0.54   0.913 -0.89  -0.25   0.63   0.61  -0.27   0.86   0.35
 -0.33   0.54 ][-0.21   0.7   -0.4    0.7    1.364 -1.026  0.94  -0.42   0.58   0.55
  0.14   0.8   -0.44   0.38  -0.036 -0.52   0.78   0.07  -0.559 -0.81
  0.83  -0.8    0.82   0.81   0.6   -0.87   0.04   0.97   0.81  -0.86
 -0.11   0.54   0.56  -0.4   -0.25   0.63   0.61  -0.27   0.86   0.35
 -0.33   0.54 ][-0.21   0.7   -0.9    0.7    1.364 -0.39   0.94  -0.42   0.58   0.37
  0.14   0.02  -0.134  0.38  -0.62  -0.1    0.78   0.83  -0.32  -0.81
  0.83  -0.8    0.82   0.81   0.6   -0.87  -0.265  0.97   0.81  -0.86
 -0.11   0.54   0.56  -0.89  -0.25   0.34   0.61  -0.27   0.86   0.35
 -0.33   0.54 ][-0.21   0.7   -0.4    0.7    0.77  -1.539  0.94  -0.42   0.58   0.55
  0.14   0.02  -0.44   0.38  -0.62  -0.52   0.78   0.83  -1.018 -0.81
  0.971 -0.8    0.82   0.81   0.6    0.26   0.256  0.97   0.81  -0.86
 -0.11   0.54   0.56  -0.4   -0.25   0.34   0.61  -0.27   0.86   0.35
 -0.33  -0.29 ][-0.424  0.7   -0.138  0.7    1.326 -0.39   0.94  -0.42   0.58   0.55
  0.61   0.02  -0.134  0.38  -0.2   -0.1    0.78   0.83  -0.32  -0.81
  0.83  -0.84   0.82   0.81   0.6   -0.239  0.04   0.97   0.25  -0.86
 -0.11   0.916  0.56  -0.4   -0.25   0.63   0.61  -0.27   0.86   0.424
 -0.624  0.54 ][-0.21   1.28  -0.4    0.7    1.326 -0.39   0.94  -0.42   0.58   0.37
  0.14   0.02  -0.44   0.38  -0.62  -0.1    0.78   0.83  -0.32  -0.81
  0.83  -0.84   0.82   0.81   0.695 -0.239  0.04   0.97   0.81  -0.86
 -0.11   0.916  0.56  -0.89  -0.25   0.34   0.61  -0.27   0.86   0.35
 -0.624  0.54 ][-0.74   0.7   -0.4    0.7    0.77  -0.98   0.94  -0.42   0.58   0.55
  0.14   0.8   -0.61  -0.62  -0.62  -0.52   0.78   0.83  -0.32  -0.81
  0.971 -0.8    0.82   0.81   0.6   -0.87   0.074  0.97   0.81  -0.86
 -0.703  0.54   0.913 -0.89  -0.25  -0.008  0.61  -0.27   0.86   0.35
 -0.33  -0.29 ][-0.21   0.7   -0.9    0.7    0.77  -1.026  0.94  -0.103  0.58   0.55
  0.14   0.8   -0.134  0.38  -0.62  -0.1    0.78   0.07  -1.018 -0.307
  0.971 -0.8    0.82   0.81   0.533 -0.87   0.256  0.97   0.81  -0.86
 -0.11   0.54   0.56  -0.4   -0.25   0.34   0.61  -0.27   0.86   0.35
 -0.33  -0.29 ][-0.663  0.7   -0.4    0.7    0.77  -1.92   0.94  -0.42   0.58   0.55
  0.14   0.8   -0.134 -0.62  -0.62  -0.52   0.78   0.07  -0.32  -0.81
  0.83  -0.8    0.82   0.81   1.514 -0.87  -0.396  0.97   0.81  -0.32
 -0.11   0.916  0.913 -0.4   -0.25   0.63   0.61  -0.27   0.86   1.167
 -0.33   0.54 ][-0.21   0.7   -0.4    0.7    0.77  -1.026  0.94  -0.103  0.58   0.55
  0.14   0.02  -1.063  0.38  -0.62  -0.52   0.78   0.07  -1.018 -0.81
  0.971 -0.8    0.82   0.864  0.533  0.26   0.256  0.97   0.81  -0.86
 -0.11   0.54   0.56  -0.4   -0.25   0.34   0.61  -0.27   0.86   0.35
 -0.33   0.54 ][-0.663  0.7   -0.4    0.7    1.326 -1.92   0.94  -0.42   0.58   0.55
  0.61   0.841 -0.134  0.38  -1.121 -1.358  0.78   0.07  -0.32  -0.81
  0.83  -0.84   0.82   0.81   1.514 -0.87   0.04   0.97   0.81  -0.32
 -0.11   0.916  0.56  -0.09  -0.25   0.63   0.61  -0.27   0.86   0.35
 -0.33   0.54 ][-0.21   0.7    0.078  0.7    0.77  -0.39   0.94  -0.42   0.58   0.55
  0.14   0.8   -0.44   0.38  -0.62  -0.1    0.78   0.83  -0.32  -0.81
  0.83  -0.8    1.388  0.81   1.514 -0.87   0.074  0.97   0.81  -0.86
 -0.11   0.54   0.913 -0.4   -0.25   0.63   0.61  -0.27   0.86   0.35
 -0.33   0.54 ][-0.74   0.7   -0.4    0.7    0.77  -0.98   0.94  -0.42   0.58   0.55
  0.592  0.02  -0.44   0.38  -0.62  -0.52   0.094  0.83  -1.018 -0.81
  0.971 -0.8    0.82   0.81   1.514  0.26   0.04   0.97   0.81  -0.32
 -0.703  0.54   0.56  -0.89  -0.25   0.34   0.61  -0.27   0.86   0.35
 -0.624  0.54 ][-0.21   0.7   -0.9    0.7    1.364 -0.39   0.94  -0.42   0.58   0.55
  0.14   0.8   -0.134  0.38  -0.62  -0.1    0.78   0.83  -0.32  -0.81
  0.83  -0.8    0.82   0.81   0.6   -0.87   0.256  0.97   0.25  -0.86
 -0.11   0.54   0.56  -0.4   -0.25   0.34   0.61  -0.27   0.86   0.35
 -0.33  -0.29 ][-0.21   0.7   -0.4    0.7    1.364 -0.98   0.94  -0.42   0.58   0.55
  0.61   0.02  -0.44   0.38  -0.62  -0.52   0.78   0.83  -0.32  -0.81
  0.83  -0.84   1.388  0.81   0.6   -0.87   0.074  0.97   0.81  -0.491
 -0.11   0.54   0.913 -0.89  -0.25   0.34   0.61  -0.27   0.86   0.35
 -0.33   0.54 ][-0.21   0.7   -0.4    0.7    1.364 -0.98   0.94  -0.42   0.58   0.55
  0.61   0.614 -0.134  0.234 -0.2   -0.52   0.78   0.07   0.357 -0.81
  0.83  -0.84   1.388  0.81   0.6   -0.87   0.074  0.97   0.81  -0.86
 -0.703  0.54   0.58  -0.09  -0.25   0.63   0.61  -0.27   0.86   0.35
 -0.33  -0.29 ][-0.663  0.7   -0.4    0.7    1.631 -1.026  0.94  -0.42   0.58   0.55
  0.344  0.841 -0.44   0.38  -0.2   -1.358  0.78   0.07  -0.559 -0.81
  0.83  -0.84   0.82   0.81   0.6   -0.87   0.074  0.97   0.81  -0.86
 -0.11   0.54   0.56  -0.09  -0.25   0.63   1.089 -0.27   0.86   0.35
 -0.33   0.54 ][-0.21   0.7   -0.4    0.7    1.364 -1.539  0.94  -0.42   0.58   0.55
  0.61   0.614 -0.134  0.38  -0.62  -0.52   0.78   0.477  0.357 -0.81
  0.83  -0.8    0.82   0.81   0.6    0.26   0.074  0.97   0.81  -0.86
 -0.11   0.54   0.56  -0.09  -0.25   0.34   0.61  -0.27   0.86   0.35
 -0.33  -0.29 ][-0.21   1.514 -0.4    0.7    0.77  -0.98   0.94  -0.42   0.58   0.55
  0.344  0.614 -0.44   0.234 -0.2   -1.358  0.78   0.83  -0.32  -0.81
  0.83  -0.84   1.388  0.81   0.6   -0.87   0.074  0.97   0.81  -0.86
 -0.703  0.54   0.913 -0.09  -0.25   0.63   0.61  -0.27   0.86   0.35
 -0.33   0.54 ][-0.21   0.7   -0.4    0.7    1.631 -0.98   0.94  -0.42   0.58   0.55
  0.344  0.841 -0.44   0.38  -0.2   -0.52   0.78   0.921 -0.32  -0.81
  0.83  -0.84   1.388  0.81   1.514 -0.87   0.074  0.97   0.81  -0.86
 -0.703  0.54   0.56  -0.09  -0.25   0.63   0.61  -0.27   0.86   0.35
 -0.33   0.54 ][-0.21   0.7   -0.4    0.7    0.77  -0.39   0.94  -0.42   0.58   0.55
  0.14   0.02  -0.44   0.38  -0.62  -0.52   0.78   0.83  -0.32  -0.81
  0.83  -0.8    0.82   1.392  0.533 -0.87   0.074  0.97   0.81  -0.86
 -0.11   0.54   0.56  -0.4   -0.25   0.34   0.61  -0.27   0.86   0.35
 -0.33   0.54 ][-0.21   0.7   -0.4    0.7    0.77  -0.98   0.94  -0.42   0.58   0.55
  0.14   0.8   -0.61   0.38  -0.62  -0.52   0.78   1.074 -0.32  -0.81
  0.83  -0.8    0.82   0.81   0.6   -0.87   0.04   0.97   0.81  -0.86
 -0.703  0.54   0.913 -0.89  -0.25  -0.008  0.61  -0.27   0.86   0.35
 -0.33  -0.29 ][-0.663  0.7   -0.4    0.7    0.77  -1.026  0.94  -0.42   0.58   0.55
  0.14   0.8   -0.134 -0.62  -0.036 -0.52   0.78   0.07  -0.559 -0.81
  0.83  -0.8    0.82   0.81   0.6   -0.87   0.04   0.97   0.81  -0.86
 -0.11   0.54   0.913 -0.4   -0.25   1.581  0.61  -0.27   0.86   0.35
 -0.33   0.54 ][-0.663  0.7   -0.4    0.7    1.631 -0.98   0.94  -0.42   0.58   1.067
  0.14   0.02  -0.44   0.38  -0.62  -0.1    0.78   0.83  -0.32  -0.81
  0.83  -0.8    1.388  0.81   0.6   -0.87   0.074  0.97   0.81  -0.86
 -0.11   0.54   0.56  -0.09  -0.25   0.34   0.61  -0.27   0.86   0.35
 -0.33   0.54 ][-0.424  0.7   -0.138  0.7    0.77  -0.39   0.94  -0.42   0.58   0.55
  0.61   0.02  -0.44   0.38  -0.2   -0.52   0.78   0.83  -0.32  -0.81
  0.83  -0.84   1.388  0.544  0.6   -0.239  0.074  0.97   0.81  -0.86
 -0.703  0.916  0.913 -0.89  -0.25   0.63   0.61  -0.27   0.86   0.424
 -0.624  0.54 ][-0.21   0.7   -0.4    0.7    1.364 -0.39   0.94  -0.42   0.58   0.55
  0.61   0.02  -0.44   0.38  -0.62  -1.229  0.78   0.83  -0.32  -0.81
  0.83  -0.8    1.388  0.81   0.6    0.26   0.074  0.97   0.81  -0.86
 -0.703  1.249  0.913 -0.89  -0.25   0.63   0.61  -0.27   0.86   0.35
 -0.33   0.54 ][-0.21   0.7   -0.4    0.7    0.77  -1.539  0.94  -0.42   0.58   0.55
  0.14   0.02  -0.44   0.234 -0.62  -0.52   0.78   0.83   0.084 -0.81
  0.971 -0.84   0.82   0.81   0.6   -0.87   0.074  0.97   0.81  -0.86
 -0.703  0.54   0.913 -0.89  -0.25   0.34   0.61  -0.27   0.86   0.35
 -0.33   0.54 ][-0.21   0.7   -0.4    0.7    0.77  -0.98   0.94  -0.42   0.58   0.55
  0.61   0.8   -0.134  0.234 -0.2   -0.52   0.78   0.07   0.357 -0.81
  0.971 -0.8    1.388  0.81   0.6   -0.87   0.074  0.97   1.791 -0.86
 -0.703  0.54   0.913 -0.09  -0.25   0.63   0.61  -0.27   0.86   0.35
 -0.33  -0.29 ][-0.21   0.7   -0.4    0.7    1.364 -0.39   0.94  -0.42   0.58   0.55
  0.14   0.02  -0.44   0.38  -0.036 -0.52   0.78   0.83  -0.559 -0.81
  0.83  -0.8    0.82   1.623  0.6    0.26   0.074  0.97   0.81  -0.86
 -0.11   1.249  0.56  -0.4   -0.25   0.34   0.61  -0.27   0.86   0.35
 -0.33   0.54 ][-0.21   0.7   -0.4    0.7    1.364 -0.98   0.94  -0.42   0.58   0.55
 -0.194  0.614 -0.44   0.234 -0.2   -0.52   0.78   0.83  -0.559 -0.81
  0.83  -0.8    1.388  0.81   0.6   -0.267  0.074  0.97   0.81  -0.86
 -0.703  0.54   0.913 -0.89  -0.25   0.34   0.61  -0.27   0.86   0.35
 -0.33  -0.29 ][-0.21   0.7   -0.4    0.7    1.364 -0.98   0.94  -0.42   0.58   0.55
  0.14   0.614 -0.134  0.234 -0.2   -0.52   0.78   0.07  -0.559 -0.81
  0.83  -0.84   0.82   0.81   0.6   -0.87   0.04   0.97   0.81  -0.86
 -0.11   0.54  -0.169 -0.4   -0.25   0.63   0.61  -0.27   0.86   0.35
 -0.33   0.54 ][-0.21   0.7   -0.4    0.7    1.364 -1.92   0.94  -0.103  0.58   0.55
  0.14   0.02  -0.44   0.38  -0.62  -0.52   0.78   0.83  -0.32  -1.396
  0.83  -0.8    0.82   0.81   0.533  0.26   0.074  0.97   0.81  -0.86
 -0.11   0.916  0.56  -0.4   -0.25   0.63   0.61  -0.27   0.86   0.35
 -0.33   0.54 ][-0.424  1.46  -0.4    0.7    1.326 -0.98   0.94  -0.42   0.58   0.55
  0.61   0.02  -0.134  0.38  -0.2   -0.1    0.78   0.83  -0.32  -0.81
  0.83  -0.84   1.388  0.81   0.6   -0.87   0.074  0.97   0.25  -0.86
 -0.703  0.54   0.56  -0.09  -0.25   0.63   0.61  -0.27   0.86   0.35
 -0.33   0.54 ][-0.663  0.7   -0.4    0.7    0.77  -1.891  0.94  -0.42   0.58   0.55
  0.14   0.8   -0.134 -0.62  -0.62  -0.52   0.78   0.07  -0.32  -0.81
  0.83  -0.8    0.82   0.81   0.6   -0.87  -0.396  0.97   0.81  -0.86
 -0.11   0.54   0.913 -0.89  -0.25   0.63   0.61  -0.27   0.86   0.35
 -0.33   0.54 ][-0.21   0.7   -0.138  0.7    1.364 -0.39   0.94  -0.42   0.58   0.55
  0.61   0.02  -0.134  0.234 -0.2   -0.52   0.78   0.83   0.357 -0.251
  0.83  -0.84   0.82   0.81   0.6   -0.87   0.04   0.97   0.81  -0.86
 -0.11   0.916  0.58  -0.09  -0.25   0.63   0.61  -0.27   0.86   0.424
 -0.33  -0.29 ][-0.21   0.7   -0.4    0.7    0.77  -0.98   0.94  -0.42   0.58   0.55
  0.61   0.614 -0.44   0.38  -0.036 -0.52   0.78   0.07  -0.559 -0.81
  0.83  -0.8    1.388  0.81   0.6   -0.87   0.04   0.97   0.81  -0.86
 -0.627  0.54   0.56  -0.4   -0.25   0.63   0.61  -0.27   0.86   0.35
 -0.33   0.54 ][-0.21   0.7   -0.9    0.7    1.821 -0.98   0.94  -0.42   0.58   0.55
  0.14   0.614 -0.134  0.38  -0.62  -0.1    0.78   0.83   0.357 -0.81
  0.83  -0.8    1.388  0.81   0.6   -0.87   0.074  0.97   0.81  -0.86
 -0.11   0.54   0.58  -0.4   -0.25   0.63   0.61  -0.27   0.86   0.35
 -0.33  -0.29 ][-0.21   0.7   -0.4    0.7    0.77  -0.98   0.94  -0.42   0.58   0.55
  0.61   0.02  -0.44   0.234 -0.62  -0.52   0.78   0.83  -0.32  -0.81
  0.83  -0.84   1.388  0.81   1.514 -0.87   0.074  0.97   0.81  -0.86
 -0.703  1.255  0.913 -0.89  -0.25   0.63   0.61  -0.27   0.86   0.35
 -0.33   0.54 ][-0.663  0.7   -0.4    0.7    0.77  -0.98   0.94  -0.42   0.58   0.55
  0.344  0.614 -0.44   0.38  -0.62  -0.52   0.78   0.83  -0.32  -0.81
  0.83  -0.84   1.388  0.81   0.6   -0.87   0.074  0.97   0.81  -0.86
 -0.11   0.54   0.913 -0.09  -0.25   0.63   0.61  -0.27   0.86   0.35
 -0.33   0.182][-0.21   0.7   -0.4    0.7    0.77  -0.98   0.94  -0.42   0.58   0.55
  0.61   0.02  -0.44   0.38  -0.62  -0.52   0.78   0.83  -0.32  -0.81
  0.83  -0.84   1.388  0.81   0.6   -0.87   0.074  1.308  0.81  -0.86
 -0.11   0.54   0.913 -0.89  -0.25   0.34   0.61  -0.27   0.86   0.35
 -0.33   0.54 ][-0.21   0.7   -0.4    0.7    0.77  -0.98   0.94  -0.103  0.58   0.55
  0.61   0.614 -0.44   0.234 -0.62  -0.52   0.78   0.83  -0.32  -0.81
  0.382 -0.8    1.388  0.81   0.6   -0.87   0.074  0.97   0.81  -0.86
 -0.703  1.249  0.913 -0.89  -0.25   0.34   0.61  -0.27   0.86   0.35
 -0.33   0.54 ][-0.74   0.7   -0.9    0.7    0.77  -0.39   0.94  -0.42   0.58  -0.408
  0.14   0.8   -0.61   0.38  -0.62  -0.52   0.78   0.83  -0.32  -0.81
  0.83  -0.8    0.82   0.81   0.6   -0.87   0.074  0.97   0.81  -0.86
 -0.703  0.54   0.56  -0.89  -0.25  -0.008  0.61  -0.27   0.86   0.35
 -0.33  -0.29 ][-0.21   0.7   -0.4    0.7    0.77  -0.98   0.94  -0.42   0.58   0.55
  0.61   0.8   -0.44   0.38  -0.036 -0.52   0.78   0.07  -0.32  -0.81
  0.83  -0.84   1.388  0.81   0.6   -0.87   0.04   0.97   0.81  -0.86
 -0.703  0.54   0.913 -0.4   -0.25   0.63   0.61  -0.27   0.86   0.35
 -0.33   0.366][-0.21   0.7   -0.4    0.7    0.77  -0.98   0.94  -0.42   0.58   0.55
  0.14   0.8   -0.44   0.38  -0.62  -0.52   0.78   0.83  -0.32  -0.81
  1.769 -0.8    1.388  0.81   1.514 -0.267  0.074  0.97   0.81  -0.86
 -0.703  0.54   0.913 -0.4   -0.25   0.34   0.61  -0.27   0.86   0.35
 -0.33   0.54 ][-0.21   0.7   -0.4    0.261  1.364 -0.98   0.94  -0.42   0.58   0.55
  0.14   0.8   -0.44   0.38  -0.62  -0.52   0.78   0.83  -0.559 -0.81
  0.83  -0.8    0.82   0.81   0.6   -0.87   0.04   0.97   0.81  -0.86
 -0.703  0.54   0.56  -0.4   -0.25   0.34   0.581 -0.27   0.86   0.35
 -0.33   0.54 ][-0.21   0.7   -0.4    0.7    1.364 -0.39   0.94  -0.42   0.58   0.55
  0.61   0.614 -0.134  0.38  -0.62  -0.52   0.78   0.83   0.357 -0.81
  0.83  -0.8    1.388  0.81   0.6    0.26   0.074  0.97   0.81  -0.86
 -0.11   0.54   0.56  -0.4   -0.25   0.169  0.61  -0.27   0.86   0.35
 -0.33  -0.29 ][-0.21   0.7   -0.4    0.7    1.364 -0.98   0.94  -0.42   0.58   0.55
  0.14  -0.176 -0.134  0.234 -0.62  -0.52   0.78   0.07   0.357 -0.81
  0.83  -0.84   1.388  0.81   0.6   -0.87   0.074  0.97   0.81  -0.86
 -0.703  0.54   0.913 -0.09  -0.25   0.63   0.581 -0.27   0.86   0.35
 -0.33  -0.29 ][-0.663  0.7   -0.4    0.7    1.631 -0.98   0.94  -0.42   0.58   0.55
  0.14   0.841 -0.44   0.38  -0.2   -0.562  0.78   0.83  -0.32  -0.81
  0.83  -0.84   0.82   0.81   0.6   -0.267  0.04   0.97   0.81  -0.86
 -0.703  0.54   0.913 -0.89  -0.25   0.63   0.61  -0.27   0.86   0.35
 -0.33   0.54 ][-0.663  0.7   -0.4    0.7    1.631 -0.39   0.94  -0.42   0.58   0.55
  0.14   0.8   -0.44   0.38  -0.2   -0.1    0.78   0.83  -0.32  -0.81
  0.83  -0.8    1.388  0.81   1.514 -0.87   0.074  0.97   0.81  -0.86
 -0.11   0.54   0.913 -0.4   -0.25   1.406  0.61  -0.27   0.86   0.35
 -0.33   0.54 ][-0.21   0.7   -0.4    0.7    1.364 -0.98   0.94  -0.42   0.58   0.55
  0.61   0.614 -0.44   0.38  -0.2   -0.52   0.78   0.83  -0.32  -0.81
  0.83  -0.84   0.935  0.81   1.514 -0.87   0.074  0.97   0.81  -0.86
 -0.703  0.54   0.913 -0.09  -0.25   0.63   0.61  -0.27   0.86   0.35
 -0.33   0.54 ][-0.663  0.7   -0.138  0.7    1.631 -0.98   0.94  -0.42   0.58   0.944
  0.61   0.841 -0.134  0.38  -0.2   -0.1    0.78   0.83  -0.32  -0.81
  0.83  -0.84   0.82   0.81   0.6   -0.87   0.04   0.97   0.25  -0.86
 -0.11   0.54   0.56  -0.09  -0.25   0.63   0.61  -0.27   0.86   0.35
 -0.624  0.54 ][-0.21   0.7   -0.4    0.7    0.77  -0.98   0.94  -0.42   0.58   0.55
  0.61   0.841 -0.44   0.38  -0.62  -0.52   0.78   0.83  -0.32  -0.81
  0.83  -0.84   1.388  0.81   1.514 -0.87   0.074  0.97   0.81  -0.86
 -0.11   0.54   0.56  -0.89  -1.25   0.63   0.61  -0.27   0.86   0.35
 -0.33   0.54 ][-0.663  0.7   -0.4   -0.043  0.77  -1.92   0.94  -0.42   0.58   0.55
  0.14   0.841 -0.44   0.38  -1.121 -0.52   0.78   0.07  -1.018 -0.81
  0.83  -0.8    0.82   0.81   0.6    0.26   0.256  0.97   0.81  -0.86
 -0.11   0.916  0.56  -0.4   -0.25   0.63   0.61  -0.27   0.86   0.35
 -0.33  -0.29 ][-0.21   0.7   -0.138  0.7    1.364 -0.39   0.94  -0.42   0.58   0.55
  0.61   0.614 -0.134  0.234 -0.2   -0.1    0.78   0.83   0.357 -0.81
  0.83  -0.84   1.388  0.81   0.6   -0.045  0.04   0.97   0.81  -0.86
 -0.703  0.54   0.58  -0.09  -0.25   0.63   0.61  -0.27   0.86   0.35
 -0.624 -0.29 ][-0.21   0.7   -0.4    0.7    0.77  -0.98   0.94  -0.42   0.58   0.55
  0.61   0.614 -0.44   0.234 -0.62  -0.52   0.78   0.83   0.357 -0.81
  0.83  -0.84   1.388  0.81   0.879 -0.87   0.074  0.97   0.81  -0.86
 -0.703  0.54   0.913 -0.89  -0.25   0.63   0.61  -0.27   0.86   0.35
 -0.33   0.54 ][-0.663  0.7   -0.4    0.7    1.631 -0.98   0.94  -0.42   0.58   0.55
  0.14   0.841 -0.44   0.38  -0.62  -0.52   0.78   0.83  -0.32  -0.81
  0.83  -0.84   0.82   0.81   1.514 -0.267  0.04   0.97   0.504 -0.86
 -0.11   0.54   0.913 -0.89  -0.25   0.34   0.581 -0.27   0.86   0.35
 -0.33  -0.29 ][-0.21   0.7   -0.4    0.7    1.364 -0.98   0.94  -0.103  0.58   0.55
  0.14   0.02  -0.44   0.38  -0.62  -0.52   0.78   0.83  -0.32  -0.81
  0.83  -0.8    0.82   0.81   0.533 -0.267  0.074  1.605  0.81  -0.86
 -0.11   0.54   0.56  -0.4   -0.25   0.34   0.61  -0.27   0.86   0.35
 -0.33   0.54 ][-0.21   0.7   -0.4    0.7    1.364 -0.39   0.94  -0.42   0.58   0.55
  0.14   0.8   -0.134  0.234 -0.2   -0.52   0.78   0.07   0.357 -0.81
  0.83  -0.8    0.82   0.81   0.6   -0.87   0.256  0.97   0.25  -0.86
 -0.11   0.54   0.56  -0.09  -0.25   0.63   0.61  -1.092  0.86   0.35
 -0.33  -0.29 ][-0.21   0.7   -0.138  0.7    0.77  -0.39   0.94  -0.42   0.58   0.55
  0.14   0.02  -0.134  0.38  -0.2   -0.1    0.78   0.83  -0.32  -0.81
  0.971 -0.84   0.82   0.81   0.6    0.26   0.04   0.97   0.81  -0.86
 -0.11   0.54   0.624 -0.4   -0.25   0.34   0.61  -0.27   0.86   0.35
 -0.33  -0.29 ][-0.21   0.7    0.078  0.7    0.77  -0.98   0.94  -0.42   0.58   0.55
  0.14   0.8   -0.44   0.38  -0.62  -0.1    0.78   0.83  -0.559 -0.81
  0.83  -0.8    0.82   0.81   0.6   -0.267  0.04   0.97   0.81  -0.86
 -0.703  0.54   0.913 -0.89  -0.25   0.63   0.581 -0.27   0.86   1.046
 -0.33   0.54 ][-0.21   0.7   -0.9    0.7    0.77  -1.026  0.94  -0.103  0.58   0.55
  0.14   0.8   -1.365  0.38  -0.62  -0.52   0.78   0.07  -1.018 -0.81
  0.971 -0.8    0.82   0.81   0.6   -0.87   0.04   0.97   0.81  -0.86
 -0.11   0.54   0.56  -0.4   -0.25   0.34   0.61  -0.27   0.86   0.35
 -0.33  -0.29 ][-0.74   0.7   -0.4    0.7    0.77  -0.98   0.94  -0.42   0.58   0.55
  0.14   0.841 -0.61   0.38  -0.62  -1.358  0.78   0.07  -0.32  -0.81
  0.83  -0.8    0.82   0.81   1.514 -0.87   0.074  0.97   0.81  -0.86
 -0.179  0.916  0.913 -0.09  -0.25   0.63   0.61  -0.27   0.86   0.35
 -0.33   0.54 ][-0.21   0.7   -0.4    0.7    1.364 -0.98   0.94  -0.103  0.58   0.55
  0.14   0.02  -0.134  0.38  -0.2   -0.52   0.78   0.83  -0.32  -0.81
  0.83  -0.8    0.82   0.81   0.533 -0.87   0.074  0.97   0.81  -0.86
  0.298  1.249  0.56  -0.4   -0.25   0.63   0.61  -0.27   0.86   0.35
 -0.33  -0.29 ][-0.424  0.7   -0.138  0.7    1.364 -0.39   0.94  -0.42   0.58   0.55
  0.61   0.8   -0.134  0.38  -0.2   -0.1    0.78   0.83  -0.32  -0.81
  0.83  -0.8    0.82   0.81   0.6   -0.239  0.04   0.97   0.81  -0.86
 -0.11   0.54   0.56  -0.4   -0.25   0.63   0.61  -0.454  0.86   0.424
 -0.624  0.54 ][-0.21   0.7   -0.4    0.7    1.364 -0.98   0.94  -0.42   0.678  0.55
  0.61   0.614 -0.44   0.234 -0.62  -0.52   0.78   0.07  -0.32  -0.81
  0.83  -0.84   1.388  0.81   0.6   -0.87   0.074  0.97   0.81  -0.491
 -0.11   0.54   0.913 -0.89  -0.25   0.34   0.61  -0.27   0.86   0.35
 -0.33   0.54 ][-0.841  0.7   -0.4    0.7    1.364 -0.98   0.94  -0.42   0.58   0.55
  0.344  0.8   -0.44   0.38  -0.2   -0.52   0.78   0.83  -0.32  -0.81
  0.83  -0.84   1.388  0.81   1.514 -0.87   0.074  0.97   0.81  -0.86
 -0.703  0.54   0.56  -0.89  -0.25   0.34   0.61  -0.27   0.86   0.35
 -0.33   0.54 ][-0.21   0.7   -0.4    0.7    0.77  -0.98   0.94  -0.42   0.58   0.55
  0.61   0.841 -0.134  0.234 -0.62  -1.358  0.78   0.83  -0.32  -0.81
  0.83  -0.84   1.388  0.81  -0.204 -0.87   0.074  0.97   0.81  -0.86
 -0.703  0.916  0.56  -0.89  -0.25   0.63   0.61  -0.27   0.86   0.35
 -0.33   0.54 ][-0.74   0.7   -0.4    0.7    0.77  -0.98   0.94  -0.42   0.58   0.55
  0.592  0.02  -0.236  0.38  -0.62  -0.52   0.78   0.83  -1.018 -0.81
  0.971 -0.8    0.82   0.81   1.514  0.26   0.074  0.97   0.81  -0.86
 -0.703  0.54   0.56  -0.89  -0.25   0.34   0.61  -0.27   0.86   0.35
 -0.624 -0.29 ][-0.21   0.7   -0.4    0.7    0.77  -0.98   0.94  -0.42   0.58   0.55
  0.61   0.02  -0.44   0.234 -0.62  -0.52   0.78   0.07   0.357 -0.81
  0.83  -0.84   1.388  0.81   0.6   -0.87   0.074  0.97   0.81  -0.86
 -0.703  0.54   0.913 -0.09  -0.25   0.63   0.61  -0.27   0.86   0.35
 -0.795 -0.29 ][-0.21   0.7   -0.4    0.7    0.77  -1.539  0.94  -0.42   0.58   0.37
  0.14   0.02  -0.44   0.38  -0.62  -0.1    0.78   0.83  -1.018 -0.81
  0.971 -0.8    0.82   0.81   0.6   -0.239  0.256  0.97   0.81  -0.86
 -0.11   1.176  0.56  -0.89  -0.25   0.34   0.61  -0.27   0.86   0.35
 -0.624 -0.29 ][-0.21   0.7   -0.4    0.7    0.77  -1.026  0.94  -0.103  0.58   0.55
  0.14   0.8   -0.44   0.38  -0.62  -0.52   0.78   0.07  -0.559 -0.81
  0.971 -0.8    0.82   0.864  0.6    0.26   0.04   0.97   0.81  -0.86
 -0.703  0.54   0.913 -0.89  -0.25   0.34   0.61  -0.27   0.86   0.35
 -0.33  -1.213]