[-0.21   0.7   -0.4    0.7    0.77  -0.98   0.94  -0.42   0.58   0.55
  0.14   0.614 -0.44   0.38   0.212 -0.1   -0.192 -0.15   0.267 -0.81
  0.83  -1.636  1.116  0.81   0.6   -0.87  -0.632  0.97   0.81  -0.86
 -0.11   1.249  0.913 -0.09  -0.25   0.34   0.564 -0.27   0.86   0.35
 -0.33  -0.538][-0.21   1.042 -0.4    0.7    0.77  -0.98   0.94  -0.42   0.58   0.55
  0.14   0.614 -0.44   0.38  -0.62  -0.1   -0.192  0.83  -0.32  -0.81
  0.83  -0.664  1.388  0.839  1.514 -0.87   0.074  0.97   0.81  -0.86
 -0.11   0.172  0.913 -0.09  -0.25   0.34   0.564 -0.27   0.86   0.35
 -0.895 -0.538][-0.21   0.7   -0.4    0.7    0.77  -0.98   0.94  -0.42   0.58   0.55
  0.14   0.02  -0.44   0.38   0.212 -0.1    0.78  -0.15  -0.32  -0.981
  0.83  -1.636  0.82   0.81   0.6   -0.87   0.04   0.97   0.81  -0.86
 -0.11   0.54   0.913 -0.4   -0.25   0.34   0.564 -0.27   0.86   0.35
 -0.33  -0.538][-0.663  0.7   -0.4    0.7    0.77  -0.98   0.94  -0.42   0.58   0.55
  0.14   0.614 -0.44   0.38  -0.62  -0.1    0.699  0.83  -0.32  -0.81
  0.83  -1.636  0.82   0.81   0.965 -0.87  -0.632  0.97   0.81  -0.86
  0.223  1.249  0.913 -0.4   -0.25   0.34   0.564 -0.27   0.86   0.35
 -0.33   0.54 ][-0.21   0.7   -0.4    0.7    0.77  -0.98   0.94  -0.42   0.58   0.55
  0.14   0.274 -0.44   0.38  -0.62  -0.1    0.699  0.83  -0.32  -0.209
  0.83  -1.216  0.82   0.81   0.6   -0.87   0.074  0.97   0.81  -0.86
 -0.11   1.249  0.913 -0.09  -0.25   0.941  0.564 -0.27   0.86   0.35
 -0.33   0.54 ][-0.663  0.7   -0.4    0.7    0.77  -0.98   0.94  -0.42   0.58   0.55
  0.14   0.614 -0.44   0.38   0.212 -0.1    0.699  0.83  -0.32  -0.81
  0.83  -1.636  1.116  0.81   0.6   -0.87  -0.632  0.97   0.81  -0.86
  0.059  1.249  0.391 -0.09  -0.25   0.941  0.61  -0.27   1.212  0.35
 -0.33   0.54 ][-0.21   0.7   -0.4    0.7    0.77  -0.98   0.94  -0.42   0.58   0.55
  0.14   0.274 -0.561  0.38   0.212 -0.372  0.699 -0.123 -0.321 -0.311
  0.83  -0.664  0.82   0.81   0.6   -0.87  -0.632  0.97   0.81  -0.86
 -0.11   1.249  0.913 -0.09  -0.25   0.941  0.564 -0.27   0.86   0.35
 -0.33   0.54 ][-0.21   0.7   -0.4    0.7    0.77  -0.98   1.78  -0.42   0.58   0.55
  0.14   0.614 -0.44   0.38   0.212 -0.1   -0.192  0.83   0.267 -0.81
  0.83  -1.636  1.116  0.81   0.6   -0.87  -0.632  0.97   0.81  -0.86
  0.059  1.249  0.913 -0.09  -0.25   0.941  0.564 -0.27   0.86   0.35
 -0.33   0.54 ][-0.663  0.7   -0.4    0.7    0.77  -0.98   0.94  -0.42   0.58   0.55
  0.14   0.274 -0.44   0.38   0.212 -0.372  1.371 -0.123 -0.32  -0.311
  0.83  -1.636  0.82   0.81   0.6   -0.87  -0.632  0.97   0.81  -0.86
 -0.11   1.249  0.606 -0.09  -0.25   0.941  0.564 -0.27   0.86   0.35
 -0.33   0.54 ][-0.21   0.7   -0.323  0.7    0.77  -0.98   0.94  -0.42   0.58   0.55
  0.14   0.614 -0.44   0.38  -0.62  -0.1    0.699  0.83  -0.321 -0.311
  0.83  -0.664  0.82   0.75   0.6   -0.87   0.074  0.97   0.81  -0.86
 -0.11   1.11   0.913 -0.09  -0.25   0.941  0.61  -0.27   0.86   0.35
 -0.33   0.54 ][-0.663  0.7   -0.323  0.7    0.77  -0.98   0.94  -0.28   0.58   0.55
  0.14   0.614 -0.44   0.38   0.212 -0.1    0.699  0.83  -0.321 -0.81
  0.83  -1.636  1.116  0.81   0.6   -0.87   0.074  0.97   0.81  -0.86
  0.223  1.249  0.913 -0.09  -0.25   0.34   0.61  -0.27   0.86   0.35
 -0.33   0.54 ][-0.21   0.7   -0.4    0.7    0.93  -0.98   0.94  -0.42   0.58   0.55
  0.14   0.614 -0.44   0.38  -0.62  -0.1    0.699  0.83  -0.32  -0.81
  0.83  -2.052  1.116  0.81   0.6   -0.87   0.256  1.227  0.81  -0.86
  0.223  1.249  0.913 -0.4   -0.25   0.941  0.564 -0.27   0.86   0.35
 -0.33   0.54 ][-1.242  0.7   -0.4    0.7    0.77  -0.98   0.94  -0.42   0.58   0.55
  0.14   0.02  -0.44   0.38   0.212 -0.372  0.78  -0.123 -0.321 -0.81
  0.83  -0.664  1.116  0.81   0.6   -0.87  -0.632  0.97   0.81  -0.86
 -0.11   1.249  0.913 -0.09  -0.25   0.941  0.61  -0.27   0.86   0.35
 -0.33   0.76 ][-0.21   0.7   -0.4    0.7    0.77  -0.98   0.94  -0.42   0.58   0.55
  0.14   0.02  -0.615  0.38  -0.62  -0.1    0.699  0.83  -0.32  -1.13
  0.83  -1.636  0.82   0.81   0.6   -0.239 -0.632  0.97   0.81  -0.86
 -0.11   1.249  0.913 -0.4   -0.25   0.34   0.564 -0.27   0.86   0.35
 -0.33  -0.122][-0.663  0.7   -0.4    0.7    0.77  -0.98   0.94  -0.42   0.58   0.55
  0.14   0.614 -0.44   0.38   0.477 -0.1    0.699  0.83   0.267 -0.81
  0.83  -1.636  1.116  0.81   0.6   -0.87  -0.632  0.97   0.81  -0.86
  0.223  1.249  0.913 -0.09  -0.25   0.34   0.564 -0.27   0.86   0.35
 -0.33   0.54 ][-0.138  0.7   -0.4    0.7    0.77  -0.98   0.94  -0.42   1.474  0.55
  0.14   0.614 -0.44   0.38  -0.62  -0.428  0.699  0.83  -0.32  -0.81
  0.83  -0.664  0.82   0.81   0.6   -0.87  -0.632  0.97   0.81  -0.125
 -0.11   1.249  0.913 -0.09  -0.25   0.34   0.419 -0.27   0.86   0.35
 -0.33   0.54 ][-0.21   1.042 -0.4    0.7    1.334 -0.98   0.94  -0.42   0.58   0.55
  0.14   0.614 -0.44   0.38  -0.62  -0.1    0.699  0.83  -0.32  -0.81
  0.83  -0.664  1.72   0.839  1.514 -0.87   0.074  0.97   0.81  -0.86
 -0.11   0.172  0.913 -0.09  -0.25   0.34   0.564 -0.27   0.86   0.35
 -0.895 -0.538][-0.21   1.042 -0.4   -0.24   1.364 -0.98   0.94  -0.42  -0.263  0.55
  0.14   0.8   -0.44   0.38  -0.62  -0.1    0.699  0.063  0.267 -0.81
  0.83  -1.636  0.82   0.81   0.6   -0.87  -0.632  0.97   0.81  -0.86
 -0.11   1.249  0.391 -0.09  -0.25   0.34   0.61  -0.27   0.638  0.35
 -0.33   0.54 ][-0.21   0.7   -0.4    0.7    1.334 -1.518  0.94  -0.42   0.58   0.55
  0.14   0.8   -0.44   0.38  -0.62  -0.1    0.699  0.83  -0.32  -0.81
  0.83  -0.664  1.388  0.81   1.514 -0.87   0.074  0.97   0.81  -0.86
  0.223  1.249  0.391 -0.09  -0.25   0.941  0.564 -0.27   0.86   0.35
 -0.33   0.54 ][-0.138  0.7   -0.4    0.7    1.364 -0.98   0.94  -0.663  0.58   0.55
  0.14   0.614 -0.44   0.38   0.212 -0.1    0.699  0.83  -0.32  -0.81
  0.83  -1.636  1.116  0.81   0.6   -0.87  -0.632  0.97   0.81  -0.86
  0.223  1.249  0.606 -0.09  -0.25   0.941  0.419 -0.27   0.86   0.35
 -0.33   0.54 ][-0.21   0.7   -0.4    0.7    0.77  -0.98   0.94  -0.42   1.165  0.55
  0.14   0.614 -0.44   0.38   0.212 -0.1   -0.192 -0.15   0.267 -0.81
  0.83  -1.636  0.82   0.81   0.6   -0.87  -0.632  0.97   0.81  -0.86
 -0.11   1.249  0.913 -0.09  -0.25   0.34   0.564 -0.27   0.86   0.35
 -0.33  -0.538][-0.21   0.7   -0.4    0.7    0.77  -1.518  0.94  -0.42   0.58   0.55
  0.14   0.274 -0.44   0.38  -0.62  -0.372  1.371 -0.123 -0.32  -0.311
  0.83  -0.664  0.82   0.81   1.514 -0.87   0.074  0.97   0.81  -1.589
  0.223  1.249  0.391 -0.09  -0.25   0.941  0.564 -0.27   0.86   0.35
 -0.33   0.54 ][-0.663  0.7   -0.4    0.7    0.77  -0.98   0.94  -0.663  0.58   0.55
  0.14   0.614 -0.44   0.38   0.212 -0.1    0.699  0.83  -0.32  -0.81
  0.83  -1.636  1.116  0.81   0.6   -0.87  -0.632  0.97   0.81  -0.86
  0.223  1.249  0.606 -0.09  -0.25   0.941  0.419  0.594  1.212  0.35
 -0.33   0.54 ][-0.138  0.7   -0.4    0.7    0.77  -0.98   0.94  -0.42   0.58   0.55
  0.14   0.274 -0.561  0.38   0.9   -0.372  0.699 -0.123 -0.32  -0.81
  0.83  -1.636  0.82   0.81   0.6   -0.87  -0.632  0.97   0.81  -0.86
 -0.11   1.249  0.606 -0.09  -0.25   0.941  0.419 -0.27   0.86   0.35
 -0.33   0.54 ][-0.663  0.7   -0.4    0.7    0.77  -0.98   0.94  -0.42   0.58   0.55
  0.14   0.614 -0.44   0.38  -0.62  -0.1    0.699  0.83  -0.32  -0.209
  0.83  -1.216  1.116  0.81   0.6   -0.87  -0.632  0.97   0.81  -0.86
 -0.882  1.249  0.391 -0.09  -0.25   0.941  0.564 -0.27   0.86   0.35
 -0.33   0.54 ][-0.21   0.7   -0.4    0.7    0.77  -0.98   0.94  -0.42   0.58   0.55
  0.14   0.614 -0.44   0.38   0.212 -0.1    0.699 -0.15   0.267 -0.81
  0.83  -1.636  1.066  0.81   0.6   -0.87  -0.632  0.97   0.81  -0.86
  0.059  1.249  0.913 -0.09  -0.25   0.34   0.61  -0.27   1.212  0.35
 -0.33  -0.538][-0.663  0.7   -0.4    0.7    0.77  -0.98   0.94  -0.42   0.58   0.55
  0.14   0.614 -0.44   0.38  -0.62  -0.1    0.699  0.83  -0.32  -0.81
  0.83  -1.636  1.116  0.81   0.965 -0.87  -0.632  0.97   0.81  -0.86
  0.059  0.3    0.913 -0.4   -0.25   0.34   0.61  -0.27   0.86   0.35
 -0.33   0.54 ][-0.138  0.7   -0.4    0.974  1.364 -0.98   0.94  -0.42   1.474  0.55
  0.14   0.614 -0.44   0.38  -0.62  -0.428  0.699  0.83  -0.32  -0.81
  0.83  -1.636  0.82   0.81   0.6   -0.87  -0.632  0.97   0.81  -0.86
  0.223  1.249  0.913 -0.09  -0.25   0.941  0.419 -0.27   0.86   0.35
 -0.33   0.54 ][-0.21   1.042 -0.4    0.7    0.77  -0.98   0.94  -0.42   0.58   0.55
  0.14   0.274 -0.44   0.38  -0.62  -0.372 -0.192  1.287 -0.32  -0.311
  0.83  -1.636  1.388  0.81   1.514 -0.87  -0.632  0.97   0.81  -0.86
 -0.11   1.249  0.913 -0.09  -0.25   0.34   0.564 -0.27   0.86   0.35
 -0.895 -0.538][-0.21   0.7   -0.4    0.7    0.77  -0.98   0.94  -0.42   0.58   0.55
  0.14   0.614 -0.44   0.38   0.477 -0.723  0.699  0.83  -0.32  -0.209
  0.83  -1.216  0.82   0.81   0.6   -0.87  -0.632  0.97   0.81  -0.86
  0.223  1.249  0.913 -0.09  -0.25   0.34   0.564 -0.27   0.86   0.35
 -0.33   0.54 ][-0.21   0.7   -0.4    0.7    0.77  -0.98   0.94  -0.42   0.58   0.55
  0.14   0.614 -0.44   0.38   0.212 -0.1   -0.192 -0.15   0.565 -0.981
  0.83  -1.636  1.116  0.81   0.6   -0.87   0.04   0.97   0.81  -0.86
 -0.11   1.249  0.913 -0.4   -0.25   0.34   0.564 -0.27   0.86   0.35
 -0.33  -0.538][-0.21   1.042 -0.4    0.7    0.77  -0.98   0.94  -0.42   0.58   0.55
  0.14   0.614 -0.44   0.38  -0.62  -0.1   -0.192 -0.714 -0.32  -0.81
  0.83  -0.664  1.388  0.81   0.6   -0.87   0.074  0.97   0.81  -0.86
 -0.11   1.249  0.913 -0.09  -0.25   0.34   0.564 -0.27   0.86   0.35
 -0.33  -0.538][-0.138  0.7   -0.4    0.7    0.77  -0.98   0.94  -0.42   0.58   0.55
  0.14   0.614 -0.44   0.38   0.212 -0.1    0.699  0.83  -0.32  -0.81
  0.83  -1.636  1.116  0.81   0.6   -0.87  -0.632  0.97   0.81  -0.86
  0.223  1.249  0.913 -0.09  -0.25   0.34  -0.002 -0.27   0.86   0.35
 -0.33   0.54 ][-0.138  0.7   -0.4    0.7    0.77  -0.98   0.94  -0.663  0.58   0.55
  0.14   0.614 -0.768  0.38  -0.62  -0.1    0.699  0.83  -0.32  -0.81
  0.83  -1.636  0.82   0.81   0.965 -0.87  -0.632  0.97   0.81  -0.86
  0.223  1.249  0.913 -0.09  -0.25   0.34   0.419 -0.27   0.86   0.35
 -0.33   0.54 ][-0.21   0.7   -0.4    0.7    0.77  -0.98   0.94  -0.42   0.58   0.55
  0.14   0.614 -0.44   0.38   0.212 -0.1    0.78  -0.15   0.267 -0.81
  0.83  -1.636  1.116  0.81   0.6   -0.87  -0.632  0.97   0.81  -1.432
 -0.11   0.54   0.913 -0.09  -0.25   0.34   0.564 -0.27   0.86   0.35
 -0.33  -0.538][-0.21   0.7   -0.4    0.7    0.77  -0.98   0.94  -0.42   0.58   0.55
  0.14   0.02  -0.615  0.38  -0.62  -0.372 -0.142 -0.123 -0.321 -1.13
  0.83  -1.636  0.82   0.81   0.6   -0.239 -0.632  0.97   0.81  -0.86
 -0.11   1.249  0.913 -0.4   -0.25   0.941  0.564 -0.27   0.86   0.35
 -0.33  -0.122][-0.21   0.7   -0.4    0.7    0.93  -0.98   0.94  -0.663  0.58   0.55
  0.14   0.614 -0.44   0.38   0.212 -0.1    0.699  0.83  -0.32  -0.81
  0.83  -2.052  1.116  0.81   0.6   -0.87   0.256 -0.021  0.81  -0.86
  0.223  1.249  0.606 -0.09  -0.25   0.941  0.564 -0.27   0.86   0.35
 -0.33   0.54 ][-0.663  0.7   -0.4    0.7    0.77  -0.98   0.94  -0.42   0.58   0.55
  0.14   0.614 -0.44   0.38  -0.62  -0.1    0.699  0.83  -0.32  -0.209
  0.83  -1.636  0.82   1.781  0.6   -0.87   0.074  0.97   0.81  -0.86
 -0.11   1.249  0.391 -0.09  -0.25   0.941  0.61  -0.27   1.212  0.35
 -0.33   0.54 ][-0.138  0.7   -0.4    0.7    1.364 -0.98   0.94  -0.663  0.58   0.55
  0.14   0.614 -0.44   0.38   0.212 -0.1    0.699  0.83  -0.32  -0.81
  0.83  -1.636  1.116  0.81   0.6   -0.87  -0.632  0.97   0.81  -0.86
  0.223  1.249  0.606 -0.09  -0.25   0.941  1.12  -0.27   0.86   0.35
 -0.33   0.54 ][-0.663  0.7   -0.4    0.7    0.77  -0.98   0.94  -0.28   0.58   0.55
  0.14   0.614 -0.44   0.38  -0.712 -0.1    0.699  0.83  -0.321 -0.81
  0.83  -1.636  0.82   0.81   0.6   -0.87   0.074  0.97   0.81  -0.86
 -0.11   0.54   0.913 -0.09  -0.25   0.34   0.564 -0.27   0.86   0.35
 -0.33   0.54 ][-0.21   0.7   -0.4    0.7    0.77  -0.98   0.94  -0.42   0.58   0.55
  0.773  0.614 -0.44   0.38  -0.62  -0.1    0.699  0.83  -0.32  -0.81
  0.83  -0.664  0.82   0.81   0.6   -0.87  -0.632  0.97   0.81  -0.125
 -0.11   1.249  0.913 -0.09  -0.25   0.941  0.419 -0.27   0.86   0.35
 -0.33   0.54 ][-0.138  0.7   -0.4    0.7    0.77  -0.98   0.94  -0.42   0.58   0.55
  0.14   0.614 -0.44   0.38  -0.62  -0.505  0.699  0.83  -0.32  -0.81
  0.83  -0.664  0.82   0.81   0.6   -0.87  -0.632  0.97   0.81  -0.86
 -0.11   0.172  0.913 -0.09  -0.25   0.34   0.564 -0.27   0.86   0.35
 -0.33  -0.538][-0.663  0.7   -0.4    0.7    0.77  -0.98   0.94  -0.42   0.58   0.55
  0.14   1.457 -0.44   0.38  -0.62  -0.1   -0.192 -0.15   0.267 -0.81
  0.83  -1.636  1.116  0.81   0.6   -0.87  -0.632  0.97   0.81  -0.86
  0.223  1.249  0.913 -0.4   -0.25   0.34   0.564 -0.27   0.86   0.35
 -0.33  -0.538][-0.21   0.432 -0.4    0.7    0.77  -0.98   0.94  -0.42   0.58   0.55
  0.14   0.8   -0.44   0.38  -0.62  -0.1    0.78   0.83  -0.32  -0.81
  0.83  -1.636  1.388  0.81   1.514 -0.87   0.074  0.97   0.81  -0.86
 -0.11   0.54   0.391 -0.09  -0.25   0.941  0.564 -0.27   0.86   0.35
 -0.33  -0.538][-0.138  0.7   -0.4    0.66   0.77  -0.98   0.94  -0.42   1.474  0.55
  0.14   0.02  -0.44   0.38   0.212 -0.428  0.699  0.83  -0.32  -0.981
  0.83  -1.636  0.82   0.81   0.6   -0.87   0.04   0.97   0.81  -0.86
 -0.11   1.249  0.913 -0.09  -0.25   0.34   0.564 -0.27   0.86   0.35
 -0.33  -0.538][-0.21   1.042 -0.4   -0.24   1.364 -0.98   0.94  -0.42  -0.263  0.55
  0.14   0.614 -0.44   0.38  -0.62  -0.1    0.699  0.83   0.267 -0.81
  0.83  -0.664  0.82   0.839  0.6   -0.87   0.074  0.97   0.81  -0.86
 -0.11   1.249  0.913 -0.09  -0.25   0.34   0.61   0.502  0.86   0.35
 -0.33   0.54 ][-1.242  0.7   -0.4    0.7    0.77  -0.98   0.94  -0.42   0.58   0.55
  0.14   0.614 -0.44   0.38   0.212 -0.372  0.78  -0.15  -0.321 -0.81
  0.83  -1.636  1.116  0.81   0.6   -1.486 -0.632  0.97   0.81  -0.86
 -0.11   1.249  0.913 -0.09  -0.25   0.34   0.61  -0.27   0.86   0.35
 -0.33  -0.538][-1.242  0.7   -0.4    0.7    0.77  -0.98   0.94  -0.42   0.58   0.55
  0.14   0.02  -0.44   0.38   0.212 -0.372  0.699 -0.123 -0.32  -0.209
  1.721 -0.664  0.82   0.81   0.6   -0.87  -0.632  0.97   0.81  -0.86
 -0.11   1.249  0.913 -0.09  -0.25   0.941  0.61  -0.27   0.86   0.35
 -0.33   0.76 ][-0.663  0.7   -0.4    0.7    0.77  -0.98   0.94  -0.42   0.58   0.55
  0.14   0.02  -0.44   0.38   0.212 -0.1    0.699  0.83  -0.32  -0.81
  0.83  -0.664  1.116  0.81   0.6   -0.87  -0.632  0.97   0.81  -0.86
  0.059  1.249  0.391 -0.09  -0.25   0.941  0.736 -0.27   0.86   0.35
 -0.33   0.54 ][-0.21   1.042 -0.4    0.7    0.77  -0.98   0.94  -0.42   1.484  0.55
  0.14   0.614 -0.44   0.38  -0.62  -0.1   -0.192  0.83  -0.321 -0.81
  0.83  -0.664  1.388  0.75   0.6   -0.87   0.074  0.97   0.81  -0.86
 -0.11   1.11   0.913 -0.09  -0.25   0.34   0.61  -0.27   0.86   0.35
 -0.33   0.54 ][-0.663  0.7   -0.4    0.7    0.77  -0.98   0.94  -0.42   0.58   0.55
  0.14   0.274 -0.44   0.38   0.212 -0.372  0.699 -0.123 -0.32  -0.311
  0.83  -1.636  0.82   0.81   0.6   -0.87  -0.632  0.97   1.187 -0.86
  0.059  1.249  0.606 -0.09  -0.25   0.941  0.61  -0.27   1.212  0.35
 -0.33   0.54 ][-0.21   0.7   -0.4    0.7    0.903 -0.98   0.94  -0.42   0.58   0.55
  0.14   0.274 -0.44   0.38   0.212 -0.1    0.699  0.83  -0.32  -0.209
  0.83  -1.636  0.82   0.81   0.6   -0.87   0.074  0.97   0.81  -0.86
 -0.11   1.249  0.606 -0.09  -0.25   0.941  0.564 -0.27   0.86   0.35
 -0.33   0.54 ][-0.138  0.7   -1.288  0.7    1.364 -0.98   0.94  -0.663  0.58   0.55
  0.14   0.614 -0.561  0.38   0.212 -0.372  0.699 -0.123 -0.32  -0.311
  0.83  -0.664  0.82   0.81   0.6   -0.87  -0.632  0.97   0.81  -0.86
 -0.11   1.249  0.606 -0.09  -0.25   0.941  0.564 -0.27   0.86   0.35
 -0.33   0.54 ][-0.138  0.139 -0.4    0.7    0.77  -0.98   1.78  -0.42   0.58   0.55
  0.14   0.614 -0.44   0.38   0.212 -0.1   -0.192  0.83   0.267 -0.81
  0.83  -1.636  1.116  0.81   0.6   -0.87  -0.632  0.97   0.81  -0.86
  0.223  1.249  0.606 -0.09  -0.25   0.941  0.419 -0.27   0.86   0.35
 -0.33   0.54 ][-0.663  0.7   -0.323  0.7    0.77  -0.98   0.94  -0.28   0.58   0.55
  0.14   0.02  -0.615  0.38  -0.62  -0.1    0.699  0.83  -0.321 -0.81
  0.205 -1.636  1.116  0.81   0.6   -0.87  -0.632  0.97   0.81  -0.86
  0.223  1.249  0.913 -0.4   -0.25   0.34   0.564 -0.27   0.86   0.35
 -0.33  -0.122][-0.21   0.7   -0.4    0.7    0.77  -0.98   0.94  -0.663  0.58   0.55
  0.14   0.614 -0.44   0.38   0.212 -0.1   -0.192 -0.15  -0.32  -0.81
  0.83  -1.636  1.116  0.81   1.419 -0.87  -0.632  0.97   0.81  -0.86
 -0.11   1.249  0.913 -0.09  -0.25   0.941  0.419 -0.27   0.86   0.35
 -0.33  -0.538][-1.242  0.7   -0.4    0.7    0.77  -0.98   0.94  -0.42   0.58  -0.114
  0.14   0.02  -0.44   0.38   0.212 -0.1    0.699  0.83  -0.321 -0.81
  0.83  -1.636  0.82   0.81   0.6   -0.87  -0.632  0.97   0.81  -0.86
 -0.11   1.249  0.913 -0.4   -0.25   0.34   0.61  -0.27   0.86   0.35
 -0.33   0.76 ][-0.21   0.7   -0.4    0.7    0.93  -0.98   0.94  -0.647  0.58   0.55
  0.14   0.274 -0.561  0.38  -0.62  -0.1    0.699  0.83  -0.321 -0.81
  0.83  -0.664  0.82   0.81   0.6   -0.87   0.256  1.227  0.81  -0.86
 -0.11   1.249  0.913 -0.09  -0.25   0.941  0.564 -0.27   0.86   0.35
 -0.33   0.54 ][-0.138  0.7   -0.4    0.7    1.364 -0.98   0.94  -0.42   0.58   0.55
  0.14   0.614 -0.44   0.38   0.212 -0.1    0.699  0.83   0.267 -0.81
  0.83  -1.636  1.116  0.81  -0.286 -0.87  -0.632  0.97   0.81  -0.86
  0.059  1.249  0.606 -0.09  -0.25   0.941  0.564 -0.27   0.86   0.35
 -0.33   0.54 ][-0.21   0.7   -0.4    0.7    0.77  -0.98   0.94  -0.42   0.58   0.55
  0.14   0.614 -0.561  0.717  0.212 -0.1    0.699 -0.15  -0.321 -0.81
  0.83  -0.664  0.82   0.81   0.6   -0.87  -0.632  0.97   0.81  -0.86
 -0.11   1.249  0.913 -0.09  -0.25   0.941  0.564 -0.27   0.86   0.35
 -0.33   0.54 ][-0.663  0.7   -0.4    0.7    0.77  -0.98   0.94  -0.42   0.58   0.55
  0.14   0.614 -0.44   0.38  -0.62  -0.1    0.699  0.83  -0.32  -0.209
  0.83  -1.216  0.82   0.81   0.6   -0.87   0.074  0.97   0.81  -0.86
  0.223  0.472  0.913 -0.4   -0.25   0.34   0.564 -0.27   0.86   0.35
 -0.33   0.54 ][-1.242  0.7   -0.4    0.7    0.77  -0.98   0.94  -0.42   0.58   0.55
  0.14   0.614 -0.44   0.38   0.212 -0.1   -0.192 -0.123 -0.321 -0.81
  0.83  -0.712  1.116  0.81   0.6   -0.87  -0.632  0.97   0.81  -0.86
 -0.11   1.249  0.913 -0.09  -0.25   0.34   0.564 -0.27   0.86   0.35
 -0.33  -0.538][-0.21   1.042 -0.4    0.7    0.77  -0.98   0.94  -0.42   0.58   0.55
  0.14   0.02  -0.44   0.38   0.212 -0.372 -0.192  0.83   0.64  -0.81
  0.83  -0.664  1.116  0.839  1.514 -0.87  -0.632  0.97   0.81  -0.86
 -0.11   1.249  0.913 -0.09  -0.25   0.941  0.61  -0.27   0.86   0.35
 -0.33  -0.538][-0.21   0.7   -0.4    0.7    1.364 -0.98   0.94  -0.42   0.58   0.55
  0.14   0.614 -0.44   0.38   0.212 -0.1    0.699  0.83   0.267 -0.81
  0.83  -1.636  1.116  0.81   0.6   -0.87  -0.632  0.97   0.81  -0.86
  0.223  1.249  1.439 -0.09  -0.25   0.941  0.564 -0.27   0.86   0.35
 -0.33   0.54 ][-0.21   0.7   -0.4    0.7    0.77  -0.98   0.94  -0.42   1.191  0.55
  0.14   0.02  -0.561  0.38   0.212 -0.372  0.699 -0.15  -0.321 -0.311
  0.83  -1.636  0.82   0.81   0.6   -0.87   0.04   0.97   0.81  -0.86
 -0.11   0.54   0.913 -0.4   -0.25   0.34   0.564 -0.27   0.86   0.35
 -0.33  -0.538][-0.21   1.042 -0.4    0.7    0.77  -0.98   0.94  -0.42   0.58   0.55
  0.14   0.614 -0.44   0.38   0.212 -0.1   -0.192  0.83  -0.32  -0.81
  0.83  -1.636  1.388  0.81   0.6   -0.87   0.074  0.97   0.81  -0.86
  0.223  0.172  0.913 -0.635 -0.25   0.34   0.564 -0.27   0.86   0.35
 -0.33  -0.538][-0.21   0.7   -0.4    0.7    0.77  -0.98   0.94  -0.42   0.58   0.596
  0.14   0.614 -0.561  0.38   0.212 -0.1    0.699  0.83  -0.32  -0.311
  0.83  -1.636  0.82   0.81   0.6   -0.87  -0.632  0.97   0.81  -0.86
 -0.11   1.249  0.606 -0.09  -0.25   0.941  0.564 -0.27   0.86   0.35
 -0.33   0.54 ][-0.21   0.7   -1.288  0.7    0.77  -0.98   0.94  -0.663  0.58   0.55
  0.14   0.274 -0.44   0.38   0.212 -0.1    0.699  0.83  -0.32  -0.81
  0.83  -1.636  1.116  0.81   0.6   -0.87   0.074  0.97   0.81  -0.86
  0.223  1.249  0.913 -0.09  -0.25   0.941  0.419 -0.27   0.86   0.35
 -0.33   0.54 ][-0.663  0.7   -0.4    0.7    0.77  -0.98   0.94  -0.42   0.58   0.55
  0.14   0.614 -0.44   0.38  -0.62  -0.1    0.699  0.83  -0.32  -0.81
  0.83  -1.636  1.116  0.81   0.6   -0.87  -0.632  0.97   0.81  -0.86
  0.223  1.249  0.913 -0.4   -0.25   0.941  0.564 -0.27   0.86   0.35
 -0.33   0.611][-0.21   1.042 -1.329  0.7    0.77  -0.98   0.94  -0.42   0.58   0.55
  0.14   0.8   -0.44   0.38  -0.62  -0.1   -0.192  0.063  0.267 -0.81
  0.83  -1.636  0.82   0.839  0.6   -0.87   0.074  0.97   0.81  -0.86
 -0.11   1.249  0.913 -0.09  -0.25   0.34   0.564 -0.27   0.86   0.35
 -0.33   0.54 ][-0.21   0.7   -0.4   -0.018  0.77  -0.98   0.94  -0.42   0.58   0.55
  0.14   0.274 -0.44   0.38   0.212 -0.372  0.699  0.83  -0.32  -0.311
  0.83  -1.636  1.116  0.81   0.6   -0.87  -0.632  0.97   0.81  -0.86
  0.059  1.249  0.391 -0.09  -0.25   0.941  0.564 -0.27   0.86   0.35
 -0.33   0.54 ][-0.138  0.7   -0.4    0.7    1.364 -0.98   0.94  -0.663  0.58   0.55
  0.14   0.614 -0.44   0.38   0.212 -0.153  0.699  0.83  -0.32  -0.81
  0.83  -1.216  1.116  0.81   0.6   -0.87  -0.632  0.97   0.81  -0.86
 -0.11   1.249  0.606 -0.09  -0.25   0.941  0.564 -0.27   0.86   0.35
 -0.33   0.54 ][-0.663  1.042 -0.323  0.7    0.77  -0.98   0.94  -0.42   0.58   0.55
  0.14   0.614 -0.44   0.38   0.212 -0.1   -0.194  0.83  -0.321 -0.81
  0.83  -0.664  1.116  0.81   1.514 -0.87   0.074  0.97   0.81  -0.86
  0.223  1.249  0.913 -0.09  -0.25   0.34   0.564 -0.27   0.86   0.35
 -0.895 -0.538][-0.21   0.7   -0.4    0.7    0.77  -0.98   0.94  -0.42   0.58   0.55
  0.14   0.274 -0.44   0.38   0.212 -0.1   -0.192 -0.15  -0.32  -0.214
  0.83  -1.216  0.82   0.81   0.6   -0.87   0.074  0.97   0.81  -0.86
 -0.11   1.249  0.913 -0.09  -0.25   0.941  0.564 -0.27   0.86   0.35
 -0.33  -0.538][-0.138  1.073 -0.4    0.7    1.364 -0.98   0.94  -0.663  0.58   0.55
  0.14   0.614 -0.44   0.38  -0.62  -0.1    0.699  0.83  -0.32  -0.81
  0.83  -0.664  1.116  0.839  0.6   -0.87  -0.632  0.97   0.81  -0.86
 -0.11   1.249  0.606 -0.09  -0.25   0.941  0.419 -0.27   0.86   0.35
 -0.33   0.54 ]