[-0.21   1.012 -0.4    0.7    0.77  -0.98   1.031 -0.42   0.203  0.296
  0.789  0.614 -0.44   0.38   0.212 -0.1   -0.192 -0.123 -0.321 -0.81
  0.83  -1.636  0.808  1.003  1.144  0.057 -0.632  0.97   0.81  -0.86
  0.059  1.249  0.606 -0.08  -0.25   0.941  0.564 -0.27   0.86   0.35
 -0.33   0.54 ][-0.21   0.7   -0.4    0.7    0.93  -0.032  1.78  -0.42   1.199  1.002
  0.789  0.614 -0.44   0.161 -0.781  0.167  0.699  0.83  -0.321 -0.81
  1.262 -1.636  0.808  0.253  0.6    0.038 -0.632  0.97   0.81  -0.86
 -0.882  1.249  0.606 -0.08  -0.25   0.941  0.564 -0.27   0.86   0.13
 -0.33   0.54 ][-0.21   0.7   -0.4    0.7    0.93  -0.032  1.031 -0.42   1.199 -0.253
  0.789  0.614 -0.44   0.161  0.212 -0.1    0.699  0.83  -0.321 -0.81
  1.262 -1.636  0.527  0.253  0.6    0.038 -0.632  0.966  0.81  -0.17
  0.059  1.249  0.913 -0.08  -0.25   1.469  0.564 -0.27   0.86   0.35
  0.106  0.54 ][-0.21   1.375 -0.4    0.7    0.93  -0.032  1.78  -0.42   1.199  1.002
  0.14   0.614 -0.44   0.161  0.212  0.167  0.699  0.83  -0.321 -0.81
  1.262 -0.664  1.116  1.003  0.6   -0.572 -0.632  0.966  0.81  -0.86
 -0.882  1.249  0.913 -0.08  -0.25   0.941  0.564 -0.27   0.86   0.35
 -0.33   0.54 ][-0.21   0.7   -0.4    0.406  0.93  -0.98   1.78  -0.42  -0.062  0.296
  0.14   0.614 -0.44   0.38   0.212 -0.1    0.617 -0.123  0.647 -0.81
  0.83  -1.636  0.808  0.253  0.6    0.094 -0.632  0.97   0.81  -0.86
 -0.882  1.249  0.606 -0.09  -0.25   0.941  0.564 -0.27   0.86   0.35
 -0.33   0.54 ][-0.21   0.7   -0.4    0.7    0.77  -0.98   1.78  -0.42  -0.062  1.002
  0.789  1.225 -0.44   0.38   0.212 -0.1    0.699  0.83  -0.321 -0.81
  1.262 -1.636  0.808  0.253  0.6    0.038 -0.632  0.97   0.81  -0.86
  1.016  1.249  0.606 -0.09  -0.25   0.941  0.564 -0.27   0.86   0.13
 -0.33   0.54 ][-0.21   0.7    0.372  0.406  0.93  -0.98   1.78  -0.42   0.142  0.296
  0.14   0.614 -0.44   0.717  0.212 -0.1    0.617  0.83  -0.321 -0.81
  0.83  -1.636  1.116  0.281  0.6    0.094 -0.632  0.97   0.81  -0.86
 -0.882  1.249  0.606 -0.08  -0.25   0.941  0.564 -0.27   0.86   0.35
 -0.33   0.54 ][-0.21   0.7   -0.4    0.7    0.93  -1.45   1.78  -0.42   1.199  0.296
  0.789  0.614 -0.44   0.38   0.212 -0.1   -0.192 -0.123 -0.321 -0.81
  0.83  -1.636  0.808  0.253  0.6    0.057 -0.632  0.97   0.415 -0.86
  1.016  1.249  0.606 -0.09  -0.25   0.941  0.564 -0.27   0.86   0.35
 -0.33   0.54 ][-0.21   0.7   -0.4    0.7    0.93  -0.032  1.78  -0.42   1.199  1.002
  0.789  0.614 -0.44   0.717 -0.781  0.167  0.699  0.83  -0.321 -1.147
  1.262 -0.491  0.808  0.281  0.6    0.038 -0.632  0.966  0.81  -0.86
  0.059  1.249  0.606 -0.09  -0.25   0.941  0.564 -0.27   0.86   0.13
 -0.33   0.54 ][-0.21   0.7   -0.4    0.7    0.77  -0.98   1.78  -0.42   0.142  0.55
  0.14   0.614 -0.561  0.38   0.212 -0.1   -0.192  0.31  -0.321 -0.81
  0.83  -0.664  1.116  0.253  0.6    0.057 -0.632  0.97   0.81  -0.86
 -0.882  1.249  1.295 -0.09  -0.25   1.469  0.564 -0.27   0.86   0.35
 -0.33   0.54 ][-0.21   1.012 -0.4    0.7    0.93  -0.98   1.78  -0.42   1.199  0.55
  0.14   0.614 -0.44   0.161  0.212 -0.1   -0.192 -0.123 -1.023 -0.81
  0.83  -1.636  1.116  1.003  0.6    0.057 -0.632  0.97   0.81  -0.543
  0.059  1.249  0.606 -0.09  -0.25   0.941  0.564 -0.27   0.86   0.35
 -0.33   0.54 ][-0.21   0.7   -0.4    0.7    0.93  -0.032  1.78  -0.42  -0.062  1.002
  0.789  0.614 -0.44   0.161  0.212 -0.1    0.699  0.83  -0.321 -0.81
  0.83  -1.636  1.116  0.253  0.6    0.057 -0.385  0.966  0.81  -0.86
 -0.882  1.249  0.913 -0.09  -0.25   0.941  0.564 -0.27   0.86   0.35
 -0.33   0.54 ][-0.21   0.7    0.284  0.7    0.77  -0.98   1.031 -0.42   0.142  0.55
  0.789  0.614 -0.44   0.717  0.212 -0.454  0.699  0.83   0.267 -0.81
  0.83  -1.636  1.116  1.003  0.6   -0.87  -0.632  0.97   0.81  -0.86
 -0.882  1.249  0.606 -0.08  -0.25   0.941  0.564 -0.27  -0.131  0.35
 -0.33   0.54 ][-0.21   1.012 -0.4    0.7    0.93  -0.319  1.78  -0.42   1.199  0.55
  0.789  0.614 -0.44   0.161  0.482 -0.1   -0.192 -0.123 -0.321 -0.81
  0.83  -1.636  1.116  1.003  0.6   -0.87  -0.632  0.97   0.81  -0.543
  0.059  1.249  0.606 -0.08  -0.25   0.941  0.564 -0.27   0.86   0.35
 -0.33   0.54 ][-0.21   0.7   -0.4    0.7    0.77  -0.98   1.78  -0.42   1.199 -0.253
  0.14   0.614 -0.947  0.161  0.212 -0.1   -1.056 -0.123 -0.321 -0.81
  1.854 -1.636  1.116  0.253  0.6    0.038 -0.632  0.97   0.81  -0.17
 -0.882  1.249  0.913 -0.09  -0.25   1.469  0.564 -0.27   0.86   0.35
 -0.33   0.54 ][-0.21   0.7   -0.4    0.7    0.93  -0.907  1.78  -0.42   1.199  0.296
  0.789  0.614 -0.44   0.161  0.212  0.167  0.699 -0.277 -0.321 -0.81
  0.83  -1.636  0.808  1.003  0.6    0.038 -0.632  0.97   0.81  -0.86
 -0.882  1.249  0.606 -0.08  -0.25   1.124  0.564 -0.27   0.86   0.35
 -0.33   0.54 ][-0.21   0.7   -0.4    0.7    0.77  -1.45   1.78  -0.42  -0.062  0.55
  0.14   0.614 -0.44   0.38   0.212 -0.1    0.699 -0.123 -0.321 -0.81
  0.83  -1.636  1.116  0.253  0.6    0.057 -0.632  0.97   0.81  -0.86
 -0.754  1.249  0.606 -0.09  -0.25   0.941  0.564 -0.27   0.86   0.35
 -0.33   0.54 ][-0.21   0.7   -0.4    0.7    0.77  -0.032  1.78  -0.473 -0.062  0.296
  0.789  0.614 -0.44   0.161  0.212  0.167 -0.192  0.83  -0.321 -0.81
  0.83  -0.664  0.808  1.003  0.6   -0.572 -0.632  0.966  0.81  -0.86
  1.016  1.249  0.606 -0.08  -0.25   0.941  0.564 -0.27   0.86   0.35
 -0.33   0.54 ][-0.21   1.012 -0.4    0.7    0.93  -0.032  1.78  -0.42   1.199  0.55
  0.789  0.614 -0.44   0.161 -0.244 -0.1    0.699 -0.123 -0.321 -0.81
  0.83  -1.636  1.116  1.003  0.6   -0.87  -0.632  0.966  0.81  -0.86
  0.059  1.249  0.606 -0.09  -0.25   0.941  0.564 -0.27   0.86   0.35
 -0.33   0.54 ][-0.21   1.012 -0.4    0.7    0.93  -1.45   1.78  -0.42   1.199  0.55
  0.14   0.614 -0.44   0.161  0.212 -0.1    0.699 -0.123 -0.321 -0.81
  1.262 -1.636  1.116  1.003  0.6   -0.572 -0.632  0.97   0.81  -1.704
 -0.882  1.249  0.606 -0.09  -0.25   0.941  0.564 -0.27   0.86   0.35
 -0.33   0.54 ][-0.21   0.7   -0.4    0.459  0.77  -0.98   1.78  -0.42  -0.062  1.002
  0.789  0.614 -0.44   0.38   0.212 -0.1    0.699  0.83  -0.321 -0.81
  1.262 -1.636  0.808  1.003  0.6    0.057 -0.632  0.97   0.81  -0.86
  1.016  1.249  0.606 -0.09  -0.25   0.941  0.564 -0.27   0.86   0.35
 -0.33   0.54 ][-0.21   1.012 -0.4    0.7    0.77  -0.319  1.78  -0.42   1.199  0.55
  0.789  0.614 -0.44   0.38   0.482 -0.1   -0.192 -0.123 -0.321 -0.81
  0.837 -1.636  1.116  1.003  1.144 -0.87  -0.632  0.97   0.81  -0.86
  0.059  1.249  0.606 -0.08  -0.25   0.941  0.564 -0.27   0.86   0.35
 -0.33   0.54 ][-0.21   0.7   -0.4    0.406  0.93  -0.98   1.24  -0.42   1.199 -0.253
  0.14   0.614 -0.44   0.161  0.212 -0.1    0.699 -0.123  0.647 -0.81
  0.83  -1.636  0.527  0.253  0.6    0.094 -0.632  0.966  0.81  -0.17
 -0.882  1.249  0.913 -0.09  -0.25   1.469  0.564 -0.27   0.86   0.35
  0.106  0.54 ][-0.21   1.012 -0.4    0.7    0.93  -0.032  1.78  -0.42   1.199  0.55
  0.789  0.614 -0.44   0.161 -0.244 -0.1    0.699 -0.123 -0.321 -0.81
  0.83  -1.636  1.116  1.003  0.6   -0.572 -0.632  0.966  0.81  -1.374
 -0.882  1.249  0.606 -0.09  -0.25   0.941  0.564 -0.27   0.86   0.35
 -0.33   0.54 ][-0.21   0.7   -0.4    0.406  0.93  -0.907  1.78  -0.42  -0.062  0.296
  0.789  0.614 -0.44   0.38   0.212  0.167  0.699 -0.123  0.647 -0.81
  0.258 -1.636  0.808  0.253  0.6    0.038 -0.632  0.97   0.81  -0.86
 -0.882  1.249  0.606 -0.08  -0.25   1.124  0.564 -0.27   0.86   0.35
 -0.33   0.54 ][-0.21   0.7   -0.4    0.7    0.77  -0.98   1.78  -0.42  -0.062  1.002
  0.14   1.051 -0.44   0.161  0.212 -0.1    0.699 -0.123 -0.321 -0.81
  0.83  -1.636  0.808  1.003  0.6    0.057 -0.632  0.97   0.81  -0.543
  1.016  1.249  0.606 -0.09  -0.25   0.941  0.564 -0.27   0.86   0.35
 -0.33   0.54 ][-0.21   0.7   -0.4    0.7    0.93  -1.45   1.78  -0.42   1.199  0.296
  0.789  0.614 -0.44   0.161  0.212 -0.1    0.699  0.83  -0.321 -0.81
  0.83  -2.598  0.808  0.253  0.6    0.057 -0.632  0.97   0.81  -0.86
 -0.882  1.249  0.606 -0.08  -0.25   0.941  0.564 -0.27   0.86   0.35
 -0.33   0.54 ][-0.21   0.7   -0.4    0.7    0.77  -0.98   1.78  -0.42   0.142  0.55
  0.14   0.614 -0.561  0.38   0.212 -0.1   -0.192  0.31   0.121 -0.81
  0.83  -1.636  1.116  0.253  0.6    0.057 -0.632  0.97   0.81  -0.86
 -0.882  1.249  0.606 -0.08  -0.25   0.941  0.564 -0.27   0.86   0.35
 -0.33   0.54 ][-0.21   1.012 -0.4    0.7    0.93  -0.319  1.78  -0.42   1.199  0.55
  0.789  0.614 -0.44   0.161  0.212 -0.1   -0.192 -0.123 -0.321 -0.81
  0.83  -1.636  0.808  1.003  0.6   -1.121 -0.632  0.97   0.81  -0.86
  0.059  1.249  0.606 -0.08  -0.25   0.941  0.564 -0.27   0.86   0.35
 -0.33   0.54 ][-0.21   0.7   -0.007  0.7    0.93  -0.98   1.78  -0.42   0.142  1.002
  0.14   0.614 -0.561  0.161  0.212 -0.1    0.699  0.31  -0.321 -0.81
  0.83  -1.636  1.116  0.253  0.6    0.057 -0.632  0.97   0.81  -0.86
 -0.882  1.249  1.295 -0.09  -0.25   0.941  0.564 -0.27   0.86   0.13
 -0.33   0.54 ][ 0.025  1.012 -0.4    0.7    0.93  -1.45   1.78  -0.42   1.199  1.002
  0.14   0.614 -0.44   0.161  0.212 -0.1    0.699 -0.123 -0.321 -0.81
  1.262 -1.636  1.116  1.003  0.6   -0.572 -0.632  0.97   0.81  -0.86
 -0.882  1.249  0.606 -0.08  -0.25   0.941  0.564 -0.27   0.86   0.35
 -0.33   0.54 ][-0.21   1.012 -0.4    0.7    0.77  -0.98   1.031 -0.42   0.203  1.002
  0.789  0.614 -0.44   0.161  0.212 -0.1    0.699  0.83  -0.321 -0.81
  0.83  -1.636  0.808  0.253  1.144  0.057 -0.385  0.97   0.81  -0.86
 -0.178  1.249  0.606 -0.09  -0.25   0.941  0.564 -0.27   0.86   0.35
 -0.33   0.54 ][-0.21   0.7   -0.4    0.7    0.77  -0.032  1.78  -0.473 -0.062 -0.253
  0.789  0.614 -0.44   0.161  0.212 -0.1   -0.192  0.83  -0.321 -0.81
  1.262 -1.636  0.527  0.253  0.6    0.038 -0.632  0.966  0.81  -0.17
  0.059  1.249  0.606 -0.08  -0.25   0.941  0.564 -0.27   0.86   0.35
  0.628  0.54 ][-0.21   0.7   -0.4    0.7    0.93  -0.032  1.031 -0.42   1.199  0.55
  0.789  0.614 -0.44   0.161  0.212 -0.1    0.699  0.83  -0.321 -0.81
  1.262 -1.636  1.116  0.712  0.6   -0.87  -0.632  0.966  0.81  -0.17
  0.059  1.249  0.913 -0.08  -0.25   1.469  0.564 -0.27   0.86   0.35
 -0.33   0.54 ][-0.21   0.7   -0.4    1.377  0.77  -0.98   1.78  -0.42   1.199 -0.253
  0.14   0.614 -0.44   0.161  0.212 -0.1    0.699 -0.123 -0.321 -0.81
  1.854 -1.636  1.116  1.003  0.6    0.038 -0.632  0.97   0.81  -1.704
 -0.882  1.249  0.913 -0.09  -0.25   1.469  0.564 -0.27   0.86   0.35
 -0.33   0.54 ][-0.21   1.012 -0.4    0.7    0.954 -0.319  1.78  -0.42   1.199  0.55
  0.789  0.614 -0.44   0.161  0.482 -0.1    0.699 -0.123 -0.321 -0.81
  0.83  -1.636  1.116  1.003  0.6   -0.87  -0.632  0.97   0.81  -0.86
  0.059  1.249  0.606 -0.09  -0.25   0.941  0.564 -0.27   0.86   0.35
 -0.33   0.54 ][-0.21   1.448 -0.4    0.7    0.93  -0.98   1.031 -0.42  -0.062  0.296
  0.789  0.614 -0.44   0.38   0.212 -0.1   -0.192 -0.123  0.647 -0.81
  0.83  -1.636  0.808  0.253  1.144  0.094 -0.632  0.97   0.81  -0.86
  0.059  1.249  0.606 -0.08  -0.25   0.941  0.564 -0.27   0.86   0.35
 -0.33   0.54 ][-0.21   1.012 -0.4    0.7    0.77  -0.98   1.78  -0.42   0.203  0.296
  0.14   0.614 -1.032  0.38   0.212 -0.1    0.699 -0.123 -0.321 -0.81
  0.83  -1.636  1.116  1.003  1.144  0.057 -0.632  0.97   0.81  -0.86
 -0.754  1.249  0.606 -0.09  -0.25   0.941  0.564 -0.27   0.86   0.35
 -0.33   0.54 ][-0.21   1.375 -0.4    0.7    0.77  -0.032  1.78  -0.42   1.199  1.002
  0.14   0.614 -0.947  0.161  0.212  0.167  0.699  0.83  -0.321 -0.81
  1.854 -0.664  1.116  0.253  0.6    0.038 -0.632  0.966  0.81  -0.17
 -0.882  1.249  0.913 -0.09  -0.25   1.469 -0.177 -0.27   0.86   0.35
 -0.33   0.54 ][-0.21   1.012 -0.4    0.7    0.93  -1.45   1.78  -0.42   1.199  0.55
  0.14   0.614 -0.44   0.161 -0.244 -0.1    0.699 -0.123 -0.321 -0.81
  0.83  -1.636  1.116  1.003  0.6   -0.87  -0.632  0.97   0.81  -0.86
 -0.882  1.249  0.606 -0.09  -0.25   0.941  0.564 -0.27   0.86  -0.579
 -0.33   0.54 ][-0.21   0.7   -0.4    0.7    0.77  -1.45   1.78  -0.42  -0.062  0.55
  0.14   0.614 -0.44   0.161  0.212  0.167 -0.192  0.851 -0.321 -0.81
  0.83  -0.664  0.808  1.003  0.6   -0.572 -0.632  0.97   0.81  -0.86
  1.016  1.249  0.606 -0.08  -0.25   0.941  0.564 -0.27   0.86   0.35
 -0.33   0.54 ][-0.21   0.7   -0.4    0.7    0.93  -1.45   1.78  -0.42   1.199  0.296
  0.789  0.614 -0.44   0.161  0.212  0.167  0.699 -0.123 -0.321 -0.81
  0.83  -1.636  0.808  0.253  0.6    0.057 -0.632  0.97   0.81  -0.86
 -0.882  1.249  0.606 -0.09  -0.25   0.941  0.564 -0.27   0.86   0.35
 -0.33  -0.188][-0.21   0.7   -0.4    0.7    0.77  -0.98   1.78  -0.42   1.199  0.55
  0.14   0.614 -1.009  0.161  0.212 -0.1   -0.192  0.31  -0.321 -0.81
  1.854 -1.636  1.116  0.253  0.6    0.038 -0.632  0.97   0.81  -0.17
 -0.882  1.249  0.913 -0.09  -0.25   1.469  0.564 -0.27   0.86   0.35
 -0.33   0.54 ][-0.21   0.7   -0.4    0.7    0.93  -0.032  1.78  -0.42   1.199  1.002
  0.789  0.614 -0.44   0.717 -1.307  0.167  0.699  0.83  -0.321 -0.81
  1.262 -1.636  0.808  0.253  0.6    0.038 -0.632  0.97   0.81  -0.86
 -0.882  1.249  0.606 -0.09  -0.25   0.941  0.564 -0.27   0.86   0.13
 -0.33   0.54 ][-0.21   0.7   -0.4    0.7    0.93  -1.45   1.78  -0.42   1.199  0.55
  0.14   0.614 -0.231  0.38   0.212 -0.1    0.699 -0.123 -0.321 -0.81
  1.262 -1.636  1.116  1.003  0.6   -0.572 -0.632  0.97   0.415 -0.86
 -0.882  1.249  0.606 -0.09  -0.25   0.941  0.564 -0.27   0.86   0.35
 -0.33   0.54 ][-0.21   0.7   -0.4    0.7    0.93  -1.45   1.031 -0.42   1.199  0.296
  0.789  0.614 -0.44   0.38   0.212 -0.1   -0.192 -0.123 -0.321 -0.81
  0.83  -1.636  0.808  0.253  0.6    0.038 -0.632  0.966  0.881 -0.17
  0.059  1.249  0.913 -0.08  -0.25   1.469  0.564 -0.27   0.86   0.35
 -0.33   0.54 ][-0.21   0.7    0.372  0.406  0.93  -0.032  1.78  -0.42   0.142  0.296
  0.789  0.614 -0.44   0.161  0.212 -0.1    0.699  0.83  -0.321 -0.81
  0.83  -1.636  0.527  0.253  0.6    0.094 -0.632  0.97   0.81  -0.86
 -0.882  1.249  0.606 -0.08  -0.25   2.221  0.564 -0.27   0.86   0.35
 -0.33   0.54 ][-0.21   0.7   -0.4    0.7    0.93  -0.907  1.78  -0.42   1.199  0.55
  0.14   0.614 -0.44   0.161  0.212 -0.1    0.699 -0.277 -0.679 -0.81
  0.83  -1.636  0.808  1.003  0.6    0.038 -0.632  0.97   0.81  -0.86
 -0.882  1.249  0.606 -0.08  -0.25   1.124  0.564 -0.27   0.86   0.35
 -0.33   0.54 ][-0.21   0.7   -0.4    0.7    0.93  -0.032  1.78  -0.42  -0.062  1.002
  0.789  0.614 -0.44   0.161  0.212  0.167  0.699  1.813 -0.321 -0.81
  1.262 -1.636  0.808  0.253  0.6    0.038 -0.632  0.97   0.81  -0.86
 -0.882  1.249  0.606 -0.09  -0.25   0.941  0.564 -0.27   0.86   0.13
 -0.33   0.54 ][-0.21   1.012 -0.4    0.7    0.93  -0.98   1.78  -0.42   1.199  1.002
  0.789  0.614 -0.44   0.161  0.212  0.167  0.699 -0.123 -0.321 -0.81
  1.262 -1.636  0.808  1.003  1.144  0.057 -0.632  0.97   0.81  -0.86
  0.059  1.249  0.606 -0.08  -0.25   0.5    0.564 -0.27   0.86   0.13
 -0.33   0.54 ][-0.21   0.7   -0.4    0.7    0.93  -1.45   1.78  -0.42   1.199  1.002
  0.789  0.614 -0.44   0.717  0.212 -0.1   -0.192 -0.123 -0.147 -1.147
  1.262 -0.491  0.808  0.281  0.6    0.057 -0.632  0.97   0.415 -0.86
  0.059  1.249  0.606 -0.09  -0.25   0.941  0.564 -0.27   0.86   0.35
 -0.33   0.54 ][-0.21   1.012 -0.4    0.7    0.93  -0.98   1.78  -0.42   1.199  0.55
  0.14   0.614 -0.44   0.38   0.212 -0.1    0.963  0.31  -0.321 -0.81
  0.83  -1.636  1.116  0.253  0.6   -0.572 -0.632  0.97   0.81  -1.704
 -0.882  1.249  0.606 -0.09  -0.25   1.469  0.564 -0.27   0.86   0.35
 -0.33   0.54 ][-0.21   0.7   -0.4    0.7    0.93  -1.45   1.78  -0.42   1.199  0.296
  0.789  0.614 -0.947  0.161  0.212 -0.1   -0.192 -0.123 -0.321 -0.81
  0.83  -0.774  0.808  0.253  0.6    0.057 -0.632  0.97   0.415 -0.86
 -0.882  1.249  0.913 -0.09  -0.25   1.469  0.564 -0.27   0.86   0.35
 -0.33   0.54 ][-0.21   1.012 -0.4    0.7    0.77  -0.98   1.031 -0.42   0.203 -0.253
  0.789  0.614 -0.44   0.38   0.212 -0.1   -1.056 -0.123 -0.321 -0.81
  0.83  -1.636  0.808  1.003  0.6    0.038 -0.632  0.97   0.81  -0.17
 -0.882  1.249  0.606 -0.08  -0.983  0.941  0.564 -0.27   0.86   0.35
 -0.33   0.54 ][-0.21   0.7   -0.4    0.7    0.93  -0.98   1.78  -0.42   1.199  0.296
  0.14   0.614 -0.44   0.38   0.212 -0.1   -0.192 -0.123 -1.023 -0.81
  0.83  -1.636  1.116  0.253  0.6    0.057 -0.632  0.97   0.81  -0.543
 -0.882  1.249  0.606 -0.09  -0.25   0.941  0.564 -0.27   0.86   0.35
 -0.866  0.54 ][-0.21   0.7   -0.4    0.7    0.93  -0.98   1.031 -0.42   0.203  0.296
  0.789  0.614 -0.44   0.38   0.212 -0.1   -0.192 -0.123 -0.321 -0.81
  0.83  -1.636  0.808  1.003  0.6    0.562 -0.632  0.97   0.81  -0.86
  1.016  1.249  0.606 -0.09  -0.25   0.941  0.564 -0.27   0.86   0.35
 -0.33   0.54 ][-0.21   1.012 -0.4    0.7    0.93  -0.032  1.78  -0.42   1.199  0.55
  0.789  0.614 -0.44   0.161 -0.244 -0.1    0.699 -0.123 -0.321 -0.81
  0.83  -1.301  1.116  1.003  0.6   -0.572 -0.632  0.97   0.81  -1.704
  0.059  1.249  0.606 -0.09  -0.25   0.941  0.564 -0.27   0.86   0.35
 -0.33   0.54 ][-0.21   0.7   -0.4    0.7    0.93  -0.98   1.78  -0.42  -0.062  1.002
  0.789  0.614 -0.44   0.161  0.212 -0.1    0.699 -0.931 -0.321 -0.81
  0.83  -1.636  0.808  1.003  0.6    0.057 -0.632  0.97   0.81  -0.86
  0.059  1.249  0.606 -0.09  -0.25   0.941  0.564 -0.27   0.86   0.35
 -0.33   0.54 ][-0.21   0.7   -0.4    0.7    0.93  -0.032  1.78  -0.42  -0.062  0.296
  0.789  0.614 -0.44   0.161  0.212 -0.1    0.617  0.83   0.647 -0.81
  0.83  -1.636  1.116  0.253  0.6    0.094 -0.385  0.97   0.81  -1.125
 -0.882  1.249  0.606 -0.09  -0.25   0.941  0.564 -0.27   0.86   0.35
 -0.33   0.54 ][-0.21   0.7   -0.4    0.406  0.77  -0.98   1.031 -0.42   0.203  0.296
  0.14   0.614 -0.44   0.734  0.212 -0.1   -0.192 -0.123  0.647 -0.81
  0.83  -1.636  0.808  1.003  1.144  0.057 -0.632  0.97   0.81  -0.86
  0.059  1.249  0.606 -0.08  -0.25   0.941  0.564 -0.27   0.86   0.35
 -0.33   0.54 ][-0.21   0.7   -0.4    0.7    0.93  -0.032  1.78  -0.42   1.199  1.002
  0.789  0.614 -0.44   0.161  0.212  0.167  0.699  0.83  -0.321 -0.81
  0.956 -1.636  0.808  1.003  0.6    0.038 -0.632  0.97   0.81  -0.86
 -0.882  1.249  0.606 -0.08  -0.25   0.941  0.564 -0.27   0.86   0.13
 -0.33   0.54 ][-0.21   1.012 -0.4    0.7    0.93  -0.032  1.78  -0.42   0.203  1.002
  0.789  0.614 -0.44   0.38  -0.781  0.167  0.699 -0.123 -0.321 -0.81
  0.83  -1.636  0.808  0.253  0.6    0.057 -0.632  0.97   0.81  -0.86
  0.059  1.249  0.606 -0.47  -0.25   0.941  0.564 -0.27   0.86   0.13
 -0.33   0.54 ][-0.21   0.7   -0.4    0.406  0.77  -0.98   1.78  -0.42   0.142  0.296
  0.14   0.614 -0.44   0.38   0.212 -0.1   -0.192  0.31  -0.321 -0.81
  0.83  -1.636  0.808  0.253  0.6    0.094 -0.632  0.97   0.81  -0.86
 -0.882  1.249  0.606 -0.09   0.712  0.941  0.564 -0.27   0.86   0.35
 -0.33   0.54 ][-0.21   0.7   -0.4    0.7    0.93  -1.45   1.031 -0.42   1.199 -0.253
  0.14   0.614 -0.44   0.161  0.212 -0.1    0.699  0.83  -0.321 -0.81
  1.262 -1.636  0.527  0.253  0.6   -0.572 -0.632  0.97   0.81  -0.17
 -0.785  1.249  0.913 -0.09  -0.25   0.941  0.564 -0.27   0.86   0.35
  0.106  0.54 ][-0.21   0.7   -0.4    0.7    0.93  -0.032  2.195 -0.42   1.199 -0.253
  0.14   0.614 -0.44   0.161  0.212 -0.1    0.699  0.83  -0.321 -0.81
  1.262 -1.636  0.527  0.253  0.6    0.038 -0.632  0.966  0.81  -0.86
 -0.882  1.249  0.913 -0.08  -0.25   1.469  0.564 -0.27   0.86   0.35
  0.106  0.54 ][-0.21   0.7   -0.4    0.7    0.77  -1.45   1.78  -0.42  -0.062  0.55
  0.14   0.614 -0.44   0.38   0.212 -0.1    0.699  0.31  -0.321 -0.81
  0.83  -0.664  1.116  0.253  0.6   -0.683 -0.632  0.97   0.81  -0.86
 -0.754  1.249  1.295 -0.09  -0.25   1.469  0.564 -0.27   0.86   0.35
 -0.33   0.54 ][-0.21   0.7   -0.4    0.7    0.77  -0.032  1.78  -0.42   1.199  0.55
  0.789  0.614 -0.44   0.38  -0.084 -0.1   -0.192  0.83  -0.321 -0.81
  1.262 -0.664  1.116  0.253  0.6    0.057 -0.632  0.966  0.81  -0.17
  0.059  1.249  1.295 -0.09  -0.25   1.469  0.564 -0.27   0.86   0.35
 -0.33   0.54 ][-0.21   0.7   -0.4    0.7    0.93  -1.45   1.78  -0.42   1.199  0.296
  0.789  0.614 -0.44   0.161  0.212  0.167 -0.192 -0.123 -0.321 -0.81
  0.83  -1.636  0.808  0.253  0.6    0.038 -0.632  0.97  -0.139 -0.86
  1.016  1.249  0.606 -0.08  -0.25   0.941  0.564 -0.27   0.86   0.13
 -0.33   0.54 ][-0.21   1.012  0.284  0.7    0.77  -0.98   1.031 -0.42   0.203  0.296
  0.789  0.614 -0.44   0.38   0.212 -0.454 -0.192 -0.123  0.267 -0.81
  0.83  -1.636  1.116  1.003  1.418 -0.87  -0.632  0.97   0.81  -0.86
  0.059  1.249  0.606 -0.08  -0.25   0.941  0.564 -0.27  -0.131  0.35
 -0.33   0.54 ][-0.21   1.012 -0.4    0.7    0.93  -0.907  1.78  -0.42   1.199  0.296
  0.789  0.614 -0.44   0.161  0.482  0.167 -0.192 -0.123 -0.321 -0.81
  0.83  -1.636  1.116  1.003  0.6   -0.972 -0.632  0.97   0.81  -0.86
  0.059  1.249  0.606 -0.08  -0.25   1.124  0.564 -0.27   0.86   0.35
 -0.33   0.54 ][-0.21   0.7   -0.4    0.406  0.93  -0.98   1.78  -0.595  0.142  0.296
  0.789  1.225 -0.44   0.38   0.212 -0.1    0.699  0.83  -0.321 -0.81
  1.262 -1.636  0.808  0.281  0.6    0.038 -0.632  0.97   0.81  -0.86
  1.016  1.249  0.606 -0.09  -0.25   0.941  0.564 -0.27   0.86   0.35
 -0.33   0.54 ][-0.21   0.7   -0.4    0.7    0.77  -0.98   1.78  -0.42  -0.062  1.002
  0.789  1.225 -0.44   0.38   0.212 -0.1    0.699 -0.123 -0.321 -0.81
  0.83  -1.636  1.116  0.253  0.6    0.057 -0.632  0.97   0.81  -0.86
  1.016  1.249  0.606 -0.09  -0.25   0.941  1.55  -0.27   0.86   0.13
 -0.33   0.54 ][-0.21   1.012  0.372  0.7    0.93  -1.45   1.78  -0.42   0.142  0.296
  0.14   0.614 -0.44   0.161  0.212 -0.1    0.699  0.83  -0.321 -0.81
  1.262 -1.636  1.116  0.281  0.6   -0.572 -0.632  0.97   0.81  -1.704
 -0.882  1.249  1.534 -0.09  -0.25   0.941  0.564 -0.27   0.86   0.35
 -0.33   0.54 ][-0.21   0.7   -0.4    0.7    0.77  -1.45   1.78  -0.42  -0.062  1.002
  0.789  0.614 -0.44   0.38   0.212 -0.1    0.699 -0.123 -0.321 -0.81
  0.83  -1.636  0.808  0.253  0.6    0.057 -0.632  0.97   0.81  -0.86
  1.016  1.249  0.806 -0.09  -0.25   0.941  0.564 -0.27   0.86   0.13
 -0.33   0.54 ][-0.21   1.012 -0.4    0.7    0.93  -0.032  1.78  -0.42   1.199  0.55
  0.14   0.614 -0.44   0.161 -0.781  0.167  0.699 -0.123 -0.321 -0.81
  0.83  -1.636  1.116  1.003  0.6    0.038 -0.632  0.97   0.81  -0.86
 -0.882  1.249  0.606  0.811 -0.25   0.941  0.564 -0.27   0.86   0.35
 -0.33   0.54 ]