[-0.21   0.7   -0.4    0.7    0.93  -0.98   1.78  -0.42   1.199  0.296
  0.789  0.614 -0.44   0.161  0.482 -0.1    0.699 -0.123 -0.321 -0.81
  1.262 -0.664  1.116  0.253  0.6   -0.572 -0.632  0.966  0.81  -1.21
 -0.882  1.249  0.913 -0.09  -0.25   0.941  0.564 -0.27   0.86   0.35
 -0.33   0.54 ][-0.21   0.7   -0.4    0.7    0.77  -0.98   1.78  -0.42   0.58   0.55
  0.14   0.614 -0.44   0.717  0.212 -0.1   -0.192 -0.123 -0.321 -0.81
  1.249 -1.438  1.116  1.003  0.6   -0.87  -0.632  0.97   0.81  -0.86
 -0.882  1.249  0.606 -0.09  -0.25   0.941  0.564 -0.27   0.86   0.35
 -0.33   0.54 ][-0.21   0.7   -0.4    0.7    0.77  -0.98   1.78  -0.42   1.199  0.296
  0.14   0.434 -0.44   0.161  0.212 -0.1   -0.192 -0.123 -0.321 -0.81
  0.83  -1.438  1.116  0.81   0.6    0.038 -0.632  0.97   0.81  -0.86
 -0.882  1.249  0.606 -0.09  -0.25   0.941  0.564 -0.27   0.86   0.35
 -0.33   0.54 ][-0.21   0.7   -0.4    0.7    0.93  -0.98   1.78  -0.42   0.142  0.296
  0.882  0.614 -0.44   0.38   0.212 -0.1   -1.056 -0.123 -0.321 -0.81
  0.83  -0.664  1.116  0.434  0.6   -0.87  -0.632  0.97   0.81  -0.86
 -0.882  1.249  0.913 -0.08  -0.25   0.941  0.564 -0.27   0.86   0.35
 -0.33   0.54 ][-0.21   0.7    0.347  0.7    0.77  -0.98   1.78  -0.42   0.142  0.55
  0.789  0.614 -0.44   0.38   0.212 -0.1   -0.192 -0.123  0.267 -0.81
  0.83  -1.636  0.808  0.253  0.6   -0.639 -0.632  0.97   0.81  -0.86
 -0.882  1.249  0.606 -0.09  -0.25   0.941  0.564 -0.27   0.86   0.35
 -0.33   0.54 ][-0.21   0.539 -0.4    0.7    0.93  -1.45   1.78  -0.42   0.203 -0.253
  0.14   0.614 -0.44   0.717  0.212  0.494  0.699  0.83  -0.321 -0.81
  0.83  -1.399  1.116  0.81   0.6   -0.87  -0.632  0.97   0.81  -0.86
  0.059  1.249  0.913 -0.08  -0.25   0.941  0.564 -0.27   0.86   0.35
 -0.33   0.54 ][-0.21   0.7   -0.4    0.7    0.77  -1.038  1.78  -0.42   0.58   0.296
  0.14   0.614 -0.561  0.717  0.212 -0.1    0.699 -0.123 -0.321 -0.81
  1.249 -0.664  1.116  0.81   0.6   -0.87  -0.632  0.97   0.81  -0.86
  0.059  1.249  0.606 -0.09  -0.25   0.941  0.564 -0.27   0.86   0.553
 -0.33   0.54 ][-0.21   0.7   -0.4    0.7    0.77  -0.98   1.78  -0.42   0.58   0.296
  0.14   0.614 -0.236  0.717  0.482 -0.1    0.699 -0.123 -0.321 -0.81
  1.249 -1.216  1.116  0.434  0.6   -0.87  -0.632  0.97   0.81  -0.86
 -0.882  1.249  0.606 -0.09  -0.25   0.941  0.564 -0.27   0.86   0.35
 -0.33   0.54 ][-0.21   0.7   -0.4    0.7    0.77  -0.98   1.78  -0.42   1.199  0.55
  0.14   0.614 -0.44   0.38   0.212  0.494 -1.056 -0.123 -0.321 -0.81
  0.83  -1.438  1.116  0.81   0.6   -0.87  -0.632  0.97   0.81  -0.86
  0.059  1.249  0.913 -0.09  -0.25   0.941  0.564 -0.27   0.86   0.35
 -0.33   0.54 ][-0.21   0.539 -0.4    0.7    0.77  -0.98   1.78  -0.42   1.199  0.296
  0.14   0.614 -0.44   0.38   0.212  0.494 -1.056 -0.123  0.162 -0.81
  0.83  -0.664  1.116  0.924  0.6   -0.87  -0.632  0.97   0.81  -0.86
  0.059  1.249  0.913 -0.08  -0.25   0.941  1.373 -0.27   0.86   0.35
 -0.33   0.54 ][-0.21   0.7   -0.4    0.7    0.77  -0.98   1.78  -0.42   0.58   0.296
  0.14   0.614 -0.44   0.717  0.212 -0.1    0.674 -0.123 -0.321 -0.81
  0.83  -0.664  1.116  0.81   0.6   -0.87  -0.632  0.97   0.81  -0.86
 -0.882  1.249  0.606 -0.09  -0.25   0.941  0.564 -0.27   0.86   0.35
 -0.33   0.54 ][-0.21   0.7   -0.4    0.7    0.93  -0.98   1.78  -0.42   1.199 -0.253
  0.14   0.614 -0.44   0.717  0.482 -0.1    0.617 -0.123  0.267 -0.81
  1.262 -1.216  1.116  0.281  0.6   -0.572 -0.632  0.97   0.81  -0.86
 -0.882  1.249  0.913 -0.09  -0.25   0.941  0.564 -0.27   0.86   0.35
 -0.33   0.54 ][-1.1    0.7   -0.4    0.7    0.93  -0.98   1.78  -0.42   1.199  0.55
  0.14   0.614 -0.44   0.717  0.212 -0.1    0.699  0.835 -0.321 -0.81
  0.83  -0.638  1.116  0.253  0.6   -1.137 -0.632  0.97   0.81  -0.86
  0.059  1.249  0.913 -0.09  -0.25   0.941  0.564 -0.27   0.86   0.35
 -0.33   0.521][-0.21   0.539 -0.4    0.7    0.77  -1.45   1.78  -0.42   1.199 -0.253
  0.14   0.614 -0.44   0.38   0.212 -0.1    0.699  0.83  -0.321 -0.81
  0.83  -0.664  1.116  0.81   0.6   -0.87  -0.632  0.97   0.81  -0.86
  0.059  1.249  0.606 -0.09  -0.25   0.941  0.564 -0.27   0.86  -0.37
 -0.33   0.54 ][-0.21   0.7   -0.4    0.7    0.77  -0.98   1.78  -0.42   1.199  0.296
  0.14   0.614 -0.44   0.161  0.212 -0.1   -0.192 -0.123 -0.113 -0.81
  1.249 -0.664  0.808  0.434  0.6   -0.87  -0.632  0.97   0.81  -0.86
 -0.882  1.249  0.606 -0.09  -0.25   0.941  0.564 -0.27   0.86   0.35
 -0.33   0.54 ][-0.21   0.539 -0.4    0.7    0.77  -1.45   1.78  -0.42   1.199  0.55
  0.14   0.614 -0.561  0.717  0.212 -0.1    0.699  0.83  -0.321 -0.81
  0.83  -0.664  1.116  0.81   0.6   -0.87  -0.632  0.97   0.81  -0.17
  0.059  1.249  0.913 -0.08  -0.25   1.469  0.564 -0.27   0.86   0.35
 -0.33   0.521][-0.21   0.7   -0.4    0.7    0.77  -1.45   1.78  -0.42   1.199  0.55
  0.14   0.614 -0.44   0.717  0.212  0.494 -1.056 -0.123 -0.321 -0.81
  0.83  -1.438  0.882  0.81   0.6   -0.87  -0.632  0.97   0.81  -0.86
  0.059  1.249  0.913 -0.09  -0.25   0.941  0.564 -0.27   0.86   0.35
 -0.33   0.54 ][ 0.446  0.7   -0.4    0.7    0.77  -0.98   1.78  -0.312  1.199 -0.253
  0.14   0.614 -1.418  0.717  0.212 -0.1    0.699 -0.123  0.267  0.144
  0.83  -1.216  0.746  0.253  0.6   -0.87  -0.632  0.97   0.81  -0.86
  0.059  1.249  0.913 -0.09  -0.25   0.941  0.564 -0.27   0.86   0.35
 -0.33   0.54 ][-0.21   0.7   -0.4    0.7    0.77  -0.98   1.78  -0.42   1.199  0.296
  0.789  0.614 -0.44   0.161  0.212 -0.1   -0.192 -0.123 -0.113 -0.81
  0.83  -0.664  0.808  0.822  0.6   -0.87  -0.632  0.97   0.81  -0.86
 -0.882  1.249  0.606 -0.09  -0.25   0.941  0.564 -0.27   0.86   0.35
 -0.33   0.54 ][-0.21   0.7   -0.4    0.7    0.77  -0.98   1.78  -0.536  1.199  0.55
  0.789  0.614 -0.44   0.161  0.212 -0.1   -0.192 -0.123  0.267 -0.81
  0.83  -1.636  0.808  0.253  0.6    0.038 -0.632  0.97   0.553 -0.86
  0.059  1.249  0.606 -0.09  -0.25   0.941  0.564 -0.27   0.86   0.35
 -0.33   0.54 ][-0.21   0.7   -0.4    0.7    0.77  -1.45   1.78  -0.536  1.199 -0.253
  0.14   0.614 -0.44   0.161  0.212  0.494 -0.192 -0.123 -0.321 -0.81
  0.83  -1.636  1.116  0.253  0.6    0.038 -0.632  0.97   0.553 -0.86
  0.059  1.249  0.913 -0.08  -0.25   0.941  0.564 -0.27   0.86   0.35
 -0.003  0.54 ][-0.21   0.7   -0.4    0.7    0.77  -0.98   1.78  -0.42   1.199  0.55
  0.14   0.614 -0.44   0.161  0.212  0.494 -1.056 -0.123 -0.113 -0.81
  1.249 -1.438  0.703  0.434  0.6   -0.87  -0.632  0.97   0.81  -0.86
  0.059  1.249  0.913 -0.09  -0.25   0.941  0.564 -0.27   0.86   0.35
 -0.33   0.54 ][-0.21   0.7   -0.4    0.7    0.77  -0.98   1.78  -0.42  -0.062  0.55
  0.789  0.614 -0.44   0.717  0.212 -0.1   -0.192 -0.123 -0.321 -0.81
  1.249 -1.636  1.116  0.253  0.6    0.038 -0.632  0.97   0.81  -0.86
  0.059  1.249  0.606 -0.09  -0.25   0.941  0.564 -0.27   0.86   0.35
 -0.33   0.54 ][-0.21   0.7   -0.4    0.7    0.93  -0.98   1.78  -0.42   1.199 -0.253
  0.14   0.614 -0.44   0.717  0.212 -0.1   -0.192 -0.123 -0.321 -0.81
  0.83  -0.664  1.116  0.81   0.6   -0.87  -0.632  0.97   0.81  -0.86
  0.375  1.249  0.913 -0.09  -0.25   0.941  0.564 -0.27   0.86   0.35
 -0.33   0.54 ][-0.21   0.7   -0.4    0.7    0.77  -1.038  1.78  -0.536  0.58   0.55
  0.14   0.614 -0.561  0.161  0.212 -0.1   -0.192 -0.123  0.267 -0.81
  0.83  -1.553  1.116  0.81   0.6   -0.87  -0.632  0.97   0.553 -0.86
  0.059  1.249  0.606 -0.09  -0.25   0.941  0.564 -0.27   0.86   0.553
 -0.33   0.54 ][-0.21   0.7   -0.4    0.7    1.669 -0.98   1.78  -0.42   1.199  0.55
  0.14   0.614 -0.44   0.161  0.482 -0.1   -0.192 -0.123  0.267 -0.81
  0.83  -1.216  0.808  0.253  0.6    0.038 -0.632  0.97   0.81  -0.86
 -0.882  1.249  0.606 -0.09  -0.25   0.941  0.564 -0.27   0.86   0.35
 -0.33   0.54 ][-0.21   0.7   -0.4    0.7    0.93  -0.98   1.78  -0.42   1.199  0.296
  0.789  0.614 -0.44   0.161  0.212 -0.1    0.699 -0.277 -0.321 -0.81
  1.262 -1.438  1.116  0.253  0.6   -0.87  -0.632  0.97   0.81  -0.86
 -0.882  1.249  0.913 -0.09  -0.25   0.941  0.564 -0.27   0.86   0.35
 -0.33   0.54 ][-0.21   0.7    0.144  0.7    0.93  -0.98   1.78  -0.42   1.199  0.296
  0.882  0.614 -0.44   0.161  0.482 -0.1   -1.056 -0.123 -0.321 -0.81
  0.83  -0.664  1.116  0.253  0.6   -0.572 -0.632  0.97   0.81  -1.21
 -0.882  1.249  0.913 -0.09  -0.25   0.941  0.564 -0.27   0.86   0.35
 -0.33   0.54 ][-0.21   0.7   -0.4    0.7    0.77  -0.98   1.78  -0.42   0.142  0.296
  0.14   0.614 -0.44   0.38   0.212 -0.1   -0.192 -0.123 -0.321 -0.81
  0.83  -1.636  0.808  0.253  0.6    0.057 -0.632  0.97   0.81  -0.86
 -0.882  1.249  0.606 -0.09  -0.25   0.941  0.564 -0.27   0.86   0.35
 -0.33   0.54 ][-0.21   0.7   -0.4    0.7    0.77  -0.98   1.78  -0.42   1.199  0.296
  0.14   0.614 -0.44   0.717  0.482 -0.1    0.699 -0.123 -0.321 -0.81
  1.249 -0.664  1.116  1.003  1.426 -0.572 -0.632  0.966  0.81  -0.86
 -0.882  1.249  0.913 -0.09  -0.25   0.941  0.564 -0.27   0.86   0.35
 -0.33   0.54 ][-0.21   0.7   -0.4    0.7    0.77  -1.038  1.78  -0.42   0.58   0.296
  0.14   0.614 -0.44   0.717  0.212 -0.1    0.699 -0.123 -0.321 -0.81
  0.83  -0.664  1.116  0.81   0.6   -0.87  -0.632  0.97   0.81  -0.86
 -0.882  1.249  0.606 -0.09  -0.25   0.941  0.564 -0.27   0.86   0.151
 -0.33   0.54 ][-0.21   0.7   -0.4    0.7    0.77  -1.45   1.78  -0.42   0.203  0.55
  0.14   0.614 -0.44   0.38   0.212  0.494 -1.056  0.83  -0.321 -0.81
  0.83  -1.438  1.116  0.81   0.6   -0.87  -0.632  0.97   1.514 -0.86
  0.059  1.249  0.913 -0.09  -0.25   0.941  0.564 -0.27   0.86   0.35
 -0.33   0.54 ][-0.21   0.7   -0.4    0.7    0.77  -0.98   1.78  -0.42   1.199  0.55
  0.935  0.614 -0.44   0.161  0.212 -0.1   -0.192 -0.123  0.267 -0.81
  0.83  -1.636  0.808  0.253  0.6   -0.87  -0.632  0.97   0.81  -0.86
 -0.882  1.249  0.606 -0.09  -0.25   0.941  0.564 -0.27   0.86   0.35
 -0.33   0.54 ][-0.21   0.7   -0.4    0.7    0.77  -0.98   1.78  -0.42   1.199  0.296
  0.789  0.614 -0.44   0.161  0.212 -0.1    0.699 -0.123 -0.321 -0.81
  0.83  -0.664  1.116  0.81   0.6    0.038 -0.632  0.97   0.81  -0.86
 -1.102  1.249  0.913 -0.09  -0.25   0.941  0.564 -0.27   0.86   0.35
 -0.33   0.54 ][-0.21   0.539 -0.4    0.7    0.77  -0.98   1.78  -0.42   1.199  0.55
  0.14   0.614 -0.561  0.717  0.212 -0.1   -1.056  0.31  -0.321 -0.81
  0.83  -0.664  1.116  0.81   0.6   -0.87  -0.632  0.97   0.81  -0.86
  0.059  1.249  0.913 -0.09  -0.25   1.469  0.564 -0.27   0.86   0.35
 -0.33   0.54 ][-0.21   0.7   -0.4    0.7    0.77  -1.038  1.78  -0.42   0.58   0.296
  0.14   1.335 -0.561  0.717  0.212 -0.1   -0.192 -0.123 -0.321 -0.81
  1.249 -1.438  1.116  1.003  0.6   -0.87  -0.632  0.97   0.81  -0.86
  0.059  1.249  0.606 -0.09  -0.25   0.941  0.564 -0.27   0.86   0.35
 -0.33   0.54 ][-0.21   0.7   -0.4    0.7    0.93  -0.98   1.78  -0.42   1.199 -0.253
  0.14   0.614 -0.44   0.717  0.482 -0.1   -0.192 -0.123 -0.263 -0.81
  1.249 -1.216  1.116  0.281  0.6   -0.87  -0.632  0.97   0.81  -0.86
 -0.882  1.249  0.913 -0.09  -0.25   0.941  0.564 -0.27   0.86   0.35
 -0.33   0.54 ][-0.21   0.7   -0.4    0.7    0.77  -1.038  1.78  -0.42   1.199  0.453
  0.14   0.614 -0.44   0.717  0.212 -0.1   -1.056 -0.123  0.162 -0.81
  1.249 -0.664  1.116  0.924  0.6   -0.87  -0.632  0.97   0.81  -0.86
  0.059  1.249  0.913 -0.09  -0.25   0.941  1.373 -0.27   0.86   0.553
 -0.33   0.54 ][-0.21   0.7   -0.4    0.7    0.77  -0.98   1.78  -0.42   1.199  0.296
  0.789  0.614 -0.44   0.161  0.212 -0.1   -0.192 -0.123 -0.113 -0.81
  0.83  -1.636  0.808  0.253  0.6   -0.87  -0.632  1.162  0.81  -0.86
 -0.882  1.249  0.606 -0.09  -0.25   0.941  0.564 -0.27   0.86   0.35
 -0.33   0.54 ][-0.21   0.7   -0.4    0.7    0.77  -0.98   1.78  -0.42   0.142  0.296
  0.14   0.614 -0.44   0.38   0.212 -0.1   -0.192 -0.123 -0.321 -0.81
  0.83  -1.438  1.116  0.434  0.6   -0.87  -0.632  0.97   0.81  -0.86
 -0.882  1.249  0.606 -0.09  -0.25   0.941 -0.367 -0.27   0.86   0.35
 -0.33   0.54 ][-0.399  0.539 -0.4    0.7    0.77  -0.98   1.78  -0.536  1.199  0.55
  0.789  0.614 -0.44   0.161  0.212 -0.1   -1.056 -0.123  0.162 -0.81
  0.83  -1.636  1.116  0.924  0.6   -0.87  -0.632  0.97   0.81  -0.86
  0.059  1.249  0.913 -0.09  -0.25   0.941  0.564 -0.27   0.86   0.35
 -0.33   0.54 ][-0.21   0.7   -0.4    0.7    0.93  -0.98   1.78  -0.42   1.199 -0.253
  0.14   0.614 -0.44   0.717  0.482 -0.1    0.617 -0.123 -0.321  0.126
  1.262 -1.216  1.116  0.253  0.6   -0.572 -0.632  0.966  0.81  -1.21
 -0.882  1.249  0.913 -0.09  -0.25   0.941  0.564 -0.27   0.86   0.35
 -0.33   0.54 ][-0.21   0.7   -0.4    0.7    0.77  -0.98   1.78  -0.42   0.58  -0.253
  0.14   0.614 -0.44   0.717 -0.781 -0.1    0.699 -0.123  0.267 -0.81
  0.83  -0.664  0.746  0.81   0.6   -0.87  -0.632  0.97   0.81  -0.86
 -0.882  1.249  0.913 -0.09  -0.25   0.941  0.564 -0.27   0.86   0.35
 -0.33   0.54 ][-0.21   0.7    0.588  0.7    0.93  -0.98   1.78  -0.42   1.199  0.55
  0.14   0.614 -0.44   0.717  0.212  0.494  0.617 -0.123 -0.321 -0.81
  1.262 -1.438  1.116  0.281  0.6   -0.87  -0.632  0.97   0.81  -0.86
 -0.882  1.249  0.913 -0.09  -0.25   0.941  0.564 -0.27   0.86   0.35
 -0.33   0.54 ][-0.21   0.7   -0.4    0.7    0.77  -1.45   1.78  -0.42   0.58   0.55
  0.14   0.614 -0.44   0.717  0.212  0.494  0.699  0.83  -0.321 -0.81
  1.249 -1.399  1.116  0.81   0.6   -0.87  -0.632  0.97   0.81  -0.299
 -0.882  1.249  0.606 -0.08  -0.25   0.941  0.564 -0.27   0.86   0.35
 -0.33   0.54 ][-0.21   0.7   -0.4    0.7    0.77  -0.98   1.78  -0.536  1.199  0.55
  0.051  0.614 -0.44   0.717  0.212 -0.1   -1.056 -0.123 -0.321 -0.81
  0.83  -1.636  0.808  0.81   0.6   -0.87  -0.632  0.97   0.81  -0.86
  0.059  1.249  0.913 -0.09  -0.25   0.941  0.564 -0.27   0.86   0.35
 -0.33   0.54 ][ 0.446  0.7   -0.4    0.7    0.77  -0.98   1.78  -0.312  1.199  0.55
  0.789  0.614 -0.44   0.161  0.212 -0.1   -0.192 -0.123  0.267  0.144
  0.83  -1.216  0.746  0.253  0.6    0.038 -0.632  0.97   0.81  -0.86
  0.059  1.249  0.606 -0.09  -0.25   0.941  0.564 -0.27   0.407  0.35
 -0.33   0.54 ][-0.21   0.7   -0.4    1.047  0.93  -0.98   1.78  -0.42   1.199  0.55
  0.14   0.614 -0.44   0.717  0.212 -0.1    0.617  0.835  0.267 -0.81
  1.262 -0.638  1.116  0.253  0.6   -0.572 -0.632  0.97   0.81  -0.86
 -0.882  1.249  0.913 -0.09  -0.25   0.941  0.564 -0.27   0.86   0.35
 -0.33   0.54 ][-0.21   0.7   -0.4    0.7    0.93  -0.98   1.78  -0.42   0.142  0.296
  0.14   0.614 -0.44   0.717  0.212 -0.1   -1.056 -0.123 -0.321 -0.81
  0.83  -0.664  1.116  0.434  0.6   -0.87  -0.632  0.97   0.81  -0.86
  0.059  1.249  0.913 -0.09  -0.25   0.941 -0.023 -0.27   0.86   0.35
 -0.33   0.54 ][-0.21   0.7   -0.936  0.7    0.77  -0.98   1.78  -0.42   1.199  0.55
  0.789  0.614 -0.44   0.38   0.212 -0.1   -1.056 -0.123 -0.321 -0.81
  0.83  -1.636  1.116  0.81   0.6    0.038 -0.632  0.97   0.553 -0.86
  0.059  1.249  0.913 -0.09  -0.25   0.941  0.564 -0.27   0.86   0.35
 -0.33   0.54 ][-0.21   0.539 -0.579  0.7    0.77  -0.98   1.78  -0.42   1.199  0.296
  0.14   0.614 -0.44   0.161  0.212 -0.1   -0.192 -0.123 -0.113 -0.81
  0.83  -0.664  1.116  0.81   0.6   -0.87  -0.632  0.97   0.81  -0.86
  0.059  1.249  0.913 -0.09  -0.25   0.941  0.564 -0.27   0.86   0.35
 -0.33   0.54 ][-0.21   0.7   -0.4    0.023  0.77  -0.98   1.78  -0.536  0.58   0.55
  0.789  0.614 -0.44   0.161  0.212 -0.1   -0.192 -0.123  0.267 -0.81
  0.83  -1.636  0.808  0.253  0.6    0.038 -0.632  0.97   0.81  -0.86
 -0.882  1.249  0.606 -0.09  -0.25   0.941  0.564 -0.27   0.86   0.35
 -0.33   0.54 ][-0.21   0.7   -0.4    0.7    0.77  -0.98   1.78  -0.536  1.199  0.55
  0.789  0.614 -0.44   0.161  0.212 -0.1    0.699  0.421  0.267 -0.81
  0.83  -1.636  1.116  0.253  0.6    0.038 -0.632  0.97   0.81  -0.86
  0.059  1.249  0.606 -0.09  -0.25   0.941  0.564 -0.27   0.86   0.35
 -0.33   0.521][-0.21   0.539 -0.4    0.7    0.77  -1.45   1.78  -0.42   0.565 -0.253
  0.14   0.614 -0.236  0.38   0.482 -0.1    0.699  0.83  -0.321 -0.81
  0.83  -0.664  1.116  0.434  0.6   -0.87  -0.632  0.97   0.81  -0.86
  0.059  1.249  0.606 -0.09  -0.25   0.941  0.564 -0.27   0.86  -0.37
 -0.33   0.54 ][-0.21   0.7   -0.4    0.7    0.77  -1.45   1.78  -0.536  1.199  0.55
  0.14   0.614 -0.44   0.161  0.212 -0.1    0.699  0.83  -0.321 -0.81
  0.83  -0.664  1.116  0.81   0.6   -0.87  -0.166  0.97   0.553 -0.17
  0.059  1.249  0.606 -0.09  -0.25   0.941  0.564 -0.27   0.86   0.35
 -0.33   0.521][-0.21   0.7   -0.4    0.7    0.77  -0.98   1.78  -0.42   1.199  0.55
  0.14   0.614 -0.44   0.38   0.212  0.494 -1.056 -0.123 -0.321 -0.81
  0.83  -1.438  1.116  0.81   0.6   -0.87  -0.632  0.97   0.81  -0.86
  0.059  1.249  0.606 -0.09  -0.25   0.941  1.18  -0.27   0.86   0.35
 -0.33   0.54 ][-0.21   0.7   -0.4    0.7    0.77  -0.98   1.78  -0.42   0.58  -0.253
  0.14   0.614 -0.44   0.717  0.482 -0.1   -0.192 -0.123  1.07  -0.81
  1.249 -1.216  1.116  1.003  0.6   -0.87  -0.632  0.97   0.81  -0.86
 -0.882  1.249  0.913 -0.09  -0.25   0.941  0.564 -0.27   0.86   0.35
 -0.33   0.54 ][-0.21   0.539 -0.4    0.7    0.77  -1.45   1.78  -0.42   1.199 -0.253
  0.14   0.614 -0.44   0.38   0.212  0.494  0.699  0.83  -0.321 -0.81
  0.83  -1.399  1.116  0.81   0.6   -0.87  -0.632  0.97   0.81  -0.86
  0.059  1.249  0.913 -0.08  -0.25   1.781  0.564 -0.27   0.86  -0.37
 -0.33   0.54 ][-0.21   0.7   -0.4    0.7    0.77  -0.98   1.78  -0.42   1.199  0.296
  0.14   0.614 -0.236  0.38   0.212 -0.1    0.699 -0.123 -0.321 -0.81
  0.83  -1.216  1.116  0.434  0.6   -0.87  -0.632  0.97   0.81  -0.86
  0.059  1.435  0.606 -0.09  -0.25   0.941  0.564 -0.27   0.86   0.35
 -0.33   0.54 ][-0.21   0.7   -0.4    0.7    0.77  -0.98   1.78  -0.42   1.199  0.55
  0.14   0.434 -0.44   0.38   0.212  0.494 -1.754 -0.123 -0.321 -0.81
  0.83  -1.438  1.116  0.81   0.6    0.038 -0.632  0.97   0.81  -0.86
 -0.882  1.249  0.606 -0.09  -0.25   0.941  0.564 -0.27   0.86   0.35
 -0.33   0.54 ][-0.21   0.7   -0.4    0.7    0.93  -0.98   1.78  -0.42   0.203 -0.253
  0.14   0.614 -0.44   0.717  0.212  0.494  0.617  0.83  -0.321 -0.81
  1.262 -1.399  1.116  0.81   1.195 -0.572 -0.632  0.97   0.81  -0.86
  0.059  1.249  0.913 -0.08  -0.25   0.941  0.564 -0.27   0.86   0.35
 -0.33   0.54 ][-0.21   0.7   -0.4    0.7    0.93  -0.032  1.78  -0.42   1.199  0.296
  0.14   0.614 -0.44   0.161  0.212 -0.1    0.699  0.83  -0.321 -0.81
  1.262 -1.399  1.116  0.81   0.6   -0.572 -0.632  0.966  0.81  -1.21
  0.059  1.249  0.913 -0.08  -0.25   0.941  0.564 -0.27   0.86   0.35
 -0.33   0.54 ][-0.21   0.7   -0.4    0.7    0.93  -0.98   1.78  -0.42   1.199  0.296
  0.789  0.434 -0.44   0.161  0.482 -0.1    0.699 -0.123 -0.321 -0.81
  1.262 -0.664  1.116  0.253  0.6    0.038 -0.632  0.97   0.81  -1.21
 -0.882  0.256  0.606 -0.09  -0.25   0.941  0.564 -0.27   0.86   0.35
 -0.33   0.54 ][-0.21   0.539 -0.4    0.7    0.77  -0.98   1.78  -0.42   1.199 -0.253
  0.14   0.614 -0.44   0.161  0.212 -0.1    0.699 -0.123 -0.321 -0.81
  0.83  -0.664  1.116  0.81   1.125 -0.87  -0.632  0.966  0.81  -1.21
  0.059  1.249  0.913 -0.09  -0.25   0.941  0.564 -0.27   0.86  -0.37
 -0.33   0.54 ][ 0.38   0.7   -0.4    0.7    0.77  -0.98   1.78  -0.42   0.58   0.296
  0.14   0.614 -0.561  0.717  0.212 -0.1    0.699 -0.123 -0.321 -0.81
  1.249 -0.664  1.116  0.434  0.6   -0.87  -0.632  0.97   0.81  -0.86
 -0.882  1.249  0.606 -0.09  -0.25   0.941  0.564 -0.27   0.86   0.553
 -0.33   0.54 ][-0.21   0.7   -0.4    0.7    0.77  -1.45   1.78  -0.42   1.199  0.55
  0.14   0.614 -0.44   0.717  0.482 -0.1    0.699  0.83   0.267 -0.81
  0.83  -0.664  0.185  0.281  0.6   -0.87  -0.632  0.97   0.81  -0.86
  0.059  1.249  0.913 -0.08  -0.25   0.941  0.564 -0.27   0.86   0.35
 -0.33   0.54 ][-1.1    0.7   -0.4    0.7    0.93  -0.98   1.78  -0.42   1.199  0.55
  0.14   0.434 -0.44   0.161  0.212 -0.1    0.699  0.835 -0.321 -0.81
  0.83  -0.638  1.116  0.81   0.6    0.038 -0.632  0.97   0.81  -0.86
  0.059  1.249  0.606 -0.09  -0.25   0.941  0.564 -0.27   0.86   1.334
 -0.33   0.54 ][-0.21   0.7   -0.4    0.7    0.93  -0.98   1.78  -0.42   0.142  0.178
  0.14   0.614 -0.44   0.38   0.212  0.494  0.699 -0.123 -0.321 -0.81
  0.83  -1.399  1.116  0.81   0.6   -0.87  -0.632  0.97   0.81  -0.86
 -0.882  1.249  0.913 -0.08  -0.25   0.941  0.564 -0.27   0.86   0.35
 -0.33   0.54 ][-0.21   0.7   -0.4    0.7    0.77  -0.98   1.78  -0.42   1.199  0.55
  0.14   0.614 -0.44   0.161  0.212 -0.1   -0.192 -0.123 -0.321 -0.81
  0.83  -1.438  1.116  1.68   0.6    0.038 -0.632  0.97   0.81  -0.86
 -0.882  1.249  0.606 -0.09  -0.25   0.941  0.564 -0.27   0.86   0.35
 -0.33   0.54 ][-0.21   0.7   -0.4    0.7    0.77  -0.98   1.78  -0.42   1.199  0.296
  0.14   0.614 -0.236  0.161  0.482 -0.1    0.699 -0.123 -1.208 -0.81
  1.262 -0.664  1.116  0.253  0.6   -0.572 -0.632  0.97   0.81  -0.86
 -0.882  1.249  0.606 -0.09  -0.25   0.941  0.564 -0.27   0.86   0.35
 -0.33   0.54 ][ 0.446  0.7   -0.4    0.7    0.77  -0.98   1.273 -0.312  1.199  0.296
  0.789  0.614 -0.44   0.161  0.212 -0.1    0.699 -0.123  0.267  0.144
  1.262 -1.216  0.746  0.253  0.6   -0.572 -0.632  0.97   0.81  -1.21
 -0.882  1.249  0.913 -0.09  -0.25   0.941  0.564 -0.27   0.86   0.35
 -0.33   0.54 ][-0.21   1.375 -0.4    0.7    0.93  -0.98   1.78  -0.42   1.199  0.296
  0.14   0.614 -0.44   0.717  0.212 -0.1   -0.192 -0.123 -0.321 -0.81
  1.262 -0.664  1.116  1.003  0.6   -0.87  -0.632  0.966  0.81  -0.86
 -0.882  1.249  0.913 -0.09  -0.25   0.941  0.564 -0.27   0.86   0.35
 -0.33   0.54 ][-0.21   0.539 -0.4    0.7    0.77  -1.45   1.78  -0.42   1.199 -0.253
  0.14   0.614 -0.44   0.38   0.212 -0.1   -1.056  0.83  -0.321 -0.8
  0.83  -0.664  1.116  0.81   0.6   -0.87  -0.632  0.97   0.81  -0.86
  0.059  1.249  0.913 -0.09  -0.25   0.941  0.564 -0.27   0.86  -0.37
 -0.33   0.54 ][-0.21   0.7   -0.4    0.7    0.77  -0.98   1.78  -0.536  1.199  0.296
  0.14   0.614 -0.44   0.161  0.212 -0.1   -0.192 -0.123  0.267 -0.81
  1.249 -1.636  0.808  0.434  0.849  0.038 -0.632  0.97   0.81  -0.86
 -0.882  1.249  0.606 -0.09  -0.25   0.941  0.564 -0.27   0.86   0.35
 -0.33   0.54 ][-0.21   0.7   -0.4    0.7    0.77  -0.98   1.78  -0.42   1.199  0.55
  0.789  0.614 -0.44   0.161  0.212 -0.1   -0.358 -0.123  0.267 -0.81
  0.83  -1.636  1.116  0.253  0.6    0.038 -0.632  0.97   0.81  -0.86
  0.059  1.249  0.606 -0.09  -0.25   0.941  0.564 -0.27   0.86   0.35
 -0.33   0.54 ]