[-0.663  0.7   -0.4    0.7    0.77  -0.98   0.94  -0.42   0.58   0.55
  0.14   0.614 -0.561  0.38  -0.62  -0.1    0.699  0.83  -0.321 -0.81
  0.83  -1.636  0.82   0.81   0.6   -0.87  -0.632  0.97   0.225 -0.86
 -0.11   1.249  0.913 -0.4   -0.25   0.941  0.564 -0.27   0.86   0.35
 -0.33   0.611][-0.21   0.7   -0.4    0.7    0.77  -0.98   0.94  -0.42   0.58   0.55
  0.14   0.614 -0.561  0.38   0.212 -0.1    0.699  0.83  -0.32  -0.81
  0.83  -0.664  0.82   0.81   0.6   -0.87  -0.632 -0.021  0.81  -1.458
  0.223  1.249  0.913 -0.09  -0.25   0.941  0.564 -0.27   0.86   0.35
 -0.33   0.54 ][-0.21   0.7   -0.4    0.7    0.77  -0.98   1.78  -0.42   0.58   0.55
  0.14   0.614 -0.44   0.38   0.212 -0.1   -0.192  0.83   0.267 -0.81
  0.83  -1.636  1.116  0.81   0.6   -0.87  -0.632  0.97   0.81  -0.86
  0.059  1.249  0.913 -0.09  -0.25   0.941  0.564 -0.27   0.86   0.35
 -0.33   0.54 ][-0.21   0.7   -0.4    0.7    0.77  -0.98   0.94  -0.42   0.58   0.55
  0.14   0.614 -0.561  0.38   0.212 -0.1    0.699  0.83  -0.32  -0.311
  0.83  -0.664  1.801  0.75   0.6   -0.87  -0.632  0.97   0.81  -0.86
 -0.11   1.11   0.913 -0.09  -0.25   0.941  0.61  -0.27   0.86   0.35
 -0.33   0.54 ][-0.21   0.7   -0.4    0.7    0.77  -0.98   0.94  -0.663  0.58   0.55
  0.14   0.614 -0.44   0.38   0.212 -0.1   -0.192  0.83  -0.321 -0.81
  0.83  -0.712  0.88   0.81   0.669 -0.87  -0.632 -0.021  0.81  -0.86
  0.223  1.249  0.606 -0.09  -0.25   0.941  0.564 -0.27   0.86   0.35
 -0.33   0.54 ][-0.138  0.7   -0.4    0.7    0.77  -0.98   1.311 -0.663  0.58   0.55
  0.14   0.614 -0.44   0.38   0.212 -0.153  0.699  0.83  -0.32  -0.81
  0.83  -1.216  1.116  0.81   0.6   -0.87  -0.632  0.97   0.81  -0.86
  0.223  1.249  0.606 -0.09  -0.25   0.941  0.564 -0.27   1.212  0.35
 -0.33   0.54 ][-0.138  0.7   -0.323  0.66   0.93  -0.98   0.94  -0.42   0.58   0.55
  0.14   0.02  -0.44   0.38  -0.62  -0.1    0.699  0.83  -0.32  -0.981
  0.83  -0.664  0.82   0.81   0.6   -0.87   0.04   0.97   0.81  -0.86
 -0.11   1.11   0.913 -0.427 -0.25   0.34   0.61  -0.27   0.86   0.35
 -0.33   0.54 ][-0.21   0.7   -0.323  0.7    0.77  -0.98   0.94  -0.42   0.58   0.55
  0.14   0.614 -0.44   0.38  -0.62  -0.1    0.699  0.83  -0.321 -0.81
  0.83  -0.664  1.116  0.81   0.6   -0.87   0.256  1.227  0.81  -0.86
  0.678  1.11   0.913 -0.4   -0.25   0.941  0.564 -0.27   0.86   0.35
 -0.33   0.54 ][-0.37   0.7   -0.4    0.7    0.77  -0.98   1.78  -0.42   0.58   0.55
  0.14   0.614 -0.561  0.717  0.212 -0.1    0.699 -0.15   0.267 -0.81
  0.83  -1.636  1.116  0.81   0.6   -0.87  -0.632  0.97   0.81  -0.86
  0.059  1.249  0.913 -0.09  -0.25   0.941  0.564 -0.27   0.86   0.35
 -0.33   0.54 ][-0.21   0.7   -0.4    0.009  0.77  -0.98   0.94  -0.42   0.58   0.55
  0.14   0.614 -0.44   0.38  -0.62  -0.153  0.699  0.83  -0.321 -0.311
  0.83  -1.216  0.82   0.81   0.6   -0.87   0.074  0.97   0.81  -0.86
  0.059  1.11   0.913 -0.513 -0.25   0.941  0.61  -0.27   0.86   0.35
 -0.33   0.54 ][-0.21   0.7   -0.4    1.528  0.77  -0.98   1.78  -0.663  0.58   0.55
  0.14   0.614 -0.44   0.717  0.212 -0.1    0.699  0.83  -0.321 -0.81
  0.83  -1.636  1.116  0.81   0.6   -0.87  -0.632 -0.021  0.81  -0.86
  0.223  1.249  0.913 -0.09  -0.25   0.941  0.564 -0.27   0.86   0.35
 -0.33   0.54 ][-0.21   0.7   -0.4    0.7    0.77  -0.98   0.94  -0.42   0.58   0.55
  0.14   0.614 -0.561  0.717  0.212 -0.1    0.699  0.83  -0.122 -0.81
  0.83  -0.664  0.82   0.81   0.669 -0.87  -0.632  0.97   0.81  -0.86
  0.223  1.249  0.913 -0.09  -0.25   0.941  0.564 -0.27   0.86   0.35
 -0.33   0.54 ][-0.21   0.7   -0.4    0.7    0.77  -0.98   0.94  -0.42   0.58   0.55
  0.14   0.614 -0.561  0.38   0.212 -0.1    0.699  0.83  -0.32  -0.81
  0.83  -1.646  0.82   0.81   0.6   -0.87  -0.632  0.97   0.81  -0.86
 -0.882  1.249  0.913 -0.09  -0.25   0.941  0.564 -0.27   0.86   0.35
 -0.33   0.54 ][-1.242  0.7   -0.4    0.7    1.334 -0.98   0.94  -0.42   0.58   0.55
  0.14   0.614 -0.44   0.38   0.212 -0.1    0.699 -0.123 -0.321 -0.81
  0.83  -0.712  1.477  0.81   0.6   -0.87  -0.632  0.97   0.81  -0.86
 -0.11   1.249  0.391 -0.09  -0.25   0.941  0.564 -0.27   0.86   0.35
 -0.33  -0.538][-0.21   0.7   -0.4    0.7    0.77  -0.98   0.94  -0.647  0.58   0.55
  0.14   0.274 -0.44   0.38   0.212 -0.1    0.699 -0.123 -0.321 -0.81
  0.83  -0.664  0.82   0.81   0.6   -0.87  -0.632  0.97   0.81  -0.86
 -0.03   1.249  0.913 -0.09  -0.25   0.941  0.564 -0.27   0.86   0.35
 -0.33   0.54 ][-0.138  0.7   -0.4    0.009  0.77  -0.98   1.78  -0.663  0.58   0.55
  0.14   0.614 -0.44   0.38   0.212 -0.153  0.699  0.83   0.267 -0.81
  0.83  -1.216  1.116  0.81   0.6   -0.87  -0.632  0.97   0.81  -0.86
  0.059  1.249  0.606 -0.09  -0.25   0.941  0.564 -0.27   0.86   0.35
 -0.33   0.54 ][-0.21   0.7   -0.4    0.7    0.93  -0.98   0.765 -0.42   0.58   0.55
  0.14   0.8   -0.44   0.717 -0.62  -0.1    0.699  0.83  -0.32  -0.81
  0.83  -0.664  1.116  1.603  1.514 -0.87  -0.632  0.97   0.81  -0.109
 -0.882  1.249  0.391 -0.09  -0.25   0.941  0.564 -0.27   0.86   0.35
 -0.33   0.54 ][-0.21   0.7   -0.323  0.7    0.93  -0.98   0.94  -0.42   0.58   0.55
  0.14   0.8   -0.44   0.38  -0.62  -0.1    0.699  0.83  -0.32  -0.81
  0.83  -0.664  0.82   0.81   0.6   -0.87   0.256  0.97   0.81  -0.86
  0.223  1.249  0.771 -0.09  -0.25   0.941  0.61  -0.27   0.86   0.35
 -0.33   0.54 ][-0.663  0.7   -0.4    0.7    0.77  -0.98   0.94  -0.42   0.58   0.55
  0.14   0.614 -0.561  0.38  -0.62  -0.1    0.699  0.83  -0.321 -0.81
  0.83  -1.636  0.82   0.81   0.6   -0.87  -0.632  0.97   0.81  -0.86
  0.223  1.59   0.913 -0.4   -0.25   0.941  0.564 -0.27   0.86   0.35
 -0.33   0.611][-0.21   0.7   -0.4    0.7    0.77  -0.98   1.311 -0.663  0.58   0.55
  0.14   0.614 -0.561  0.38   0.212 -0.372  0.699  0.83  -0.321 -0.311
  0.83  -1.216  0.82   0.81   0.6   -0.87  -0.632  0.97   0.81  -0.86
 -0.11   1.249  0.606 -0.09   0.098  0.941  0.564 -0.27   0.86   0.35
 -0.33   0.54 ][-0.21   0.7   -0.4    0.7    0.77  -0.98   0.94  -0.42   0.58   0.55
  0.14   0.614 -0.44   1.273 -0.62  -0.1   -0.192  0.83  -0.321 -0.81
  0.83  -0.664  1.116  0.81   0.669 -0.87  -0.632 -0.021  0.81  -0.86
  0.678  1.11   0.913 -0.4   -0.25   0.941  0.564 -0.27   0.86   0.35
 -0.33   0.54 ][-0.663  0.7   -0.4    0.7    0.77  -0.98   0.94  -0.663  0.58   0.55
  0.14   0.614 -0.561  0.38  -0.62  -0.372  0.699  0.83  -0.321 -0.81
  0.83  -1.636  0.82   0.81   0.6   -0.87  -0.632  0.97   0.225 -0.86
 -0.11   1.249  0.913 -0.4    0.098  0.941  0.564 -0.27   0.86   0.35
 -0.33   0.758][-0.21   0.7   -0.4    0.7    1.435 -0.98   0.94  -0.663  0.58   0.55
  0.14   0.614 -0.561  0.717  0.212 -0.372  0.699  0.83  -0.122 -0.311
  0.83  -1.216  0.82   0.81   0.669 -0.87  -0.632  0.97   0.81  -0.86
 -0.11   1.249  0.913 -0.09  -0.25   0.941  0.564 -0.27   0.86   0.35
 -0.33   0.54 ][-0.21   0.7   -0.323  0.66   0.77  -0.98   0.94  -0.663  0.58   0.55
  0.14   0.02  -0.561  0.38   0.212 -0.1    0.699  0.83  -0.321 -0.981
  1.703 -0.664  0.82   0.81   0.6   -0.87  -0.632  0.97   0.81  -0.86
 -0.11   1.11   0.913 -0.427 -0.25   0.34   0.61  -0.27   0.86   0.35
 -0.33   0.54 ][-0.21   0.7   -0.4    0.08   0.77  -0.98   0.94  -0.42   0.58   0.55
  0.14   0.614 -0.44   0.38  -0.62  -0.1    0.699  0.83  -0.321 -0.81
  0.83  -1.216  0.82   0.81   0.6   -0.87   0.074  0.97   0.225 -0.86
 -0.11   1.11   0.913 -0.4   -0.25   0.941  0.564 -0.27   0.86   0.35
 -0.33   0.54 ][-1.242  0.7   -0.4    0.009  1.314 -0.98   0.94  -0.42   0.58   0.55
  0.14   0.614 -0.44   0.38  -0.62  -0.1    0.699 -0.123 -0.321 -0.81
  0.83  -0.712  1.477  0.81   0.6   -0.87  -0.632  0.97   0.81  -0.86
  0.059  1.249  0.913 -0.513 -0.25   0.941  0.564 -0.27   0.86   0.35
 -0.33   0.54 ][-0.21   0.7   -0.4    0.7    0.77  -0.98   0.94  -0.42   0.58   0.55
  0.14   0.614 -0.561  0.717  0.212 -0.1    0.699  0.83  -0.32  -0.81
  0.83  -0.664  1.116  1.603  0.6   -0.87  -0.632  0.97   0.81  -1.458
  0.223  1.249  1.246 -0.09  -0.25   0.941  0.564 -0.27   0.86   0.35
 -0.33   0.54 ][-0.21   0.7   -0.4    0.7    0.77  -0.98   0.94  -0.42   0.58   0.55
  0.14   0.614 -0.561  0.38  -0.62  -0.1    0.699  0.83  -0.321 -0.81
  0.83  -1.636  1.116  0.81   0.6   -0.87   0.256  1.227  0.225 -0.86
  0.678  1.11   0.913 -0.4   -0.25   0.941  0.564 -0.27   0.86   0.35
  0.487  0.54 ][-0.138  0.7   -0.4    0.009  0.77  -0.98   1.78  -0.42   0.58   0.55
  0.14   0.614 -0.44   0.38   0.212 -0.1    0.699  0.83   0.267 -0.81
  0.83  -1.216  0.82   0.81   0.6   -0.87  -0.632 -0.021  0.81  -0.86
  0.059  1.249  0.606 -0.09  -0.25   0.941  0.564 -0.27   0.86   0.35
 -0.33   1.07 ][-0.21   0.7   -0.4    0.155  0.77  -0.98   0.94  -0.663  0.58   0.55
  0.14   0.614 -0.561  0.38  -0.62  -0.1    0.699  0.83  -0.321 -0.311
  0.83  -1.636  0.82   0.81   0.6   -0.87  -0.632  0.97   0.225 -0.86
 -0.11   1.249  0.913 -0.09  -0.25   0.941  0.564 -0.27   0.86   0.35
 -0.33   0.54 ][-0.21   0.7   -0.4    0.009  0.77  -0.98   1.78  -0.663  0.58   0.55
  0.14   0.614 -0.44   0.38   0.212 -0.1   -0.192  0.83   0.267 -0.81
  0.83  -1.636  1.116  0.81   0.6   -0.87  -0.632  1.802  0.81  -0.86
  0.059  1.249  0.913 -0.09  -0.25   0.941  0.564 -0.27   0.86   0.35
 -0.33   0.54 ][-0.21   0.7   -0.4    0.7    0.77  -0.98   0.94  -0.42   0.58   0.55
  0.14   0.614 -0.44   0.38  -0.62  -0.1    0.699  0.83  -0.321 -0.81
  0.83  -1.636  1.116  0.81   0.843 -0.87   0.256  0.97   0.81  -0.86
  0.678  1.11   0.913 -0.4   -0.25   0.941  0.564 -0.27   0.86   0.35
 -0.33   0.611][-0.37   0.7   -0.4    0.7    0.77  -0.98   1.78  -0.42   0.58   0.55
  0.14   0.614 -0.44   0.717  0.212 -0.1    0.699 -0.15   0.267 -0.81
  0.83  -1.636  1.116  0.81   0.6   -0.866 -0.632  0.97   0.81  -0.86
  0.059  1.249  0.913 -0.09  -0.25   0.941  0.564 -0.27   0.86   0.35
 -0.33   0.54 ][-0.21   0.7   -0.4    0.7    0.77  -0.98   1.311 -0.42   0.58   0.55
  0.14   1.526 -0.561  0.38   0.212 -0.372  0.699  0.83  -0.321 -0.81
  0.83  -1.646  0.82   0.81   0.6   -0.87  -0.632  0.97   0.81  -0.86
 -0.11   1.249  0.606 -0.09   0.098  0.941  0.564 -0.27   0.86   0.35
 -0.33   0.54 ][-0.21   0.7   -0.4    0.7    0.77  -0.98   0.94  -0.42   0.58   0.55
  0.14   0.614 -0.561  0.38   0.212 -0.1    0.699  0.83  -0.32  -0.311
  0.83  -0.664  1.801  1.186  0.6   -0.87  -0.632  0.97   0.81  -0.86
 -0.11   1.11   0.913 -0.09  -0.25   0.941  0.61  -0.27   0.86   0.35
 -0.33   0.54 ][-0.21   0.7   -0.4    0.7    0.77  -0.98   1.78  -0.42   0.58   0.55
  0.14   0.614 -0.561  0.38   0.212 -0.372  0.699 -0.15  -0.321 -0.311
  0.83  -1.636  1.116  0.81   0.6   -0.87  -0.632  0.97   0.81  -0.86
  0.059  1.249  0.913 -0.09  -0.25   0.941  0.564 -0.292  0.86   0.35
 -0.33   0.54 ][-0.21   0.7   -0.4    0.7    0.77  -0.98   1.311 -0.647  0.58   0.55
  0.14   0.274 -0.44   0.38   0.212 -0.372  0.699  0.83  -0.321 -0.311
  0.83  -1.216  0.82   0.81   0.6   -0.87  -0.632  0.97   0.81  -0.86
 -0.11   1.249  0.913 -0.09   0.098  0.941  0.564  0.525  0.86   0.35
 -0.33   0.54 ][-0.21   0.7   -0.4    0.7    0.036 -0.98   0.94  -0.663  0.58   0.55
  0.14   0.614 -0.561  0.38   0.212 -0.1   -0.192  0.83  -0.122 -0.81
  0.83  -0.712  0.82   0.81   0.669 -0.87  -0.632  0.97   0.81  -0.86
  0.223  1.249  0.606 -0.09  -0.25   0.941  0.564 -0.27   0.86   0.35
 -0.33   0.54 ][-0.138  0.7   -0.4    0.7    0.77  -0.98   0.94  -0.623  0.58   0.55
  0.14   0.614 -0.44   0.38  -0.62  -0.1   -0.192  0.83  -0.32  -0.981
  0.83  -1.636  0.82   0.81   0.6   -0.87   0.04   0.97   0.81  -0.86
 -0.11   1.249  0.913 -0.427 -0.25   0.941  0.61  -0.27   0.86   0.35
 -0.33   0.54 ][-0.138  0.7   -0.4    0.009  0.77  -0.98   2.223 -0.42   0.58   0.55
  0.14   0.614 -0.44   0.38   0.212 -0.153  0.699  0.83   0.267 -0.81
  0.83  -1.216  1.116  0.81   0.6   -0.87  -0.632  0.97   0.81  -0.86
  0.059  1.249  0.606 -0.09  -0.25   0.941  0.564 -0.27   0.86   0.35
 -0.33   0.54 ][-0.21   0.7   -0.4    0.7    0.77  -0.98   1.78  -0.42   0.58   0.55
  0.14   0.614 -0.561  0.38   0.212 -0.1    0.699  0.83  -0.32  -0.81
  0.83  -1.636  1.801  1.204  0.6   -0.87  -0.632  0.97   0.81  -0.86
 -0.11   1.11   0.913 -0.09  -0.25   0.941  0.564 -0.27   0.86   0.35
 -0.33   0.54 ][-0.663  0.7   -0.323  0.7    0.77  -0.98   0.94  -0.42   0.58   0.55
  0.14   0.614 -0.561  0.38  -0.62  -0.1    0.699  0.83  -0.321 -0.81
  0.83  -0.664  1.116  0.81   0.6   -0.87  -0.632  0.97   0.81  -0.86
  0.678  1.11   0.913 -0.4   -0.79   0.941  0.564 -0.27   0.86   0.35
 -0.33   0.54 ][-0.21   0.7   -0.4    0.7    0.77  -0.98   1.78  -0.42   0.58   0.55
  0.14   0.614 -0.561  0.38   0.212 -0.1    0.699  0.83  -0.32  -0.81
  0.83  -1.636  0.82   0.81   0.6   -0.87  -0.632 -0.021  0.81  -0.789
  0.059  1.249  0.913 -0.09  -0.25   0.941  0.564 -0.27   0.86   0.35
 -0.33   0.54 ][-0.21   0.7   -0.4    0.7    0.77  -0.98   0.94  -0.42   0.58   0.55
  0.14   0.614 -0.44   0.38  -0.62  -0.153 -0.192  0.83  -0.321 -0.311
  0.83  -0.712  0.88   0.81   0.6   -0.87  -0.632 -0.021  0.81  -0.86
  0.059  1.11   1.477 -0.09  -0.25   0.941  0.564 -0.27   0.86   0.35
 -0.33   0.54 ][-0.21   0.7   -0.4    0.7    0.77  -0.98   0.94  -0.42   0.58   0.55
  0.14   0.614 -0.561  0.38   0.212 -0.1    0.699  0.83  -0.321 -0.81
  0.83  -1.636  0.82   0.81   0.6   -0.87  -0.632  0.97   0.81  -0.86
 -0.882  1.249  0.913 -0.09   0.271  0.941  0.564 -0.27   0.86   0.35
 -0.33   0.611][-0.21   0.7   -0.4    0.7    0.77  -0.98   0.94  -0.42   0.58   0.55
  0.14   0.614 -0.561  0.38   0.212 -0.1    0.699  0.83  -0.32  -0.311
  0.83  -0.664  0.82   0.81   0.6   -0.87  -0.632 -0.021  0.81  -1.458
 -0.11   1.249  1.682 -0.09  -0.25   0.941  0.61  -0.27   0.86   0.35
 -0.33   0.54 ][-0.138  0.7   -1.284  0.66   0.77  -0.98   0.94  -0.663  0.58   0.55
  0.14   0.02  -0.44   0.38   0.212 -0.372  0.699  0.83  -0.321 -0.311
  0.83  -1.216  0.82   0.81   0.6   -0.87   0.04   0.97   0.81  -0.86
 -0.11   1.11   0.913 -0.427 -0.25   0.941  0.564 -0.27   0.86   0.35
 -0.33   0.54 ][-0.663  0.7   -0.4    0.7    0.77  -0.98   1.78  -0.42   0.58   0.55
  0.14   0.614 -0.561  0.38   0.212 -0.1   -0.192  0.83  -0.321  0.144
  0.83  -1.636  1.116  0.81   0.6   -0.87  -0.632  0.97   0.81  -0.86
  0.059  1.249  0.913 -0.4   -0.25   0.941  0.564 -0.27   0.86   0.35
 -0.33   0.54 ][-0.663  0.7   -0.4    0.009  0.77  -0.98   0.94  -0.42   0.58   0.55
  0.14   0.614 -0.561  0.38  -0.62  -0.153  0.699  0.83  -0.321 -0.311
  0.83  -1.636  0.82   0.81   0.6   -0.87  -0.632  0.97   0.81  -0.86
 -0.11   1.11   0.913 -0.4   -0.25   0.941  0.564 -0.27   0.86   0.35
 -0.33  -0.123][-0.21   0.7   -0.4    0.7    0.77  -0.98   1.78  -1.161  0.58   0.55
  0.14   0.614 -0.44   0.38  -0.62  -0.1   -0.192  0.83  -0.321 -0.81
  0.83  -1.636  1.116  0.81   0.6   -0.87   0.256  1.227  0.81  -0.86
  0.059  1.11   0.913 -0.4   -0.25   0.941  0.564 -0.27   0.86   0.35
 -0.33   0.54 ][-0.21   0.7   -0.323  0.7    0.77  -0.98   0.94  -0.42   0.58   0.55
  0.14   0.614 -0.561  0.38   0.212 -0.1    1.364  0.83  -0.321 -0.81
  0.83  -1.216  1.116  0.81   0.6   -0.87   0.256  0.97   0.81  -0.86
 -0.11   1.11   0.606 -0.4   -0.25   0.941  0.564 -0.27   0.86   0.35
 -0.33   0.54 ][ 0.128  0.7   -0.4    0.7    0.77  -0.98   1.78  -0.42   0.58   0.55
  0.14   0.614 -0.561  0.38   0.212 -0.372 -0.192  0.83  -0.321 -0.81
  0.83  -1.216  0.82   0.81   0.6   -0.87  -0.632  0.97   0.81  -0.86
  0.059  1.249  0.606 -0.09   0.098  0.941  0.564 -0.27   0.86   0.35
 -0.33   0.54 ][-0.21   0.7   -0.4    0.7    0.77  -0.98   0.94  -0.42   0.58   0.55
  0.14   0.8   -0.44   0.38   0.212 -0.1    0.699  0.83  -0.32  -0.81
  0.83  -0.664  0.88   0.81   0.669 -0.87  -0.632  0.97   0.81  -0.86
  0.223  1.249  0.606 -0.09  -0.25   0.941  0.61  -0.27   1.758  0.35
 -0.33   0.54 ][-0.21   0.7   -0.4    0.7    0.77  -0.98   0.94  -0.42   0.58   0.55
  0.14   0.614 -0.561  0.38  -0.62  -0.1    0.407  0.83  -0.321 -0.311
  0.83  -0.664  1.801  0.75   0.6   -0.87  -0.632  0.97   0.225 -0.86
 -0.11   1.249  0.913 -0.09  -0.25   0.941  0.61  -0.27   0.86   0.35
 -0.33   0.611][-0.138  0.7   -0.323  0.7    0.77  -0.98   1.311 -0.42   0.58   0.55
  0.14   0.614 -0.784  0.38  -0.62  -0.1    0.699  0.83  -0.32  -0.81
  0.83  -0.664  1.116  0.81   0.6   -0.87   0.256  0.97   0.81  -0.86
  0.223  1.249  0.913 -0.09  -0.25   0.941  0.564 -0.27   1.212  0.35
 -0.33   0.54 ][-0.21   0.7   -0.4    0.7    0.77  -0.98   1.78  -0.42   0.58   0.55
  0.14  -0.125 -0.561  0.717  0.212 -0.1    0.699 -0.15   0.267 -0.81
  0.83  -1.636  1.116  0.81   0.6   -0.87  -0.632  0.97   0.81  -0.86
  0.059  1.249  0.913 -0.09  -0.25   0.941  0.564 -0.27   0.86   0.35
 -0.33   0.54 ][-0.21   0.7   -0.4    0.7    0.77  -0.98   0.94  -0.42   0.58   0.55
  0.14   0.614 -0.561  0.38  -0.62  -0.1    0.699  0.83  -0.32  -0.311
  0.83  -1.636  0.82   0.81   0.6   -0.87  -0.632  0.97   0.225 -0.86
 -0.11   1.249  0.913 -0.09  -0.25   0.941  0.564 -0.27   0.964  0.35
 -0.33   0.54 ][-0.21   0.7   -0.4    0.7    0.77  -0.98   1.311 -0.663  0.58   0.55
  0.14   0.614 -0.561  0.717  0.212 -0.372  0.699  0.83  -0.321 -0.81
  0.83  -1.216  0.833  0.81   0.6   -0.87  -0.632  0.97   0.81  -0.86
 -0.11   1.249  0.913 -0.09  -0.25   0.941  0.564 -0.27   0.86   0.35
 -0.33   0.54 ][-0.21   0.7   -0.323  0.66   0.93  -0.98   1.311 -0.663  0.58   0.55
  0.14   0.02  -0.44   0.38  -0.62  -0.1    0.699  0.83  -0.32  -1.607
  0.83  -1.216  0.82   0.81   0.6   -0.87   0.04   0.97   0.81  -0.86
 -0.11   1.249  0.913 -0.09  -0.25   0.34   0.61  -0.27   0.86   0.35
 -0.33   0.54 ][-0.21   0.7   -0.4    0.7    0.77  -0.98   1.78  -0.42   0.58   0.55
  0.14   0.614 -0.561  0.38   0.212 -0.372 -0.192  0.73  -0.321 -0.81
  0.83  -1.636  0.82   0.81   0.6   -0.87  -0.632  0.97   0.81  -0.86
  0.059  1.249  0.913 -0.09   0.098  0.941  0.564 -0.27   0.86   0.35
 -0.33   0.54 ][-0.663  0.7   -0.4    0.7    0.77  -0.98   0.94  -0.663  0.58   0.55
  0.14   0.614 -0.561  0.38  -0.62  -0.1    0.699  0.83  -0.321 -0.81
  0.83  -1.636  0.82   0.81   0.6   -0.87  -0.632  0.97   0.225 -0.86
  0.223  1.249  0.913 -0.09  -0.25   0.941  0.564 -0.27   0.167  0.35
 -0.33   0.54 ][-0.663  0.7   -0.4    0.009  0.77  -0.98   0.94  -0.42   0.58   0.55
  0.14   0.614 -0.587  0.38  -0.62  -0.153  0.699  0.83  -0.321 -0.311
  0.83  -1.216  0.82   0.81   0.6   -0.87   0.074  0.97   0.225 -0.86
 -0.11   1.11   0.913 -0.513 -0.25   0.941  0.564 -0.27   0.86   0.35
 -0.33   0.611][-0.21   0.7   -0.4    0.7    0.77  -0.98   1.311 -0.663  0.58   0.55
  0.14   0.614 -0.44   0.38  -0.705 -0.372  0.699  0.83  -0.321 -0.81
  0.83  -1.216  1.116  0.81   0.6   -0.87  -0.632  0.97   0.81  -0.86
 -0.11   1.249  0.606 -0.09   0.098  0.941  0.564 -0.27   1.212  0.35
 -0.33   0.54 ][-0.21   0.7   -0.4    0.009  0.77  -0.98   0.94  -0.42   0.58   0.55
  0.14  -0.007 -0.44   0.38   0.212 -0.153  0.699  0.83   0.267 -0.311
  0.83  -1.216  0.82   0.81   0.6   -0.87   0.074  0.97   0.81  -0.86
  0.059  1.11   0.913 -0.09  -0.25   0.941  0.564 -0.27   0.86   0.35
 -0.33   0.54 ][-0.21   0.7   -0.323  0.7    0.77  -0.98   1.78  -0.42   0.58   0.55
  0.14   0.8   -0.44   0.38   0.212 -0.1   -0.192  0.83  -0.32  -0.81
  0.83  -0.664  1.116  0.81   0.6   -0.87   0.256  0.97   0.81  -0.86
  0.059  1.249  0.913 -0.09  -0.25   1.174  0.564 -0.27   0.86   0.35
 -0.33   0.54 ][-0.21   0.7   -0.323  0.7    0.77  -0.98   0.94  -0.42   0.58   0.55
  0.14   0.614 -0.44   0.38  -0.62  -0.1    0.699  0.978 -0.321 -0.81
  0.83  -0.664  0.82   0.81   0.6   -0.87  -0.632  1.227  0.225 -0.86
  0.678  1.11   0.913 -0.4   -0.25   0.941  0.564 -0.27   0.86   0.35
 -0.33   0.54 ][-0.21   0.7   -0.4    0.7    0.77  -0.98   0.94  -0.663  0.58   0.55
  0.14   0.614 -0.561  0.38   0.212 -0.372  0.699  0.83  -0.32  -0.494
  0.83  -1.216  0.82   0.81   0.6   -0.87  -0.632  0.97   0.81  -0.86
 -0.11   1.11   0.913 -0.09  -0.25   0.941  0.564 -0.27   0.86   0.35
 -0.33   0.54 ][-0.663  0.7   -0.4    0.7    0.77  -0.98   1.311 -0.663  0.58  -0.258
  0.14   0.614 -0.561  0.38  -0.62  -0.1    0.699  0.83  -0.32  -0.81
  0.83  -1.216  0.82   0.81   0.6   -0.87  -0.632  0.97   0.225 -0.86
  0.223  1.249  0.606 -0.09  -0.25   0.941  0.564 -0.27   1.212  0.35
 -0.33   0.54 ][-0.21   0.7   -0.4    0.7    0.93  -0.98   0.765 -0.42   0.58   0.55
  0.14   0.614 -0.44   0.717 -0.62  -0.1    0.699  0.83  -0.32  -0.81
  0.83  -1.216  1.116  1.603  0.6   -0.87  -0.632  0.97   0.584 -0.86
 -0.882  1.249  0.606 -0.09  -0.25   0.941  0.564 -0.27   0.86   0.35
 -0.33   0.54 ][-0.21   0.7   -0.4    0.7    0.77  -0.98   1.311 -0.42   0.58   0.55
  0.14   0.614 -0.561  0.38   0.212 -0.372  0.699  0.83  -0.321 -0.311
  0.83  -0.664  1.801  0.75   0.6   -0.87  -0.632  0.97   0.81  -0.86
 -0.11   1.249  0.913 -0.09  -0.25   0.941  0.564 -0.27   0.86   0.227
 -0.33   0.54 ][-1.242  0.7   -0.4    0.7    1.334 -0.98   0.94  -0.42   0.58   0.55
  0.14   0.614 -0.44   0.38  -0.62  -0.1    0.699 -0.123 -0.321 -0.81
  0.83  -0.712  1.116  0.81   0.6   -0.87   0.256  1.227  0.81  -0.86
 -0.11   1.249  0.391 -0.09  -0.25   1.24   0.564 -0.27   0.86   0.35
 -0.33   0.54 ][-1.242  0.7   -0.4    0.7    1.334 -0.98   0.94  -0.42   0.58   0.55
  0.14   0.614 -0.44   0.38   0.212 -0.1   -0.192  0.83  -0.321 -0.81
  0.83  -0.712  0.88   0.81   0.6   -0.87  -0.632 -0.021  0.81  -0.86
  0.223  1.249  0.391 -0.09  -0.25   0.941  0.564 -0.27   0.86   0.35
  0.157  0.54 ][-0.663  0.7   -0.4    0.7    0.77  -0.98   0.94  -0.42   0.58   0.55
  0.14   0.614 -0.561  0.38  -0.62  -0.1    0.699  0.83  -0.321 -0.81
  0.83  -2.574  1.116  0.81   0.6   -0.87  -0.632  0.97   0.81  -0.86
 -0.11   1.249  0.913 -0.4   -0.25   0.941  0.564 -0.27   0.86   0.35
 -0.33   0.611][-0.138  0.7   -0.4    0.7    0.93  -0.98   0.94  -0.42   0.58   0.55
  0.14   0.614  0.379  0.38   0.212 -0.1    0.699  0.83  -0.32  -0.981
  0.83  -0.664  0.82   0.81   0.6   -0.87  -0.632  0.97   0.81  -0.86
 -0.11   1.11   0.913 -0.09  -0.25   0.34   0.61  -0.27   0.86   0.35
 -0.33   0.54 ][-0.21   0.7   -0.4    0.7    0.77  -0.98   0.94  -0.42   0.58   0.55
  0.14   0.614 -0.561  0.38   0.212 -0.1   -0.192  0.83   0.267 -0.81
  0.83  -2.522  1.116  0.81   0.6   -0.87  -0.632  0.97   0.81  -0.86
  0.059  1.249  0.913 -0.09  -0.25   0.941  0.564 -0.27   0.86   0.35
 -0.33   0.54 ]