[-0.21   1.012 -0.4    0.7    0.93  -0.98   1.78  -0.42   0.142  0.296
  0.14   0.614 -0.44   0.161  0.212 -0.1    0.699 -0.123  0.647 -0.81
  1.262 -1.636  1.116  0.281  0.6    0.094 -0.632  0.97   0.81  -0.86
 -1.393  1.249  0.606 -0.09  -0.25   0.941  0.564 -0.27   0.86   0.35
 -0.33   0.54 ][-0.21   1.012 -0.4    0.7    0.92  -1.45   1.031 -0.42  -0.062  1.002
  0.14   0.614 -0.44   0.38   0.212 -0.1    0.617  0.83  -0.321 -0.81
  0.83  -1.636  1.753  0.281  1.144  0.094 -0.385  0.97   0.81  -0.86
 -0.178  1.249  0.871 -0.09  -0.25   0.941  0.564 -0.27   0.86   0.35
 -0.33   0.54 ][-0.21   1.012  0.372  0.7    0.93  -1.45   1.78  -0.42   0.142  0.296
  0.14   0.614 -0.44   0.161  0.212 -0.1    0.699  0.31  -0.321 -0.81
  1.262 -1.636  1.116  0.253  0.6    0.057 -0.632  0.97   0.81  -0.86
 -0.882  1.249  1.759 -0.09  -0.25   0.941  0.564 -0.27   0.86   0.13
 -0.33   0.54 ][-0.21   0.7   -0.4    0.7    0.93  -0.98   1.78  -0.42  -0.062  0.296
  0.789  0.614 -0.44   0.38   0.212 -0.1   -1.056 -0.123  0.647 -0.81
  0.83  -1.636  0.403  0.253  0.6    0.057 -0.632  0.97   0.81  -0.86
 -0.882  1.249  0.606  0.009 -0.25   0.941  0.564 -0.27   0.86   0.13
 -0.33   0.54 ][-0.21   0.7   -0.4    0.7    0.77  -1.45   1.78  -0.42   1.199 -0.253
  0.14   0.614 -0.44   0.161  0.212 -0.1    0.699 -0.123  0.647 -0.81
  0.83  -1.636  1.109  0.253  0.6    0.057 -0.632  0.97   0.81  -0.86
 -0.882  1.249  0.913 -0.09  -0.25   0.941  0.564 -0.27   0.86   0.35
  0.106  0.54 ][-0.21   0.7   -0.4    0.406  0.93  -0.98   1.24  -0.42   1.199 -0.253
  0.14   0.614 -0.44   0.161  0.212 -0.1    0.699 -0.123  0.647 -0.81
  0.83  -1.636  0.527  0.253  0.6    0.094 -0.632  0.966  0.81  -0.17
 -0.882  1.249  0.913 -0.09  -0.25   1.469  0.564 -0.27   0.86   0.35
  0.106  0.54 ][-0.21   1.012 -0.4    0.7    0.77  -0.98   1.78  -0.42   0.203  1.002
  0.14   0.614 -0.44   0.38   0.212 -0.1    0.617  0.08  -0.321 -0.81
  0.83  -1.636  0.808  0.253  0.6    0.094 -0.632  0.97   0.81  -0.17
 -0.178  1.249  1.295 -0.09  -0.25   0.941  0.564 -0.27   0.86   0.35
 -0.33   0.54 ][-0.21   1.691 -0.4    0.7    0.77  -0.98   1.031 -0.42   0.203  1.002
  0.789  0.614 -0.44   0.161  0.212 -0.1    0.699  0.83  -0.321 -0.81
  0.601 -1.636  0.808  0.253  0.6    0.038 -0.632  0.97   0.81  -0.17
 -0.178  1.249  0.606 -0.09  -0.25   0.941  0.564 -0.27   0.86   0.35
 -0.33   0.54 ][-0.21   0.7   -0.4    0.7    0.93  -0.98   1.05  -0.42   1.199  0.55
  0.789  0.614 -0.44   0.161  0.212 -0.1    0.699 -0.123 -0.321 -0.81
  1.262 -1.636  0.808  0.253  1.144  0.094 -0.385  0.97   0.81  -0.86
 -0.178  1.249  0.606 -0.09  -0.25   0.941  0.564 -0.27   0.86   0.35
 -0.33   0.54 ][-0.21   1.012 -0.4    0.7    0.93  -0.98   1.78  -0.42   1.199  0.296
  0.789  0.614 -0.44   0.38   0.212 -0.1   -1.056  0.83   0.088 -0.81
  0.83  -1.636  0.808  0.253  0.6    0.038 -0.632  0.97   0.81  -0.86
 -0.882  1.249  0.606 -0.08  -0.25   0.941  0.564 -0.27   0.86   0.35
 -0.33   0.54 ][-0.21   1.012 -0.4    0.7    0.93  -1.45   1.78  -0.42   1.199  1.002
  0.14   0.614 -0.44   0.161  0.212 -0.1    0.699 -0.123 -0.321 -0.81
  0.83  -1.636  0.808  0.253  0.392  0.094 -0.632  0.97   0.81   0.079
 -0.882  1.249  0.913 -0.09  -0.25   0.941  0.564 -0.27   0.86   0.35
 -0.33   0.54 ][-0.21   0.7   -0.4    0.731  0.93  -0.319  1.78  -0.42  -0.062 -0.253
  0.14   0.614 -0.44   0.38   0.212 -0.1    0.699 -0.123  0.647 -0.81
  0.83  -1.507  0.808  1.003  0.6   -0.572 -0.632  0.97   0.81  -0.17
 -0.882  1.249  0.913 -0.09  -0.25   0.941  0.564 -0.27   0.86   0.35
 -0.33   0.54 ][-0.21   1.012 -0.4    0.731  0.93  -0.319  1.78  -0.42  -0.062  0.296
  0.14   0.614 -0.44   0.38   0.482 -0.1    0.699 -0.123 -0.321 -0.81
  0.83  -1.636  0.808  1.003  0.6   -0.87  -0.632  0.97   0.81  -0.86
  0.059  1.249  0.606 -0.09  -0.25   0.941  0.564 -0.27   0.86   0.35
 -0.33   0.54 ][-0.21   1.012 -0.4    0.7    0.93  -0.98   1.24  -0.42  -0.062 -0.253
  0.14   0.614 -0.44   0.38   0.212 -0.1    0.617  0.83  -0.321 -0.81
  0.83  -1.636  0.808  0.253  1.144  0.094 -0.632  0.966  1.708 -0.86
 -0.785  1.249  0.913 -0.09  -0.25   0.941  0.564 -0.27   0.86   0.35
  0.106  0.54 ][-0.21   0.7   -0.007  0.7    0.93  -0.98   1.78  -0.42   0.142  1.002
  0.14   0.614 -0.561  0.161  0.212 -0.1    0.699  0.31  -0.321 -0.81
  0.83  -1.636  1.116  0.253  0.6    0.057 -0.632  0.97   0.81  -0.86
 -0.882  1.249  1.295 -0.09  -0.25   0.941  0.564 -0.27   0.86   0.13
 -0.33   0.54 ][-0.21   1.012 -0.4    0.7    0.77  -0.98   1.031 -0.42   0.203  1.002
  0.789  0.614 -0.44   0.161  0.212 -0.1   -1.056 -0.123 -0.321 -0.81
  0.83  -1.636  0.808  1.003  1.144  0.038 -0.385  0.97   1.277 -0.17
 -0.178  1.249  0.606 -0.08  -0.983  0.941  0.564 -0.27   0.86   0.35
 -0.33   0.54 ][-0.21   0.7   -0.4    0.7    0.93  -0.032  1.031 -0.42   1.199  0.55
  0.789  0.614 -0.44   0.161  0.212 -0.1    0.699  0.83  -0.321 -0.81
  1.262 -1.636  1.116  0.712  0.6   -0.87  -0.632  0.966  0.81  -0.17
  0.059  1.249  0.913 -0.08  -0.25   1.469  0.564 -0.27   0.86   0.35
 -0.33   0.54 ][-0.21   1.012 -0.4    0.7    0.77  -0.98   1.24  -0.42   0.747  1.002
  0.789  0.614 -0.44   0.161  0.212 -0.1   -1.056  0.83  -0.321 -0.81
  0.83  -1.636  0.527  0.253  0.6    0.038 -0.632  0.97   1.277 -0.17
 -0.785  1.249  0.606 -0.08  -0.25   0.941  0.564 -0.27   0.86   0.35
 -0.33   0.54 ][-0.21   1.012 -0.4    0.7    0.93  -0.98   1.78  -0.42  -0.062  0.296
  0.165  0.614 -0.44   0.38   0.212 -0.1   -1.056 -0.123 -0.321 -0.81
  0.83  -1.636  0.808  0.253  0.6    0.038 -0.632  0.97   0.81  -0.86
 -0.882  1.249  0.606 -0.09  -0.25   0.941  0.564 -0.27   0.86   0.35
 -0.33   0.54 ][-0.21   0.7   -0.4    0.7    0.77  -0.98   1.24  -0.42   1.199  1.002
  0.789  0.614 -0.44   0.161  0.212 -0.1    0.699 -0.123  0.647 -0.81
  0.83  -1.636  1.116  0.253  0.6    0.91  -0.632  0.966  0.81  -0.17
 -0.882  1.249  0.913 -0.09  -0.25   0.941  0.564 -0.27   0.86   0.35
  0.106  0.54 ][-0.21   0.716  0.372  0.731  0.93  -0.319  1.78  -0.42   0.142  0.296
  0.14   0.614 -0.44   0.161  0.212 -0.1    0.699  0.31   0.647 -0.81
  0.83  -1.507  0.808  1.003  0.6    0.057 -0.632  0.97   0.81  -0.86
 -0.882  1.249  1.759 -0.09  -0.25   0.941  0.564 -0.27   0.86   0.13
 -0.33   0.54 ][-0.21   0.7   -0.4    0.7    0.92  -0.98   1.24  -0.42   1.199  1.002
  0.14   0.614 -0.44   0.38   0.212 -0.1    0.699 -0.123  0.647 -0.81
  0.83  -1.636  1.753  0.281  0.6    0.094 -0.632  0.97   0.81  -0.86
  0.491  1.249  0.871 -0.09  -0.25   0.941  0.564 -0.27   0.86   0.35
  0.106  0.54 ][-0.21   0.7   -0.4    0.7    0.93  -0.032  1.05  -0.42   1.199  0.55
  0.789  0.614 -0.44   0.161  0.212 -0.1    0.699 -0.123 -0.321 -0.81
  1.262 -1.636  0.808  0.712  0.6   -0.87  -0.632  0.966  0.81  -0.86
 -0.178  1.249  0.606 -0.169 -0.25   0.941  0.564 -0.27   0.86   0.35
 -0.33   0.54 ][-0.21   1.012 -0.4    0.7    0.93  -0.98   1.031 -0.42   0.142  0.296
  0.14   0.614 -0.44   0.161  0.212 -0.1    0.617 -0.123  0.647 -0.747
  0.83  -1.636  1.116  0.281  0.6    0.094 -0.385  0.97   0.81  -0.86
 -1.393  1.249  0.871 -0.09  -0.25   0.941  0.564 -0.27   0.86   0.35
 -0.33   0.54 ][-0.21   1.012 -0.4    0.7    0.93  -1.45   1.78  -0.062  0.203  1.002
  0.14   0.614 -0.44   0.38   0.212 -0.1    0.699 -0.123 -0.321 -0.81
  0.83  -1.636  0.808  0.253  0.6    0.094 -0.632  0.97   0.81  -0.17
 -0.178  1.249  1.295 -0.09  -0.25   0.941  0.564 -0.27   0.86   0.35
 -0.33   0.54 ][-0.21   1.23  -0.4    0.7    0.93  -0.98   1.78  -0.42  -0.062  0.296
  0.789  0.614 -0.44   0.38   0.212 -0.1   -1.056 -0.123 -0.321 -0.81
  0.83  -1.636  1.753  0.253  0.6    0.094 -0.385  0.97   0.81  -0.86
 -0.882  1.249  0.606 -0.09  -0.25   0.941  0.564 -0.27   0.86   0.13
 -0.33   0.54 ][-0.21   1.012 -0.4    0.7    0.93  -0.98   1.78  -0.42   0.203  0.296
  0.789  0.614 -0.44   0.38   0.212 -0.1    0.617  0.08   0.088 -0.81
  0.83  -1.636  1.755  0.253  0.6    0.094 -0.632  0.97   0.81  -0.17
 -0.882  1.249  1.295 -0.08  -0.25   0.941  0.564 -0.27   0.86   0.35
 -0.33   0.54 ][-0.21   0.7   -0.4    0.7    0.77  -0.319  1.78  -0.42   1.199  0.296
  0.14   0.614 -0.44   0.161  0.212 -0.1    0.699 -0.123 -0.321 -0.81
  0.83  -1.636  0.808  0.253  0.6   -0.87  -0.632  0.966  0.81  -0.86
  1.032  1.249  0.606 -0.09  -0.25   0.941  0.564 -0.27   0.86   0.35
 -0.33   0.54 ][-0.21   1.012 -0.4    0.7    0.93  -1.45   1.031 -0.42   1.199  0.55
  0.789  0.614 -0.44   0.38   0.212 -0.1    0.699 -0.123 -0.321 -0.81
  0.83  -1.636  0.808  0.281  1.144  0.094 -0.385  0.97   0.81  -0.86
 -0.178  1.249  0.606 -0.09  -0.25   0.941  0.564 -0.27   1.598  0.35
 -0.33   0.54 ][-0.21   0.7   -0.4    0.192  0.93  -0.98   1.78  -0.42  -0.062  0.296
  0.789  0.614 -0.44   0.38   0.212 -0.1   -1.056 -0.123  0.088 -0.81
  0.83  -1.636  0.403  0.253  0.6    0.038 -0.632  0.97   0.81  -0.86
 -0.882  1.249  0.606 -0.08  -0.25   0.941  0.564 -0.27   0.86   0.13
 -0.33   0.54 ][-0.21   0.7   -0.4    0.7    0.93  -0.809  1.24  -0.42  -0.062 -0.253
  0.14   0.614 -0.44   0.161  0.212 -0.1    0.699  0.83  -0.321 -0.81
  0.83  -1.636  0.808  0.253  1.144  0.91  -0.632  0.966  0.81  -0.86
 -0.785  1.249  0.913 -0.09  -0.25   0.941  0.564 -0.27   0.86   0.35
  0.106  0.54 ][-0.21   1.012 -0.4    0.934  0.92  -1.45   1.78  -0.42   0.142  1.002
  0.14   0.614 -0.44   0.161  0.212 -0.1    0.699 -0.123 -0.321 -0.81
  1.262 -1.636  1.116  0.281  1.144  0.094 -0.632  0.97   0.81  -0.86
 -0.178  1.249  0.871 -0.09  -0.25   0.941  0.564 -0.27   0.86   0.35
 -0.33   0.54 ][-0.21   1.012 -0.4    0.7    0.93  -0.98   1.24  -0.42   1.199  1.002
  0.14   0.614 -0.44   0.161  0.212 -0.1    0.699 -0.123  0.647 -0.81
  1.262 -1.636  1.116  0.281  0.6    0.91  -0.632  0.97   0.81  -0.86
 -0.947  1.249  0.606 -0.09  -0.25   0.941  0.564 -0.27   0.86   0.35
 -0.33   0.54 ][-0.21   0.7   -0.4    0.7    0.77  -1.45   1.24  -0.42   1.199  1.002
  0.789  0.614 -0.44   0.161  0.212 -0.1    0.699 -0.123  0.647 -0.81
  0.83  -1.636  1.109  0.253  0.6    0.91  -0.632  0.97   0.81  -0.17
 -0.882  1.249  0.913 -0.09  -0.25   0.941  0.564 -0.27   0.86  -0.365
  0.106  0.54 ][-0.21   1.012 -0.4    0.406  0.93  -0.98   1.24  -0.42   1.199  0.296
  0.14   0.614 -0.44   0.38   0.212 -0.1    0.699 -0.123  0.088 -0.81
  0.83  -1.636  0.808  0.253  0.6   -0.657 -0.632  0.966  0.81  -0.86
 -0.882  1.249  0.913 -0.08  -0.25   1.469  0.564 -0.27   0.86   0.35
  0.106  0.54 ][-0.21   0.7   -0.4    0.7    0.77  -0.98   1.78  -0.42  -0.062  1.002
  0.789  0.614 -0.44   0.38   0.212 -0.1   -1.056 -0.123 -0.321 -0.81
  0.83  -1.636  0.808  0.253  0.6    0.038 -0.182  0.97   1.277 -0.86
 -0.882  1.249  0.606  0.009 -0.25   0.941  0.564 -0.27   0.86   0.35
 -0.33   0.54 ][-0.21   0.7   -0.4    0.7    0.93  -0.98   1.031 -0.42   0.203 -0.253
  0.14   0.614 -0.44   0.161  0.212 -0.1    0.699  0.83   0.647 -0.81
  0.601 -1.636  0.527  0.253  0.6    0.094 -0.632  0.97   0.81  -0.17
 -0.882  1.249  0.913 -0.09  -0.25   1.469  0.116 -0.27   0.86   0.35
  0.106  0.54 ][-0.21   0.7   -0.007  0.7    0.93  -0.98   1.78   0.09  -0.062  0.296
  0.789  0.614 -0.561  0.161  0.212 -0.1    0.699  0.31  -0.321 -0.81
  0.83  -1.636  0.403  0.253  0.6    0.057 -0.632  0.97   0.81  -0.86
 -0.882  1.249  1.295 -0.09  -0.25   0.941  0.564 -0.27   0.86   0.13
 -0.33   0.54 ][-0.21   0.7   -0.4    0.731  0.92  -0.319  1.78  -0.42  -0.062 -0.253
  0.14   0.614 -0.44   0.38   0.212 -0.1    0.617 -0.123 -0.321 -0.81
  0.83  -1.507  1.753  0.281  0.6   -0.672 -0.385  0.97   0.81  -0.17
 -0.882  1.249  0.871 -0.09  -0.25   0.941  0.564 -0.27   0.86   0.35
 -0.33   0.54 ][-0.21   0.7   -0.4    0.406  0.77  -0.98   1.78  -0.42   1.199 -0.253
  0.14   0.614 -0.44  -0.118  0.212 -0.1    0.699 -0.123  0.647 -0.81
  0.83  -1.636  0.527  0.253  0.6    0.094 -0.632  0.97   0.81  -0.86
 -0.882  1.249  0.913 -0.09  -0.25   1.469  0.564 -0.27   0.86   0.35
  0.106  0.54 ][-0.21   1.012 -0.4    0.7    0.93  -0.98   1.24  -0.42  -0.062  0.296
  0.789  0.614 -0.44   0.38   0.212 -0.1    0.617 -0.123 -0.321 -0.81
  0.83  -1.636  0.403  0.253  1.144  0.094 -0.632  0.966  1.708 -0.86
 -0.882  1.249  0.913  0.009 -0.25   0.941  0.564 -0.27   0.86   0.13
 -0.958  0.54 ][-0.21   0.7   -0.4    0.7    0.77  -0.98   1.78  -0.42   0.203  1.002
  0.789  0.614 -0.44   0.161  0.212 -0.1   -1.056 -0.123  0.647 -0.81
  0.601 -1.636  0.403  0.253  0.6    0.038 -0.293  0.97   0.81  -0.86
 -0.882  1.249  0.606  0.009 -0.25   0.941  0.564 -0.27   0.86   0.35
 -0.33   0.54 ][-0.21   1.012 -0.4    0.7    1.663 -1.45   1.78  -0.42   0.142  0.296
  0.14   0.614 -0.44   0.161  0.212 -0.1    0.699  0.31   0.647 -0.81
  1.262 -1.636  1.116  0.253  0.6    0.094 -0.632  0.97   0.81  -0.86
 -1.393  1.249  1.759 -0.09  -0.25   0.941  0.564 -0.27   0.86   0.35
 -0.33   0.54 ][-0.21   1.012 -0.4   -0.295  0.93  -0.98   1.24  -0.42   1.199  1.002
  0.789  0.614 -0.44   0.38   0.212 -0.1    0.699  0.83   0.647 -0.81
  0.83  -1.636  1.116  0.253  0.6    0.91  -0.632  0.966  0.81  -0.17
 -0.882  1.249  0.606 -0.08  -0.25   0.941  0.564 -0.27   0.86   0.35
 -0.33   0.54 ][-0.21   1.012 -0.4    0.7    0.77  -0.98   1.78  -0.42   0.203  1.002
  0.14   0.614 -0.44   0.38   0.212 -0.1    0.699  0.08  -0.321 -0.81
  0.601 -1.636  0.808  0.253  0.6    0.038 -0.632  0.97   0.81  -0.17
 -0.178  1.249  0.606 -0.09  -0.25   0.941  0.564 -0.27   0.86   0.35
  0.497  0.54 ][-0.21   0.7   -0.4    0.7    0.77  -0.98   1.24  -0.42  -0.062 -0.253
  0.789  0.614 -0.44   0.38   0.212 -0.1    0.617  0.83  -0.321 -0.81
  0.83  -1.636  0.808  0.253  1.144  0.094 -0.632  0.966  0.81  -0.86
 -0.882  1.249  0.913 -0.09  -0.25   0.941  0.564 -0.27   0.86  -0.335
  0.106  0.54 ][-0.21   1.012  0.369  0.7    0.77  -1.45   1.78  -0.42   0.142 -0.253
  0.14   0.614 -0.44   0.161  0.212 -0.1    0.699  0.31  -0.321 -0.81
  0.83  -1.636  1.116  0.253  0.6    0.057 -0.632  0.97   0.81  -0.86
 -0.882  1.249  1.759 -0.09  -0.25   0.941  0.564 -0.27   0.86   0.13
 -0.33   0.54 ][-0.21   1.012 -0.4    0.7    0.93  -0.98   1.78  -0.42   1.199 -0.253
  0.14   0.614 -0.44   0.161  0.212 -0.1    0.699 -0.123 -0.321 -0.81
  0.83  -1.636  0.808  0.253  0.6    0.094 -0.632  0.97   0.81   0.079
 -0.882  1.249  0.913 -0.09  -0.25   1.469  0.564 -0.27   0.86   0.35
  0.106  0.391][-0.21  -0.083 -0.4    0.7    0.93  -1.45   1.78  -0.42   1.199  0.296
  0.789  0.614 -0.44   0.161  0.212 -0.1    0.699 -0.123  0.647 -0.81
  0.83  -1.636  0.403  0.253  0.6    0.057 -0.632  0.97   0.81  -0.86
 -0.882  1.249  0.913  0.009 -0.25   0.941  0.564 -0.27   0.86   0.35
 -0.33   0.54 ][-0.21   0.7   -0.4    0.731  0.93  -0.319  1.78  -0.42  -0.062  0.296
  0.14   0.614 -0.44   0.38   0.482 -0.1    0.699 -0.123 -0.321 -0.81
  0.83  -1.176  0.808  0.253  0.6    0.057 -0.632  0.97   0.81  -0.86
  0.059  1.249  0.606  0.009 -0.25   0.941  0.564 -0.27   0.86   0.35
 -0.33   0.54 ][-0.21   1.012 -0.4    0.7    0.92  -0.98   1.031 -0.42  -0.062  1.002
  0.14   0.614 -0.44   0.38   0.212 -0.532  0.699  0.83  -0.321 -0.81
  0.83  -1.636  1.116  0.281  1.144  0.094 -0.385  0.97   0.81  -0.86
 -0.178  1.249  0.871 -0.09  -0.25   0.941  0.564 -0.27   0.86   0.35
 -0.33   0.54 ][-0.21   1.012 -0.4    0.7    0.77  -0.98   1.24  -0.42   1.199  1.002
  0.14   0.614 -0.44   0.161  0.212 -0.1    0.617 -0.123 -0.321 -0.81
  0.83  -1.636  1.753  0.253  0.661  0.91  -0.385  0.97   0.81  -0.17
 -0.178  1.249  0.913 -0.09  -0.25   0.941  0.564 -0.27   0.86   0.35
  0.106  0.54 ][-0.21   0.7   -0.4    0.7    0.93  -0.98   1.05  -0.42  -0.062  0.296
  0.789  0.614 -0.44   0.38   0.212 -0.1   -1.056 -0.123  0.647 -1.528
  1.262 -1.636  0.808  0.253  0.6    0.094 -0.385  0.97   0.81  -0.86
 -0.178  1.249  0.606  0.009 -0.25   0.941  0.564 -0.27   0.86   0.35
 -0.33   0.54 ][-0.21   1.012  0.372  0.7    0.77  -0.98   1.24  -0.42   0.142  0.296
  0.14   0.614 -0.44   0.161  0.212 -0.1    0.699 -0.123  0.647 -0.81
  1.262 -1.636  1.116  0.253  0.6    0.057 -0.632  0.966  0.81  -0.17
 -0.882  1.249  1.759  0.219 -0.25   0.941  0.564 -0.27   0.86   0.13
 -0.33   0.54 ][-0.21   0.7   -0.4    0.7    0.93  -0.98   1.24  -0.42  -0.062 -0.253
  0.14   0.614 -0.44   0.161  0.212 -0.1    0.699 -0.123  0.647 -0.81
  0.83  -1.636  1.116  0.253  0.6   -0.572 -0.632  0.966  0.81  -0.17
 -0.882  1.249  0.913 -0.09  -0.25   0.941  0.564 -0.27   0.86   0.35
 -0.33   1.503][-0.21   1.691 -0.4    0.7    0.77  -0.98   1.24  -0.42   0.203  1.002
  0.789  0.614 -0.44   0.161  0.212 -0.1    0.699  0.83   0.647 -0.81
  0.601 -1.636  1.116  0.253  0.6    0.038 -0.632  0.97   0.81  -0.17
 -0.178  1.249  0.913 -0.09  -0.25   0.941  0.564 -0.27   0.86   0.35
 -0.484  0.54 ][-0.21   0.7   -0.4    0.7    0.93  -1.45   1.78  -0.42  -0.062  0.296
  0.14   0.614 -0.44   0.161  0.212 -0.1   -1.056 -0.123  0.647 -0.81
  0.418 -1.636  1.109  0.253  0.6    0.057 -0.632  0.97   0.81  -0.86
 -0.882  1.249  0.913  0.009 -0.25   0.941  0.564 -0.27   0.86   0.35
  0.106  0.54 ][-0.21   0.7   -0.4    0.406  0.93  -0.98   1.78  -0.42   1.199 -0.253
  0.14   0.614 -0.44   0.161  0.212 -0.1    0.699 -0.123  0.647 -0.81
  0.83  -1.636  0.403  0.253  0.6    0.094 -0.632  0.97   0.81  -0.17
 -0.882  1.249  1.501  0.009 -0.25   1.469  0.564 -0.27   0.86   0.35
 -0.33   0.54 ][-0.21   1.012  0.372  0.7    1.569 -0.032  1.031 -0.42   1.199  0.296
  0.14   0.614 -0.44   0.161  0.212 -0.1    0.699  0.31  -0.321 -0.81
  1.262 -1.636  1.116  0.712  0.6   -0.87  -0.632  0.966  0.81  -0.86
  0.059  1.249  0.913 -0.09  -0.25   0.941  0.564 -0.27   0.86   0.35
 -0.33   0.54 ][-0.21   0.7    0.244  0.7    0.93  -0.98   1.24  -0.42   1.199  1.002
  0.14   0.614 -0.44   0.161  0.212 -0.1    0.699 -0.123 -0.321 -0.81
  0.83  -1.636  1.116  0.253  0.6    0.91  -0.632  0.97   0.81  -0.17
 -0.882  1.249  1.295 -0.09  -0.25   0.941  0.564 -0.27   0.86   0.13
  0.106  0.54 ][-0.21   1.691 -0.4    0.7    0.77  -0.98   1.24  -0.42   0.747  1.002
  0.789  0.614 -1.248  0.161  0.212 -0.1    0.699  0.83  -0.321 -0.81
  0.601 -1.636  0.808  0.253  0.6    0.038 -0.632  0.97   1.277 -0.17
 -0.785  1.249  0.606 -0.08  -0.25   0.941  0.564 -0.27   0.86   0.35
 -0.33   0.54 ][-0.21   1.012  0.372  0.7    0.93  -1.45   1.78  -0.42   1.199  0.296
  0.14   0.614 -0.44   0.161  0.212 -0.1    0.699  0.31  -0.321 -0.81
  1.262 -1.636  1.116  0.253  0.392  0.094 -0.632  0.97   0.81  -0.039
 -0.882  1.249  0.913 -0.09  -0.25   0.941  0.564 -0.27   0.86   0.13
 -0.33   0.54 ][-0.21   1.012 -0.4    0.731  0.93  -1.45   1.78  -0.42  -0.062 -0.253
  0.14   0.614 -0.44   0.161  0.482 -0.1    0.699 -0.123 -0.321 -0.81
  0.83  -1.636  0.808  1.003  0.6   -0.87  -0.632  0.97   0.81  -0.86
  0.059  1.249  0.606 -0.09  -0.25   0.941  0.564 -0.27   0.86   0.626
 -0.33   0.54 ][-0.21   1.012 -0.4    0.7    0.77  -0.98   1.78  -0.42   0.142 -0.253
  0.14   0.614 -0.44   0.161  0.495 -0.1    0.699 -0.123  0.647 -0.81
  0.83  -1.636  1.109  0.253  0.6    0.094 -0.632  0.97   0.81  -0.86
 -1.393  1.249  0.606 -0.09  -0.25   0.941  0.564 -0.27   0.86   0.35
 -0.33   0.54 ][-0.21   0.7   -0.4    0.731  0.93  -0.319  1.78  -0.42  -0.062  1.002
  0.14   0.614 -0.44   0.38   0.212 -0.1    1.163 -0.123  0.647 -0.81
  0.83  -1.507  0.808  0.253  0.6    0.91  -0.632  0.97   0.81  -0.17
 -0.882  1.249  0.913 -0.09  -0.25   0.941  0.564 -0.27   0.86   0.35
 -0.33   0.54 ][-0.21   0.7   -0.4    0.7    0.93  -0.98   1.78  -0.42  -0.062  0.296
  0.14   0.614 -0.44   0.38   0.212 -0.1   -1.056 -0.123  0.647 -0.81
  1.262 -1.636  1.116  0.253  0.6    0.057 -0.632  0.97   0.81  -1.703
 -0.882  1.249  0.606  0.009 -0.25   0.941  0.564 -0.27   0.86   0.13
 -0.33   0.54 ][-0.21   1.012  0.372  0.7    0.93  -1.45   1.78  -0.42   0.142  1.002
  0.14   0.614 -0.44   0.161  0.212 -0.1    0.699 -0.123 -0.321 -0.81
  0.83  -1.636  1.116  0.253  0.392  0.094 -0.632  0.97   0.81   0.079
 -0.882  1.249  1.759 -0.09  -0.25   0.941  0.564 -0.27   0.86  -0.567
 -0.33   0.54 ][-0.21   1.012 -0.4    0.7    0.93  -1.45   1.78  -0.42   0.203  1.002
  0.14   0.614 -0.44   0.38   0.212 -0.1    0.699  0.08  -0.321 -0.829
  0.83  -1.636  0.808  0.253  0.392  0.094 -0.632  0.97   0.81   0.079
 -0.882  1.249  1.295 -0.09  -0.25   0.941  0.564 -0.27   0.86   0.35
 -0.33   0.54 ][-0.21   1.012 -0.4    0.7    0.93  -0.98   1.78  -0.42   1.199  0.296
  0.14   0.614 -0.44   0.161  0.212 -0.1    0.699 -0.123  0.647 -0.81
  1.262 -1.636  0.808  0.281  1.144  0.094 -0.632  0.97   0.81  -0.86
 -0.178  1.249  0.606 -0.09  -0.25   0.941  0.564 -0.276  0.86   0.35
 -0.33   0.54 ][-0.21   0.7   -0.4    0.7    0.77  -0.98   1.031 -0.42   0.203 -0.253
  0.14   0.614 -0.44   0.161  0.212 -0.1    0.699 -0.123 -0.321 -0.81
  0.83  -1.636  1.109  1.003  1.144  0.038 -0.385  0.97   0.81  -0.86
 -0.882  1.249  0.606 -0.08  -0.25   0.941  0.564 -0.27   1.377  0.35
  0.106  0.54 ][-0.21   0.7   -0.4    0.7    0.93  -0.98   1.78  -0.42   0.142  0.55
  0.14   0.614 -0.44   0.161  0.212 -0.1    0.699 -0.123 -0.321 -0.81
  1.262 -1.636  1.116  0.253  1.144  0.057 -0.632  0.97   0.81  -0.86
 -0.882  1.249  0.606 -0.09  -1.207  0.941  0.564 -0.27   0.86   0.35
 -0.33   0.54 ][-0.21   1.012 -0.4    0.7    0.93  -0.98   1.78  -1.392  1.199  0.296
  0.14   0.614 -0.44   0.161  0.212 -0.1   -1.056 -0.123 -0.321 -0.81
  0.83  -1.636  0.808  0.253  0.392  0.094 -0.632  0.97   0.81  -0.86
 -0.882  1.249  0.606 -0.08  -0.25   0.941  0.564 -0.27   0.86   0.35
 -0.33   0.54 ][-0.21   1.012 -0.4    0.731  0.93  -0.98   1.031 -0.42   0.203  0.296
  0.789  0.614 -0.44   0.38   0.482 -0.1    0.699 -0.123 -0.589 -0.81
  0.601 -1.636  0.808  0.253  0.6   -0.87  -0.632  0.97   0.81  -0.86
 -0.178  1.249  0.606 -0.09  -0.25   0.941  0.564 -0.27   0.86   0.35
 -0.33   0.54 ][-0.21   1.012 -0.4    0.7    0.93  -1.45   1.78  -0.42   1.199  1.687
  0.14   0.614 -0.44   0.161  0.212 -0.1    0.699 -0.123  0.647 -0.81
  0.83  -1.636  1.109  0.253  0.392  0.057 -0.632  0.97   0.81  -0.86
 -0.882  1.249  0.913 -0.09  -0.25   0.941  0.564 -0.27   0.86   0.35
 -0.33   0.54 ][-0.21   1.012 -0.4    0.7    0.77  -1.45   1.78  -0.809  1.199  0.296
  0.14   0.614 -0.44   0.161  0.212 -0.1    0.699  0.83   0.088 -0.81
  0.83  -1.636  1.109  0.253  0.6    0.038 -0.632  0.97   0.81  -0.86
 -0.882  1.249  0.913 -0.08  -0.25   0.941  0.564 -0.27   0.86   0.35
  0.106  0.54 ]