[-0.21   0.7   -0.4    0.7    0.77  -0.98   1.78  -0.42   0.58  -0.253
  0.14   0.614 -0.44   0.717 -0.781 -0.1    0.699 -0.123  0.267 -0.81
  0.83  -0.664  0.746  0.81   0.6   -0.87  -0.632  0.97   0.81  -0.86
 -0.882  1.249  0.913 -0.09  -0.25   0.941  0.564 -0.27   0.86   0.35
 -0.33   0.54 ][-0.21   0.7    0.372  0.7    0.93  -0.98   1.78  -0.42   0.142  0.296
  0.14   0.614 -0.44   0.161  0.212 -0.1    0.699  0.83  -0.321 -0.81
  0.83  -1.636  1.116  0.253  0.6    0.057 -0.632  0.97   0.81  -1.21
 -0.882  1.249  0.606 -0.08  -0.25   0.941  0.564 -0.27   0.86   0.35
 -0.33   0.54 ][-0.21   0.7   -0.4    0.7    0.77  -1.45   1.78  -0.42   0.58   0.55
  0.14   0.614 -0.44   0.717  0.482 -0.1   -0.192 -0.123  1.07  -0.81
  1.249 -0.664  0.185  0.281  0.6   -0.87  -0.632  0.97   0.81  -0.86
 -0.882  1.249  0.913 -0.08  -0.25   0.941  0.564 -0.27   0.86   0.905
 -0.33   0.54 ][-0.21   0.7   -0.4    0.7    0.77  -0.98   1.78  -0.42  -0.062  0.55
  0.789  0.614 -0.44   0.717  0.212 -0.1   -0.192 -0.123 -0.321 -0.81
  1.249 -1.636  1.116  0.253  0.6    0.038 -0.632  0.97   0.81  -0.86
  0.059  1.249  0.606 -0.09  -0.25   0.941  0.564 -0.27   0.86   0.35
 -0.33   0.54 ][-0.21   0.7   -0.4    0.7    0.93  -0.032  1.78  -0.42   1.199  0.296
  0.789  0.614 -0.44   0.161  0.212 -0.1    0.699 -0.277 -0.321 -0.81
  1.262 -1.399  1.116  0.81   0.6   -0.87  -0.632  0.966  0.518 -1.21
 -0.882  1.249  0.913 -0.08  -0.25   0.941  0.564 -0.27   0.86   0.35
 -0.33   0.54 ][-0.21   1.375 -0.4    0.7    0.93  -0.98   1.78  -0.42   1.199  0.296
  0.14   0.614 -0.44   0.717  0.212 -0.1   -0.192 -0.123 -0.321 -0.81
  1.262 -0.664  1.116  1.003  0.6   -0.87  -0.632  0.966  0.81  -0.86
 -0.882  1.249  0.913 -0.09  -0.25   0.941  0.564 -0.27   0.86   0.35
 -0.33   0.54 ][-0.21   0.263 -0.4    0.7    0.77  -0.98   1.78  -0.42   1.199  0.55
  0.14   0.614 -0.44   0.717  0.212 -0.1   -0.192 -0.123 -0.321 -0.81
  0.83  -1.438  1.116  1.003  0.6   -0.87  -0.632  0.97   0.81  -0.86
 -0.882  1.249  0.913 -0.09  -0.25   0.941  0.564 -0.27   0.86   0.35
 -0.33   0.54 ][-0.21   0.7   -0.4    0.7    0.77  -0.032  1.78  -0.42   1.199  0.296
  0.14   0.614 -0.44   0.717  0.482 -0.1    0.699  0.83  -0.321 -0.81
  1.262 -1.399  0.185  0.281  0.6   -0.87  -1.497  0.966  0.81  -0.86
  0.059  1.249  0.913 -0.08  -0.25   0.941  0.564 -0.27   0.86   0.35
 -0.33   0.54 ][-0.21   0.7   -0.4    0.7    0.93  -0.032  1.78  -0.42   1.199  1.002
  0.14   0.614 -0.44   0.161  0.212 -0.1    0.699  0.83  -0.321 -0.81
  1.262 -0.664  1.116  0.81   0.6   -0.572 -0.632  0.966  0.81  -0.17
  0.059  1.249  0.913 -0.08  -0.25   1.469  0.564 -0.27   0.86   0.35
 -0.33   0.54 ][-0.21   0.7   -0.4    0.7    0.77  -0.98   1.78  -0.42   1.199  0.296
  0.948  0.614 -0.44   0.38   0.212 -0.1   -0.192 -0.123 -0.321 -0.81
  0.83  -0.664  0.808  0.253  0.6    0.057 -0.632  0.97   0.81  -0.86
 -0.882  1.249  0.606 -0.09  -0.25   0.941  0.564 -0.27   0.86   0.35
 -0.33   0.54 ][-0.21   0.539 -0.4    0.7    0.77  -0.032  1.78  -0.42   1.199  0.296
  0.14   0.614 -0.44   0.161  0.212 -0.1   -0.192  0.83  -0.321 -0.81
  1.262 -2.399  1.116  0.81   0.6   -0.572 -0.632  0.966  0.81  -0.86
  0.059  1.249  0.913 -0.08  -0.25   0.941  0.564 -0.27   0.86   0.35
 -0.33   0.54 ][-0.21   0.7   -0.4    0.7    0.77  -0.98   1.78  -0.42   0.142  0.55
  0.14   0.614 -0.561  0.38   0.212 -0.1   -0.192  0.31  -0.321 -0.81
  0.83  -0.664  1.116  0.253  0.6    0.057 -0.632  0.97   0.81  -0.86
 -0.882  1.249  1.295 -0.09  -0.25   1.469  0.564 -0.27   0.86   0.35
 -0.33   0.54 ][-0.21   0.7   -0.4    0.7    0.77  -1.038  1.78  -0.42   0.58   0.296
  0.14   1.335 -0.561  0.717  0.212 -0.1   -0.192 -0.123 -0.321 -0.81
  1.249 -1.438  1.116  1.003  0.6   -0.87  -0.632  0.97   0.81  -0.86
  0.059  1.249  0.606 -0.09  -0.25   0.941  0.564 -0.27   0.86   0.35
 -0.33   0.54 ][-0.21   0.7   -0.4    0.7    0.93  -1.45   1.78  -0.42   1.199  0.55
  0.14   0.614 -0.44   0.717  0.482 -0.1    0.617 -0.123  0.267 -0.81
  1.262 -0.491  1.116  0.281  0.6   -0.87  -0.632  0.97   0.81  -0.86
 -0.882  1.249  0.913 -0.08  -0.25   0.941  0.564 -0.27   0.86   0.35
 -0.33   0.54 ][-0.21   0.7   -0.4    0.7    0.93  -0.98   1.78  -0.42  -0.062  0.55
  0.14   0.614 -0.44   0.717  0.482 -0.1   -0.343 -0.123  0.267 -0.81
  1.262 -1.216  1.116  0.253  0.6   -0.572 -0.632  0.97   0.81  -0.86
 -0.882  1.249  0.913 -0.09  -0.25   0.941  0.564 -0.27   0.86   0.35
 -0.33   0.54 ][-0.21   0.7   -0.4    0.7    0.77  -0.98   1.78  -0.42   1.199 -0.253
  0.14   0.614 -0.44   0.717  0.212 -0.1    0.617 -0.123  0.267 -0.81
  1.249 -1.216  1.116  0.281  0.6    0.038 -0.632  0.97   0.81  -0.86
 -0.882  1.249  1.361 -0.09  -0.25   0.941  0.564 -0.27   0.86   0.35
 -0.33   0.54 ][-0.21   0.7   -0.4    0.7    0.93  -1.45   1.031 -0.42   0.203 -0.253
  0.14   0.614 -0.44   0.717  0.212  0.494  0.699  0.83  -0.321 -0.81
  0.83  -1.636  0.808  0.81   0.6   -0.87  -0.632  0.97   0.81  -0.86
  0.059  1.249  0.606 -0.08  -0.25   0.941  0.564 -0.27   0.86   0.35
 -0.33   0.54 ][-0.21   0.539 -0.4    0.7    0.77  -0.98   1.78  -0.42   1.199 -0.253
  0.14   0.614 -0.947  0.717  0.212 -0.1   -1.056 -0.123 -0.321 -0.81
  0.83  -0.664  1.116  1.003  0.6   -0.87  -0.632  0.97   0.81  -0.86
 -0.882  1.249  0.913 -0.09  -0.25   1.469  0.564 -0.27   0.86   0.35
 -0.33   0.54 ][-0.347  0.7   -0.4    0.7    0.77  -0.98   1.78  -0.42   1.199 -0.253
  0.14   0.614 -0.44   0.717  0.482 -0.1    0.617 -0.123  0.267 -0.81
  1.262 -1.216  1.116  0.281  0.6   -0.572 -0.632  0.97   0.81  -0.86
 -0.882  1.249  0.913 -0.09  -0.25   0.941  0.564 -0.27   0.86   0.35
 -0.33   0.54 ][-0.21   0.7   -0.4    0.7    0.77  -0.98   1.78  -0.536  1.199  0.55
  0.789  0.614 -0.44   0.161  0.212 -0.1   -0.192 -0.123  0.267 -0.81
  0.83  -1.636  0.808  0.253  0.6    0.038 -0.632  0.97   0.553 -0.86
  0.059  1.249  0.606 -0.09  -0.25   0.941  0.564 -0.27   0.86   0.35
 -0.33   0.54 ][-0.21   0.7   -0.4    0.7    0.77  -0.98   1.78  -0.42  -0.062  0.55
  0.789  0.614 -0.44   0.717  0.212 -0.1   -0.192 -0.123  1.07  -0.81
  1.249 -1.636  0.185  0.253  0.6   -0.87  -0.632  0.97   0.81  -0.86
 -0.882  1.249  0.913 -0.08  -0.25   0.941  0.564 -0.27   0.86   1.659
 -0.33   0.54 ][-0.347  0.7   -0.4    0.7    0.77  -0.98   1.78  -0.42   1.199 -0.253
  0.789  0.614 -0.44   0.717  0.482 -0.1    0.617 -0.123 -0.321 -0.81
  1.262 -1.216  1.116  0.81   0.6   -0.87  -0.632  0.97   0.81  -0.515
 -0.882  1.249  0.913 -0.09  -0.25   0.941  0.564 -0.27   0.86   0.35
 -0.33   0.54 ][-0.21   0.7   -0.4    0.7    0.93  -0.032  1.78  -0.42   1.199  0.296
  0.789  0.614 -0.44   0.161  0.212 -0.1    0.699 -0.123  0.267 -0.81
  0.83  -1.399  0.808  0.81   0.6   -0.87  -0.632  0.966  0.518 -1.323
 -0.882  1.249  0.606 -0.09  -0.25   0.941  0.564 -0.27   0.86   0.35
 -0.33   0.54 ][-0.21   0.539 -0.4    0.7    0.77  -0.98   1.78  -0.42   1.199  0.55
  0.14   0.614 -0.947  0.717  0.212 -0.1   -0.192 -0.123 -0.321 -0.81
  0.83  -1.438  1.116  1.003  0.6   -0.87  -0.632  0.97   0.81  -0.86
 -0.882  1.249  0.913 -0.09  -0.149  1.469  0.564 -0.27   0.86   0.35
 -0.33   0.54 ][-0.21   0.7   -0.4    0.7    0.93  -0.98   1.78  -0.42  -0.062  0.55
  0.14   0.198 -0.44   0.161  0.212 -0.1   -0.343 -0.277  0.267 -0.81
  1.262 -1.216  1.116  0.81   0.6   -0.572 -0.632  0.97   0.81  -1.21
 -0.882  1.249  0.913 -0.08  -0.25   0.941  0.564 -0.27   0.86   0.35
 -0.33   0.54 ][-0.21   0.7   -0.4    0.7    0.93  -0.032  1.78  -0.42   1.199  0.55
  0.789  0.614 -0.44   0.161  0.212 -0.1    0.699 -0.123 -0.321 -0.81
  0.83  -1.636  1.116  0.075  0.6    0.038 -0.632  0.966  0.81  -0.17
  0.059  1.249  0.606 -0.09  -0.25   0.941  0.564 -0.27   0.86   0.35
 -0.33   0.54 ][-0.21   1.012 -0.4    0.7    0.93  -1.45   1.78  -0.42   1.199  0.55
  0.14   0.614 -0.44   0.717  0.212 -0.1    0.699 -0.123 -0.321 -0.81
  0.83  -1.636  1.116  1.003  0.6   -0.87  -0.632  0.97   0.81  -0.86
  0.059  1.249  0.606 -0.09  -0.25   0.941  0.564 -0.27   0.86   0.35
 -0.33   0.54 ][-0.21   1.375 -0.4    0.7    0.93  -0.032  1.78  -0.42   1.199  1.002
  0.14   0.614 -0.44   0.161  0.212  0.167  0.699  0.83  -0.321 -0.81
  1.262 -0.664  1.116  1.003  0.6   -0.572 -0.632  0.966  0.81  -0.86
 -0.882  1.249  0.913 -0.08  -0.25   0.941  0.564 -0.27   0.86   0.35
 -0.33   0.54 ][-0.21   1.375 -0.4    0.7    0.93  -0.032  1.78  -0.42   1.199  0.296
  0.14   0.614 -0.44   0.161  0.212 -0.1    0.699  0.83   0.655 -0.81
  1.262 -0.664  1.116  0.81   0.6   -0.572 -0.632  0.966  0.81  -0.17
 -0.882  1.249  0.913 -0.08  -0.25   0.941  0.564 -0.27   0.86   0.35
 -0.33   0.54 ][-0.21   0.7   -0.4    0.7    0.93  -0.98   1.78  -0.42  -0.062  0.55
  0.14   0.614 -0.44   1.575  0.212 -0.1   -0.343 -0.123 -0.321 -0.81
  1.262 -1.216  0.808  0.253  0.6    0.057 -0.632  0.97   0.81  -0.86
 -0.882  1.249  0.913 -0.09  -0.25   0.941  0.564 -0.27   0.86   0.35
 -0.33   0.54 ][-0.21   0.7    0.372  0.7    0.77  -0.98   1.78  -0.42   0.142  0.296
  0.14   0.614 -0.44   0.717  0.212 -0.1    0.617  0.83   0.267 -0.81
  0.83  -1.636  1.116  0.281  0.6    0.094 -0.632  0.97   0.81  -0.86
 -0.882  1.249  0.606 -0.08  -0.25   0.941  0.564 -0.27   0.86   0.35
 -0.33   0.54 ][-0.21   0.263 -0.4    0.7    0.77  -0.98   1.78  -0.42   1.161  0.55
  0.789  0.614 -0.44   0.717  0.212 -0.1   -0.192 -0.123  0.267 -0.81
  0.83  -1.438  1.116  0.253  0.6    0.038 -0.632  0.97   0.553 -0.86
  0.059  1.249  0.913 -0.09  -0.25   0.941  0.564 -0.27   0.86   0.35
 -0.33   0.54 ][-0.21   0.7   -0.4    0.7    0.77  -0.98   1.78  -0.42  -0.062  0.55
  0.789  0.614 -0.44   0.571  0.212 -0.1   -0.192 -0.123 -0.321 -0.81
  0.83  -1.636  0.808  0.253  0.6    0.038 -0.632  0.97   0.553 -0.86
  0.059  1.249  0.606 -0.09  -0.25   0.941  0.564 -0.27   0.86   0.35
 -0.33   0.54 ][-0.21   0.539 -0.4    0.7    0.77  -0.98   1.78  -0.42   1.199  0.296
  0.14   0.956 -0.44   0.161  0.212 -0.1   -0.192 -0.123 -0.321 -0.81
  1.262 -2.399  1.116  0.81   0.6   -0.572 -0.632  0.97   0.81  -0.86
  0.059  1.249  0.606 -0.09  -0.25   0.941  0.564 -0.27   0.86   0.35
 -0.33   0.54 ][-0.21   0.7    0.372  1.035  0.77  -0.98   1.78  -0.42   0.142  0.296
  0.14   0.614 -0.44   0.161  0.212 -0.1   -0.192 -0.123 -0.321 -0.81
  0.83  -0.664  0.808  0.253  0.6    0.057 -0.632  0.97   0.81  -0.86
 -0.882  1.249  0.606 -0.09  -0.25   0.941  0.564 -0.27   0.86   0.35
 -0.33   0.54 ][-0.21   0.7   -0.4    0.7    0.77  -0.98   1.78  -0.536  1.199  0.55
  0.789  0.614 -0.44   0.717 -0.781 -0.1    0.699 -0.123  0.267 -0.81
  0.83  -1.636  0.808  0.253  0.6    0.038 -0.632  0.97   0.81  -0.86
  0.059  1.249  0.606 -0.09  -0.25   1.421  0.564 -0.27   0.86   0.35
 -0.33   0.54 ][ 0.062  0.539 -0.4    0.7    0.77  -0.98   1.78  -0.42   1.199  0.296
  0.14   0.614 -0.44   0.161  0.212 -0.1   -0.192 -0.123 -0.321 -0.81
  1.249 -2.399  1.116  0.253  0.6    0.038 -0.632  0.97   0.81  -0.86
  0.059  1.249  0.913 -0.08  -0.25   0.941  0.564 -0.27   0.86   0.35
 -0.33   0.54 ][-0.21   0.7   -0.4    0.7    0.77  -0.032  1.78  -0.42   1.199  0.296
  0.789  0.614 -0.44   0.161  0.212 -0.1   -0.192 -0.123 -0.321 -0.81
  1.262 -2.399  0.808  0.253  0.6   -0.572 -0.632  0.966  0.81  -0.86
  0.059  1.249  0.606 -0.885 -0.25   0.941  0.564 -0.27   0.86   0.35
 -0.33   0.54 ][-0.21   0.7   -0.4    0.7    0.93  -0.98   1.78  -0.42  -0.062  0.296
  0.14   0.614 -0.44   0.717  0.212 -0.1   -0.192  0.83   0.267 -0.81
  1.262 -2.399  1.116  0.81   0.6   -0.572 -1.44   0.97   0.81  -0.86
 -0.882  1.249  0.913 -0.08  -0.25   0.941  0.564 -0.27   0.86   0.35
 -0.33   0.54 ][-0.21   0.7   -0.4    0.7    0.77  -0.98   1.78  -0.42   0.142  0.55
  0.789  0.763 -0.44   0.161  0.212 -0.1   -0.192  0.83  -0.321 -0.81
  1.249 -1.636  1.116  0.253  0.6    0.057 -0.632  0.97   0.81  -1.21
  0.059  1.249  0.606 -0.09  -0.25   0.941  0.564 -0.27   0.86   0.35
 -0.33   0.54 ][-0.21   0.178 -0.4    0.7    0.77  -0.98   1.78  -0.42   1.199  0.55
  0.14   0.614 -0.44   0.717  0.212 -0.1   -0.192 -0.123 -0.321 -0.81
  1.262 -0.664  1.116  0.253  0.6   -0.87  -0.632  0.97   0.81  -0.86
 -0.882  1.249  0.913 -0.09  -0.25   0.941  0.564 -0.27   0.86   0.35
 -0.33   0.54 ][-0.21   0.895 -0.4    0.7    0.77  -0.032  1.78  -0.42   0.58  -0.253
  0.14   0.614 -0.44   0.161  0.212 -0.1   -0.192  0.83  -0.321 -0.81
  0.83  -0.664  0.746  0.81   0.6   -0.87  -0.632  0.966  0.81  -0.86
 -0.882  1.249  0.913 -0.09  -0.25   0.941  0.564 -0.27   0.86   0.35
 -0.33   0.54 ][-0.431  0.539  0.372  0.7    0.93  -0.032  1.78  -0.42   0.142  0.296
  0.14   0.614 -0.44   0.161  0.212 -0.1   -0.192  0.83  -0.321 -0.81
  1.262 -2.399  1.116  0.81   0.6    0.057 -0.632  0.97   0.81  -1.21
 -0.882  1.249  0.913 -0.08  -0.25   0.941  0.564 -0.27   0.86   0.35
 -0.33   0.54 ][-0.21   0.7   -0.4    0.7    0.93  -0.032  1.78  -0.42   1.199  0.296
  0.14   0.614 -0.44   0.161  0.212 -0.1    0.699  0.83  -0.321 -0.81
  1.262 -0.664  1.116  0.81   0.6   -0.572 -0.632  0.966  0.81  -0.86
  0.059  1.249  0.913 -0.08  -0.25   0.941  0.564 -0.27   0.86   0.35
 -0.33   0.978][-0.21   0.7   -0.4    0.7    0.93  -0.98   1.78  -0.42   0.142  0.296
  0.14   0.614 -0.44  -0.639  0.212 -0.1   -0.192 -0.123 -0.321 -0.81
  0.83  -1.636  1.116  0.253  0.6   -0.87  -0.632  0.97   0.81  -1.21
 -0.882  1.249  0.606 -0.09  -0.25   0.941  0.564 -0.27   0.86   0.35
 -0.33   0.54 ][-0.21   0.7   -0.4    0.7    0.77  -0.032  1.78  -0.536  1.199  0.296
  0.789  0.614 -0.44   0.161  0.212 -0.1   -0.192 -0.123  0.267 -0.81
  0.83  -1.636  1.116  0.81   0.6    0.038 -0.632  0.97   0.553 -1.21
  0.059  1.249  0.913 -0.09  -0.25   0.941  0.564 -0.27   0.86   0.889
 -0.33   0.54 ][-0.21   0.7   -0.4    0.7    0.77  -0.98   1.78  -0.42  -0.062  0.55
  0.789  0.614 -0.44   0.717  0.212 -0.1   -0.192 -0.123 -0.321 -0.81
  0.83  -1.636  0.808  0.253  0.6    0.038 -0.632  0.97   0.81  -0.86
  0.621  1.249  0.606 -0.09  -0.25   0.941  0.564 -0.27   0.86   0.35
 -0.33   0.54 ][-0.21   0.7   -0.4    0.7    0.77  -0.98   1.78  -0.42   1.199  0.55
  0.14   0.614 -0.44   0.161  0.482 -0.233 -0.192 -0.123  0.267 -0.81
  0.83  -1.636  0.185  0.281  0.6   -0.87  -0.632  0.97   0.81  -0.86
  0.059  1.249  0.606 -0.09  -0.25   0.941  0.564 -0.27   0.86   0.35
 -0.33   0.54 ][-0.21   0.7   -0.4    0.7    0.77  -1.038  1.78  -0.42   0.58   0.296
  0.14   1.335 -0.44   0.717 -0.781 -0.1    0.699 -0.123 -0.321 -0.81
  0.83  -0.664  0.746  1.003  0.6   -0.87  -0.632  0.97   0.81  -0.86
 -0.882  1.249  0.09  -0.09  -0.25   0.941  0.564 -0.27   0.86   0.35
 -0.33   0.54 ][-0.21   0.7   -0.4    0.7    0.77  -0.98   1.78  -0.42  -0.062 -0.253
  0.14   0.614 -0.44   0.717  0.212 -0.1    0.617 -0.123 -0.321 -0.81
  1.249 -1.216  1.116  0.281  0.6    0.038 -0.632  0.97   0.47  -0.86
  0.059  1.249  1.361 -0.09  -0.25   0.941  0.564 -0.27   0.86   0.35
 -0.33   0.54 ][-0.21   0.7   -0.4    0.7    0.77  -0.98   1.78  -0.42   0.58  -0.253
  0.14   0.614 -0.44   0.717 -0.781 -0.1    0.699  0.83   0.267 -0.81
  0.83  -0.664  0.746  0.81   0.6   -0.572 -0.632  0.966  0.81  -0.86
  0.059  1.249  0.913 -0.08  -0.25   1.469  0.564 -0.27   0.86   0.35
 -0.33   0.836][-0.21   0.7   -0.4    0.7    0.77  -0.98   1.78  -0.42  -0.062  0.296
  0.789  0.614 -0.44   0.38   0.212 -0.1   -0.192 -0.123 -0.321 -0.81
  0.83  -1.636  0.808  0.253  0.6    0.057 -0.632  0.97   0.81  -0.86
  1.016  1.249  0.606 -0.09  -0.25   0.941  0.564 -0.27   0.86   0.35
 -0.33   0.54 ][-0.347  0.7   -0.4    0.7    0.77  -0.98   1.78  -0.42   1.199 -0.253
  0.14   0.614 -0.44   0.717  0.212  0.494  0.617 -0.123 -0.321 -0.81
  1.262 -1.636  0.808  0.281  0.6   -0.572 -0.632  0.97   0.81  -0.86
 -0.882  2.094  0.606 -0.08  -0.25   0.941  0.564 -0.27   0.86   0.35
 -0.33   0.54 ][-0.21   0.7   -0.4    0.7    0.77  -0.98   1.78  -0.42   1.199  0.296
  0.948  0.614 -0.44   0.38   0.212 -0.1    0.617 -0.123  0.267 -0.81
  0.83  -0.491  1.541  0.281  0.6    0.057 -0.632  0.97   0.81  -0.86
 -0.882  1.249  0.913 -0.08  -0.25   0.941  0.564 -0.27   0.86   0.35
 -0.33   0.54 ][-0.21   0.7   -0.4    0.7    0.93  -0.032  1.78  -0.42   1.199  1.002
  0.14   0.614 -0.44   0.717  0.482 -0.1    0.699 -0.123  0.267 -0.81
  1.262 -1.216  1.116  0.281  0.6   -0.572 -0.632  0.09   0.81  -0.86
  0.059  1.249  0.913 -0.08  -0.25   0.941  0.564 -0.27   0.86   0.35
 -0.33   0.54 ][-0.21   1.375 -0.4    0.7    0.77  -0.98   1.78  -0.536  1.199  0.55
  0.14   0.614 -0.44   0.161  0.212 -0.1   -0.192 -0.123 -0.321 -0.81
  0.83  -0.664  0.808  1.003  0.6    0.038 -0.632  0.459  0.81  -0.86
 -0.882  1.249  0.606 -0.09  -0.25   0.941  0.564 -0.27   0.86   0.35
 -0.33   0.54 ][-0.21   1.375 -0.4    0.7    0.77  -0.98   1.78  -0.536  1.199  0.55
  0.789  0.614 -0.44   1.682  0.212 -0.1   -0.192 -0.123  0.267 -0.81
  0.83  -1.636  0.808  0.253  0.6   -0.87  -0.632  0.97   0.553 -0.86
 -0.882  1.249  0.606 -0.09  -0.25   0.941  0.564 -0.27   0.86   0.35
 -0.33   0.54 ][-0.21   1.375 -0.4    0.7    0.93  -0.98   1.78  -0.42   1.199  0.296
  0.14   0.614 -0.44   0.717  0.212 -0.1   -0.192 -0.123 -0.321 -0.81
  1.262 -0.664  0.915  1.003  0.6    0.057 -0.632  0.966  0.81  -0.86
 -0.882  1.249  0.606 -0.09  -0.25   0.941  0.564 -0.27   0.86   0.35
 -0.33   0.54 ][-0.21   0.7    0.372  0.7    0.93  -0.98   1.78  -0.42   1.199  0.029
  0.14   0.614 -0.44   0.717  0.482 -0.1    0.617 -0.123 -0.321 -0.81
  0.83  -1.216  1.116  0.253  0.6   -0.572 -0.632  0.97   0.81  -1.21
 -0.882  1.249  0.913 -0.08  -0.25   0.941  0.564 -0.27   0.86   0.35
 -0.33   0.54 ][-0.21   0.7   -0.4    0.7    0.77  -0.98   1.031 -0.42   0.203 -0.253
  0.789  0.614 -0.44   0.717  0.212 -0.1    0.699 -0.123 -0.321 -0.81
  1.249 -1.636  0.527  0.253  0.6    0.038 -0.632  0.97   0.81  -0.86
  0.059  1.249  0.606 -0.08  -0.25   0.941  0.564 -0.27   0.86   0.35
 -0.33   0.54 ][-0.21   0.7   -0.4    0.7    0.77  -0.98   1.78  -0.42   1.199  0.55
  0.14   0.614 -0.44   0.161  0.212 -0.1    0.699  0.83  -0.321 -0.81
  1.262 -0.664  1.116  0.81   0.6    0.038 -0.632  0.97   0.81  -0.86
  0.059  1.249  0.606 -0.08  -0.25   1.469  0.564  0.708  0.86   0.35
 -0.33   0.54 ][-0.21   0.7   -0.4    0.7    0.77  -0.98   1.78  -0.42   1.199  1.002
  0.14   0.614 -0.947  0.161  0.212 -0.1   -1.056  0.83  -0.321 -0.81
  1.105 -0.664  1.116  1.003  0.6   -0.572 -0.632  0.97   0.81  -0.86
  0.059  1.249  0.913 -0.09  -0.25   1.469  0.564 -0.27   0.86   0.35
 -0.33   0.54 ][-0.21   0.7   -0.4    0.7    0.77  -1.95   1.78  -0.42   1.199 -0.253
  0.14   0.614 -0.44   0.717  0.212 -0.1   -0.192 -0.123 -0.321 -0.81
  0.83  -0.664  0.808  1.003  0.6   -0.87  -0.632  0.97   0.81  -0.86
 -0.882  1.249  0.913 -0.09  -0.25   1.469  0.564 -0.27   0.86   0.35
 -0.33   0.54 ][-0.21   0.539 -0.4    0.7    0.77  -0.98   1.78  -0.536  1.199 -0.253
  0.14   0.614 -0.44   0.717  0.212 -0.1   -0.192 -0.123 -0.321 -0.81
  0.83  -0.664  1.116  1.003  0.6    0.038 -0.632  0.709  0.81  -0.86
 -0.882  1.249  0.606 -0.09  -0.25   0.941  0.564 -0.27   0.86   0.35
 -0.33   0.54 ][-0.21   0.7   -0.4    0.7    0.77  -0.98   1.78  -0.42   1.199  0.296
  0.14   0.614 -0.44   0.161  0.212 -0.1   -0.192  0.83  -0.321 -0.81
  1.262 -2.399  0.746  0.81   0.6   -0.87  -0.632  0.966  0.81  -0.86
 -1.495  1.249  0.913 -0.08  -0.25   0.941  0.564 -0.27   0.86   0.35
 -0.33   0.54 ][-0.21   0.7   -0.4    0.7    0.77  -0.98   1.78  -0.536  0.369 -0.253
  0.14   0.614 -0.44   0.161  0.212 -0.1   -0.192 -0.123  0.267 -0.81
  0.83  -1.636  0.808  0.281  0.6    0.038 -0.632  0.97   0.81  -0.86
 -0.882  1.249  1.361 -0.09  -0.25   0.941  0.564 -0.27   0.86   0.35
 -0.33   0.54 ][-0.21   0.7   -0.4    0.7    0.93  -0.032  1.78  -0.42   1.199  0.55
  0.14   0.614 -0.44   0.161  0.482 -0.1    0.617 -0.123  0.267 -0.81
  1.262 -0.491  1.116  0.81   0.6   -0.572 -0.632  0.966  0.81  -0.86
 -0.781  1.249  0.913 -0.08  -0.25   0.941  0.564 -0.27   0.86   0.35
 -0.33   0.54 ][-0.21   0.7   -0.4    0.7    0.528 -0.032  1.78  -0.42   0.58   0.296
  0.14   0.614 -0.44   0.717  0.482 -0.1    0.699  0.83  -0.321 -0.81
  0.83  -1.399  0.185  0.81   0.6   -0.87  -0.632  0.97   0.81  -0.86
 -0.882  1.249  0.913 -0.09  -0.25   0.941  0.564 -0.27   0.86   0.35
 -0.33   0.54 ][-0.21   0.7   -0.4    0.7    0.77  -0.98   1.78  -0.536  1.199  0.55
  0.789  0.614 -0.44   0.717  0.212 -0.1   -0.192 -0.123 -0.321 -0.81
  0.83  -1.636  0.808  0.253  0.6    0.038 -0.632  0.97   0.81  -0.86
  0.059  1.249  0.606 -0.09  -1.24   0.941  0.564 -0.27   0.86   0.35
 -0.33   0.54 ][-0.21   0.263  0.284  0.7    0.93  -0.98   1.78  -0.42   1.199  0.55
  0.14   0.614 -0.44   0.717  0.212 -0.1   -0.192 -0.123  0.267 -0.81
  0.83  -0.491  1.116  0.281  0.6   -0.87  -0.632  0.97   0.81  -0.86
 -0.882  1.249  0.913 -0.09  -0.25   0.941  0.564 -0.27   0.86   0.35
 -0.33   0.54 ][-0.21   1.375 -0.4    0.7    0.93  -0.98   1.78  -0.42   1.199  0.55
  0.789  0.614 -0.44   0.717  0.212 -0.1   -0.192 -0.123 -0.321 -0.81
  2.069 -0.664  0.808  1.003  0.6   -0.87  -0.632  0.966  0.81  -0.86
  0.059  1.249  0.606 -0.09  -0.25   0.941  0.564 -0.27   0.86   0.35
 -0.33   0.54 ][-0.21   0.7    0.372  0.7    0.93  -0.98   1.78  -0.42   0.142  0.296
  0.14   0.614 -0.44   0.161  0.212 -0.1   -0.343 -0.123  0.267 -0.81
  1.262 -1.216  1.116  0.253  0.6   -0.572 -0.632  0.97   0.81  -1.21
 -0.882  1.249  0.606 -0.08  -0.25   0.941  1.501 -0.27   0.86   0.35
 -0.33   0.54 ][-0.21   0.7   -0.4    0.7    0.77  -1.45   1.78  -0.42   1.199  0.55
  0.14   0.614 -0.44   0.717  0.482 -0.1    0.699 -0.123  1.07  -0.81
  0.906 -0.664  0.185  0.281  0.6   -0.87  -0.632  0.97   0.81  -0.86
 -0.882  1.249  0.913 -0.08  -0.25   0.941  0.564 -0.27   0.86   0.905
 -0.33   0.54 ][-0.21   0.7    0.372  0.7    0.93  -0.98   1.78  -0.42   1.199  0.144
  0.14   0.614 -0.44   0.717  0.212 -0.1    0.699  0.83  -0.321 -0.81
  0.83  -1.636  1.116  1.003  0.6    0.057 -0.632  0.97   0.81  -0.86
 -0.882  1.249  0.606 -0.08  -0.25   0.941  0.564 -0.27   0.86   0.35
 -0.33   0.54 ][-0.347  0.7   -0.4    0.7    0.77  -0.98   1.78  -0.42   1.199  0.55
  0.14   0.614 -0.44   0.717  0.212 -0.1    0.617 -0.123  0.267 -0.81
  0.83  -1.636  0.808  0.281  0.6    0.038 -0.632  0.97   0.553 -0.86
 -0.882  1.249  0.606 -0.09  -0.25   0.228  0.564 -0.27   0.86   0.35
 -0.33   0.54 ]