[-0.21  -0.061 -0.4    0.7    0.77  -0.98   1.78  -0.42   1.199 -0.253
  0.14   0.614 -0.44   0.717  0.212 -0.1    0.699 -0.123  0.267 -0.81
  0.83  -0.664  1.116  0.81   0.6   -0.87  -0.632  0.97   0.81  -0.86
 -0.882  1.249  0.606 -0.09  -0.25   0.941  0.564 -0.27   0.86   0.553
 -0.33   0.54 ][-0.21   0.539 -0.4    0.7    1.608 -0.98   1.78  -0.42   1.199  0.296
  0.14   0.614 -0.44   0.161  0.212 -0.1   -1.056 -0.123  0.267 -0.81
  0.83  -0.664  1.116  0.253  0.6    0.038 -0.632  0.97   0.81  -0.86
 -0.882  1.249  0.606 -0.09  -0.25   0.941  0.564 -0.27   0.86   0.35
 -0.33   0.54 ][-0.21   0.539 -0.311  0.7    0.77  -0.98   1.78  -0.42   0.142  0.55
  0.14   0.614 -0.44   0.38   0.212 -0.351 -0.192 -0.123 -0.321  0.144
  0.83  -0.664  1.116  0.81   0.6   -0.639 -0.632  0.97   0.81  -0.86
  0.059  1.249  0.606 -0.09  -0.25   0.941  0.564 -0.27   0.86   0.35
 -0.33   0.54 ][-0.21   0.7   -0.4    0.7    0.77  -0.98   1.78  -0.42   0.58   0.296
  0.14   0.614 -0.44   0.717  0.212 -0.1   -0.192 -0.123 -0.321 -0.81
  1.249 -0.664  1.116  0.434  0.6   -0.87  -0.632  0.97   0.81  -0.86
 -0.882  1.249  0.606 -0.09  -0.25   0.941  0.564 -0.27   0.86   0.35
 -0.33   0.54 ][-0.21   0.539 -0.4    0.7    0.93  -0.98   1.78  -0.42   1.199  0.296
  0.14   0.614 -0.44   0.717  0.212  0.494 -1.056 -0.123 -0.321 -0.81
  0.83  -0.664  1.116  0.434  0.6   -0.87  -0.632  0.97   0.81  -0.86
  0.059  1.249  0.913 -0.08  -0.25   0.941  0.564 -0.27   0.86   0.35
 -0.33   0.54 ][-0.21   0.7   -0.4    0.7    0.77  -0.98   1.78  -0.312  0.58   0.296
  0.14   0.614 -0.44   0.38   0.212 -0.1    1.176 -0.123 -0.332 -0.81
  0.83  -1.636  1.116  0.81   0.6   -0.87  -0.632  0.97   0.81  -0.86
  0.059  1.249  0.606 -0.09  -0.25   0.941  0.564 -0.27   0.86   0.35
 -0.33   0.54 ][-0.21   0.7   -0.4    0.7    0.77  -0.98   1.78  -0.42   1.199 -0.253
  0.14   0.614 -0.44   0.38  -0.359 -0.1    0.699 -0.123 -0.321 -0.81
  1.262 -1.216  1.116  0.281  0.6   -0.572 -0.632  0.97   0.81   0.058
  0.059  1.249  0.913 -0.09  -0.25   1.266  0.564 -0.27   0.86   0.35
 -0.33   0.54 ][-0.21   0.7   -0.311  0.7    0.77  -0.98   1.78  -0.42   0.142  0.55
  0.14   0.614 -0.44   0.38   0.212 -0.1   -0.192 -0.123  0.267 -0.81
  0.83  -1.636  1.116  0.81   0.6   -0.639 -0.632  0.97   0.81  -0.86
  0.059  1.249  0.606 -0.09  -0.25   0.941  0.564 -0.27   0.86   0.35
 -0.33   0.54 ][-0.21   0.539 -0.311  0.7    0.77  -1.45   1.78  -0.42   0.203  0.55
  0.667  0.614 -0.44   0.38   0.212 -0.1    0.699 -0.123 -0.321  0.144
  0.83  -1.636  1.116  0.81   0.6   -0.87  -0.632  0.97   0.81  -0.86
  0.059  1.249  0.606 -0.09  -0.25   0.941  0.564 -0.27   0.86   0.35
 -0.33   0.54 ][-0.21   0.7   -0.4    0.7    0.77  -0.98   1.78  -0.42   1.199  0.296
  0.789  0.614 -0.44   0.161  0.212 -0.1   -0.192 -0.123  0.267 -0.81
  0.83  -0.664  0.808  0.253  0.6    0.038 -0.632  0.97   0.81  -0.86
 -0.882  1.249  0.606 -0.09  -0.25   0.941  0.564 -0.27   0.86   0.35
 -0.33   0.54 ][-0.21   0.7   -0.311  0.7    0.77  -0.98   1.78  -0.42   1.199  0.296
  0.14   0.614 -0.44   0.38   0.212 -0.1   -0.192  0.543  0.267 -0.81
  0.83  -0.664  1.116  0.253  0.6    0.038 -0.632  0.97   0.81  -0.86
 -0.882  1.249  0.606 -0.09  -0.25   0.941  0.564 -0.27   0.86   0.35
 -0.33   0.54 ][-0.21   0.539 -0.4    0.7    0.77  -0.98   1.78  -0.42   0.58   0.55
  0.14   0.614 -0.44   0.38   0.212 -0.1   -0.192 -0.123  0.267 -0.81
  0.83  -1.636  1.116  0.924  0.6   -0.87  -0.632  0.97   0.81  -0.86
  0.059  1.249  0.913 -0.09  -0.25   0.941  1.373 -0.27   0.86   0.35
 -0.33   0.54 ][-0.21   0.7   -0.4    0.7    0.93  -1.45   1.78  -0.42   1.199  0.55
  0.14   0.614 -0.44   0.717  0.212 -0.1    0.699  0.835 -0.321 -0.81
  0.83  -0.664  1.856  0.81   0.6   -0.572 -0.632  0.97   0.81  -0.86
 -0.882  0.548  0.913 -0.09  -0.25   0.941  0.564 -0.27   0.86   0.35
 -0.33   0.521][-0.21   0.539 -0.4    0.7    0.77  -1.45   1.78  -0.42   0.203 -0.253
  0.14   0.614 -0.561  0.717  0.212 -0.1    0.699  0.83  -0.321  0.144
  0.83  -0.664  1.116  0.81   0.6   -0.87  -0.632  0.97   0.81  -0.86
  0.059  1.249  0.606 -0.09  -0.25   0.941  0.564 -0.27   0.86   0.553
 -0.33   0.54 ][-0.138  0.7   -0.4    0.7    0.77  -0.98   1.78  -0.42   0.58   0.55
  0.14   0.614 -0.44   0.38  -0.359 -0.1    0.699  0.83   0.267 -0.81
  0.83  -0.664  1.116  0.253  0.6   -0.572 -1.074  0.97   0.81  -0.86
 -0.882  1.249  0.606 -0.09  -0.25   0.941  0.564 -0.27   0.86   0.35
 -0.771  0.54 ][ 0.446  0.7   -0.4    0.7    0.77  -0.98   1.78  -0.312  1.199 -0.253
  0.14   0.614 -1.418  0.717  0.212 -0.1    0.699 -0.123  0.267  0.144
  0.83  -1.216  0.746  0.253  0.6   -0.87  -0.632  0.97   0.81  -0.86
  0.059  1.249  0.913 -0.09  -0.25   0.941  0.564 -0.27   0.86   0.35
 -0.33   0.54 ][ 0.446  0.7   -0.4    0.7    0.93  -0.98   1.78  -0.42   1.199 -0.253
  0.14   0.614 -1.001  0.717  0.212 -0.1    0.699 -0.123 -0.321 -0.81
  0.83  -1.216  1.116  0.81   0.6   -0.87  -0.632  0.966  0.81  -0.86
 -0.882  1.249  0.913 -0.09  -0.25   0.941  0.564 -0.27   0.86   0.237
 -0.33   0.54 ][-0.21   0.7   -0.4    0.7    0.93  -0.98   1.78  -0.42   0.142  0.296
  0.882  0.614 -0.44   0.38   0.212 -0.1   -1.056 -0.123 -0.321 -0.81
  0.83  -0.664  1.116  0.434  0.6   -0.87  -0.632  0.97   0.81  -0.86
 -0.882  1.249  0.913 -0.08  -0.25   0.941  0.564 -0.27   0.86   0.35
 -0.33   0.54 ][-1.1    0.7   -0.4    0.7    0.93  -0.98   1.78  -0.42   1.199  0.55
  0.14   0.614 -0.44   0.717  0.212 -0.1    0.699  0.835 -0.321 -0.81
  0.83  -0.638  1.116  0.253  0.6   -1.137 -0.632  0.97   0.81  -0.86
  0.059  1.249  0.913 -0.09  -0.25   0.941  0.564 -0.27   0.86   0.35
 -0.33   0.521][-0.21   0.539 -0.4    0.7    0.77  -0.98   1.78  -0.42   1.199  0.55
  0.14   0.614 -0.44   0.717  0.212 -0.1    0.699  0.835 -0.321 -0.81
  0.83  -0.664  1.116  0.81   0.6   -0.87  -0.632  0.97   0.81  -0.17
  0.059  1.249  0.913 -0.08  -0.25   0.941  0.564 -0.27   0.86   0.35
 -0.33   0.521][-0.21   0.539 -0.4    0.7    0.77  -0.98   1.78  -0.42   1.199 -0.253
  0.14   0.307 -0.44   0.717  0.212 -0.1    0.699  0.83  -0.321  0.144
  0.83  -0.664  1.116  0.81   0.6   -0.87  -0.632  0.97   0.81  -0.86
  0.059  1.249  0.913 -0.09  -0.25   0.941  0.564 -0.27   0.86   0.553
 -0.33   0.521][-1.1    0.7   -0.4    0.7    0.93  -0.98   1.78  -0.42   1.199  0.55
  0.14   0.614 -0.44   0.38   0.212 -0.1    0.699  0.835 -0.321 -0.81
  0.83  -1.216  1.116  0.281  0.6   -1.137 -0.632  0.97   0.81   0.181
  0.059  1.249  0.913 -0.09  -0.25   1.266  0.564 -0.27   0.86   0.35
 -0.33   0.54 ][-0.138  0.7   -0.4    0.7    0.77  -0.98   1.78  -0.42   0.58   0.55
  0.14   0.614 -0.44   0.38  -0.359 -0.1    0.699  0.835  0.267 -0.81
  0.83  -0.664  1.116  0.253  0.6   -0.572 -0.632  0.97   0.81  -0.17
  0.059  1.249  0.913 -0.09  -0.25   0.941  0.931 -0.27   0.86   0.35
 -0.771  0.54 ][-0.21   0.539 -0.311  0.7    0.77  -0.98   1.78  -0.42   0.142  0.55
  0.14   0.614 -0.44   0.38   0.212 -0.351  0.699  0.835 -0.321 -0.81
  0.83  -0.664  1.856  0.81   0.6   -0.572 -0.632  0.97   0.81  -0.86
 -0.915  1.249  0.913 -0.09  -0.25   0.941  0.564 -0.27   0.86   0.35
 -0.33   0.54 ][-0.21   0.539 -0.311  0.7    0.77  -0.98   1.78  -0.42   1.199  0.55
  0.14   0.614 -0.44   0.161  0.212 -0.1    0.699 -0.123  0.267  0.144
  0.83  -1.636  1.116  0.81   0.6   -0.87  -0.632  0.719  0.81  -0.86
  0.059  1.249  0.606 -0.09  -0.25   0.941  0.564 -0.27   0.86   0.35
 -0.33   0.54 ][-0.21   0.7   -0.4    0.7    0.93  -0.98   1.78  -0.312  0.58   0.296
 -0.596  0.614 -1.001  0.38   0.212 -0.1    1.176 -0.123 -0.321 -0.81
  0.83  -1.216  1.116  0.81   0.6   -0.87  -0.632  0.97   0.81  -0.86
 -0.882  1.249  0.606 -0.09  -0.25   0.941  0.564 -0.27   0.86   0.237
 -0.33   0.54 ][-0.138  0.7   -0.4    0.7    0.77  -0.98   1.78  -0.42   0.58  -0.253
  0.14   0.614 -0.44   0.38  -0.359 -0.1    0.699  0.83  -0.321 -0.81
  1.262 -0.664  1.116  0.253  0.6   -0.572 -1.074  0.97   0.81  -0.86
 -0.882  1.249  0.913 -0.09  -0.25   1.266  0.564 -0.27   0.86   0.35
 -0.33  -0.017][-0.21   0.7   -0.4    0.7    0.77  -0.98   1.78  -0.42   0.722  0.296
  0.14   0.614 -0.44   0.717  0.212 -0.1   -0.192 -0.123  0.267 -0.81
  1.249 -0.664  1.116  0.434  0.6   -0.87  -0.632  0.97   0.81  -0.86
 -0.882  1.249  0.606 -0.09  -0.25   0.941  0.564 -0.27   0.86   0.35
 -0.33   0.54 ][-0.21   0.7   -0.4    0.7    0.77  -0.98   1.78  -0.312 -0.104  0.296
  0.14   0.614 -0.44   0.38   0.212 -0.1   -0.192 -0.123 -0.332 -0.81
  0.83  -1.636  1.116  0.434  0.6   -0.87  -0.632  0.97   0.81  -0.86
  0.059  1.249  0.606 -0.09  -0.25   0.941  0.564 -0.27   0.86   0.35
 -0.33   0.54 ][-0.21   0.7   -0.4    0.7    0.77  -0.98   1.78  -0.42   0.142  0.296
  0.14   0.614 -0.44   0.38   0.212 -0.1    1.176 -0.123 -0.332 -0.81
  0.83  -0.664  1.116  0.81   0.6   -0.87  -0.632  0.97   1.632 -0.86
  0.059  1.249  0.913 -0.09  -0.25   0.941  0.564 -0.27   0.86   0.35
 -0.33   0.54 ][-0.21   0.7    0.093  0.7    0.77  -0.98   1.78  -0.42   1.199  0.296
  0.14   0.614 -0.44   0.38   0.212 -0.1   -0.192 -0.123  0.267 -0.81
  0.83  -0.664  1.116  0.924  0.6   -0.87  -0.632  0.97   0.81  -0.86
 -0.882  1.249  0.913 -0.09  -0.25   0.941  0.564 -0.27   0.86   0.35
 -0.33   0.54 ][-0.21   0.539 -0.4    0.7    0.77  -0.98   1.78  -0.42   1.199  0.55
  0.14   0.614 -0.44   0.38   0.212 -0.1   -0.192 -0.123  0.267 -0.81
  0.83  -1.636  1.116  0.924  0.6    0.038 -0.632  0.97   0.81  -0.86
  0.059  1.249  0.606 -0.09   0.592  0.941  0.564 -0.27   0.86   0.35
 -0.33   0.54 ][-0.21   0.539 -0.4    0.7    0.77  -1.45   1.78  -0.42   0.203 -0.253
  0.667  0.614 -0.44   0.38   0.212 -0.1    0.699  0.83  -0.321  0.144
  0.83  -1.636  1.116  0.688  0.6   -0.87  -0.632  0.97   0.81  -0.86
  0.059  1.249  0.606 -0.09  -0.25   0.941  0.564 -0.27   0.86   0.553
 -0.33   0.54 ][-0.21   0.539 -0.4    0.7    0.77  -0.98   1.78  -0.42   1.199  0.296
  0.14   0.614 -0.44   0.717  0.212 -0.1   -1.056 -0.123  0.267 -0.81
  0.83  -0.664  1.116  0.253  0.6   -0.963 -0.632  0.97   0.81  -0.86
 -0.882  1.249  0.606 -0.09  -0.25   0.941  0.564 -0.27   0.86   0.35
 -0.33   0.54 ][-0.21   0.539 -0.4    0.7    0.77  -0.98   1.78  -0.42   0.203 -0.253
  0.14   0.614 -0.44   0.717  0.212 -0.1    0.699  0.83  -0.321 -0.81
  0.83  -0.664  1.116  0.81   0.6   -0.87  -0.632  0.97   0.81  -0.86
  0.059  1.249  0.606 -0.09  -0.25   0.941  0.564 -0.27   0.86   0.553
 -0.33   1.081][-0.21   0.7   -0.311  0.7    0.77  -0.98   1.78  -0.42   0.142  0.296
  0.14   0.614 -0.44   0.38   0.212 -0.1   -0.192 -0.123  0.267 -0.81
  0.83  -1.636  1.116  0.253  0.6    0.038 -1.629  0.97   0.81  -0.86
 -0.882  1.249  0.606 -0.09  -0.25   0.941  0.564 -0.27   0.86   0.35
 -0.33   0.54 ][-0.21  -0.061 -0.4    0.7    0.93  -0.98   1.78  -0.42   1.199  0.296
  0.14   0.614 -0.44   0.717  0.212  0.494 -1.483 -0.123  0.267 -0.81
  0.83  -0.664  1.116  0.81   0.6   -0.87  -0.632  0.97   0.81  -0.86
  0.059  1.249  0.606 -0.09  -0.25   0.941  0.564 -0.27   0.86   0.553
 -0.33   0.54 ][-0.21   0.7   -0.4    0.7    0.77  -1.45   1.78  -0.42   0.203  0.55
  0.14   0.614 -1.374  0.717  0.212 -0.1    0.699  0.835 -0.321  0.144
  0.83  -0.664  1.116  0.81   0.6   -0.87  -0.632  0.97   0.81  -0.86
 -0.882  0.548  0.606 -0.09  -0.25   0.941  0.564 -0.27   0.86   0.35
 -0.33   0.521][-0.21  -0.061 -0.4    0.7    0.77  -0.98   1.78  -0.42   0.58  -0.253
  0.14   0.614 -0.44   0.717  0.212 -0.1    0.699 -0.123 -0.332 -0.81
  0.83  -0.664  1.116  0.81   0.6   -0.87  -0.632  0.97   0.81  -0.86
 -0.882  1.249  0.606 -0.09  -1.01   0.941  0.564 -0.27   0.86   0.35
 -0.33   0.54 ][-0.21   0.7   -0.4    0.7    0.77  -0.98   1.78  -0.42   0.142  0.55
  0.14   0.614 -0.44   0.38   0.212 -0.1    0.699 -0.123  0.267 -0.81
  0.83  -1.636  1.116  0.81   0.6   -0.639 -0.632  0.97   0.81  -0.86
  0.059  1.249  0.606 -0.09   0.665  0.941  0.564 -0.27   0.86   0.35
 -0.33   0.54 ][-0.21   0.539 -0.311  0.7    0.77  -0.98   1.78  -0.42   1.199  0.55
  0.667  0.614 -0.44   0.38   0.212 -0.1   -0.192  0.543  0.267  0.144
  0.83  -1.636  1.116  0.253  0.6    0.038 -0.632  0.97   0.81  -0.86
 -0.882  1.249  0.606  0.171 -0.25   0.941  0.564 -0.27   0.86   0.35
 -0.33   0.54 ][ 0.446  0.7   -0.311  0.7    0.93  -0.98   1.78  -0.42   1.199  0.55
  0.14   0.614 -0.44   0.717  0.212 -0.1    0.699 -0.123 -1.294  0.144
  0.83  -0.664  1.116  0.81   0.6   -0.639 -0.632  0.966  0.81  -0.86
  0.059  1.249  0.913 -0.09  -0.25   0.941  0.564 -0.27   0.86   0.237
 -0.33   0.54 ][-0.21   0.539 -0.4    0.7    0.77  -0.98   1.78  -0.42   0.142  0.55
  0.14   0.614 -0.44   0.38   0.212 -0.1   -0.192 -0.123 -0.321 -0.81
  0.83  -0.664  1.116  0.81   0.6   -0.639 -0.632  0.97   1.446 -0.86
  0.059  1.249  0.913 -0.08  -0.25   0.941  0.564 -0.27   0.86   0.35
 -0.33   0.54 ][-0.21   0.7   -0.4    0.7    0.93  -0.98   1.78  -0.42   1.199  0.296
  0.789  0.614 -0.44   0.717  0.212  0.494 -0.192 -0.123  0.267 -0.81
  0.83  -0.664  1.116  0.253  0.6    0.038 -0.632  0.97   0.81  -0.86
 -0.882  1.249  0.606 -0.09  -0.25   0.941  0.564 -0.27   0.86   0.35
 -0.913  0.54 ][-0.21   0.7   -0.4    0.7    0.93  -0.98   1.78  -0.42   1.199 -0.253
  0.14   0.614 -1.001  0.717  0.212 -0.1    0.699 -0.123 -0.321 -0.81
  1.249 -1.216  1.116  0.434  0.6   -0.87  -0.632  0.97   0.81  -0.21
 -0.882  1.249  0.913 -0.09  -0.25   0.941  0.564 -0.27   0.86   0.237
 -0.33   0.54 ][-0.21   0.539 -0.4    0.7    0.77  -0.98   1.78  -0.712  1.199 -0.253
  0.14   0.614 -1.418  0.38   0.212 -0.1    0.699 -0.123  0.267  0.144
  0.83  -1.216  1.116  0.253  0.6   -0.87  -0.632  0.97   0.81  -0.86
  0.059  1.249  0.913 -0.09  -0.25   0.941  0.564 -0.27   0.86   0.35
 -0.33   0.54 ][-0.21   0.539 -0.4    0.7    0.77  -1.45   1.78  -0.42   0.142  0.55
  0.14   0.614 -0.44   0.38   0.212 -0.351 -0.192 -0.123 -0.321 -0.81
  0.83  -0.664  1.856  0.81  -0.27  -0.572 -0.632  0.97   0.81  -0.86
  0.059  0.548  0.913 -0.09  -0.25   0.941  0.564 -0.27   0.86   0.35
 -0.33   0.521][-0.21   0.539 -0.4    0.7    0.77  -0.98   1.78  -0.42   1.199  0.55
  0.14   0.614 -0.44   0.717  0.212 -0.1   -0.192  0.835 -0.321 -0.81
  0.83  -0.664  1.116  0.434  0.6   -0.87   0.181  0.97   0.81  -0.86
 -0.882  1.249  0.606 -0.08  -0.25   0.941  0.564 -0.27   0.86   0.35
 -0.33   0.521][-0.21   0.7   -0.4    0.7    0.93  -0.98   1.78  -0.42   1.199 -0.253
  0.14   0.614 -1.001  0.717  0.482 -0.1    0.699 -0.123 -0.321 -0.81
  1.262 -1.216  1.116  0.281  0.6   -0.572 -0.632  0.966  0.81  -0.86
 -0.882  1.249  0.913 -0.09  -0.25   0.941  0.564 -0.27   0.86   0.35
 -0.33   0.54 ][-0.21   0.7   -0.4    0.7    0.77  -0.98   1.78  -0.42   1.199 -0.253
  0.789  0.614 -0.44   0.38   0.212 -0.1    0.699  0.013 -0.321 -0.81
  0.83  -1.216  1.116  0.253  0.6   -0.572 -0.632  0.97   0.81  -0.86
  0.059  1.249  0.913 -0.09  -0.25   0.941  0.564 -0.27   0.86   0.35
 -0.33   0.54 ][-0.21   0.539 -0.4    0.7    0.77  -0.98   1.78  -0.42   1.199  0.296
  0.789  0.614 -0.44   0.717  0.212 -0.1   -0.192  0.835  0.267 -0.81
  0.83  -0.664  0.808  0.81   0.6    0.038 -0.632  0.006  0.81  -0.17
 -0.882  1.249  0.606 -0.08  -0.25   0.941  0.564 -0.27   0.86   0.35
 -0.33   0.54 ][-0.21   0.539 -0.4    0.7    0.77  -1.45   1.78  -0.42   1.199  0.55
  0.667  0.614 -0.44   0.38   0.212 -0.1    0.699  0.835 -0.321  0.144
  0.83  -1.636  1.116  0.81   0.6   -0.87  -0.632  0.97   0.81  -0.86
  0.059  1.249  0.913 -0.35  -0.25   0.941  0.564 -0.27   0.86   0.35
 -0.33   0.54 ][-0.21   0.7   -0.4    0.7    0.77  -0.98   1.78  -0.42   1.199  0.55
  0.14   0.614 -0.44   0.38   0.212  0.494 -1.056 -0.123 -0.321 -0.81
  0.83  -1.438  1.116  0.81   0.6   -0.87  -0.632  0.97   0.81  -0.86
  0.059  1.249  0.913 -0.09  -0.25   0.941  0.564 -0.27   0.86   0.35
 -0.33   0.54 ][-0.21   0.7   -0.4    0.7    0.93  -0.98   1.78  -0.42   0.58   0.296
  0.14   0.614 -0.44   0.717  0.212  0.494 -1.056 -0.123 -0.332 -0.81
  0.83  -0.664  1.116  0.434  0.6   -0.87  -0.632  0.97   0.81  -0.86
  0.059  1.249  0.606 -0.08  -0.25   0.941  1.038 -0.27   0.86   0.35
 -0.33   0.54 ][-0.21   0.539 -0.4    0.7    0.77  -0.98   1.78  -0.536  0.58   0.55
  0.14   0.614 -0.44   0.38   0.212 -0.351 -0.192 -0.123  0.267 -0.81
  0.83  -1.636  1.116  0.81   0.6   -0.87  -0.632  0.97   0.81  -0.86
  0.059  1.249  0.606 -0.09  -0.25   0.941  1.373 -0.27   0.86   0.35
 -0.33   0.54 ][-0.21   0.539 -0.4    0.7    0.77  -0.98   1.78  -0.42   1.199  0.55
  0.14   0.614 -0.44   0.717 -0.359 -0.1    0.699 -0.123 -0.321 -0.81
  0.83  -0.664  1.116  0.281  0.6   -0.572 -0.632  0.97   0.81   0.058
  0.059  1.249  0.913 -0.08  -0.25   0.941  0.564 -0.27   0.86   0.35
  0.145  0.521][-0.21   0.821 -0.4    0.7    0.93  -0.98   1.78  -0.42   1.199 -0.253
  0.14   0.614 -1.001  0.717  0.212 -0.1    0.699 -0.123 -0.321 -0.81
  1.249 -1.216  1.116  0.434  0.6   -0.87  -0.632  0.97   0.81  -0.86
 -0.882  1.249  0.606 -0.09  -0.25   0.941  0.564 -0.27   0.86   0.237
 -0.33   0.54 ][-0.21  -0.061 -0.311  0.7    0.77  -0.98   1.78  -0.42   1.199 -0.253
  0.14   0.614 -0.44   0.38   0.212 -0.1   -0.192 -0.123  0.267 -0.81
  0.83  -0.664  0.745  0.253  0.6    0.038 -0.632  0.97   0.81  -0.86
 -0.882  1.249  0.606 -0.09  -0.25   0.941  0.564 -0.27   0.86   0.553
 -0.33   0.54 ][-0.21   0.7   -0.4    0.7    0.77  -0.462  1.78  -0.42   0.142  0.296
  0.882  0.614 -0.44   0.717  0.212 -0.1   -0.192 -0.123 -0.321 -0.81
  1.249 -0.664  1.116  0.434  0.6   -0.87  -0.632  0.97   0.81  -0.86
 -0.882  1.249  0.913 -0.08  -0.25   0.941  0.564 -0.27   0.86   0.35
 -0.33   0.54 ][-0.21   0.539 -0.4    0.7    0.93  -0.98   1.78  -0.42   1.199 -0.253
  0.14   0.614 -0.44   0.717  0.212  0.494 -1.056 -0.123  0.267 -0.81
  0.83  -0.664  1.116  0.434  0.6   -0.87  -1.194  0.97   0.81  -0.86
 -0.882  1.249  0.606 -0.09  -0.25   0.941  0.564 -0.27   0.86   0.35
 -0.33   0.54 ][-0.21   0.539 -0.4    0.7    0.77  -0.98   1.78  -0.42   1.199  0.55
  0.14   0.614 -0.754  0.717  0.212 -0.1   -0.192  0.835 -0.321 -0.81
  1.249 -0.664  1.116  0.434  0.6   -0.87  -0.632  0.97   0.81  -0.86
  0.059  1.249  0.913 -0.08  -0.25   0.941  0.564 -0.27   0.86   0.35
 -0.33   0.54 ][-0.21   0.7   -0.4    0.7    0.77  -0.98   1.78  -0.42   1.199  0.296
  0.14   0.614 -0.44   0.161  0.212 -0.1   -0.192 -0.123 -0.113 -0.81
  1.249 -0.664  0.808  0.434  0.6   -0.87  -0.632  0.97   0.81  -0.86
 -0.882  1.249  0.606 -0.09  -0.25   0.941  0.564 -0.27   0.86   0.35
 -0.33   0.54 ][-0.21   0.539 -0.4    0.7    0.93  -0.98   1.78  -0.42   1.199  0.55
  0.14   0.614 -1.001  0.717  0.212 -0.1    1.629 -0.123 -0.321 -0.81
  0.83  -0.664  1.116  0.81   0.6   -0.87  -0.632  0.97   0.81  -0.86
  0.059  1.249  0.913 -0.09  -0.25   0.941  0.564 -0.27   0.86   0.237
 -0.33   0.521][-0.21  -0.061 -0.4    0.7    0.77  -0.98   1.78  -0.42   1.199 -0.253
  0.789  0.614 -0.29   0.717  0.212 -0.1   -0.192 -0.123  0.267 -0.81
  0.83  -0.664  0.808  0.81   0.6   -0.87  -0.632  0.97   0.81  -0.86
 -0.882  1.249  0.606 -0.09  -0.25   0.941  0.564 -0.27   0.86   0.35
 -0.33   0.54 ][-1.1    0.7   -0.4    1.096  0.93  -0.98   1.78  -0.42   1.199  0.296
  0.14   0.614 -0.44   0.717  0.212  0.494 -1.056 -0.123 -0.321 -0.81
  0.83  -0.638  1.116  0.434  0.6   -0.87  -0.632  0.97   0.81  -0.86
  0.059  1.249  0.913 -0.08  -0.25   0.941  0.564 -0.27   0.86   0.35
 -0.33   0.54 ][-0.21   0.7   -0.4    0.7    0.77  -0.98   1.78  -0.42   1.199  0.55
  0.14   0.614 -0.44   0.717  0.212 -0.1    0.699  0.835 -0.321 -0.81
  0.83  -0.638  1.116  0.253  0.696 -0.87  -0.632  0.97   0.81  -0.17
  0.059  1.249  0.913 -0.09  -0.25   0.941  0.564 -0.27   0.86   0.35
 -0.33   0.521][-0.21   0.7   -0.311  0.7    0.77  -0.98   1.78  -0.42   0.58   0.296
  0.14   0.614 -0.44   0.717  0.212 -0.351 -0.192 -0.123 -0.321  0.144
  0.83  -0.664  1.116  0.434  0.6    0.114 -0.632  0.97   0.81  -0.86
 -0.882  1.249  0.606 -0.09  -0.25   0.941  0.564 -0.27   0.86   0.35
 -0.33   0.54 ][-0.21   0.539 -0.311  0.7    0.77  -0.98   1.78  -0.42   0.142  0.55
  0.14   0.614 -0.44   0.38   0.212 -0.1   -1.056 -0.123  0.267  0.144
  0.83  -0.664  1.116  0.253  0.6   -0.639 -0.071  0.97   0.81  -0.86
  0.059  1.249  0.606 -0.09  -0.25   0.941  0.564 -0.27   0.86   0.35
 -0.33   0.54 ][-0.21   0.539 -0.4    0.7    0.77  -0.98   1.78  -0.42   1.199  0.296
  0.14   0.614 -0.44   0.38   0.212  0.494 -1.056 -0.123  0.162 -0.81
  0.83  -0.664  1.116  0.924  0.6   -0.87  -0.632  0.97   0.81  -0.86
  0.059  1.249  0.913 -0.08  -0.25   0.941  1.373 -0.27   0.86   0.35
 -0.33   0.54 ][-0.21   0.7   -0.4    0.7    0.77  -0.98   1.78  -0.42   0.58   0.55
  0.14   0.614 -0.44   0.717  0.212 -0.1    0.699 -0.123 -0.321 -0.81
  0.83  -0.664  1.116  0.81   0.6   -0.87  -0.632  0.97   0.81  -0.86
 -0.882  1.249  0.913  0.779 -0.25   0.941  0.564 -0.27   0.86   0.35
 -0.33   0.521][-0.21   0.7   -0.4    0.7    0.93  -0.98   1.78  -0.42   0.142 -0.253
  0.14   0.614 -0.44   0.38  -0.359 -0.1   -1.056 -0.123 -0.321 -0.81
  1.262 -0.664  1.116  0.434  0.6   -0.572 -0.632  0.97   0.81   0.058
  0.059  1.249  0.913 -0.08  -0.25   1.266  0.564 -0.27   1.488  0.35
 -0.33   0.54 ][-0.21   0.539 -0.4    0.7    0.77  -1.45   1.78  -0.42   1.199  0.55
  0.14   0.614 -0.561  0.717  0.212 -0.1    0.699  0.83  -0.321 -0.81
  0.83  -0.664  1.116  0.81   0.6   -0.87  -0.632  0.97   0.81  -0.17
  0.059  1.249  0.913 -0.08  -0.25   1.469  0.564 -0.27   0.86   0.35
 -0.33   0.521][-0.21  -0.061 -0.311  0.7    0.77  -0.98   1.78  -0.42   0.142  0.55
  0.14   0.614 -0.44   0.717  0.212 -0.351 -0.192 -0.123 -0.321 -0.81
  0.83  -0.664  1.116  0.81   0.6   -0.87  -0.632  0.97   0.81  -0.86
 -0.882  1.249  0.606 -0.09  -0.25   0.941  0.564 -0.27   0.86  -0.432
 -0.33   0.54 ][ 0.446  0.539 -0.4    0.7    0.77  -0.98   1.78  -0.42   1.199 -0.253
  0.14   0.614 -0.44   0.38   0.212 -0.1   -0.192 -0.123 -0.321  0.144
  0.83  -1.267  1.116  0.81   0.6   -0.639 -0.632  0.966  0.81  -0.86
 -0.882  1.249  0.913 -0.09  -0.25   0.941  0.564 -0.27   0.86   0.35
 -0.33   0.54 ][-0.21   0.539 -0.311  0.7    0.77  -1.45   1.78  -0.42   0.203 -0.253
  0.14   0.614 -0.44   0.717  0.212 -0.1    0.699  0.83   0.504  0.144
  0.83  -1.636  1.116  0.81   0.6   -0.87  -0.632  0.97   0.81  -0.86
  0.059  1.249  0.606 -0.09  -0.25   0.941  0.564 -0.27   0.86   0.35
 -0.33   0.54 ]