[-0.74   0.7   -0.4    0.7    0.53  -0.98   0.94  -0.42   0.58   0.55
  0.14   0.8   -0.44   0.38  -0.62  -0.1    0.78   0.83  -0.32  -0.81
  0.83  -0.8    0.82   0.81   0.6    0.26   0.256  0.97   0.25  -0.2
 -0.11   0.54   0.56  -0.4   -0.25   0.34   0.61  -0.27   0.86   0.35
 -0.33  -0.29 ][-0.74   0.7   -0.9    0.7    0.77  -0.954  0.94  -0.42  -0.43   0.55
  0.14   0.02  -0.44  -0.62  -0.2   -0.52   0.25   0.83  -0.32  -0.72
 -0.68  -0.84   0.08   0.81   0.6   -0.87   0.04   0.97   0.81  -0.86
 -0.11   0.54   0.58  -0.09  -0.25  -0.47   0.61  -0.27   0.86   0.35
 -0.33   0.54 ][-0.82   0.12  -0.13  -0.3   -0.43  -0.87  -0.8   -0.51  -0.33  -0.48
 -0.08   0.07   0.55  -0.48  -0.34   0.41   0.25   0.69   0.71  -0.73
  0.5    0.91   0.15   0.72   0.17   0.64   0.6    0.83   0.98  -0.594
 -0.48  -0.02  -0.81  -0.04   0.83   0.88   0.44   0.79   0.99   0.44
 -0.94   0.82 ][ 0.89  0.12  0.86  0.91 -0.43 -0.73 -0.77 -0.51 -0.33 -0.08 -0.34  0.68
  0.55 -0.48 -0.19 -0.73  0.26  0.69  0.71  0.36  0.5   0.91  0.08  0.1
  0.17  0.64  0.6   0.83  0.98 -1.    0.64 -0.74 -0.81 -0.04  0.87  0.88
  0.44 -0.91  0.99 -0.39 -0.94  0.82][-0.46  0.59  0.56  0.89  0.51  0.96  0.47  0.15 -0.62 -0.51  0.61  0.27
  0.55  0.8  -0.23 -0.71  0.82  0.07 -0.98  0.59 -1.    0.81 -0.01 -0.84
 -0.46  0.59  0.65 -0.59 -0.87 -0.32  0.74 -0.82 -1.   -0.89  0.16  0.63
  0.84  0.26  0.82  0.99  0.64 -0.88][-0.21  -0.76  -0.9    0.7   -0.088 -0.39   0.94  -0.42   0.58   0.55
  0.14   0.02  -0.44  -0.62  -0.62  -0.52   0.78   0.83  -0.32  -0.72
  0.83  -0.84   0.08   0.81   0.6   -0.87   0.04   0.97   0.81  -0.86
 -0.11   0.54   0.56  -0.4   -0.25  -0.47   0.61  -0.27   0.86  -0.01
 -0.33   0.54 ][-0.82  -0.57  -0.13   0.91   0.473 -0.73  -0.8    0.48   0.24  -0.08
 -0.34   0.68  -0.41  -0.48  -0.19   0.41   0.26  -1.     0.71  -0.73
  0.5    0.91   0.15   0.72  -0.56   0.64  -0.81   0.83   0.98  -1.
 -0.48  -0.74   0.49  -0.04   0.87   0.88   0.44   0.79  -0.61   0.44
  0.63   0.28 ][-0.73 -0.43 -0.1  -0.46  0.06  0.92  0.31 -0.8   0.35  0.64  0.75  0.18
 -0.77 -0.33  0.64  0.06 -0.31  0.68 -0.19  0.73 -0.49 -0.76 -0.41  0.47
  0.91 -0.17 -0.99  0.68 -0.7  -0.53 -0.66  0.51  0.34  0.53 -0.32 -0.08
  0.63  0.18  0.93  0.59 -0.44  0.93][-0.74  -0.76  -0.4   -0.57   0.77  -0.39  -0.52  -0.42   0.58   0.55
  0.14   0.02  -0.44  -0.62  -0.2   -0.52   0.25   0.83  -0.32  -0.72
  0.83  -0.84  -0.148  0.81   0.6   -0.87   0.04   0.97   0.81  -0.86
 -0.11   0.54   0.56  -0.4   -0.25  -0.47  -0.664 -0.27   0.86  -0.01
  0.8    0.54 ][-0.21   0.7   -0.4   -0.57   0.77  -0.39   0.94  -0.42   0.58   0.55
  0.14   0.02  -0.44  -0.62  -0.2   -0.52   0.78  -0.39  -0.32  -0.72
  0.83  -0.84   0.08   0.81  -0.32  -0.87   0.04   0.97   0.81  -0.732
 -0.11   0.54   0.58  -0.09  -0.42  -0.47  -0.664 -0.27   0.86  -0.01
  0.8    0.54 ][-0.21   0.7   -0.9    0.7    0.77  -0.39   0.94  -0.42   0.58   0.55
  0.14   0.02  -0.44  -0.62  -0.2   -0.52   0.78   0.83  -0.32  -0.72
 -0.68  -0.84   0.82   0.81   0.6   -0.87   0.074  0.97   0.81  -0.86
 -0.11   0.54   0.56  -0.4   -0.25  -0.47   0.61  -0.27   0.86   0.35
  0.8    0.54 ][-0.21  -0.76  -0.9    0.89   0.51  -0.39  -0.52   0.15  -0.43  -0.869
  0.61   0.27   0.55   0.8   -0.2   -0.52   0.82   0.07  -0.98   0.59
 -1.     0.81   0.82   0.81   0.6   -0.87   0.65  -0.59  -0.87  -0.32
 -0.11  -0.82   0.56  -0.89   0.16   0.63   0.84   0.26   0.86  -0.01
  0.8    0.54 ][-0.74  0.7  -0.4   0.7   0.77 -0.98  0.94 -0.42  0.58  0.55  0.14  0.02
 -0.44 -0.62 -0.62 -0.52  0.25 -0.39 -0.32 -0.72  0.83 -0.8   0.08 -0.43
 -0.32 -0.87  0.04  0.97  0.81 -0.86 -0.11  0.54  0.58 -0.09 -0.25 -0.47
  0.61 -0.27  0.86  0.35 -0.33  0.54][-0.82  -0.57   0.86   0.91  -0.43  -0.73  -0.8    0.48  -0.33  -0.08
 -0.34   0.68   0.55   0.47  -0.19   0.41   0.25  -1.     0.71  -0.73
  0.5    0.18   1.105  0.72  -0.56   0.64  -0.81   0.83   0.71  -0.7
  0.64  -0.02  -0.81  -0.03   0.87   0.88   0.44  -0.91   0.99  -0.39
 -0.94   0.28 ][-0.72 -0.56 -0.86  0.57 -0.21  0.53 -0.33  0.99 -0.27 -0.06  0.15 -0.23
 -0.54 -0.38  0.21  0.66  0.63 -0.43 -0.16 -0.27 -0.85  0.19  0.72  0.14
 -0.36 -0.53  0.47 -0.87 -0.68 -0.43  0.59 -0.64  0.26 -0.27  0.36 -0.23
 -0.14  0.41  0.57 -0.91 -0.17 -0.9 ][ 0.89  -0.57  -0.13  -0.3    0.07  -0.87  -0.8   -0.51  -0.33  -0.48
 -0.34   0.07   0.55  -0.48  -0.34   0.41   0.26  -1.     0.71   0.36
 -0.28   0.91   0.15   0.72  -0.56   0.64  -0.81   0.83   0.71  -1.
 -0.48  -0.079 -0.81  -0.03   0.83  -0.39   0.44  -0.91   0.99  -0.39
 -0.94   0.82 ][ 0.89   0.12  -0.13   0.91  -0.43  -0.73  -0.8    0.48  -0.33  -0.48
 -0.08   0.68  -0.41   0.47  -0.19  -0.73   0.25  -1.    -0.54  -0.73
  0.5    0.91   0.08   0.72   0.17   0.156 -0.81  -0.63   0.98  -1.
  0.64  -0.74  -0.81  -0.04   0.83  -0.39  -0.74   0.79   0.99  -0.39
 -0.94   0.82 ][ 0.89  -0.57   0.86  -0.3   -0.43  -0.73  -0.77   0.48   0.24  -0.08
 -0.34   0.07   0.55  -0.48  -0.19   0.41   0.25  -1.    -0.54  -0.73
  0.5    0.18   0.15   0.72  -0.146  0.84  -0.81  -0.63   0.71  -0.7
 -0.48  -0.74   0.49  -0.04   0.83   0.88   0.44   0.79   0.99   0.44
 -0.94   0.82 ][-0.82 -0.57 -0.13 -0.3   0.07 -0.87 -0.8   0.48  0.24 -0.48 -0.08  0.07
 -0.41  0.47 -0.34  0.41  0.25 -1.   -0.54 -0.73 -0.28  0.18  0.15  0.72
 -0.56  0.84 -0.81 -0.63  0.71 -0.7  -0.48 -0.02  0.49 -0.03  0.83 -0.39
 -0.74  0.79 -0.61  0.44  0.63  0.28][-0.82   0.12   0.86   0.91  -0.43  -0.73  -0.8   -0.51   0.24  -0.08
 -0.34   0.68  -0.41  -0.48  -0.19  -0.73   0.26   0.69  -0.54   0.36
 -0.28   0.18   0.08   0.1   -0.56   0.64  -0.81  -0.63   0.71  -1.
 -0.48  -0.74   0.49  -0.03   0.901  0.88   0.44  -0.91  -0.61  -0.39
  0.63   0.28 ][-0.82   0.7    0.86   0.91  -0.43  -0.73  -0.8   -0.42   0.58  -0.08
  0.14   0.8   -0.41   0.38  -0.19  -0.1    0.78   0.83  -0.32  -0.81
  0.83  -0.8    0.82   0.81   0.6    0.64  -0.81  -0.63   0.25  -0.2
 -0.987  0.54   0.56  -0.03  -0.25   0.34   0.44  -0.27   0.86   0.35
 -0.33   0.28 ][-0.82   0.7   -0.4    0.7    0.53  -0.98   0.94  -0.42   0.24  -0.08
  0.14   0.68  -0.44  -0.48  -0.19  -0.1    0.78   0.83  -0.32  -0.484
  0.83  -0.8    0.82   0.81   0.6    0.26  -0.81  -0.63   0.25  -1.
 -0.48  -0.74   0.56  -0.4   -0.25   0.88   0.44  -0.91  -0.61   0.35
 -0.33   0.28 ][-0.74   0.12   0.86   0.7   -0.43  -0.73   0.94  -0.42   0.58  -0.08
 -0.34   0.68  -0.44   0.38  -0.62  -0.73   0.78   0.83  -0.32   0.36
 -0.28  -0.8    0.08   0.1    0.6    1.487 -0.81   0.97   0.25  -0.2
 -0.11  -0.74   0.49  -0.03   0.901  0.34   0.61  -0.91  -0.61   0.35
 -0.33   0.28 ][-0.82   0.12  -0.13   0.91  -0.43  -0.87  -0.8   -0.51   0.24  -0.48
 -0.08   0.07   0.55  -0.48  -0.34   0.41   0.26   0.69  -0.54  -0.73
 -0.28   0.18   0.15   0.72  -0.56   0.64   0.6   -0.63   0.71  -1.
 -0.48  -0.74  -0.81  -0.04   0.83   0.88   0.44   0.79  -0.123  0.44
 -0.94   0.82 ][-0.82   0.7   -0.9    0.91  -0.43  -0.954 -0.8   -0.51  -0.43   0.55
  0.14   0.68  -0.41  -0.48  -0.2   -0.73   0.26   0.69  -0.54  -0.72
 -0.68  -0.84   0.08   0.1    0.6   -0.87   0.755  0.97   0.81  -1.
 -0.48  -0.74   0.49  -0.09   0.901  0.88   0.44  -0.91  -0.61   0.35
  0.63   0.54 ][-0.82   0.12   0.86   0.91  -0.43  -0.73  -0.77  -0.51  -0.33  -0.08
 -0.34   0.68   0.55  -0.48  -0.19  -0.73   0.26   0.69  -0.54   0.36
 -0.28   0.18   0.08   0.1    0.17   0.64  -0.81   0.83   0.98  -1.
 -0.48  -0.886  0.49  -0.04   0.901  0.88   0.44  -0.91  -0.61  -0.39
  0.63   0.28 ][-0.82  0.12  0.86  0.91 -0.43 -0.73 -0.8  -0.51 -0.33 -0.48 -0.08  0.07
 -0.41 -0.48 -0.19  0.41  0.25  0.69  0.71 -0.73  0.5   0.18  0.08  0.1
 -0.33  0.64 -0.81 -0.63  0.71 -1.   -0.48 -0.02 -0.81 -0.04  0.83  0.88
  0.44  0.79 -0.61  0.44 -0.94  0.82][-0.74   0.12   0.86   0.7    0.53  -0.98   0.94  -0.42   0.58  -0.08
 -0.34   0.8   -0.44  -0.48  -0.19  -0.1    0.26   0.83   0.304 -0.81
 -0.28  -0.8    0.82   0.1    0.6    0.26   0.256  0.97   0.25  -1.
 -0.48  -0.74   0.49  -0.03   0.901  0.88   0.61  -0.91   0.86  -0.39
 -0.33   0.28 ][-0.82   0.12  -0.13   0.91  -0.43  -0.73  -0.8   -0.51  -0.33  -0.08
 -0.34   0.07  -0.41  -0.48  -0.34   0.41   0.26   0.69  -0.54   0.36
 -0.28   0.18   0.08   0.1   -0.56   0.64   0.6   -0.63   0.98  -1.
 -0.48  -0.74  -0.81   0.864  0.83   0.88   0.44  -0.91  -0.61   0.44
  0.63   0.28 ][-0.74   0.12  -0.4    0.91   1.272 -0.73   0.94  -0.51   0.58   0.55
 -0.34   0.68  -0.41  -0.48  -0.19  -0.73   0.78   0.83  -0.32   0.36
  0.83  -0.8    0.82   0.81   0.6    0.64  -0.81   0.97   0.71  -1.
 -0.48   0.54   0.56  -0.4    0.901  0.88   0.61  -0.91   0.86  -0.39
  0.63  -0.29 ][-0.74   0.12   0.86   0.91  -0.43  -0.73  -0.8   -0.51   0.24  -0.08
 -0.34   0.02  -0.41  -0.62  -0.19  -0.52   0.25   0.69  -0.32  -0.084
 -0.68  -0.84   0.08   0.81   0.6    0.64   0.04  -0.63   0.81  -0.86
 -0.11   0.54   0.58  -0.09   0.901 -0.47   0.44  -0.27  -0.61  -0.39
 -0.33   0.28 ][-0.82  -0.76  -0.9    0.91  -0.43  -0.73  -0.8   -0.196  0.58   0.55
  0.14   0.02  -0.44  -0.62  -0.62  -0.52   0.78   0.69  -0.32   0.36
 -0.28   0.18   0.08   0.1   -0.56  -0.87  -0.81  -0.63   0.71  -1.
 -0.11   0.54   0.49  -0.03   0.901  0.88   0.44  -0.91  -0.61  -0.39
 -0.33   0.28 ][-0.74   0.7   -0.9    0.91   0.77  -0.954 -0.8   -0.51  -0.43  -0.08
 -0.34   0.68  -0.41  -0.48  -0.2   -0.73   0.25   0.69  -0.32  -0.72
 -0.68  -0.84  -0.729  0.81   0.6   -0.87  -0.81   0.97   0.71  -1.
 -0.11  -0.74   0.49  -0.03   0.901 -0.47   0.44  -0.91   0.86  -0.39
  0.63   0.28 ][-0.82  -0.76  -0.9    0.7   -0.43  -0.39  -0.8   -0.51   0.24  -0.08
 -0.34   0.68  -0.41  -0.62  -0.19  -0.52   0.26   0.69  -0.32  -0.72
 -0.28  -0.84   0.08   0.1    0.6   -0.811 -0.81   0.97   0.71  -1.
 -0.11  -0.74   0.49  -0.03   0.901  0.88   0.44  -0.27  -0.61  -0.01
 -0.33   0.54 ][-0.82   0.12   0.86   0.91  -0.43  -0.73  -0.8   -0.42   0.58  -0.08
 -0.34   0.68  -0.44  -0.48  -0.62  -0.73   0.78   0.83  -0.32   0.36
  0.83  -0.8    0.08   0.1    0.6    0.64   0.256  0.97   0.25  -1.907
 -0.11   0.54   0.49  -0.4    0.901  0.88   0.44  -0.91   0.86  -0.39
 -0.33   0.28 ][-0.82   0.12  -0.13   0.91  -0.43  -0.87  -0.8   -0.51  -0.33  -0.48
 -0.34   0.07   0.55  -0.48  -0.19   0.41   0.25   0.69   0.71   0.36
 -0.28   0.18   0.08   0.72   0.17   0.64  -0.81   0.83   0.71  -1.
 -0.48  -0.74   0.49   0.864  0.901  0.88   0.44  -0.91  -0.61   0.44
 -0.94   0.82 ][-0.82   0.7   -0.9    0.91   0.77  -0.73  -0.8   -0.51   0.24   0.55
  0.14   0.02  -0.41  -0.62  -0.2   -0.73   0.25   0.69  -0.32  -0.72
 -0.68   0.18   0.31   0.81  -0.56   0.64  -0.81   0.97   0.71  -1.
 -0.11  -0.74   0.58  -0.03   0.901 -0.47   0.61  -0.91  -0.61   0.35
 -0.33   0.54 ][-0.82  -0.76  -0.9    0.91  -0.43  -0.39  -0.8   -0.42   0.58   0.55
  0.14   0.68  -0.41  -0.62  -0.19  -0.52   0.78   0.69  -0.32  -0.72
  0.83  -0.84   0.08   0.1    0.6    0.64   0.04  -0.63   0.81  -0.86
 -0.48   0.54   0.722 -0.03   0.901 -0.47   0.61  -0.27   0.86  -0.01
 -0.33   0.54 ][-0.82   0.7    0.86   0.7    0.77  -0.73  -0.8   -0.42  -0.43   0.55
  0.14   0.68  -0.44  -0.48  -0.19  -0.73   0.25   0.69  -0.32  -0.72
 -0.68  -0.84   0.08   0.1    0.6    0.64  -1.237 -0.63   0.71  -1.
 -0.48  -0.74   0.49  -0.03  -0.25  -0.47   0.61  -0.27  -0.61   0.35
 -0.33   0.54 ][-0.74   0.7    0.497  0.7    0.53  -0.73  -0.8   -0.42   0.58   0.55
 -0.34   0.8   -0.44  -0.48  -0.62  -0.1    0.78   0.69  -0.54   0.36
  0.83   0.18   0.82   0.1   -0.56   0.26   0.256 -0.63   0.71  -1.
 -0.11  -0.74   0.49  -0.4    0.901  0.88   0.44  -0.91   0.86  -0.39
 -0.33   0.28 ][-0.74   0.12  -0.4    0.7    0.53  -0.73  -0.8   -0.42   0.24  -0.08
 -0.387  0.68  -0.41   0.38  -0.19  -0.73   0.26   0.83  -0.54  -0.81
 -0.28   0.18   0.08   0.81   0.6    0.64  -0.81   0.97   0.25  -0.2
 -0.48  -0.74   0.56  -0.03  -0.25   0.88   0.61  -0.91   0.86   0.35
  0.63   0.28 ][ 0.89   0.12   0.86   0.91  -0.43  -0.73  -0.77  -0.51   0.147 -0.08
 -0.34   0.68  -0.41  -0.48  -0.19  -0.73   0.26   0.69   0.71   0.36
  0.5    0.91   0.08   0.1    0.17   0.64   0.6   -0.63   0.71  -1.
  0.64  -0.74  -0.81  -0.04   0.901  0.88   0.44  -0.91  -0.61  -0.39
  0.63   0.82 ][-0.82  0.12  0.56  0.89 -0.43  0.96 -0.8  -0.51  0.24 -0.51 -0.34  0.27
  0.55 -0.48 -0.19 -0.73  0.26  0.07 -0.98  0.59 -0.28  0.18 -0.01  0.1
 -0.56  0.59 -0.81 -0.63 -0.87 -1.   -0.48 -0.82 -1.   -0.03  0.16  0.88
  0.44  0.26  0.95  0.99  0.64 -0.88][-0.82   0.7   -0.9    0.91   0.77  -0.73  -0.8   -0.42  -0.43   0.55
 -0.34   0.68  -0.44  -0.62  -0.19  -0.73   0.26   0.69  -0.32   0.36
 -0.28  -0.84   0.08   1.048 -0.56   0.64   0.04   0.97   0.71  -0.86
 -0.11   0.54   0.49  -0.03   0.901  0.88   0.44  -0.27  -0.61  -0.39
 -0.33   0.54 ][-0.74   0.12  -0.9    0.91   0.77  -0.73  -0.8   -0.42   0.24   0.55
  0.14   0.02  -0.41  -0.48  -0.19  -0.73   0.25   0.69  -0.54   0.36
 -0.28  -0.84   0.08   0.1   -0.56  -0.87   0.04  -0.63   0.81  -1.
 -0.48  -0.74   0.49  -0.03   0.901  1.862  0.44  -0.27   0.86  -0.39
 -0.33   0.28 ][-0.74   0.12  -0.4    0.91  -0.43  -0.73  -0.77  -0.51  -0.33  -0.08
 -0.34   0.8    0.55  -0.48  -0.19  -0.1    0.78   1.129 -0.32   0.36
  0.5    0.91   0.08   0.81   0.17   0.64   0.6    0.83   0.98  -0.2
 -0.11  -0.74   0.56  -0.04  -0.25   0.88   0.61  -0.91   0.86  -0.39
 -0.33   0.82 ][-0.82   0.12   0.86   0.91  -0.43  -0.274 -0.8   -0.51   0.24  -0.08
 -0.34   0.68   0.55  -0.48  -0.19  -0.73   0.25   0.69   0.71  -0.73
 -0.28   0.91   0.08   0.72  -0.56   0.64  -0.81  -0.63   0.98  -1.
 -0.48  -0.02  -0.81  -0.03   0.901  0.88   0.44   0.79   0.99  -0.39
 -0.94   0.28 ][-0.82   0.59   0.86   0.91   0.51  -0.73   0.47   0.15   0.309 -0.51
  0.61   0.68   0.55  -0.48  -0.23  -0.71   0.26   0.07  -0.98   0.59
 -1.     0.81  -0.01  -0.84  -0.56   0.64   0.65  -0.59   0.71  -1.
  0.74  -0.82   0.49  -0.89   0.901  0.88   0.84  -0.91  -0.61   0.99
  0.63   0.28 ][-0.82   0.12   0.86  -0.3   -0.43  -0.73  -0.8   -0.51  -0.33  -0.48
 -0.34   0.68  -0.41  -0.48  -0.19   0.41   0.25   0.69  -0.54  -0.73
 -0.28   0.91   0.15   0.72   0.17  -0.3   -0.81  -0.63   0.71  -0.594
 -0.48  -0.74  -0.81  -0.04   0.83   0.88   0.44   0.79  -0.61   0.44
  0.63   0.28 ][-0.74   0.7   -0.13   0.7   -0.43  -0.87  -0.8   -0.42  -1.396  0.55
 -0.08   0.07  -0.44  -0.48  -0.34   0.41   0.25   0.83   0.71  -0.72
 -0.68  -0.84   0.15   0.72   0.6   -0.87   0.04   0.97   0.81  -0.594
 -0.11   0.54   0.58  -0.09  -0.25  -0.47   0.44   0.79   0.99   0.35
 -0.33   0.82 ][-0.82   0.7    0.86   0.7    0.53  -0.73   0.94  -0.42   0.24   0.55
 -0.34   0.68  -0.44   0.38  -0.62  -0.73   0.26   0.69  -0.32  -0.81
  0.83   0.18   0.08   0.739  0.6    0.26  -0.81   0.97   0.71  -0.2
 -0.11   0.54   0.56  -0.03   0.901  0.34   0.44  -0.91   0.86   0.35
 -0.33   0.28 ][-0.82   0.12   0.86   0.91  -0.43  -0.73  -0.8    0.036  0.24  -0.48
 -0.08   0.07  -0.41  -0.48  -0.19  -0.73   0.25   0.69  -0.54   0.36
  0.5    0.91   0.08   0.72   0.17   0.64   0.6   -0.63   0.98  -1.
 -0.48  -0.02  -0.81  -0.03   0.901  0.88   0.44   0.79   0.99   0.44
  0.63   0.82 ][-0.74   0.7   -0.4    0.7    1.526 -0.98   0.94  -0.42   0.58   0.55
  0.14   0.8   -0.41   0.38  -0.62  -0.73   0.78   0.69  -0.54   0.36
 -0.28  -0.8    0.82   0.81   0.6    0.64  -0.81  -0.63   0.71  -0.2
 -0.48  -0.74   0.49  -0.4    0.901  0.88   0.44  -0.27   0.86   0.35
  0.63   0.28 ][-0.82   0.12  -0.4    0.91   0.53  -0.73   0.94  -0.51   0.58  -0.08
  0.14   0.8   -0.41   0.38  -0.62  -0.1    0.78   0.83  -0.54  -0.81
 -0.28  -0.8    0.08   0.81  -0.56   0.681  0.256 -0.63   0.25  -0.2
 -0.48  -0.74   0.49  -0.4   -0.25   0.34   0.44  -0.91   0.86   0.35
  0.63   0.28 ][-0.74   0.12  -0.9    0.91   0.77  -0.73  -0.8   -0.42  -0.43   0.55
 -0.34   0.02  -0.44  -0.48  -0.2   -0.52   0.25   0.83  -0.54   0.36
 -0.28   0.18   0.08   0.81   0.6    0.64  -0.81  -0.63   0.81  -0.575
 -0.11   0.54   0.49  -0.09   0.901  0.88   0.61  -0.91   0.86  -0.39
 -0.33   0.28 ][-0.82   0.12   0.86   0.91  -0.43  -0.73  -0.8   -0.51   0.24  -0.08
 -0.08   0.07   0.55  -0.671 -0.34   0.41   0.25   0.69  -0.54  -0.73
 -0.28   0.91   0.15   0.72   0.17   0.64  -0.81  -0.63   0.71  -1.
 -0.48  -0.74   0.49  -0.03   0.901  0.88   0.44  -0.91   0.99   0.44
  0.63   0.82 ][-0.82   0.12  -0.13   0.91  -0.43  -0.73  -0.8   -0.51  -0.33  -0.08
 -0.08   0.68   0.55  -0.48  -0.34   0.41   0.25   0.69  -0.54   0.36
 -0.28   0.18   0.08   0.72  -0.56   0.64   0.6   -0.63   0.98  -1.
 -0.48  -0.74  -0.81  -0.04   0.83   0.88   0.44   1.358  0.99  -0.39
  0.63   0.82 ][-0.82  -0.76  -0.9    0.91  -0.43  -0.73  -0.8   -0.51   0.58   0.55
 -0.34   0.02  -0.41  -0.48  -0.19  -0.52   0.78   0.69  -0.32  -0.533
  0.83  -0.84   0.08   0.81   0.6    0.64   0.04   0.97   0.71  -1.
 -0.48   0.54   0.49  -0.03   0.901  0.88   0.44  -0.91  -0.61  -0.39
 -0.33   0.54 ][ 0.89   0.12   0.86   0.91  -0.43  -0.73  -0.8   -0.51  -0.33  -0.08
 -0.34   0.68   0.55  -0.48  -0.19  -0.73   0.26   0.69  -0.54   0.36
  0.974  0.18   0.08   0.1   -0.56   0.64   0.6   -0.63   0.71  -1.
  0.64  -0.74  -0.81  -0.03   0.901  0.88   0.44  -0.91  -0.61  -0.39
 -0.94   0.28 ][-0.74   0.12   0.86   0.7    0.53  -0.73   0.94  -0.42   0.24  -0.08
 -0.34   0.68  -0.41   0.38  -0.19  -0.73   0.26   0.83  -0.32   0.36
 -0.28  -0.8    0.08   0.1    0.6    0.64   0.256  0.97   0.25  -1.
 -0.48  -0.74   0.49  -0.4   -0.186  0.34   0.61  -0.27   0.86   0.35
 -0.33   0.28 ][-0.74   0.12   0.86   0.91  -0.43  -0.73   0.94  -0.42  -0.43  -0.08
 -0.34   0.02  -0.41  -0.48  -0.2   -0.291  0.26   0.83  -0.54   0.36
 -0.68  -0.84   0.08   0.1    0.6   -0.87   0.04   0.97   0.71  -1.
 -0.11   0.54   0.49  -0.09   0.901 -0.47   0.44  -0.27   0.86  -0.39
  0.63   0.54 ][-0.74   0.12  -1.387  0.91   0.53  -0.98  -0.8   -0.42   0.58  -0.08
  0.14   0.68  -0.41   0.38  -0.19  -0.73   0.78   0.69  -0.54  -0.81
 -0.28   0.18   0.82   0.81  -0.56   0.64  -0.81  -0.63   0.71  -0.2
 -0.48   0.54   0.56  -0.03  -0.25   0.88   0.61  -0.27   0.86   0.35
 -0.33  -0.29 ][-0.74   0.7    0.86   0.91   0.53  -0.73  -0.8   -0.42   0.24  -0.08
  0.14   0.68  -0.44   0.38  -0.19  -0.73   0.78   0.83  -0.54   0.36
  0.83  -0.8    0.08   0.1    0.6    0.64   0.256  1.813  0.71  -0.2
 -0.11  -0.74   0.56  -0.03  -0.25   0.88   0.61  -0.27  -0.61   0.35
 -0.33  -0.29 ][-0.82   0.12  -0.13  -0.3   -0.43  -0.73  -0.8   -0.51  -0.33  -0.48
 -0.34   0.07   0.55  -0.48  -0.19  -0.73   0.25   0.69   0.71  -0.73
  0.5    0.18   0.15   0.1   -0.56   0.64  -0.81  -0.63   0.98  -1.
 -0.916 -0.74   0.49  -0.03   0.83   0.88   0.44  -0.91  -0.61  -0.39
  0.63   0.82 ][-0.82   0.12  -0.13  -0.3   -0.43  -0.87  -0.8   -0.51  -0.33  -0.48
 -0.34   0.07  -0.41  -0.48  -0.19  -0.73   0.25   0.69  -0.54   0.36
 -0.405  0.18   0.15   0.1   -0.56   0.64  -0.81   0.83   0.98  -1.
 -0.48  -0.02   0.49  -0.03   0.83   0.88   0.44  -0.91   0.99  -0.39
 -0.94   0.28 ][-0.82   0.12   0.86   0.91   0.77  -0.954  0.94  -0.42  -0.43   0.55
 -0.34   0.68  -0.44  -0.62  -0.2   -0.52   0.26   0.69  -0.32  -0.72
 -0.68   0.18   0.08   0.81  -0.56  -0.87  -0.81  -0.63   0.81  -0.86
 -0.908 -0.74   0.49  -0.03  -0.25  -0.47   0.61  -0.27   0.86  -0.39
  0.63   0.28 ][-0.74   0.7   -0.4    0.91  -0.43  -0.73  -0.8   -0.42   0.24   0.55
  0.14   0.8   -0.44  -0.48  -0.62  -0.1    0.26   0.83  -0.32   0.36
  0.83   0.18   0.82   0.81   0.6    0.26  -0.81  -0.63   0.25  -1.
 -0.11   0.54   0.49  -0.84   0.901  0.88   0.44  -0.27  -0.61  -0.39
  0.63  -0.29 ][-0.82   0.12  -0.13  -0.3   -0.43  -0.73  -0.8   -0.51   0.24  -0.08
 -0.08   0.68   0.55  -0.48  -0.34  -0.73   0.26   0.69   0.71  -0.73
  0.86   0.91   0.08   0.1   -0.56   0.64   0.6    0.83   0.98  -1.
 -0.48  -0.02  -0.81  -0.03   0.901  0.88   0.44  -0.91   0.99   0.44
 -0.94   0.28 ][ 0.89   0.12   0.86   0.91  -0.43  -0.73  -0.77  -0.51  -0.33  -0.08
 -0.34   0.68  -0.41  -0.48  -0.319 -0.73   0.26   0.69  -0.54   0.36
  0.5    0.18   0.08   0.1   -0.56   0.64  -0.81   0.83   0.98  -1.
  0.64  -0.74  -0.81  -0.03   0.87   0.88   0.44  -0.91   0.99  -0.39
 -0.94   0.28 ][-0.82   0.12   0.86   0.91   0.53  -0.73   0.94  -0.42   0.58   0.55
  0.14   0.8   -0.41  -0.48  -0.62  -0.1    0.26   0.83  -0.54   0.36
  0.83  -0.8    0.82   0.1    0.6    0.64  -0.81  -0.63   0.25  -1.
 -0.48   0.177  0.49  -0.4   -0.25   0.88   0.44  -0.27   0.86   0.35
  0.63   0.28 ][-0.82   0.59   0.56   0.89  -0.43  -0.73   0.47   0.15  -0.62  -0.08
 -0.34   0.68   0.55   0.8   -0.19  -0.73   0.82   0.07  -0.54   0.59
 -0.28   0.633  0.08   0.1   -0.56   0.64  -0.81  -0.63   0.71  -0.32
  0.74  -0.74  -1.    -0.89   0.16   0.63   0.44  -0.91   0.82  -0.39
  0.63   0.28 ][-0.82   0.12   0.86  -0.3   -0.43  -0.73  -0.8   -0.51   0.24  -0.48
 -0.34   0.68  -0.41  -0.48  -0.19  -0.73   0.26   0.281 -0.54  -0.73
 -0.28   0.18   0.15   0.72   0.17   0.64  -0.81  -0.63   0.71  -0.594
 -0.48  -0.02  -0.81  -0.03   0.901  0.88   0.44   0.79   0.99  -0.39
  0.63   0.28 ][-0.82   0.12  -0.13  -0.3   -0.43  -0.87  -0.8   -0.51   0.807 -0.48
 -0.08   0.07  -0.41  -0.48  -0.19   0.41   0.26   0.69   0.71  -0.73
 -0.28   0.91   0.08   0.72   0.17   0.64  -0.81  -0.63   0.71  -1.
 -0.48  -0.02   0.49  -0.03   0.901  0.88   0.44   0.79   0.99   0.44
 -0.94   0.82 ][-0.82  -0.76  -0.9    0.7   -0.43  -0.73  -0.8   -0.42   0.58   0.55
  0.14   0.02  -0.41  -0.48  -0.62  -0.52   0.78   0.69  -0.32  -0.72
  0.83  -0.84   0.08   0.81   0.6   -0.87   0.04   0.412  0.71  -1.
 -0.11   0.54   0.49  -0.03  -0.25   0.88   0.61  -0.27   0.86  -0.39
  0.63   0.54 ][-0.74   0.12   0.86   0.7   -0.43  -0.73  -0.8   -0.42  -0.129 -0.08
 -0.34   0.68  -0.44  -0.48  -0.19  -0.73   0.26   0.69  -0.54  -0.72
 -0.28  -0.84   0.08   0.81  -0.56   0.64   0.04  -0.63   0.71  -1.
 -0.48  -0.74   0.58  -0.09  -0.25   0.88   0.61  -0.27   0.86  -0.39
  0.63   0.28 ]