[-0.663  0.7   -0.4    0.7    0.77  -0.98   0.94  -0.42   0.58   0.55
  0.344  0.614 -0.44   0.38  -0.62  -0.52   0.78   0.83  -0.32  -0.81
  0.83  -0.84   1.388  0.81   0.6   -0.87   0.074  0.97   0.81  -0.86
 -0.11   0.54   0.913 -0.09  -0.25   0.63   0.61  -0.27   0.86   0.35
 -0.33   0.182][-0.21   0.7   -0.4    0.7    1.364 -0.98   0.94  -0.103  0.58   0.55
  0.14   0.02  -0.44   0.38  -0.62  -0.52   0.78   0.83  -0.32  -0.81
  0.83  -0.8    0.82   0.81   0.533 -0.267  0.074  1.605  0.81  -0.86
 -0.11   0.54   0.56  -0.4   -0.25   0.34   0.61  -0.27   0.86   0.35
 -0.33   0.54 ][-0.74   0.7   -0.9    0.7    0.77  -0.39   0.94  -0.42   0.58  -0.408
  0.14   0.8   -0.61   0.38  -0.62  -0.52   0.78   0.83  -0.32  -0.81
  0.83  -0.8    0.82   0.81   0.6   -0.87   0.074  0.97   0.81  -0.86
 -0.703  0.54   0.56  -0.89  -0.25  -0.008  0.61  -0.27   0.86   0.35
 -0.33  -0.29 ][-0.21   0.7   -0.4    0.7    0.77  -0.98   0.94  -0.42   0.58   0.55
  0.61   0.8   -0.44   0.38  -0.036 -0.52   0.78   0.07  -0.32  -0.81
  0.83  -0.84   1.388  0.81   0.6   -0.87   0.04   0.97   0.81  -0.86
 -0.703  0.54   0.913 -0.4   -0.25   0.63   0.61  -0.27   0.86   0.35
 -0.33   0.366][-0.663  0.7   -0.4    0.7    1.631 -0.98   0.94  -0.42   0.58   0.55
  0.344  0.841 -0.44   0.38  -0.2   -1.358  0.78   0.83  -0.32  -0.81
  0.83  -0.84   1.388  0.81   1.514 -0.87   0.074  0.97   0.81  -0.86
 -0.11   0.54   0.56  -0.09  -0.25   0.63   0.61  -0.27   0.86   0.35
 -0.33   0.54 ][-0.74   0.7   -0.4    0.7    0.77  -0.98   0.94  -0.42   0.58   0.55
  0.592  0.02  -0.236  0.38  -0.62  -0.52   0.78   0.83  -1.018 -0.81
  0.971 -0.8    0.82   0.81   1.514  0.26   0.074  0.97   0.81  -0.86
 -0.703  0.54   0.56  -0.89  -0.25   0.34   0.61  -0.27   0.86   0.35
 -0.624 -0.29 ][-0.21   1.28  -0.4    0.7    1.326 -0.39   0.94  -0.42   0.58   0.37
  0.14   0.02  -0.44   0.38  -0.62  -0.1    0.78   0.83  -0.32  -0.81
  0.83  -0.84   0.82   0.81   0.695 -0.239  0.04   0.97   0.81  -0.86
 -0.11   0.916  0.56  -0.89  -0.25   0.34   0.61  -0.27   0.86   0.35
 -0.624  0.54 ][-0.21   0.7   -0.4    0.7    1.364 -0.98   0.94  -0.42   0.58   0.55
  0.61   0.02  -0.44   0.38  -0.62  -0.52   0.78   0.83  -0.32  -0.81
  0.83  -0.84   1.388  0.81   0.6   -0.87   0.074  0.97   0.81  -0.491
 -0.11   0.54   0.913 -0.89  -0.25   0.34   0.61  -0.27   0.86   0.35
 -0.33   0.54 ][-0.21   0.7   -0.4    0.7    0.77  -0.98   0.94  -0.42   0.58   0.55
  0.61   0.02  -0.44   0.234 -0.62  -0.52   0.78   0.07   0.357 -0.81
  0.83  -0.84   1.388  0.81   0.6   -0.87   0.074  0.97   0.81  -0.86
 -0.703  0.54   0.913 -0.09  -0.25   0.63   0.61  -0.27   0.86   0.35
 -0.795 -0.29 ][-0.21   0.7   -0.4    0.7    0.77  -0.98   0.94  -0.42   0.58   0.55
  0.14   0.8   -0.44   0.38  -0.62  -0.52   0.78   0.83  -0.32  -0.81
  1.769 -0.8    1.388  0.81   1.514 -0.267  0.074  0.97   0.81  -0.86
 -0.703  0.54   0.913 -0.4   -0.25   0.34   0.61  -0.27   0.86   0.35
 -0.33   0.54 ][-0.21   0.7    0.078  0.7    0.77  -0.98   0.94  -0.42   0.58   0.55
  0.14   0.8   -0.44   0.38  -0.62  -0.1    0.78   0.83  -0.559 -0.81
  0.83  -0.8    0.82   0.81   0.6   -0.267  0.04   0.97   0.81  -0.86
 -0.703  0.54   0.913 -0.89  -0.25   0.63   0.581 -0.27   0.86   1.046
 -0.33   0.54 ][-0.663  0.7   -0.4    0.7    1.631 -0.98   0.94  -0.42   0.58   1.067
  0.14   0.02  -0.44   0.38  -0.62  -0.1    0.78   0.83  -0.32  -0.81
  0.83  -0.8    1.388  0.81   0.6   -0.87   0.074  0.97   0.81  -0.86
 -0.11   0.54   0.56  -0.09  -0.25   0.34   0.61  -0.27   0.86   0.35
 -0.33   0.54 ][-0.21   0.7    0.078  0.7    0.77  -0.39   0.94  -0.42   0.58   0.55
  0.14   0.8   -0.44   0.38  -0.62  -0.1    0.78   0.83  -0.32  -0.81
  0.83  -0.8    1.388  0.81   1.514 -0.87   0.074  0.97   0.81  -0.86
 -0.11   0.54   0.913 -0.4   -0.25   0.63   0.61  -0.27   0.86   0.35
 -0.33   0.54 ][-0.21   0.7   -0.9    0.7    1.364 -0.39   0.94  -0.42   0.58   0.55
  0.14   0.8   -0.134  0.38  -0.62  -0.1    0.78   0.83  -0.32  -0.81
  0.83  -0.8    0.82   0.81   0.6   -0.87   0.256  0.97   0.25  -0.86
 -0.11   0.54   0.56  -0.4   -0.25   0.34   0.61  -0.27   0.86   0.35
 -0.33  -0.29 ][-0.841  0.7   -0.4    0.7    1.364 -0.98   0.94  -0.42   0.58   0.55
  0.344  0.8   -0.44   0.38  -0.2   -0.52   0.78   0.83  -0.32  -0.81
  0.83  -0.84   1.388  0.81   1.514 -0.87   0.074  0.97   0.81  -0.86
 -0.703  0.54   0.56  -0.89  -0.25   0.34   0.61  -0.27   0.86   0.35
 -0.33   0.54 ][-0.21   0.7   -0.4    0.7    0.77  -0.98   0.94  -0.103  0.58   0.55
  0.61   0.614 -0.44   0.234 -0.62  -0.52   0.78   0.83  -0.32  -0.81
  0.382 -0.8    1.388  0.81   0.6   -0.87   0.074  0.97   0.81  -0.86
 -0.703  1.249  0.913 -0.89  -0.25   0.34   0.61  -0.27   0.86   0.35
 -0.33   0.54 ][-0.663  0.7   -0.4    0.7    1.631 -1.026  0.94  -0.42   0.58   0.55
  0.344  0.841 -0.44   0.38  -0.2   -1.358  0.78   0.07  -0.559 -0.81
  0.83  -0.84   0.82   0.81   0.6   -0.87   0.074  0.97   0.81  -0.86
 -0.11   0.54   0.56  -0.09  -0.25   0.63   1.089 -0.27   0.86   0.35
 -0.33   0.54 ][-0.21   0.7   -0.4    0.7    0.77  -0.98   0.94  -0.42   0.58   0.55
  0.61   0.614 -0.44   0.234 -0.62  -0.52   0.78   0.83   0.357 -0.81
  0.83  -0.84   1.388  0.81   0.879 -0.87   0.074  0.97   0.81  -0.86
 -0.703  0.54   0.913 -0.89  -0.25   0.63   0.61  -0.27   0.86   0.35
 -0.33   0.54 ][-0.424  1.46  -0.4    0.7    1.326 -0.98   0.94  -0.42   0.58   0.55
  0.61   0.02  -0.134  0.38  -0.2   -0.1    0.78   0.83  -0.32  -0.81
  0.83  -0.84   1.388  0.81   0.6   -0.87   0.074  0.97   0.25  -0.86
 -0.703  0.54   0.56  -0.09  -0.25   0.63   0.61  -0.27   0.86   0.35
 -0.33   0.54 ][-0.21   0.7   -0.4    0.7    0.77  -1.026  0.94  -0.103  0.58   0.55
  0.14   0.02  -1.063  0.38  -0.62  -0.52   0.78   0.07  -1.018 -0.81
  0.971 -0.8    0.82   0.864  0.533  0.26   0.256  0.97   0.81  -0.86
 -0.11   0.54   0.56  -0.4   -0.25   0.34   0.61  -0.27   0.86   0.35
 -0.33   0.54 ][-0.21   0.7   -0.4    0.7    0.77  -0.98   0.94  -0.103  0.58   0.55
  0.14   0.02  -1.063  0.234 -0.62  -0.52   0.78   0.07  -1.018 -0.81
  0.971 -0.84   1.388  0.81   0.6   -0.87   0.256  0.97   0.81  -0.86
 -0.11   0.54   0.56  -0.09  -0.25   0.34   0.61  -0.27   0.525  0.35
 -0.795 -0.29 ][-0.21   0.7   -0.4    1.303  1.364 -0.98   0.94  -0.103  0.58   0.55
  0.14   0.8   -0.44   0.38  -0.62  -0.52   0.78   0.83  -0.32  -0.81
  0.83  -0.8    1.388  0.81   0.533 -0.267  0.074  0.97   0.81  -0.86
 -0.11   0.54   0.913 -0.4   -0.25   0.34   0.61  -0.27   0.86   0.35
 -0.33   0.54 ][-0.21   0.7   -0.4    0.7    1.631 -0.98   0.94  -0.42   0.58   0.55
  0.344  0.02  -1.063  0.38  -0.2   -0.52   0.78  -0.768 -0.32  -0.81
  0.971 -0.8    0.82   0.81   0.533 -0.87   0.256  0.97   0.81  -0.86
 -0.11   0.54   0.56  -0.09  -0.25   0.63   0.61  -0.27   0.86   0.35
 -0.33   0.54 ][-0.21   0.7   -0.4   -0.067  0.77  -0.39   0.94  -0.42   0.58   0.55
  0.14   0.02  -0.44   0.234 -0.62  -0.52   0.78   0.83  -0.32  -0.81
  0.83  -0.84   0.82   0.81   0.695 -0.87   0.074  0.97   0.81  -0.86
 -0.703  0.54   0.913 -0.89  -0.25   0.34   0.61  -0.27   0.86   0.35
 -0.33   0.54 ][-0.21   0.7   -0.4    0.7    1.364 -0.98   0.94  -0.103  0.58   0.55
  0.14   0.02  -0.44   0.38  -0.62  -0.52   0.78   0.83  -0.32  -0.81
  0.83  -0.8    0.82   0.81   1.514 -0.267  0.074  0.97   0.81  -0.86
 -0.11   0.54   0.56  -0.4   -0.25   0.34   0.61  -0.27   1.089  0.35
 -0.33   0.54 ][-0.21   0.7   -0.4    0.7    0.77  -1.026  0.94   0.052  0.58   0.55
  0.14   0.8   -1.063  0.38  -0.62  -0.52   0.78   0.83  -0.32  -0.81
  0.971 -0.8    1.388  0.864  1.514 -0.267  0.074  0.97   0.81  -0.86
 -0.703  0.54   0.913 -0.4   -0.25   0.34   0.61  -0.27   0.86   0.35
 -0.33   0.54 ][-0.21   0.7   -0.4    0.7    1.364 -0.98   0.94  -0.103  0.58   0.55
  0.14   0.02  -0.236  0.595 -0.62  -0.52   0.78   0.83  -0.32  -0.81
  0.971 -0.8    0.82   0.81   1.514 -0.267  0.074  1.605  0.81  -0.86
 -0.703  0.54   0.56  -0.4   -0.25   0.34   0.61  -0.27   0.86   0.35
 -0.624 -0.29 ][-0.21   0.7   -0.4    0.7    0.77  -1.026  0.94  -0.103  0.58   0.37
  0.14   0.02  -0.44   0.38  -0.62  -0.52   0.78   0.83  -1.018 -0.81
  0.971 -0.84   0.82   0.81   0.533 -0.239  0.256  0.97   0.81  -0.86
 -0.11   0.916  0.56  -0.89  -0.25   0.34   0.61  -0.27   1.197  0.35
 -0.33   0.54 ][-0.21   0.7   -0.4    0.7    0.77  -0.39   0.94  -0.42   0.58   0.55
  0.61   0.8   -0.44   0.38  -0.62  -0.1    0.78   0.07  -0.32  -0.81
  0.83  -0.8    1.388  0.81   1.514 -0.87   0.074  0.97   0.81  -0.86
 -0.11   0.172  0.913 -0.4   -0.25   0.63   0.61  -0.27   0.86   0.35
 -0.33   0.366][-0.21   0.7   -0.4    0.7    0.77  -0.98   0.94  -0.42   0.58   0.55
  0.592  0.02  -0.236  0.234 -0.62  -0.52   0.78   0.83   0.357 -0.629
  0.83  -0.84   0.82   0.81   1.514 -0.87   0.074  0.97   0.81  -0.86
 -0.703  0.54   0.56  -0.89  -0.25   0.34   0.61  -0.27   0.86   0.35
 -0.795 -0.29 ][-0.21   0.7   -0.4    0.7    0.77  -0.39   0.94  -0.42   0.58  -0.408
  0.14   0.8   -0.44   0.38  -0.62  -0.52   0.78   0.83  -0.32  -0.81
  1.769 -0.8    1.016  0.81   0.6   -0.87   0.074  0.97   0.81  -0.86
 -0.703  0.54   0.56  -0.4   -0.25  -0.008  0.61  -0.27   0.86   0.35
 -0.33  -0.29 ][-0.663  0.7   -0.4    0.7    0.77  -0.98   0.94  -0.42   0.58   0.55
  0.344  0.02  -0.44   0.38  -0.62  -1.358  0.78   0.83  -1.018 -0.81
  0.83  -1.699  1.388  0.81   1.514  0.26   0.074  0.97   0.81  -0.86
 -0.11   0.54   0.56  -0.09  -0.25   0.63   0.61  -0.27   0.86   0.35
 -0.33   0.54 ][-0.21   0.7   -0.4    0.7    0.77  -0.98   0.94  -0.103  0.58   0.55
  0.61   0.8   -0.44   0.38  -0.62  -0.52   0.78  -0.218 -0.32  -0.81
  0.83  -0.84   0.82   0.864  0.533 -0.87   0.256  0.97   0.81  -0.86
 -0.703  0.54   0.913 -0.4   -0.25   0.34   0.61  -0.27   0.86   0.35
 -0.33   0.54 ][-0.663  0.7   -0.4    0.7    0.77  -0.98   0.94  -0.42   0.58   0.55
  0.344  0.614 -0.44   0.38  -0.62  -0.52   0.78   0.83  -1.193 -0.81
  0.83  -0.84   1.388  0.81   0.533 -0.267  0.074  1.605  0.81  -0.86
 -0.11   0.54   0.56  -0.09  -0.25   0.63   0.61  -0.27   0.86   0.35
 -0.33   0.182][-0.21   0.7   -0.4    0.7    0.77  -1.026  0.94  -0.42   0.58   0.55
  0.61   0.02  -1.063  0.234  0.025 -0.52   0.78   0.07   0.357 -0.81
  0.971 -0.84   1.388  0.81   0.6    0.26   0.256  0.97   0.81  -0.86
 -0.11   0.54   0.913 -0.4   -0.25   0.34   0.61  -0.27   0.86   0.35
 -0.795  0.54 ][-0.21   0.7   -0.4    0.7    1.364 -0.98   0.94  -0.42   0.58   0.55
  0.61   0.614 -0.44   0.38  -0.62  -0.52   0.78   0.83  -0.32  -0.81
  0.83  -0.551  1.388  0.81   0.6   -0.87   0.074  0.97   0.81  -0.491
 -0.11   0.54   0.913 -0.09  -0.25   0.63   0.61  -0.27   0.86   0.35
 -0.33   0.54 ][-0.21   0.7   -0.4    0.7    1.364 -0.98   0.94  -0.42   0.58   0.55
  0.14   0.02  -0.44   0.38  -0.2   -0.52   0.78   0.83  -0.32  -0.81
  0.83  -0.8    1.388  0.81   0.533 -0.267  0.074  0.97   0.81  -0.86
 -0.703  0.54   0.56  -0.4   -0.25  -0.567  0.61  -0.27   0.86   0.35
 -0.33   0.54 ][-0.74   0.7   -0.9    0.7    0.77  -0.39   0.94  -0.42   0.58  -0.408
  0.14   0.02  -0.61   0.38  -0.62  -0.52   0.78   0.83   0.581 -0.81
  0.83  -0.8    0.82   0.81   1.514 -0.87   0.074  0.97   0.81  -0.86
 -0.703  0.54   0.56  -0.89  -0.25   0.34   0.61  -0.27   0.86   0.35
 -0.33  -0.29 ][-0.21   0.7    0.078  0.7    0.77  -1.026  0.94  -0.103  0.58   0.55
  0.14   0.8   -1.063  0.38  -0.62  -0.52   0.78   0.83  -0.559 -0.81
  0.83  -0.8    0.82   0.81   0.533 -0.267  0.256  0.97   0.81  -0.86
 -0.11   0.54   0.56  -0.4   -0.25   0.581  0.581 -0.27   0.86   0.35
 -0.33   0.54 ][-0.663  0.7   -0.4    0.7    1.631 -0.98   0.94  -0.42   0.58   0.55
  0.344  0.841 -0.44   0.38  -0.2   -1.358  0.78   0.83  -0.32  -0.81
  0.83  -1.165  1.388  0.81   1.514 -0.87   0.074  0.97   0.81  -0.86
 -0.11   0.54   0.56  -0.09  -0.25   0.63   0.61  -0.27   0.86   0.35
 -0.33   0.182][-0.21   0.7   -0.4    0.7    1.364 -0.98   0.94  -0.42   0.58   0.55
  0.14   0.02  -0.236  0.38  -0.62  -0.52   0.78   0.83  -0.32  -0.81
  0.971 -0.8    0.82   0.81   1.514  0.26   0.074  0.97   0.842 -0.86
 -0.703  0.54   0.56  -0.89  -0.25   0.34   0.61  -0.27   0.86   0.35
 -0.33   0.54 ][-0.21   0.7    0.012  0.7    0.77  -0.98   0.94  -0.42   0.58   0.55
  0.14   0.8   -0.44   0.234 -0.62  -0.52   0.78   0.83  -0.32  -0.81
  0.83  -0.8    1.388  0.81   1.514 -0.87   0.074  0.97   0.81  -0.86
 -0.703  1.249  0.913 -0.89  -0.25   0.34   0.61  -0.27   0.86   0.35
 -0.33   0.54 ][-0.21   0.7   -0.4    0.7    0.77  -0.98   0.94  -0.103  0.58   0.55
  0.14   0.614 -0.44   0.234 -0.62  -0.52   0.78   0.83   0.357 -0.81
  0.83  -0.944  1.388  0.81   0.533 -0.87   0.074  1.605  0.81  -0.86
 -0.11   0.54   0.913 -0.4   -0.25   0.63   0.61  -0.27   0.86   0.35
 -0.33   0.54 ][-0.663  0.7   -0.4    0.7    0.77  -0.98   0.94  -0.42   0.58   0.55
  0.344  0.841 -0.44   0.38  -0.62  -1.358  0.78   0.83  -1.018 -0.81
  0.83  -0.8    1.388  0.81   1.514  0.26   0.074  0.97   0.81  -0.86
 -0.11   0.54   0.56  -0.09  -0.25   0.63   0.61  -0.27   0.86   0.35
  0.345 -0.29 ][-0.663  0.7   -0.4    0.7    1.631 -1.026  0.94   0.195  0.58   0.55
  0.14   0.841 -0.44   0.38  -0.62  -1.358  0.78   0.83  -0.32  -0.81
  0.83  -0.84   1.388  0.81   0.6   -0.267  0.074  0.97   0.81  -0.86
 -0.703  0.54   0.56  -0.4   -0.25   0.63   0.61  -0.27   0.86   0.35
 -0.33   0.54 ][-0.424  1.46  -0.4    0.7    2.021 -0.98   0.94  -0.42   0.58   0.55
  0.344  0.02  -0.44   0.38  -0.62  -0.52   0.78   0.83  -0.32  -0.81
  0.83  -0.84   1.388  0.81   0.6   -0.87   0.074  0.97   0.81  -0.86
 -0.703  0.54   0.56  -0.09  -0.25   0.63   0.61  -0.27   0.86   0.35
 -0.33   0.182][-0.21   0.7   -0.4    0.7    0.77  -0.98   0.94  -0.42   0.58   0.55
  0.344  0.02  -0.44   0.234 -0.62  -0.52   0.78   0.07  -0.778 -0.81
  0.83  -0.84   1.388  0.81   0.6   -0.87   0.074  0.97   0.81  -0.86
 -0.703  0.54   0.913 -0.09  -0.25   0.63   0.61  -0.27   0.86   0.35
 -0.795 -0.29 ][-0.74   0.7   -0.9    0.7    0.77  -0.39   0.94  -0.42   0.58   0.55
  0.592  0.8   -0.236  0.38  -0.62  -0.52   0.78   0.83  -1.018 -0.81
  0.971 -0.8    0.82   0.81   0.6   -0.87   0.074  0.97   0.81  -0.86
 -0.703  0.672  0.56  -0.89  -0.25  -0.008  0.61  -0.27   0.86   0.35
 -0.624 -0.29 ][-0.74   0.7   -0.4    0.7    0.77  -1.026  0.94  -0.42   0.58   0.55
  0.14   0.02  -0.61   0.38  -0.62  -0.52   0.78   0.83  -1.018 -0.81
  0.83  -0.8    0.82   0.864  1.392  0.26   0.074  0.97   0.81  -0.86
 -0.703  0.54   0.56  -0.89  -0.25  -0.008  0.61  -0.27   0.86   0.35
 -0.33   0.54 ][-0.663  0.7   -0.4    0.7    1.364 -0.98   0.94  -0.42   0.58   0.55
  0.14   0.02  -0.44   0.38  -0.2   -1.358  0.78   0.83  -0.32  -0.81
  0.83  -0.8    1.388  0.81   1.514 -0.267  0.074  1.605  0.81  -0.984
 -0.11   0.54   0.56  -0.09  -0.25   0.63   0.61  -0.27   0.86   0.35
 -0.33   0.54 ][-0.21   0.7   -0.4    0.7    1.326 -1.026  0.94  -0.42   0.58   0.55
  0.14   0.02  -1.063  0.38   0.076 -0.52   0.78   0.07  -1.018 -0.81
  0.83  -0.8    0.82   0.864  0.533 -0.239  0.256  0.97   0.81  -0.86
 -0.11   0.916  0.56  -0.4   -0.25   0.34   0.61  -0.27   0.86   0.35
 -0.624  0.54 ][-0.21   0.7    0.078  0.7    0.77  -0.39   1.464 -0.103  0.58   0.55
  0.14   0.8   -0.44   0.38  -0.62  -0.52   0.78   0.07  -1.018 -0.81
  0.83  -0.8    0.82   0.864  1.514 -0.87   0.074  0.97   0.81  -0.86
 -0.11   0.54   0.56  -0.4   -0.25   0.63   0.61  -0.27   0.86   0.35
 -0.33   0.54 ][-0.21   0.7   -0.4    0.7    0.77  -0.98   0.94  -0.103  0.58   0.55
  0.14   0.02  -0.44   0.38  -0.62  -0.52   0.78   0.83  -0.32  -0.81
  0.83  -0.84   0.82   0.81   0.6   -0.87   0.074  1.605  0.81  -0.86
 -0.11   1.01   0.913 -0.09  -0.25   0.63   0.61  -0.27   0.86   0.35
 -0.33   0.54 ][-0.21   0.7   -0.4    0.7    0.77  -0.98   0.94  -0.42   0.58   0.55
  0.14   0.02  -1.063  0.38  -0.62  -0.52   0.78   0.83  -1.018 -0.81
  0.971 -0.8    0.82   0.864  1.514  0.26   0.256  0.97   0.81  -0.86
 -0.11   0.342  0.56  -0.89  -0.25   0.34   0.61  -0.27   0.86   0.35
 -0.33  -0.29 ][-0.663  0.7   -0.4    0.7    1.364 -0.98   0.94  -0.42   0.58   0.55
  0.344  0.02  -0.44   0.38  -0.62  -0.52   0.78   0.83  -0.32  -0.81
  0.83  -0.84   1.388  0.81   0.6   -0.87   0.074  0.97   0.81  -0.86
 -0.11   0.54   0.913 -0.718 -0.25   0.34   0.61  -0.27   0.86   0.35
 -0.33   0.54 ][-0.21   0.7   -0.4    0.7    0.77  -0.98   0.94  -0.42   0.58   0.55
  0.61   0.8   -0.44   0.234 -0.62  -0.52   0.073  0.83  -0.32  -0.81
  0.83  -0.8    1.388  0.81   1.514 -0.267  0.074  0.97   0.81  -0.86
 -0.703  0.54   0.913 -0.4   -0.25   0.34   0.61  -0.27   0.86   0.35
 -0.33  -0.29 ][-0.21   1.46  -0.4    0.7    0.77  -0.98   0.94  -0.42   0.58   0.55
  0.61   0.8   -0.134  0.38  -0.2   -0.1    0.78   0.83  -0.32  -0.81
  0.83  -0.84   1.388  0.81   0.6   -0.87   0.074  0.97   0.25  -0.303
 -0.703  0.54   0.56  -0.09  -0.25   0.63   0.61  -0.27   0.86   0.35
 -0.33   0.366][-0.841  0.7   -0.4    0.7    1.364 -0.98   0.94  -0.103  0.58   0.55
  0.14   0.8   -0.44   0.38  -0.2   -0.52   0.78   0.83  -0.32  -0.81
  0.83  -0.84   0.82   0.81   1.514 -0.267  0.074  1.605  0.81  -0.86
 -0.11   0.54   0.56  -0.516 -0.25   0.34   0.61  -0.27   0.86   0.35
 -0.33   0.54 ][-0.21   0.7    0.242  0.7    0.77  -1.026  0.94  -0.42   0.58   0.55
  0.61   0.02  -0.44   0.38  -0.62  -0.52   0.78   0.07  -1.018 -0.81
  0.83  -0.84   0.82   0.864  0.6   -0.87   0.074  0.97   0.81  -0.86
 -0.703  0.54   0.56  -0.4   -0.25   0.34   0.61  -0.27   0.86   0.35
 -0.795 -0.29 ][-0.74   0.7   -0.4    0.7    0.77  -0.98   0.94  -0.42   0.58   0.55
  0.592  0.8   -0.236  0.38  -0.62  -0.52   1.453  0.83  -0.32  -0.81
  0.83  -0.8    0.82   0.81   1.514 -0.87   0.074  0.97   0.81  -0.86
 -0.703  0.54   0.56  -0.89  -0.25   0.34   0.61  -0.27   0.86   0.35
 -0.624 -0.29 ][-0.21   0.7   -0.4    0.7    0.77  -0.98   0.94  -0.103  0.58   0.55
  0.14   0.614 -1.063  0.38  -0.62  -0.52   0.78   0.83  -1.018 -0.233
  0.971 -0.84   0.82   0.864  0.6    0.26   0.256  0.97   0.81  -0.86
 -0.11   0.54   0.913 -0.4   -0.25   0.34   0.61  -0.27   0.86   0.35
 -0.33   0.182][-0.74   0.7   -0.9    0.7    0.77  -0.98   0.94  -0.42   0.58  -0.408
  0.14   0.8   -0.61   0.38  -0.62  -0.52   0.78   0.83  -0.32  -0.81
  0.83  -0.8    1.388  0.81   0.6   -0.87   0.074  0.97   0.81  -0.86
 -0.11   0.54   0.56  -0.89  -0.25   0.34   0.61  -0.27   0.86   0.35
 -0.33  -0.104][ 0.442  1.28  -0.4    0.7    0.77  -1.026  0.94  -0.42   0.58   0.37
  0.14   0.02  -0.44   0.38  -0.62  -0.1    0.78   0.07  -1.018 -0.81
  0.83  -0.84   0.82   0.81   0.695  0.26   0.04   0.97   0.81  -0.86
 -0.11   0.916  0.56  -0.89  -0.25   0.34   0.61  -0.27   0.86   0.35
 -0.33   0.54 ][-0.21   0.7   -0.4    0.7    0.77  -1.026  0.94  -0.42   0.58   0.55
  0.61   0.02  -0.44   0.38  -0.62  -0.52   0.78   0.07   0.357 -0.81
  0.971 -0.8    1.388  1.758  0.879  0.26   0.256  0.97   0.81  -0.86
 -0.703  0.54   0.56  -0.89  -0.25   0.34   0.61  -0.27   0.86   0.35
 -0.33   0.54 ][-0.21   0.7    0.078  0.7    0.77  -1.026  0.94  -0.42   0.58   0.55
  0.14   0.8   -0.44   0.38  -0.62  -0.1    0.78   0.83  -0.32  -0.81
  0.83  -0.8    0.82   0.81   0.533  0.26   0.074  0.97   0.174 -0.86
 -0.11   0.54   0.913 -0.4   -0.25   0.34   0.61  -0.27   0.86   0.35
 -0.33   0.54 ][-0.663  0.7   -0.4    0.7    0.77  -0.98   0.94  -0.42   0.58   1.067
  0.14   0.02  -0.44   0.38  -0.62  -0.52   0.78   0.83  -0.32  -0.81
  0.83  -0.8    1.388  0.81   0.6   -1.476  0.04   0.97   0.81  -0.86
 -0.11   0.54   0.913 -0.09  -0.25   0.34   0.61  -0.27   0.86   0.35
 -0.33   0.366][-0.663  0.7   -0.4    0.7    0.77  -0.98   0.94  -0.42   0.58   0.55
  0.61   0.614 -0.44   0.234 -0.62  -0.52   0.78   0.83  -0.32  -1.743
  0.83  -0.84   1.388  0.81   0.6   -0.87   0.074  0.97   0.81  -0.86
 -0.703  0.54   0.913 -0.89  -0.25   0.63   0.61  -0.27   0.86   0.35
 -0.33   0.54 ][-0.21   0.7   -0.4    0.7    1.364 -0.98   0.94  -0.42   0.58   0.55
  0.61   0.614 -0.44   0.38  -0.62  -0.339  0.78   0.83  -0.32  -0.81
  0.83  -0.84   1.388  0.81   0.6   -0.87   0.074  0.97   0.81  -0.86
 -0.11   0.54   0.913 -0.09  -0.25   0.34   0.61  -0.27   0.86   0.35
 -0.33   0.182][-0.21   0.7   -0.4    0.7    1.364 -0.98   0.94  -0.103  0.58   0.55
  0.61   0.02  -1.063  0.38  -0.62  -0.52   0.78   0.07  -1.018 -0.81
  0.971 -0.84   0.82   0.864  0.6    0.26   0.496  0.97   0.81  -0.86
 -0.11   0.54   0.913 -0.89  -0.25   0.34   0.61  -0.27   0.86   0.35
 -0.33   0.54 ][-0.21   0.7   -0.4    0.7    0.77  -1.026  0.94  -0.42   0.58   0.55
  0.14   0.8   -0.44   0.38  -0.62  -0.52   0.78   0.07  -0.32  -0.81
  0.971 -0.8    0.82   0.81   1.514  0.26   0.256  0.97   0.81  -0.86
 -0.11   0.54   0.56  -0.4   -0.25   0.34   0.947 -0.27   0.86   0.35
 -0.33   0.54 ][-0.21   0.7   -0.4    0.7    0.77  -0.98   0.94  -0.103  0.58   0.55
  0.14   0.8   -1.063  0.38  -0.62  -0.52   0.78   0.83  -1.018 -0.81
  0.971 -0.8    0.82   0.81   0.533  0.26   0.04   0.97   0.81  -1.809
 -0.703  0.54   0.913 -0.4   -0.25   0.63   0.581 -0.27   0.86   0.35
 -0.33   0.54 ][-0.841  0.7   -0.4    0.7    0.77  -0.98   0.94  -0.42   0.58   0.55
  0.344  0.02  -0.44   0.38  -0.62  -0.52   0.78   0.83  -1.018 -0.883
  0.83  -0.84   1.388  0.81   1.514  0.26   0.074  0.97   0.81  -0.86
 -0.703  0.54   0.56  -0.89  -0.25   0.34   0.61  -0.27   0.86   0.35
 -0.624  0.54 ][-0.663  0.7   -0.4    0.7    1.364 -0.98   0.94  -0.42   0.526  0.55
  0.14   0.614 -0.44   0.38  -0.62  -0.52   0.78   0.83  -0.32  -0.81
  0.83  -0.84   1.388  0.81   0.6   -0.267  0.074  0.97   0.81  -0.86
 -0.11   0.54   0.56  -0.09  -0.25   0.63   0.61  -0.27   0.86   0.35
 -0.33   0.54 ][-0.21   0.7   -0.4    1.015  1.631 -0.98   0.94  -0.103  0.58   0.55
  0.14   0.841 -0.44   0.38  -0.62  -1.358  0.78   0.07  -0.32  -0.81
  0.971 -0.84   0.82   0.864  0.533  0.26   0.256  0.97   0.81  -0.86
 -0.11   0.54   0.56  -0.4   -0.25   0.34   0.61  -0.27   0.86   0.35
 -0.33   0.54 ][-0.663  0.7   -0.4    0.7    1.631 -0.98   0.94  -0.42   0.58   0.55
  0.344  0.8   -0.61   0.38  -0.2   -0.52   0.78   0.83  -0.32  -0.81
  0.83  -0.351  1.388  0.81   0.6   -0.87   0.074  0.97   0.81  -0.86
 -0.703  0.54   0.56  -0.09  -0.25  -0.008  0.61  -0.27   0.86   0.35
 -0.33  -0.29 ]