[-0.21   1.012 -0.4    0.7    0.93  -0.98   1.24  -0.833  2.012  0.296
  0.14   0.479 -0.44   0.161  0.036 -0.1   -1.056 -0.123  0.647 -0.81
  1.262 -1.636  0.808  0.253  0.495  0.057 -1.371  0.97   0.81  -0.17
 -0.178  0.366  0.871  0.009 -0.25   0.941  0.564 -0.27   1.145  0.061
 -0.903  0.54 ][-0.21   0.7   -0.4   -0.284  0.93  -0.98   1.24  -0.833  2.012  0.296
  0.14   0.479 -0.44   0.161  0.036 -0.1   -1.056 -0.123  0.647 -0.81
  1.262 -1.636  0.808  0.253  0.556  0.057 -0.632  0.97   0.81  -0.17
 -0.055  1.249  0.871  0.009 -0.25   0.941  0.564 -0.27   1.145  0.35
 -0.903  0.54 ][-0.21   1.012 -0.4    0.7    0.93  -1.45   1.78  -0.833  1.199  0.296
  0.14   0.479 -0.44   0.161  0.212 -0.2   -1.056 -0.123  0.647 -0.699
  1.262 -1.636  0.808  0.253  1.144  0.057 -1.371  0.97   0.81  -0.17
 -0.055  0.372  0.871 -0.09  -0.25   0.941  0.564 -0.252  0.86  -0.128
 -0.903  0.54 ][-0.21   1.012 -0.4    0.7    0.93  -1.45   1.78  -0.833  2.012  0.296
  0.14   0.479 -0.44   0.161  0.212 -0.1   -1.056 -0.123  0.647 -0.81
  1.262 -1.948  0.808  0.253  1.144  0.057 -1.371  1.183  0.81  -0.17
 -0.178  0.372  0.871 -0.09  -0.25   0.941  0.564 -0.27   0.86   0.061
 -0.903  0.54 ][-0.21   1.012 -0.4    0.7    0.93  -1.45   1.78  -0.833  2.012 -0.253
  0.14   0.614 -0.44   0.161  0.036 -0.1   -1.056 -0.123  0.647 -0.81
  1.262 -1.636  0.808  0.253  1.144  0.057 -1.371  1.183  0.81  -0.17
 -0.178  0.372  0.871 -0.09  -0.25   0.941  0.564 -0.27   0.86   0.35
 -0.903  0.54 ][-0.21   0.7   -0.4    0.7    0.93  -0.98   1.24  -0.833  1.759  0.296
  0.14   0.479 -0.44   0.475  0.212 -0.1   -1.056 -0.123  0.647 -0.81
  1.262 -1.636  0.808  0.253  0.495  0.057 -0.632  0.97   0.81  -0.17
 -0.178  0.372  0.871  0.009 -0.25   0.941  0.564 -0.27   1.145  0.061
 -0.903  0.54 ][-0.21   0.7   -0.4    0.7    0.93  -0.98   1.78  -0.833 -0.962  0.296
 -0.658  0.614 -0.44   0.161  0.212 -0.1   -1.056 -0.123  0.656 -0.81
  1.262 -1.636  0.808  0.415  1.144  0.057 -1.371  0.966  0.81  -0.17
 -0.785  0.824  0.871 -0.09  -0.25   0.941  0.564 -0.27   0.86   0.35
 -0.903  0.54 ][-0.21   1.012 -0.4    0.7    0.93  -1.45   1.78  -0.121  2.012 -0.253
 -0.23   0.614 -0.44   0.161  0.212 -0.1   -1.056 -0.123  0.647 -0.81
  1.262 -1.636  0.808  0.253  1.144  0.057 -1.371  0.97   0.81  -0.86
 -0.178  0.372  0.871 -0.09  -0.25   0.941  0.564 -0.27   0.86  -0.128
 -0.903  0.54 ][-0.21   1.012 -0.4   -0.284  0.93  -1.45   1.78  -0.42   2.012  0.296
  0.14   0.614 -0.44   0.161 -0.523 -0.1   -1.056 -0.123  0.647 -0.81
  1.262 -1.636  0.808  0.253  0.495 -0.416 -1.371  0.97   0.81  -0.17
 -0.785  1.249  0.871 -0.09  -0.25   0.941  0.564 -0.27   0.86  -0.128
 -0.33   0.54 ][-0.21   1.012  0.436  0.454  0.93  -1.45   1.78  -0.833  1.759 -0.253
  0.26   0.614 -0.44   0.161  0.212 -0.1   -1.056 -0.123  0.647 -0.81
  1.262 -1.636  0.808  0.253  1.144 -0.233 -1.371  0.97   0.81  -0.17
 -0.178  0.372  0.792 -0.09  -0.25   0.941  0.564 -0.27   0.86   0.061
 -0.903  0.54 ][-0.21   1.012 -0.4    0.7    0.93  -1.45   1.24  -0.833  2.012 -0.253
  0.14   0.614 -0.44   0.161  0.036 -0.1   -1.056 -0.123  0.647 -0.08
  1.262 -1.636  0.808  0.253  1.144  0.057 -1.371  0.966  0.81  -0.17
 -0.178  0.824  0.871 -0.09  -0.25   0.941  0.564 -0.27   0.86   0.35
 -0.33   0.54 ][-0.21   1.012 -0.4    0.7    0.93  -1.45   1.78  -0.833  1.759  0.296
  0.14   0.479 -0.44   0.161  0.212 -0.1   -1.056 -0.123  0.647 -0.81
  1.262 -1.636  0.808  0.253  1.144  0.057 -1.371  0.97   0.81  -0.17
 -0.178  0.372  0.871 -0.09  -0.25   0.941  0.564 -0.27   0.86   0.061
 -0.903  0.54 ][-0.21   1.012 -0.4    0.7    0.93  -1.45   1.24  -0.42   2.012  0.296
  0.14   0.614 -0.44   0.161  0.212 -0.1   -1.056 -0.123  0.647 -0.81
  1.262 -1.636  0.808  0.253  0.495  0.057 -0.676  0.97   0.81  -0.17
 -0.178  1.249  0.871  0.009 -0.25   0.941  0.564 -0.27   1.145  0.35
 -0.903  0.54 ][-0.21   1.012 -0.4    0.7    0.93  -1.45   1.24  -0.833  1.759  0.296
  0.14   0.479 -0.44   0.161  0.212 -0.1   -1.056 -0.123  0.647 -0.81
  1.262 -1.636  0.808  0.253  1.144  0.057 -0.632  0.97   0.81  -0.17
 -0.785  0.372  1.772 -0.09  -0.25   0.941  0.564 -0.27   1.145  0.061
 -0.33   0.54 ][-0.21   1.012 -0.4    0.7    0.93  -1.45   1.78  -0.121  1.199  0.296
  0.14   0.479 -0.44   0.161  0.212 -0.1   -1.056 -0.123  0.647 -0.699
  1.262 -1.636  0.808  0.253  1.144  0.057 -0.632  0.97   0.81  -0.17
 -0.178  1.249  0.913 -0.09  -0.25   1.104  0.564 -0.27   0.86   0.938
 -0.903  0.54 ][-0.21   1.012 -0.4    0.7    0.93  -1.45   1.78  -0.833 -0.962 -0.253
  0.844  0.614 -0.44   0.161  0.212 -0.1   -1.056  0.404  0.656 -0.81
  1.262 -1.636  0.808  0.415  1.144  0.057 -0.632  0.97   0.81  -0.17
 -0.178  0.372  0.871 -0.09  -0.25   0.941  0.564 -0.27   0.86   0.061
 -0.33   0.54 ][-0.21   0.7   -0.4    0.7    0.93  -1.45   1.78  -0.42   2.012  0.296
  0.14   0.479 -0.44   0.161  0.036 -0.1   -1.056 -0.123  0.647 -0.699
  1.262 -1.636  0.808  0.253  1.144  0.057 -0.632  0.66   0.81  -0.291
 -0.785  1.249  0.871  0.009 -0.25   0.941  0.564 -0.27   0.86  -0.128
 -0.903  0.54 ][-0.21  -0.186 -0.4    0.7    0.93  -1.45   1.24  -0.42   2.012  0.296
  0.14   0.479 -0.44   0.161  0.036 -0.1   -1.056 -0.123  0.647 -0.81
  1.262 -1.636  0.808  0.253  0.495  0.057 -1.371  0.97   0.81  -0.291
 -0.178  0.372  0.913 -0.09  -0.25   0.941  0.564 -0.27   1.145  0.061
 -0.33   0.54 ][-0.21   0.7   -0.4   -0.284  0.93  -0.98   1.24  -0.833  2.012 -0.253
  0.14   0.614 -0.44   0.161  0.036 -0.1   -1.056  0.791  0.647 -0.81
  1.262 -1.636  0.808  0.253  1.144  0.057 -1.371  0.97   0.81  -0.17
 -0.178  0.372  0.871  0.009 -0.25   0.941  0.564 -0.27   1.145  0.35
 -0.903  0.54 ][-0.21   0.7   -0.4   -0.284  0.93  -0.98   1.24  -0.833  2.012  0.296
  0.14   0.614 -0.44   0.161 -0.879 -0.1   -1.056 -0.123  0.656 -0.788
  1.262 -1.636  0.808  0.253  1.144  0.057 -1.371  0.97   0.81  -0.291
 -0.785  1.249  0.913  0.009 -0.25   0.941  0.564 -0.27   1.145  1.102
 -0.33   0.54 ][-0.21   1.012 -0.4    0.7    0.93  -1.45   1.78  -0.833  1.199  0.296
  0.14   0.479 -0.44   0.161  0.212 -0.2   -1.056 -0.123  0.647 -0.81
  1.262 -1.636  0.808  0.253  1.144  0.057 -1.371  0.97   0.81  -0.17
 -0.178  0.372  0.871 -0.09  -0.25   0.941  0.564 -0.252  0.86   0.531
 -0.903  0.54 ][-0.21   1.012 -0.4    0.7    0.93  -1.45   1.78  -0.451  2.012  0.296
  0.14   0.614 -0.44   0.161  0.212 -0.1   -1.056 -0.123  0.656 -0.788
  1.262 -1.948  0.808  0.253  1.144  0.057 -1.371  1.183  0.81  -0.291
 -0.785  1.249  0.871 -0.09  -0.25   0.941  0.564 -0.27   0.86   0.061
 -0.903  0.54 ][-0.21   1.012 -0.4    0.7    0.93  -0.98   1.78  -0.833  1.759  0.296
  0.14   0.614 -0.44   0.161 -0.879 -0.1   -1.056 -0.123  0.656 -0.81
  1.262 -1.636  0.808  0.253  1.144  0.057 -1.371  0.97   0.81  -0.17
 -0.178  1.783  0.871 -0.09  -0.25   0.941  0.564 -0.27   0.86   1.102
 -0.903  0.54 ][-0.21   0.7   -0.4   -0.284  0.93  -0.98   1.24  -0.833  1.759  0.296
  0.14   0.614 -0.44   0.161 -0.879 -0.1   -1.056  0.59   0.656 -0.788
  1.262 -1.636  0.808  0.253  1.144  0.057 -1.371  0.97   0.81  -0.291
 -0.785  1.249  0.871  0.009 -0.25   0.941  0.564 -0.27   1.145  1.102
 -0.33   0.54 ][-0.21   0.7   -0.4    0.7    0.93  -1.45   1.24  -0.833  1.759  0.296
  0.14   0.479 -0.44   0.161 -0.879 -0.1   -1.056 -0.123  0.656 -0.81
  1.262 -1.636  0.808  0.253  0.337  0.057 -1.371  0.97   0.81  -0.17
 -0.785  0.372  0.871 -0.09  -0.25   0.941  0.564 -0.27   1.145  1.102
 -0.33   0.54 ][-0.21   1.012 -0.4    0.535  0.93  -1.45   1.78  -0.121 -0.962  0.296
 -0.658  0.479 -0.44   0.161  0.212 -0.1   -1.056 -0.123  0.656 -0.81
  1.262 -1.636  0.808  0.253  1.144  0.057 -1.371  0.966  0.81  -0.17
 -0.178  0.824  0.871 -0.09  -0.25   0.941  0.564 -0.27   0.86   0.35
 -0.903  0.54 ][-0.21   0.7   -0.4   -0.284  0.93  -0.98   1.24  -0.833  2.012  0.296
  0.14   0.614 -0.44   0.161  0.036 -0.1   -1.056 -0.123  0.647 -0.788
  1.262 -1.844  0.808  0.253  0.556  0.057 -1.371  0.97   0.81  -0.17
 -0.055  1.249  0.913  0.009 -0.25   0.941  0.564 -0.27   1.145  0.35
 -0.903  0.54 ][-0.21   1.012 -0.4    0.454  0.93  -1.45   1.24  -0.833  2.012 -0.253
  0.14   0.614 -0.44   0.161  0.212 -0.1   -1.056 -0.123  0.647 -0.81
  1.262 -1.636  0.808  0.253  0.495 -0.233 -1.371  0.97   0.81  -0.17
 -0.178  0.372  0.792  0.009 -0.25   0.941  0.113 -0.27   0.86   0.061
 -0.903  0.54 ][-0.21   1.012 -0.4    0.7    0.93  -0.98   1.78  -0.833  2.012  0.296
  0.756  0.479 -0.44   0.161  0.212 -0.1   -1.056 -0.123  0.656 -0.81
  1.262 -1.948  0.808  0.415  1.144  0.057 -1.371  1.183  0.81  -0.17
 -0.178  0.824  0.871 -0.09  -0.25   0.941  0.564 -0.27   0.86   0.35
 -0.903  0.54 ][-0.21  -0.186 -0.4    0.7    0.93  -1.45   1.24  -0.42   2.012 -0.253
  0.14   0.614 -0.44   0.161  0.036 -0.1   -1.056 -0.123  0.647 -0.81
  1.262 -1.636  0.808  0.253  0.495  0.057 -1.371  1.183  0.81  -0.291
 -0.178 -0.572  0.913 -0.09  -0.25   0.941  0.564 -0.27   0.86   0.061
 -0.33   0.54 ][-0.21   1.012 -0.4    0.7    0.93  -1.45   1.78  -0.833  1.199  0.296
  0.14   0.479 -0.44   0.161  0.212 -0.1   -1.056 -0.123  0.647 -0.81
  1.262 -1.636  0.808  0.253  1.144  0.057 -1.371  1.183  0.81  -0.17
 -0.178  0.372  0.871 -0.09  -0.25   0.941  0.564 -0.252  0.86   0.35
 -0.903  0.571][-0.21   1.012 -0.4    0.7    0.93  -1.45   1.78  -0.833  1.759  0.296
  0.14   0.479 -0.44   0.161  0.036 -0.1   -1.056 -0.123  0.647 -0.81
  1.262 -1.636  0.808  0.253  1.144  0.057 -1.371  0.97   0.81  -0.17
 -0.178  0.366  0.871  0.009 -0.25   0.941  0.564 -0.27   0.86   0.061
 -0.903  1.447][-0.21   1.012 -0.4    0.7    0.93  -1.45   1.78  -0.42  -0.962 -0.253
  0.844  0.614 -0.44   0.161  1.116 -0.1   -1.056  0.404  0.647 -0.81
  1.262 -1.636  0.808  0.415  1.144  0.057 -0.676  0.97   0.81  -0.17
 -0.178  0.372  0.871  0.009 -0.25   0.941  0.564 -0.27   0.86   0.061
 -0.903  0.54 ][-0.21   1.012 -0.4    0.096  0.93  -0.98   1.24  -0.833  2.012  0.296
  0.14   0.479 -0.44   0.161  0.212 -0.2   -1.056 -0.123  0.647 -0.699
  1.262 -1.636  0.808  0.253  0.495  0.057 -1.371  0.97   0.81  -0.17
 -0.055  0.366  0.871  0.009 -0.25   0.941  0.564 -0.27   1.145  0.061
 -0.903  0.54 ][-0.21   1.012 -0.4   -0.284  0.93  -0.98   1.24  -0.833  2.012 -0.253
  0.14   0.614 -0.44   0.161  0.036 -0.1   -1.056 -0.123  0.336 -0.81
  1.262 -1.636  0.808  0.253  0.556  0.057 -1.371  0.97   0.81  -0.17
 -0.178  1.249  0.871  0.009 -0.25   0.941  0.564 -0.27   1.145  0.35
 -0.33   0.54 ][-0.21   0.7   -0.854 -0.284  0.93  -0.98   1.24  -0.833  2.012  0.296
  0.14   0.479 -0.44   0.161 -0.879 -0.1   -1.056 -0.123  0.656 -0.788
  1.262 -1.636  0.808  0.253  0.556  0.057 -1.371  0.97   0.81  -0.291
 -0.055  1.249  0.913  0.009 -0.25   0.941  0.564 -0.27   1.145  0.35
 -0.903  0.54 ][-0.64   1.012 -0.4    0.7    0.93  -0.98   1.78  -0.833  1.199  0.296
  0.14   0.479 -0.44   0.161  0.036 -0.1   -1.056 -0.123  0.647 -0.81
  1.262 -1.636  0.808  0.253  1.144  0.057 -1.371  0.97   0.81  -0.17
 -0.055  0.366  0.871  0.009 -0.25   0.941  0.564 -0.252  1.145  0.061
 -0.903  0.54 ][-0.21   1.012 -0.4    0.7    0.93  -0.98   1.78  -0.42   1.759  0.296
  0.14   0.479 -0.44   0.475  0.212 -0.1   -1.056 -0.123  0.647 -0.81
  1.262 -1.636  0.808  0.253  0.495 -0.416 -1.235  0.97   0.81  -0.17
 -0.785  1.249  0.871 -0.09  -0.25   0.941  0.564 -0.27   1.145 -0.128
 -0.33   0.54 ][-0.21   0.7   -0.4    0.7    0.93  -0.98   1.24  -0.833  2.012  0.296
  0.14   0.614 -0.44   0.161 -0.879 -0.1   -1.056 -0.123  0.647 -0.81
  1.262 -1.636  0.808  0.253  1.144  0.057 -1.371  0.97   0.81  -0.291
 -0.785  0.366  0.913  0.009 -0.25   0.941  0.564 -0.27   1.145  1.102
 -0.011  0.54 ][-0.21   1.012 -0.4    0.7    0.93  -1.45   1.78  -0.833  2.012  0.296
  0.14   0.614 -0.167  0.161 -0.523 -0.1   -1.056 -0.123  0.647 -0.81
  1.262 -1.636  0.808  0.253  1.144 -0.416 -1.371  1.183  0.81  -0.17
 -0.785  0.372  0.871 -0.09  -0.25   0.941  0.564 -0.27   0.86   0.35
 -0.903  0.54 ][-0.21   0.7   -0.4   -0.284  0.93  -0.98   1.24  -0.833  2.012  0.296
  0.14   0.479 -0.44   0.161 -0.879 -0.1   -1.056 -0.123  0.656 -0.788
  1.262 -1.636  0.808  0.253  1.144  0.057 -1.371  0.97   0.81  -0.291
 -0.178  0.366  0.913  0.009 -0.25   0.941  0.564 -0.27   1.145  1.102
 -0.33   0.054][-0.21   1.012 -0.4    0.7    0.93  -1.45   1.24  -0.833  2.012  0.296
  0.14   0.479 -0.44   0.161  0.212 -0.1   -1.056 -0.123  0.647 -0.81
  1.262 -1.636  0.808  0.253  0.968  0.057 -1.371  0.97   0.81  -0.17
 -0.785  0.372  1.772  0.009 -0.25   0.941  0.564 -0.27   1.145  0.061
 -0.33   0.54 ][-0.21   0.7   -0.4   -0.284  0.93  -0.98   1.24  -0.833  2.012 -0.253
  0.14   0.614 -0.44   0.161  0.036 -0.1   -1.056 -0.123  0.647 -0.788
  1.262 -1.636  0.503  0.253  1.144  0.057 -1.371  0.97   0.81  -0.17
 -0.178  1.249  0.871 -0.09  -0.25   0.941  0.564 -0.27   0.86   1.102
 -0.903  0.54 ][-0.21   0.7   -0.4    0.7    0.93  -1.45   1.24  -0.833  2.012  0.296
  0.14   0.479 -0.44   0.161  0.212 -0.1   -1.056 -0.123  0.656 -0.788
  1.262 -1.636  0.808  0.253  1.144  0.057 -1.371  0.97   0.81  -0.17
 -0.785  0.372  0.913  0.009 -0.25   0.941  0.564 -0.27   1.145 -0.324
 -0.903  0.54 ][-0.21   1.012 -0.4   -0.284  0.93  -1.45   1.78  -0.833  1.734  0.296
  0.14   0.479 -0.44   0.161  0.212 -0.1   -1.056 -0.123  0.647 -0.81
  1.262 -1.948  0.808  0.253  1.144  0.057 -1.371  1.183  0.81  -0.17
 -0.055  0.372  0.871  0.009 -0.25   0.941  0.564 -0.27   0.86   0.061
 -0.903  0.54 ][-0.21   0.7   -0.4    0.7    0.584 -1.45   1.24  -0.833  2.012  0.296
  0.14   0.479 -0.44   0.161  0.036 -0.1   -1.056 -0.123  0.647 -0.81
  1.262 -1.636  0.808  0.253  0.556  0.057 -0.632  0.97   0.81  -0.291
 -0.055  1.249  0.871  0.009 -0.25   0.941  0.564 -0.27   0.86   0.35
 -0.903  0.54 ][-0.21   1.614 -0.4   -0.284  0.93  -0.98   1.24  -0.833  2.012  0.296
  0.14   0.614 -0.44   0.475  0.212 -0.1   -1.056 -0.123  0.647 -0.81
  1.262 -1.636  0.808  0.253  1.144  0.057 -0.632  0.97   0.81  -0.17
 -0.178  1.249  0.913  0.009 -0.25   0.941  0.564 -0.27   1.145  1.102
 -0.903  0.54 ][-0.21   1.012 -0.4   -0.284  0.93  -1.45   1.78  -0.42   2.012  0.296
  0.14   0.614 -0.44   0.161 -0.523 -0.1   -1.056 -0.123  0.647 -0.81
  1.262 -1.948  0.808  0.253  1.144  0.057 -1.371  0.97   0.81  -0.17
 -0.83   0.372  0.871 -0.09  -0.25   0.941  0.564 -0.27   0.86  -0.128
 -0.33   0.54 ][-0.21   0.7   -0.4   -0.284  0.93  -0.98   1.24  -0.833  2.012  0.296
  0.14   0.479 -0.44   0.161  0.212 -0.2   -1.056 -0.123  0.647 -0.699
  1.262 -1.636  0.808  0.253 -0.44   0.057 -1.371  0.97   0.81  -0.17
 -0.055  1.249  0.871  0.009 -0.25   0.941  0.564 -0.252  1.145 -0.128
 -0.903  0.54 ][-0.21   1.012 -0.4    0.7    0.93  -1.45   1.24  -0.833  2.012 -0.253
  0.14   0.479 -0.44   0.161  0.036 -0.1   -1.056 -0.123  0.647 -0.81
  1.534 -1.636  0.808  0.253  0.495  0.057 -1.371  1.183  0.81  -0.17
 -0.178  0.372  0.871 -0.09  -0.25   0.941  0.564 -0.27   0.86   0.061
 -0.903  0.54 ][-0.21   1.012 -0.4   -0.284  0.93  -1.45   1.78  -0.42   2.012  0.296
  0.14   0.614 -0.945  0.161  0.036 -0.1   -1.056 -0.123  0.647 -0.81
  1.262 -1.636  0.808  0.253  0.495 -0.416 -1.371  0.97   0.81  -0.17
 -0.178  0.366  0.871 -0.09  -0.25   0.941  0.564 -0.27   1.145 -0.128
 -0.33   0.54 ][-0.21   0.7   -0.4   -0.284  0.93  -0.98   1.24  -0.833  2.012  0.296
  0.14   0.614 -0.44   0.161 -0.879 -0.1   -1.056  0.043  0.656 -0.81
  1.262 -1.636  0.808  0.253  1.144  0.057 -1.371  0.97   0.81  -0.291
 -0.785  0.366  0.871  0.009 -0.25   0.941  0.564 -0.27   1.145  1.102
 -0.33   0.54 ][-0.21   1.138 -0.4    0.7    0.93  -0.98   1.78  -0.833 -0.962  0.296
 -0.658  0.614 -0.44   0.161  0.036 -0.1   -1.056 -0.123  0.656 -0.81
  1.262 -1.636  0.808  0.415  1.144  0.057 -1.371  1.183  0.81  -0.17
 -0.178  0.824  0.871 -0.09  -0.25   0.941  0.564 -0.27   0.86   0.35
 -0.903  0.54 ][-0.21   1.012 -0.4    0.7    0.93  -1.45   1.78  -0.833  1.759 -0.253
  0.14   0.614 -0.44   0.161  0.212 -0.1   -1.056 -0.123  0.647 -0.81
  1.262 -1.636  0.808  0.253  1.144  0.057 -1.503  0.97   0.81  -0.17
 -0.178  0.372  0.792 -0.09  -0.25   0.941  0.564 -0.27   0.86   0.35
 -0.903  0.54 ][-0.21   0.7   -0.4   -0.284  0.93  -0.98   1.78  -0.833  1.759 -0.253
  0.14   0.614 -0.44   0.161  0.212 -0.1   -1.056 -0.123  0.647 -0.81
  1.262 -1.636  0.808  0.253  0.556 -0.233 -0.632  0.97   0.81  -0.17
 -0.178  1.249 -0.015  0.009 -0.25   0.941  0.564 -0.27   0.86   0.35
 -0.903  0.54 ][-0.21   0.7   -0.4    0.7    0.93  -1.45   1.24  -0.833  1.759  0.296
  0.14   0.479 -0.44   0.161  0.212 -0.1   -1.056 -0.123  0.647 -0.81
  1.262 -1.636  0.808  0.253  1.144  0.057 -1.371  1.278  0.81  -0.17
 -0.178  0.372  0.871  0.009 -0.25   0.941  0.564 -0.27   1.145  0.061
 -0.903  0.54 ][-0.21   1.012 -0.4    0.7    0.93  -1.45   1.78  -0.833  2.012  0.296
  0.14   0.479 -0.44   0.161  0.212 -0.1   -1.056 -0.123  0.647 -0.81
  1.262 -1.948  0.808  0.253  1.144  0.057 -1.371  0.97   0.81  -0.17
 -0.178  0.372  0.871 -0.09   0.356  0.941  0.564 -0.252  0.86   0.061
 -0.903  0.54 ][-0.21   1.012 -0.4    0.7    0.93  -1.45   1.24  -0.121  2.012  0.296
  0.14   0.479 -0.44   0.161  0.036 -0.1   -1.056 -0.123  0.647 -0.81
  1.262 -1.636  0.808  0.253  1.144  0.057 -1.371  0.97   1.079 -0.17
 -0.178  0.366  0.913 -0.09  -0.25   0.941  0.564 -0.27   1.145  0.938
 -0.903  0.54 ][-0.21   1.012 -0.4   -0.284  0.93  -1.45   1.24  -0.833  2.012  0.296
  0.14   0.614 -0.44   0.161 -0.879 -0.1   -1.593 -0.123  0.647 -0.788
  1.262 -1.948  0.808  0.253  1.144  0.057 -1.371  0.97   0.81  -0.17
 -0.178  1.249  0.913  0.009 -0.25   0.941  0.564 -0.27   0.86   1.102
 -0.33   0.54 ][-0.21   1.012 -0.4   -0.284  0.93  -1.45   1.78  -0.42   2.012  0.296
  0.14   0.479 -0.44   0.161 -0.523 -0.1   -1.056 -0.123  0.647 -0.81
  1.262 -1.948  0.808  0.253  0.495 -0.416 -1.371  1.183  0.81  -0.17
 -0.785  0.372  0.871 -0.09  -0.25   0.941  0.378 -0.27   0.86  -0.128
 -0.33   0.54 ][-0.21   1.012 -0.4    0.7    0.93  -1.45   1.78  -0.833  1.199  0.296
  0.14   0.479 -0.44   0.161  0.212 -0.2   -1.056 -0.123  0.647 -0.699
  1.262 -1.636  0.808  0.253  1.144  0.057 -1.371  1.183  0.81  -0.17
 -0.178  0.372  0.871 -0.09  -0.25   0.941  0.564 -0.252  0.86   0.913
 -0.903  0.54 ][-0.21   1.012 -0.4    0.7    0.93  -1.45   1.24  -0.121  1.199  0.296
  0.14   0.614 -0.44   0.161  0.212 -0.1   -1.056 -0.123  0.656 -0.788
  1.262 -1.636  0.808  0.253  1.144  0.057 -1.371  0.97   0.81  -0.17
 -0.178  1.249  0.913 -0.09  -0.806  0.941  0.564 -0.27   0.86   0.938
 -0.33   0.54 ][-0.21   0.7    0.436  0.454  0.93  -1.45   1.78  -0.833  1.759 -0.253
  0.26   0.614 -0.44   0.161 -0.879 -0.1   -1.056 -0.123  0.647 -0.81
  1.262 -1.636  0.808  0.253  1.144 -1.055 -1.371  0.97   0.81  -0.17
 -0.785  0.372  0.913 -0.09  -0.25   0.941  0.564 -0.27   0.86   0.061
 -0.903  0.54 ][-0.21   0.7   -0.4    0.7    0.93  -0.98   1.24  -0.833  2.012  0.296
  0.14   0.479 -0.44   0.161 -0.056 -0.1   -1.056 -0.123  0.647 -0.788
  1.262 -1.636  0.808  0.253  0.495  0.057 -1.371  0.97   0.81  -0.17
 -0.178  1.249  0.871  0.009 -0.25   0.941  0.564 -0.27   1.145  1.102
 -0.903  0.54 ][-0.21   0.7   -0.4    0.7    0.93  -1.45   1.78  -0.833  2.012  0.296
  0.14   0.614 -0.44   0.161 -0.879 -0.1   -1.056 -0.123  0.647 -0.81
  1.262 -1.636  0.808  0.253  1.144  0.057 -1.371  1.183  0.81  -0.17
 -0.178  1.249  0.871 -0.944 -0.25   0.941  0.564 -0.27   1.145  0.35
 -0.33   0.54 ][-0.21  -0.186 -0.4    0.7    0.93  -1.45   1.24  -0.42   2.012  0.296
  0.14   0.479 -0.44   0.161  0.212 -0.1   -1.056 -0.123  0.647 -0.81
  1.262 -1.948  0.808 -0.287  1.144  0.057 -1.371  0.97   0.81  -0.291
 -0.178  0.372  0.913 -0.09  -0.25   0.941  0.564 -0.27   1.145  0.061
 -0.33   0.54 ][-0.21   0.7   -0.4   -0.284  0.93  -1.45   1.24  -0.833  2.012  0.296
  0.14   0.479 -0.44   0.161  0.212 -0.1   -1.056 -0.123  0.656 -0.699
  1.262 -1.636  0.808  0.253  1.144  0.057 -1.371  0.768  0.81  -0.291
 -0.055  1.249  0.871 -0.09  -0.25   0.941  0.564 -0.27   1.145 -0.128
 -0.903  0.54 ][-0.21   1.012 -0.4    0.7    0.93  -1.45   1.24  -0.42   2.012  0.296
  0.14   0.614 -0.44   0.161  0.212 -0.1   -1.056 -0.123  0.656 -0.788
  1.262 -1.636  0.808  0.253  0.495  0.057 -1.242  0.97   0.81  -0.291
 -0.785  1.249  0.871  0.009 -0.25   0.941  0.564 -0.27   1.145  0.35
 -0.33   0.54 ][-0.21   1.012 -0.4    0.7    0.93  -1.394  1.78  -0.833  1.199  0.296
  0.14   0.479 -0.44   0.161  0.212 -0.1   -1.056 -0.123  0.647 -0.81
  1.262 -1.636  0.808  0.253  1.144  0.057 -1.371  0.97   0.81  -0.17
 -0.055  0.372  0.871 -0.09  -0.25   0.941  0.564 -0.27   0.86   0.061
 -0.903  0.54 ][-0.21   0.7   -0.4    0.7    0.93  -0.98   1.78  -0.833  2.012  0.296
  0.14   0.614 -0.44   0.161 -0.879 -0.1   -1.056 -0.123  0.656 -0.788
  1.262 -1.9    0.808  0.253  1.144  0.057 -1.371  1.183  0.81  -0.291
 -0.178  0.372  0.871  0.009 -0.25   0.941  0.564 -0.27   1.145  1.102
 -0.903  0.54 ][-0.21   1.012 -0.4    0.7    0.93  -0.98   1.24  -0.833  1.199  0.296
  0.14   0.479 -0.44   0.161  0.212 -0.1   -1.056 -0.123  0.647 -0.699
  1.262 -1.636 -0.185  0.253  1.144  0.057 -1.371  0.97   0.81  -0.17
 -0.055  0.372  0.871  0.009 -0.25   0.941  0.564 -0.27   1.145 -0.128
 -0.903  0.54 ][-0.21   0.7   -0.4   -0.284  0.93  -0.98   1.24  -0.833  2.012  0.296
  0.14   0.614 -0.44   0.161 -0.879 -0.1   -1.056 -0.123  0.656 -0.788
  0.901 -1.636  0.808  0.253  0.556  0.057 -0.632  0.97   0.81  -0.17
 -0.055  1.249  0.871  0.009 -0.25   0.941  0.564 -0.27   1.145  1.102
 -0.903  0.54 ][-0.21   0.7   -0.4    0.7    0.93  -0.98   1.24  -0.833  1.759 -0.253
  0.14   0.479 -0.44   0.161  0.036 -0.1   -1.056 -0.123  0.647 -0.81
  1.262 -1.636  0.808  0.253  1.144  0.057 -1.107  1.183  0.81  -0.17
 -0.178  0.372  0.871 -0.09  -0.25   0.941  0.564 -0.27   0.86   0.35
 -0.903  0.54 ][-0.21   1.012 -0.4    0.7    0.93  -1.45   1.24  -0.42   2.012  0.296
  0.14   0.479 -0.44   0.161  0.212 -0.1   -0.745 -0.123  0.647 -0.81
  1.262 -1.636  0.808  0.253  0.495  0.057 -0.676  1.183  0.81  -0.17
 -0.178  0.372  0.871 -0.09  -0.25   0.941  0.564 -0.27   1.145  0.061
 -0.903  0.54 ][-0.21   1.012 -0.4   -0.284  0.93  -1.45   1.78  -0.833  2.012  0.296
  0.14   0.614 -0.44   0.161 -0.879 -0.1   -1.056 -0.123  0.656 -0.81
  1.262 -1.636  0.808  0.253  1.144  0.057 -1.371  0.97   0.81  -0.291
 -0.785 -0.032  0.871 -0.09  -0.25   0.941  0.564 -0.27   1.145  0.35
 -0.33   0.54 ]