[-0.21   1.012 -0.4    0.7    0.93  -0.809  1.24  -0.121 -0.062  0.296
  0.14   1.191 -0.44   0.161  0.212 -0.1   -1.056  0.053  0.647 -0.81
  1.262 -1.636  0.808  0.253  1.144  0.057 -0.632  0.97   0.81  -0.86
 -0.785  1.339  0.606 -0.09  -0.25   0.941  0.564 -0.27   0.86   0.35
 -0.33   0.54 ][-0.21   0.7   -0.4    0.7    0.77  -0.98   2.129 -0.121 -0.062 -0.253
  0.14   0.614 -0.44   0.38  -0.085 -0.1   -1.056  0.83   0.088 -1.528
  0.83  -1.636  0.808  0.253  0.6    0.91  -0.385  1.01   0.81  -0.86
 -0.178  1.249  0.913  0.009 -0.25   0.941  0.564 -0.27   0.86   0.35
 -0.33   0.54 ][-0.21   0.197 -0.4    0.7    0.93  -0.98   1.78  -0.42  -0.062 -0.253
  0.14   0.614 -0.44   0.38  -0.085 -0.1    0.699 -0.123  0.088 -0.81
  0.83  -1.636  0.808  0.253  1.144  0.91  -0.632  0.97   0.81  -0.86
 -0.785  1.249  0.913 -0.09  -0.25   0.941  0.564 -0.276  0.86   0.35
 -0.33   0.54 ][-0.21   0.7   -0.4    0.7    0.93  -0.98   1.78  -0.42   0.142 -0.253
  0.14   0.614 -0.44   0.161  0.212 -0.1   -1.056  0.83   0.647 -0.81
  0.83  -1.636  0.808  0.253  1.144  0.91  -1.041  0.966  0.81  -0.291
 -1.393  1.249  0.871 -0.09  -0.25   0.941  0.564 -0.27   0.86   0.35
  0.106  0.54 ][-0.21   0.7   -0.4    0.7    0.77  -0.98   1.78  -0.42  -0.062  0.296
  0.14   0.614 -0.44   0.161  0.212 -0.1    0.089  0.83   0.088 -0.81
  0.418 -1.636  0.808  0.253  0.6    0.057 -0.385  0.97   0.81  -1.741
 -0.178  1.249  0.913 -0.08  -0.25   0.941  0.564 -0.27   0.86   0.35
  0.106  0.54 ][-0.21   1.012 -0.4    0.7    0.77  -0.809  1.24  -0.121 -0.062  1.002
  0.14   1.191 -0.44   0.161  0.212 -0.1   -1.056  0.83   0.647 -0.81
  0.83  -1.636  0.808  0.253  0.6    0.057 -0.632  0.97   0.81  -0.86
 -0.785  1.249  0.606 -0.09  -0.25   0.941  0.564 -0.27   0.86   0.35
 -0.33   0.54 ][-0.21   1.012 -0.4    0.7    0.93  -0.98   1.24  -0.42   1.199  0.296
  0.14   0.614 -0.44   0.38   0.212 -0.1   -1.056 -0.123 -0.321 -0.81
  2.257 -1.636  0.808  0.281  1.144  0.094 -0.632  0.97   0.81  -0.86
 -0.178  1.249  0.913 -0.09  -0.25   0.941  0.564 -0.27   0.86   0.35
 -0.33   0.54 ][-0.21   0.7   -0.4    0.7    0.77  -0.809  1.24  -0.42   1.199 -0.253
  0.14   0.614 -0.44   0.38   0.212 -0.1    0.699 -0.123  1.499 -0.81
  0.418 -1.636  1.753  0.281  0.6    0.057 -0.632  0.97   0.81  -0.86
 -0.178  1.249  0.606 -0.09  -0.25   0.941  0.564 -0.27   0.86   0.35
  0.106  0.54 ][-0.21   1.012 -0.4    0.7    0.93  -0.809  1.24  -0.42   1.199  0.296
  0.14   0.614 -0.44   0.38   0.212 -0.1   -1.056 -0.123 -0.321 -1.528
  1.262 -1.636  0.808  0.281  1.144  0.094 -0.632  0.97   0.81  -0.86
 -0.178  1.339  0.606 -0.09  -0.25   0.941  0.157 -0.27   0.86   0.35
 -0.33   0.54 ][-0.21   0.7   -0.4    0.7    0.93  -1.45   1.78  -0.42   0.858  0.296
  0.789  0.614 -0.44   0.38   0.212 -0.1   -1.056 -0.123  0.647 -0.81
  0.418 -1.636  1.109  0.253  0.6    0.057 -0.632  0.97   0.81  -0.86
 -0.882  1.249  0.913  0.009 -0.25   0.941  0.564 -0.27   0.86   0.13
  0.106  0.54 ][-0.21   1.691 -0.4    0.7    0.93  -0.98   1.24  -0.42   0.858  1.002
  0.789  0.614 -1.248  0.38   0.212 -0.1   -1.056 -0.123  0.647 -1.698
  0.418 -1.636  1.109  0.253  0.6    0.057 -0.632  0.97   0.533 -0.86
 -0.882  1.249  0.913 -0.09  -0.25   0.941  0.564 -0.27   0.86   0.35
 -0.33   0.54 ][-0.21   0.7   -0.4    0.7    0.93  -0.98   1.78  -0.42  -0.062  0.296
  0.14   0.614 -0.44   0.161  0.212 -0.1   -1.056  0.83   0.088 -0.81
  0.83  -1.636  0.808  0.253  0.6    0.057 -0.632  0.97   0.81  -0.86
 -0.882  1.861  0.913  0.009 -0.25   0.941  0.564 -0.27   0.86   0.35
  0.106  0.54 ][-0.21   1.012 -0.4    0.7    0.93  -0.98   1.78  -0.42   1.199  0.296
  0.789  0.614 -0.44   0.38  -0.112 -0.1   -1.056 -0.123  0.647 -1.528
  1.262 -1.636  0.808  0.253  1.144  0.094 -0.632  0.97   0.81  -0.86
 -0.178  1.339  0.606 -0.09  -0.25   0.941  0.564 -0.276  0.86   0.35
 -0.33   0.54 ][-0.21   1.012 -0.4    0.7    0.93  -1.45   1.031 -0.42  -0.062  0.296
  0.741  0.614 -0.44   0.161  0.212 -0.1   -1.056 -0.123  0.647 -0.81
  0.83  -1.636  1.753  1.003  0.6    0.057 -0.632  0.97   1.277 -0.86
 -0.178  1.249  0.606 -0.08  -1.312  0.941  0.564 -0.27   0.86   0.35
 -0.33   0.54 ][-0.21   1.012 -0.4    0.7    0.93  -0.98   1.78  -0.532  0.203  0.296
  0.789  0.614 -0.44   0.161  0.212 -0.1   -1.056 -0.123 -0.321 -0.81
  0.83  -1.636  0.808  0.253  1.144  0.038 -0.385  0.97   0.81  -0.86
 -0.882  1.249  0.913  0.009 -0.25   0.941  0.564 -0.27   0.86   0.35
 -0.33   0.54 ][-0.21   1.012 -0.4    0.7    0.93  -1.45   1.24  -0.42   1.199  0.296
  0.14   0.614 -0.44   0.161  0.212 -0.1    0.699 -0.123 -0.321 -0.788
  1.262 -1.636  1.109  0.253  1.144  0.094 -0.632  0.97   0.81  -0.17
 -0.178  1.249  0.913 -0.09  -0.25   0.941  0.564 -0.27   0.86   0.395
 -0.33   0.54 ][-0.21   1.012 -0.4    0.7    0.93  -1.45   1.78  -0.42   1.199  0.296
  0.14   0.614 -0.44   0.161  0.212 -0.1    0.699 -0.123  0.647 -0.81
  1.262 -1.636  0.808  0.281  1.144  0.91  -0.632  0.97   0.995 -0.17
 -0.178  1.249  0.606 -0.09  -0.25   0.941  0.564 -0.27   0.86   0.35
 -0.33   0.54 ][-0.21   0.7   -0.4    0.7    0.93  -0.98   1.78  -0.42   1.199  0.296
  0.14   0.954 -0.44   0.161  0.212 -0.1    0.699 -0.123  0.647 -0.81
  0.83  -1.636  0.808  0.253  1.144  0.094 -0.632  0.97   0.81  -0.86
 -0.882  1.249  0.606  0.009 -0.25   0.941  0.564 -0.27   0.86   0.35
 -0.33   0.54 ][-0.21   0.7   -0.4    0.7    0.77  -1.45   1.031 -0.42  -0.062  0.296
  0.14   0.614 -0.44   0.161  0.212 -0.1   -1.056 -0.123  0.647 -0.81
  0.418 -1.636  1.109  0.253  0.6    0.057 -0.385  0.97   1.277 -0.86
 -0.178  1.249  0.606 -0.08  -0.47   0.941  0.564 -0.27   0.86   0.35
  0.106  0.54 ][-0.21   1.012 -0.4    0.7    0.93  -1.45   1.78  -0.42   0.142  0.296
  0.14   0.614 -0.44   0.161  0.212 -0.1   -1.056 -0.123  0.647 -0.81
  0.418 -1.636  1.116  0.253  0.6    0.057 -0.385  0.97   0.81  -0.86
 -1.393  1.249  0.871 -0.09  -0.25   0.941  0.564 -0.27   0.86   0.35
 -0.33  -0.426][-0.21   0.7   -0.4    0.7    0.93  -0.98   1.78  -0.42   0.142 -0.253
  0.14   0.614 -0.44   0.161  0.212 -0.1   -1.056 -0.123  0.647 -0.81
  0.83  -1.636  0.808  0.338  0.6    0.91  -0.385  0.97   0.81  -0.291
 -1.393  1.249  0.871 -0.09  -0.25   0.941  0.564 -0.27   0.86   0.35
 -0.33  -0.426][-0.21   1.012 -0.4    0.7    1.874 -0.98   1.78  -0.42   1.199  0.296
  0.789  1.191 -0.44   0.161 -0.112 -0.1   -1.056 -0.123  0.647 -0.81
  1.262 -1.636  0.808  0.253  1.144  0.057 -0.632  0.97   0.81  -0.86
 -0.785  1.339  0.606 -0.09  -0.25   0.941  0.564 -0.276  0.86   0.35
 -0.33   0.54 ][-0.21   0.7   -0.4    0.7    0.77  -0.809  2.129 -0.121 -0.062 -0.253
  0.14   0.614 -0.44   0.161 -0.085 -0.1   -1.056  0.83   0.088 -1.528
  1.262 -1.636  0.808  0.253  0.6    0.057 -0.385  0.97   0.81  -0.86
 -0.178  1.339  0.913 -0.09  -0.25   0.941  0.564 -0.27   0.86   0.297
 -0.33   0.54 ][-0.21   1.012 -0.4    0.7    0.93  -0.98   1.78  -0.42   0.142  0.296
  0.14   0.614 -0.44   0.161  0.212 -0.1   -1.056 -0.123  0.647 -0.81
  0.83  -1.636  0.808  0.253  0.6    0.057 -0.385  0.97   0.81  -0.86
 -0.882  1.249  0.913 -0.09  -0.25   0.941  1.54  -0.27   0.86   0.35
  0.106  0.54 ][-0.21   0.7   -0.4    0.7    0.77  -0.98   1.78  -0.42   0.142 -0.253
  0.14   0.614 -0.44   0.38  -0.085 -0.1   -1.056  0.83   0.647 -1.528
  0.83  -1.636  0.808  0.253  1.144  0.586 -0.385  0.966  0.81  -0.291
 -1.393  1.249  0.871  0.009 -0.25   0.941  0.564 -0.27   0.86   0.35
 -0.33   0.54 ][-0.21   0.197 -0.4    0.7    0.93  -0.98   1.78  -0.42   1.199  0.296
  0.14   0.614 -0.44   0.161  0.212 -0.1    0.699 -0.123  0.643 -0.81
  0.83  -1.636  0.808  0.253  1.144  0.91  -0.632  0.97   0.81  -0.86
 -0.882  1.249  0.606  0.009 -0.25   0.941  0.564 -0.276  0.86   0.35
 -0.33   0.54 ][-0.21   1.012 -0.4    0.7    0.93  -1.45   1.24  -0.121  0.142  0.296
  0.14   1.191 -0.44   0.161  0.212 -0.1   -1.056  0.053  0.647 -0.81
  1.262 -1.636  0.808  0.253  1.144  0.057 -0.385  0.97   0.81  -0.86
 -0.785  1.249  0.871 -0.09  -0.25   0.941  1.274 -0.27   0.86   0.35
 -0.33  -0.426][-0.21   0.7   -0.4    0.7    0.93  -0.98   1.031 -0.42  -0.062 -0.253
  0.741  0.614 -0.281  0.38  -0.085 -0.1   -1.056  0.83   0.088 -1.528
  0.83  -1.636  0.808  1.003  0.6    0.91  -0.632  1.01   1.277 -0.86
 -0.178  1.249  0.606 -0.08  -0.25   0.941  0.564 -0.27   0.86   0.35
 -0.33   0.54 ][-0.21   0.7   -0.4    0.7    0.77  -0.98   1.78  -0.42  -0.062  0.296
  0.14   0.614 -0.44   0.484  0.212 -0.1    0.089  0.83   0.088 -0.81
  0.83  -1.636  0.808  0.253  0.6    0.057 -0.632  0.97   0.81  -0.86
 -0.882  1.861  0.913  0.009 -0.25   0.941  0.564 -0.27   0.86   0.35
  0.106  0.54 ][-0.21   0.7   -0.4    0.7    0.93  -1.45   1.78  -0.42   0.142  0.296
  0.789  0.614 -0.44   0.38   0.212 -0.1   -1.056 -0.123  0.647 -0.81
  0.418 -1.636  1.109  1.182  0.6    0.057 -0.385  0.97   0.81  -0.86
 -1.393  1.249  0.913  0.009 -0.25   0.941  0.564 -0.27   0.86   0.35
  0.106 -0.426][-0.21   0.197 -0.4    0.7    0.93  -1.45   1.78  -0.42  -0.062 -0.253
  0.741  0.614 -0.44   0.38  -0.085 -0.1    0.699 -0.123  0.088 -0.81
  0.83  -1.636  2.266  1.003  1.144  0.057 -0.632  0.97   1.277 -0.86
 -0.178  1.249  0.913 -0.08  -1.312  0.941  0.564 -0.27   0.86   0.35
 -0.33   0.54 ][-0.21   1.012 -0.4    0.7    0.77  -0.809  1.24  -0.121 -0.062  1.002
  0.14   1.191 -0.44   0.161  0.212 -0.1   -1.056  0.83   0.647 -0.81
  1.262 -1.636  0.808  0.253  0.6    0.057 -0.632  0.97   0.81  -0.86
 -0.785  1.249  0.606 -0.09  -0.484  0.941  0.564 -0.27   0.86   0.35
 -0.33   0.54 ][-0.21   0.7   -0.4    0.7    0.93  -0.98   1.78  -0.42   1.199  0.296
  0.789  0.614 -0.44   0.161 -0.112 -0.1   -1.056  0.83   0.647 -0.81
  1.262 -1.636  0.808  0.253  0.6    0.057 -0.632  1.179  0.81  -1.741
 -0.178  1.249  0.913 -0.08  -0.25   0.941  0.564 -0.27   0.86   0.35
 -0.33   0.54 ][-0.21   1.012 -0.4    0.7    0.93  -0.809  1.24  -0.42   0.142 -0.253
  0.14   0.614 -0.44   0.161  0.212 -0.1   -1.056  0.053  0.656 -0.81
  0.83  -1.636  0.808  0.253  1.144  0.057 -0.632  0.966  0.81  -0.291
 -0.785  1.249  0.606 -0.09  -0.25   0.941  0.564 -0.27   0.86   0.35
  0.106  0.54 ][-0.21   1.691 -0.4    0.7    0.93  -0.98   1.78  -0.42  -0.062  1.002
  0.14   0.614 -1.248  0.38   0.212 -0.1    0.699 -0.123  0.647 -0.81
  0.418 -1.636  1.109  0.253  0.6    0.91  -0.632  0.97   0.533 -0.86
 -0.882  1.249  0.887 -0.09  -0.25   0.941  0.564 -0.27   0.86   0.35
 -0.33   0.54 ][-0.21   0.7   -0.4    0.7    0.77  -1.45   1.24  -0.42   0.142 -0.253
  0.14   0.614 -0.44   0.38   0.212 -0.1    0.699 -0.123  1.499 -0.81
  0.418 -1.636  1.116  0.281  0.6    0.057 -0.632  0.97   0.81  -0.86
 -1.393  1.249  0.871 -0.09  -0.25   0.941  0.564 -0.27   0.86   0.35
 -0.532 -0.426][-0.21   1.012 -0.4    0.7    0.93  -1.45   1.031 -0.42  -0.062  0.296
  0.741  0.614 -0.44   0.161  0.212 -0.1   -1.056 -0.123  0.647 -0.81
  0.83  -1.636  1.116  1.003  0.6    0.057 -0.385  0.97   0.81  -0.86
 -0.178  1.249  0.606 -0.08  -1.415  0.941  0.564 -0.27   0.86   0.35
 -0.33   0.54 ][-0.21   1.012 -0.4    0.7    0.77  -1.45   1.78  -0.42   1.199 -0.253
  0.14   0.614 -0.44   0.161  0.212 -0.1    0.699 -0.123  1.499 -0.81
  0.418 -1.636  1.753  0.253  0.6    0.057 -0.632  0.97   0.81  -0.86
 -1.393  1.249  0.863 -0.09  -0.25   0.941  0.564 -0.27   0.86   0.35
 -0.33   0.54 ][-0.21   0.7   -0.4    0.7    0.93  -1.45   1.78  -0.42   0.142  0.296
  0.14   0.614 -0.44   0.161  0.212 -0.1   -1.056 -0.123  0.647 -0.81
  0.418 -1.636  1.116  0.253  0.6    0.057 -0.632  0.97   0.81  -0.86
 -0.882  1.249  0.871 -0.09  -0.25   0.941  0.564 -0.27   0.86   0.13
  1.035 -0.426][-0.21   1.012 -0.4    0.7    0.93  -1.45   1.78  -0.42   0.142  0.296
  0.14   0.614 -0.153  0.161 -0.085 -0.1    0.699 -0.123  0.088 -0.81
  0.83  -1.636  1.116  0.253  1.144  0.91  -0.385  0.97   0.81  -0.86
 -0.785  1.249  0.913 -0.09  -0.25   0.941  0.564 -0.276  0.86   0.35
 -0.33   0.54 ][-0.21   0.7   -0.4    0.7    0.77  -0.98   2.129 -0.42  -0.062  0.296
  0.14   0.614 -0.44   0.38   0.212 -0.1   -1.056  0.83   0.088 -1.528
  0.679 -1.636  0.808  0.253  0.6    0.057 -0.632  0.97   0.81  -0.86
 -0.882  1.861  0.913  0.009 -0.25   0.941  0.564 -0.27   0.86   0.35
 -0.33   0.54 ][-0.21   0.7   -0.4    0.7    0.93  -0.98   2.129 -0.42  -0.062 -0.253
  0.077  0.614 -0.44   0.38  -0.085 -0.1   -1.056  0.83   0.088 -1.528
  0.83  -1.636  0.808  0.253  0.6    0.91  -1.041  1.01   0.81  -0.291
 -0.178  1.249  0.913 -0.09  -0.25   0.941  0.564 -0.27   0.86   0.35
  0.106  0.54 ][-0.21   1.012 -0.4    0.7    0.93  -1.45   1.78  -0.42   0.142  0.296
  0.789  0.614 -0.44   0.161  0.212 -0.1   -1.056 -0.123  0.647 -0.81
  0.418 -1.554  1.116  0.253  0.6    0.057 -0.385  0.97   0.81  -0.86
 -1.393  1.249  0.913  0.009 -0.25   0.941  0.564 -0.27   0.86   0.35
 -0.33   0.54 ][-0.21   0.7   -0.4    0.7    0.77  -0.809  1.24  -0.42  -0.062  1.002
  0.14   0.614 -0.44   0.38   0.212 -0.1    0.699  0.83   1.499 -0.847
  0.83  -1.636  1.753  0.253  0.6    0.057 -0.632  0.97   0.81  -0.86
 -0.785  1.249  0.606 -0.09  -0.25   0.941  0.564 -0.27   0.86   0.35
 -0.33   0.54 ][-0.21   1.012 -0.4    0.7    0.93  -0.809  1.24  -0.42   1.199  0.296
  0.14   0.614 -0.44   0.161 -0.145 -0.1   -1.056 -0.123  0.647 -0.81
  0.418 -1.636  0.808  0.253  1.144  0.094 -0.632  0.97   0.81  -0.86
 -1.393  1.249  0.606 -0.09  -0.25   0.941  0.564 -0.27   0.86   0.35
 -0.33  -0.426][-0.21   0.7   -0.4    0.7    0.93  -0.98   2.129 -0.121 -0.062 -0.253
  0.14   0.614 -0.44   0.38  -0.085 -0.1   -1.056  0.83   0.647 -1.528
  0.83  -1.636  0.808  0.253  1.144  1.208 -1.041  0.966  0.81  -0.291
 -0.178  1.249  0.913  0.009 -0.25   0.941  0.564 -0.27   0.86   0.35
  0.106  0.54 ][-0.21   0.08  -0.4    0.7    0.93  -0.809  1.78  -0.42  -0.062  0.296
  0.14   1.191 -0.44   0.161  0.212 -0.1   -1.056  0.053  0.647 -0.81
  1.262 -1.636  1.116  0.253  1.144  0.057 -0.632  0.97   0.81  -0.86
 -0.785  1.249  0.606 -0.09  -0.25   0.941  0.564 -0.27   0.86   0.35
 -0.33  -0.426][-0.21   1.012 -0.4    0.7    0.93  -0.98   1.78  -1.26   1.199  0.296
  0.14   0.614 -0.44   0.161 -0.112 -0.1   -1.056 -0.123  0.647 -0.81
  0.418 -1.636  1.116  0.253  0.6    0.057 -0.632  0.97   0.81  -0.86
 -1.393  1.249  0.871 -0.09  -0.25   0.941  0.564 -0.27   0.86   0.35
 -0.33  -0.426][-0.21   1.012 -0.4    0.7    0.93  -0.809  1.24  -0.42   1.199  0.296
  0.14   1.191 -0.44   0.161  0.212 -0.1   -1.056 -0.123 -0.321 -1.528
  1.262 -1.636  0.808  0.253  1.144  0.313 -0.632  0.97   0.81  -0.86
 -0.178  1.339  0.606 -0.09  -0.25   0.941  0.157 -0.27   0.86   0.35
 -0.33   0.54 ][-0.21   0.7   -0.4    0.7    0.77  -0.98   1.78  -0.42   0.142  0.296
  0.14   0.614 -0.44   0.161  0.212 -0.1    0.089  0.83   0.647 -0.81
  0.418 -1.636  0.808  0.253  0.6    0.057 -1.041  0.97   0.81  -1.003
 -0.178  1.249  0.871 -0.08  -0.25   0.941  0.564 -0.27   0.86   0.35
  0.106  0.54 ][-0.21   1.012 -0.4    0.7    0.93  -0.98   1.24  -0.42  -0.062 -0.253
  0.14   0.614 -0.44   0.38   0.212 -0.1    0.699 -0.123  0.088 -1.528
  0.83  -1.636  0.808  0.253  1.144  0.91  -0.632  0.97   0.81  -0.86
 -0.178  1.685  0.606 -0.09  -0.25   0.941  0.564 -0.276  0.86   0.35
 -0.33   0.54 ][-0.21   1.012 -0.4    0.7    0.93  -0.98   1.78  -0.42   0.142 -0.253
 -0.308  0.614 -0.44   0.161  0.212 -0.1   -1.056  0.83   0.647 -0.81
  0.418 -1.636  0.808  0.253  1.144  0.057 -0.385  0.966  0.81  -0.86
 -1.393  1.249  0.871 -0.09  -0.25   0.941  0.564 -0.27   0.86   0.35
 -0.33   0.54 ][-0.21   1.012 -0.4    0.717  0.77  -0.809  2.129 -0.121 -0.062 -0.253
  0.14   0.614 -0.44   0.161  0.212 -0.1   -1.056  0.83   0.647 -1.528
  0.83  -1.636  0.808  0.253  0.6    0.91  -0.385  1.01   0.81  -0.86
 -0.178  1.249  0.606  0.009 -0.25   0.941  0.564 -0.27   0.86   0.35
 -0.33   0.54 ][-0.21   1.012 -0.4    0.7    0.93  -0.809  1.78  -0.42   0.142 -0.253
  0.14   0.614 -0.44   0.161  0.212 -0.1   -1.056  0.83   0.647 -0.81
  0.83  -1.636  0.808  0.253  0.6    0.91  -1.041  0.97   0.81  -0.291
 -0.785  1.125  0.606 -0.09  -0.25   0.941  0.564 -0.27   0.86   0.35
 -0.33   0.54 ][-0.21   1.012 -0.4    0.7    0.93  -1.45   1.031 -0.42  -0.062 -0.253
  0.741  0.614 -0.44   0.38   0.212 -0.1    0.699 -0.123  1.499 -0.246
  0.418 -1.636  1.753  1.003  0.6    0.057 -0.632  0.97   0.81  -0.86
 -0.178  1.249  0.606 -0.09  -0.25   0.941  0.564 -0.27   0.86   0.35
 -0.33   0.54 ][-0.21   0.7   -0.4    0.7    0.93  -1.45   1.78  -0.42  -0.062  0.037
  0.14   0.614 -0.44   0.161  0.212 -0.1    0.089 -0.123  0.647 -0.81
  0.418 -1.636  0.808  0.253  0.6    0.057 -0.385  0.97   0.81  -1.741
 -1.393  1.249  0.913 -0.09  -0.25   0.941  0.564 -0.27   0.86   0.35
  0.106 -0.426][-0.21   0.7   -0.4    0.7    0.93  -0.98   1.78  -0.42   0.858  0.296
  0.14   0.614 -0.44   0.38   0.212 -0.1   -1.056 -0.123  0.647 -0.81
  2.257 -1.636  0.808  0.253  0.6    0.094 -0.632  0.97   0.81  -0.86
 -0.882  1.249  0.913  0.009 -0.25   0.941  0.564 -1.162  0.86   0.13
 -0.33   0.54 ][-0.21   0.7   -0.4    0.7    0.93  -1.45   1.78  -0.121 -0.062 -0.253
  0.14   0.614 -0.44   0.38   0.212 -0.1   -1.056  0.83   0.088 -0.81
  0.418 -1.636  1.28   0.253  0.6    0.057 -0.385  1.01   0.81  -0.86
 -0.178  1.249  0.871 -0.09  -0.25   0.941  0.564 -0.27   0.86   0.35
 -0.33   0.54 ][-0.21   1.012 -0.4    0.7    0.93  -0.98   1.24  -0.42   1.428  0.296
  0.14   0.614 -0.44   0.161  0.212 -0.1    0.699 -0.123 -0.321 -0.81
  1.262 -1.636  0.808  0.281  1.144  0.094 -0.632  0.97   0.81  -0.86
 -0.178  1.249  0.913 -0.09  -0.25   0.941  0.564 -0.27   0.86   0.395
 -0.33   0.54 ][-0.21   1.012 -0.4    0.7    0.93  -0.809  1.24  -0.121 -0.062  0.296
  0.14   1.191 -0.44   0.161  0.212 -0.1   -1.056  0.053  0.647 -0.81
  1.262 -1.636  1.116  0.253  0.6    0.057 -0.385  0.97   0.81  -0.86
 -1.393  1.249  0.606 -0.09  -0.25   1.062  0.564 -0.27   0.86   0.35
 -0.33   0.54 ][-0.21   0.7   -0.4    0.7    0.93  -1.45   1.78  -0.42   0.142  0.296
  0.789  0.614 -0.44   0.161  0.212 -0.1   -1.056 -0.123  0.647 -0.81
  0.781 -1.636  1.109  0.253  0.6    0.057 -0.632  0.97   0.81  -0.86
 -1.393  1.249  0.871  0.009 -0.25   0.941  0.564 -0.27   0.86   0.35
  0.106  0.54 ][-0.21   1.012 -0.4    0.7    0.93  -1.45   1.24  -0.42   0.594  0.296
  0.14   1.191 -0.44   0.161  0.212 -0.1   -1.056  0.83   0.647 -0.81
  0.418 -1.636  1.116  0.253  0.6    0.057 -0.385  0.97   0.81  -0.86
 -0.785  1.249  0.606 -0.09  -0.25   0.941  0.564 -0.27   0.86   0.35
 -0.33  -0.426][-0.21   1.012 -0.4    0.7    0.77  -0.809  1.24  -0.121 -0.062  0.064
  0.14   1.191 -0.44   0.161  0.212 -0.1   -1.056  0.053  0.647 -0.81
  1.262 -1.636  0.808  0.253  1.144  0.057 -0.632  0.97   0.81  -0.86
 -0.785  1.249  0.606 -0.09  -0.25   0.941  0.564 -0.27   0.86   0.35
 -0.33   0.54 ][-0.21   1.012 -0.4    0.7    0.93  -0.809  1.78  -0.42  -0.062  0.296
  0.14   1.191 -0.44   0.161  0.212 -0.1   -1.056 -0.123  0.647 -0.81
  1.262 -1.636  1.116  0.253  1.144  0.057 -0.385  0.97   0.81  -0.862
 -0.785  1.249  0.606 -0.09  -0.25   0.941  0.564 -0.27   0.86   0.35
 -0.33  -0.426][-0.21   1.012 -0.4    0.7    0.77  -0.98   1.78  -0.42  -0.062  0.296
  0.14   0.614 -0.44   0.161  0.212 -0.1    0.089  0.83   0.088 -0.81
  0.418 -1.636  1.116  0.253  0.6    0.057 -0.385  0.97   0.81  -1.741
 -0.178  1.249  0.871 -0.196 -0.25   0.941  0.564 -0.27   0.86   0.35
  0.106 -0.426][-0.21   0.7   -0.4    0.7    0.93  -0.98   2.129 -0.121  0.858 -0.253
  0.789  0.614 -1.248  0.38   0.212 -0.1   -0.579  0.83   0.647 -1.528
  0.418 -1.636  1.109  0.253  0.6    0.057 -0.385  1.01   0.81  -0.86
 -0.882  1.249  0.913 -0.09  -0.25   0.941  0.564 -0.27   0.86   0.35
 -0.33   0.54 ][-0.21   1.012 -0.4    0.7    0.77  -0.809  1.78  -0.42   0.142  0.296
  0.14   1.191 -0.44   0.161  0.212 -0.1   -1.056  0.83   0.647 -0.81
  0.418 -1.636  0.808  0.253  0.6    0.057 -0.632  0.97   0.81  -0.86
 -1.393  1.249  0.871 -0.09   0.47   0.941  0.564 -0.27   0.86   0.35
 -0.33  -0.426][-0.21   1.012 -0.4    0.7    0.93  -0.98   1.24  -0.121 -0.062  1.002
  0.14   0.614 -0.44   0.161  0.212 -0.1   -1.056  0.83   0.647 -0.81
  0.83  -1.636  0.808  0.253  1.144  0.91  -0.632  0.97   0.81  -0.291
 -0.785  1.249  0.784 -0.09  -0.25   0.941  0.564 -0.27   0.86   0.35
 -0.33   0.54 ][-0.21   0.7   -0.4    0.7    0.77  -0.98   1.24  -0.121 -0.062  0.296
  0.14   1.191 -0.44   0.161  0.212 -0.1    0.089  0.83   0.647 -0.81
  0.418 -1.636  0.808  0.253  1.144 -0.233 -0.632  0.97   0.81  -1.741
 -0.785  1.249  0.913 -0.08  -0.25   0.941  0.564 -0.27   0.86   0.35
  0.106  0.54 ][-0.21   0.7   -0.4    0.7    0.77  -0.98   1.78  -0.42   1.199 -0.253
  0.14   0.614 -0.44   0.38   0.212 -0.1   -1.056 -0.123  1.499 -0.81
  0.83  -1.636  0.808  0.253  0.6    0.91  -0.632  0.966  0.81  -0.291
 -0.178  1.249  0.606 -0.09  -0.25   0.941  0.024 -0.27   0.86   0.35
  0.106  0.54 ][-0.21   0.7   -0.4    0.7    0.93  -0.98   1.78  -0.42  -0.062 -0.253
  0.14   0.614 -0.44   0.38  -0.085 -0.1    0.699  0.83   0.088 -0.81
  0.83  -1.636  0.808  0.253  1.144  0.309 -1.041  0.966  0.81  -0.291
 -0.785  1.249  0.913 -0.09  -0.25   0.941  0.564 -0.27   0.86   0.35
 -0.33   0.54 ][-0.21   1.012 -0.4    0.7    0.93  -1.45   1.78  -0.42  -0.062 -0.253
  0.14   0.614 -0.44   0.161 -0.085 -0.1   -1.056 -0.123  0.647 -0.81
  0.418 -1.636  0.808  0.253  1.144  0.545 -0.385  0.97   0.81  -0.86
 -1.393  1.249  0.871 -0.09  -0.25   0.941  0.564 -0.27   0.86   0.35
 -0.33   0.54 ][-0.21   1.012 -0.4    0.7    0.77  -0.98   1.24  -0.42  -0.062  0.296
  0.14   0.614 -0.44   0.38   0.212 -0.1   -1.056  0.83  -0.321 -0.81
  0.418 -1.636  0.808  0.253  1.144  0.057 -0.632  0.97   0.81  -0.86
 -0.178  1.249  0.913 -0.097 -0.25   0.941  0.564 -0.27   0.86   0.35
 -0.33   0.54 ][-0.21   0.7   -0.4    0.7    0.93  -0.98   2.129 -0.121  0.858  0.296
  0.789  0.614 -0.44   0.38  -0.085 -0.1   -1.056 -0.123  0.647 -1.528
  0.83  -1.636  1.109  0.253  0.6    0.91  -0.632  1.01   0.81  -0.86
 -0.178  1.249  0.913  0.009 -0.898  0.941  0.564 -0.27   0.86   0.13
  0.106  0.54 ][-0.21   1.012 -0.4    0.7    0.93  -0.809  1.24  -0.42   0.142  0.296
  0.14   1.191 -0.44   0.161  0.212 -0.1   -1.056 -0.123  0.647 -0.81
  1.262 -1.636  1.116  0.253  1.144  0.057 -0.385  0.97   0.81  -0.86
 -0.785  1.339  0.606 -0.09   0.161  0.941  0.564 -0.27   0.86   0.35
 -0.33  -0.426]