[-0.21   0.7   -0.9    0.7    0.77  -0.39   0.94  -0.42   0.58   0.55
  0.14   0.02   0.05  -0.62  -0.2   -0.1    0.78   0.83  -0.32  -0.72
 -0.68  -0.84   0.82   0.81   0.6   -0.87   0.04   0.97   0.81  -0.86
 -0.11   0.54   0.56  -0.4   -0.25  -0.47   0.61  -0.889  0.86   0.35
 -0.33  -0.29 ][-0.424  0.7   -0.9    0.7    1.364 -0.39   0.94  -0.42   0.58   0.55
  0.14   0.8   -0.134  0.38  -1.121 -0.1    0.78   0.83  -0.32  -0.81
  0.83  -0.84   0.82   0.81   0.6   -0.87   0.04   0.97   0.25  -0.86
 -0.11   0.54   0.56  -0.4   -0.25   0.34   0.61  -0.27   0.86   0.35
 -0.624  0.54 ][-0.21   0.7   -0.4    0.7    0.53  -0.39   0.94  -0.42   0.58   0.55
  0.61   0.02  -0.44   0.38  -0.2   -0.52   0.78   0.07  -0.32   0.59
  0.83   0.81   0.82   0.81   0.6   -0.239  0.256  0.97   0.81  -0.86
 -0.11   0.916  0.56  -0.4   -0.25   0.63   0.61  -0.27   0.86   0.35
 -0.33   0.54 ][-0.74   0.7   -0.4    0.7    0.77  -1.539  0.94  -0.42   0.58   0.55
  0.14   0.8   -0.44  -0.62  -0.62  -0.52   0.78  -0.39  -0.32  -0.81
  0.971 -0.8    0.82  -0.43   0.6    0.26   0.04   0.97   0.25  -0.86
 -0.11   0.54   0.56  -0.4   -0.25   0.576  0.61  -0.27   0.86   0.35
 -0.33   0.54 ][-0.21   0.7   -0.9    0.7    1.364 -0.98   0.94  -0.42   0.58   0.55
  0.14   0.8   -0.134 -0.62  -0.62  -0.1    0.78   0.83  -0.32  -0.81
  0.83  -0.8    0.82   0.81   0.6   -0.87   0.04   0.97   0.81  -0.86
 -0.11   0.54   0.56  -0.4   -0.25   0.91   0.61  -0.27   0.86   0.35
 -0.33  -0.29 ][-0.21   0.7   -0.4    0.7    0.53  -0.39   0.94  -0.42   0.58   0.55
  0.14   0.02  -0.44   0.38  -0.2   -0.52   0.78   0.07  -0.32  -0.81
  0.83   0.81   0.82   0.81   0.6   -0.239  0.256  0.97   0.81  -0.86
 -0.11   0.916  0.56  -0.4   -0.25   0.63   0.61  -0.27   1.204  0.35
 -0.33   0.54 ][-0.663  0.7   -0.4    0.7    0.77  -0.98   0.94  -0.42   0.58   0.55
  0.14   0.614 -0.44  -0.62  -0.2   -0.52   1.009  0.07  -0.32  -0.81
  0.83  -0.84   0.82   0.864  0.6   -0.87   0.256  0.97   0.81  -0.86
 -0.11   0.54   0.56  -0.4   -0.25   0.63   0.61  -0.27   0.86   0.35
 -0.33   0.54 ][-0.21   0.7   -0.4    0.7    0.77  -0.98   0.94  -0.42   0.58   0.55
  0.14   0.614 -0.44   0.38  -0.2   -0.52   0.78   0.83   0.198 -0.81
  0.83  -0.84   0.82   0.81   0.6   -0.87   0.074  0.97   0.81  -0.86
 -0.11   0.54   0.56  -0.89  -0.25   0.34   0.61  -0.27   0.86   0.35
 -0.33   0.54 ][-0.21   0.7   -0.9    0.7    1.364 -0.39   0.94  -0.42   0.58   0.55
  0.14   0.8   -0.134  0.38  -0.62  -0.1    0.78   0.83  -0.32  -0.81
  0.83  -0.8    0.82   0.81   0.6   -0.87   0.256  0.97   0.25  -0.86
 -0.11   0.54   0.56  -0.4   -0.25   0.34   0.61  -0.27   0.86   0.35
 -0.33  -0.29 ][-0.21   0.7   -0.9    0.7    1.351 -0.954  0.94  -0.42   0.58   0.55
  1.128  0.8   -0.134 -0.62  -0.62  -0.52   0.78   0.83  -0.32  -0.72
  0.83  -0.8    0.08   0.81   0.6   -0.87   0.256  0.97   0.81  -0.86
 -0.11   0.54   0.56  -0.09  -0.25  -0.47   0.61  -0.27   0.86   0.35
  0.8    0.54 ][-0.663  0.7   -0.4    0.7    0.77  -0.954  0.94  -0.42   0.58   0.55
  0.592  0.02  -0.44  -0.62  -0.2   -0.52   0.78   0.07  -0.32  -0.72
 -0.68   0.81   0.82   0.81   0.6   -0.87   0.04   0.97   0.81  -0.32
 -0.11   0.54   0.58  -0.09  -0.25   0.63   0.61  -0.27   0.86   0.35
 -0.624  0.54 ][-0.21   0.7   -0.9    0.7    0.77  -0.39   0.94  -0.42   0.58   0.55
  0.14   0.8   -0.44  -0.62  -0.2   -0.52   0.78   0.07  -0.32  -0.81
 -0.68  -0.638  0.82   0.81   0.6   -0.87   0.04   0.97   0.25  -0.86
 -0.11   0.54   0.56  -0.4   -0.25   0.34   0.61  -0.27   0.86   0.35
 -0.33   0.54 ][-0.21   0.7   -0.4    0.7    0.77  -0.98   0.94  -0.42   0.58   0.55
  0.61   0.614 -0.44   0.38  -0.62  -0.52   0.78   0.07  -0.32  -0.81
  0.83  -0.8    0.82   0.81   0.6   -0.87   0.074  0.97   0.81  -0.86
 -0.11   0.54   0.913 -0.89  -0.25   0.63   0.61  -0.27   0.86   0.35
 -0.33   0.54 ][-0.21   0.7   -0.9    0.7    1.364 -0.98   1.3   -0.42   0.58   0.55
  0.14   0.02  -0.134 -0.62  -0.62  -0.1    0.78   0.83  -0.32  -0.81
  0.83  -0.8    0.82   0.81   0.6   -0.87   0.04   0.97   0.81  -0.86
 -0.11   0.54   0.56  -0.4   -0.25   0.34   0.61  -0.27   0.86   0.35
 -0.33  -0.29 ][-0.21   0.7   -0.4    0.7    0.77  -1.539  0.94  -0.42   0.58   0.55
  0.14   0.02  -0.44   0.38  -0.62  -0.52   0.78   0.83  -1.018 -0.81
  0.971 -0.8    0.82   0.81   0.6    0.26   0.256  0.97   0.81  -0.86
 -0.11   0.54   0.56  -0.4   -0.25   0.34   0.61  -0.27   0.86   0.35
 -0.33  -0.29 ][-0.663  0.7   -0.4    0.7    0.77  -0.39   0.636 -0.42   0.58   0.55
  0.14   0.8   -0.44  -0.62  -0.2   -0.52   0.78   0.07  -0.32  -0.81
  0.83  -0.8    0.82  -0.43   0.6   -0.87   0.074  0.97   0.81  -0.86
 -0.11   0.54   0.58  -0.482 -0.25   0.34   0.61  -0.27   0.86   0.35
 -0.33   0.54 ][-0.74   0.7   -0.9    0.7    0.77  -0.39   0.94  -0.42   0.58   0.55
  0.14   0.02  -0.44  -0.62  -0.2   -0.52   0.78   0.83  -0.32  -0.72
 -0.68  -0.84   0.82   0.81   0.6   -0.87   0.04   0.97   0.81  -0.86
 -0.11   0.54   0.56  -0.4   -0.25  -0.47   0.61  -0.27   0.86   0.35
  0.8    0.696][-0.21   0.7   -0.4    0.7    0.77  -0.98   0.94  -0.42   0.58   0.55
  0.61   0.614 -0.134 -0.62  -0.62  -0.52   0.78   0.83  -0.32  -0.81
  0.83  -0.8    0.82   0.81   0.6   -0.87   0.256  0.97   0.25  -0.86
 -0.11   0.54   0.56  -0.89  -0.25   0.63   0.61  -0.27   0.86   0.255
 -0.33   0.54 ][-0.74   0.7   -0.4    0.7    0.53  -0.954  0.94  -0.42   0.58   1.013
  0.14   0.8   -0.44  -0.62  -0.2   -0.1    0.78   0.83  -0.32  -0.81
 -0.68  -0.8    0.82   0.81   0.6   -0.87   0.256  0.97   0.81  -0.86
 -0.11   0.54   0.56  -0.4   -0.379 -0.47   0.61  -0.27   0.86   0.35
 -0.33  -0.29 ][-0.74   0.7   -0.4    0.7    0.53  -0.39   0.94  -0.42   0.58   0.55
  0.14   0.02  -0.44   0.38  -0.2   -0.52   0.78   0.83  -0.32  -0.81
  0.83  -0.84   0.674  0.81   1.514 -0.87   0.256  0.97   0.81  -0.86
 -0.11   0.54   0.56  -0.4   -0.25   0.34   0.61  -0.27   0.86   0.35
 -0.33   0.54 ][-0.74   0.7    0.579  0.7    0.53  -0.39   0.94  -0.42   0.58   0.55
  0.61   0.02  -0.44   0.38  -0.2   -0.52   0.78   0.07  -0.32   0.59
  0.83   0.81   0.82   0.81   1.514 -0.239  0.256  0.97   0.81  -0.86
 -0.11   0.54   0.56  -0.4   -0.25   0.34   0.61  -0.27   0.86   0.35
 -0.33   0.54 ][-0.74   0.7   -0.4    0.7    0.642 -0.98   0.94  -0.42   0.58   0.55
  0.14   0.02  -0.44   0.38  -0.2   -0.52   0.78   0.83  -0.32  -0.81
  0.83  -0.84   0.82   0.864  1.514 -0.87   0.256  0.97   0.81  -0.86
 -0.11   0.54   0.56  -0.4   -0.25   0.34   0.61  -0.27   0.86   0.35
 -0.33   0.54 ][-0.21   0.7   -0.4    0.7    0.53  -0.98   0.94  -0.42   0.58   0.55
  0.14   0.02  -0.44  -0.62   0.685 -0.1    0.78   0.83  -0.32  -0.81
  0.83  -0.84   0.674  0.81   1.514 -0.87   0.256  0.97   0.81  -0.86
 -0.11   0.54   0.56  -0.4   -0.25   0.91   0.61  -0.27   0.86   0.35
 -0.33  -0.29 ][-0.21   0.7   -0.9    0.7    0.53  -0.39   0.94  -0.42   0.58   0.55
  0.14   0.02  -0.44   0.38  -0.2   -0.1    0.576  0.83  -0.32  -0.72
 -0.68  -0.84   0.82   0.81   1.514 -0.87   0.04   0.97   0.81  -0.86
 -0.11   0.54   0.56  -0.4   -0.25  -0.47   0.61  -0.27   0.86   0.35
 -0.33   0.54 ][-0.21   0.7   -0.4    0.7    0.923 -0.98   0.94  -0.42   0.58   0.55
  0.14   0.614 -0.44   0.38  -0.2   -0.52   0.78   0.07  -0.32  -0.81
  0.83  -0.84   0.82   0.864  0.6   -0.87   0.256  0.97   0.81  -0.86
 -0.11   0.54   0.56  -0.89  -0.25   0.34   0.61  -0.27   0.86   0.35
 -0.33   0.54 ][-0.74   0.7   -0.4    0.7    0.77  -0.98   0.94  -0.42   0.58   0.55
  0.14   0.02  -0.44   0.38  -0.2   -0.52   0.78   0.83  -0.32  -0.81
  0.83  -0.84   0.82   0.81   1.514 -0.87   0.074  0.97   0.81  -0.86
 -0.703  0.54   0.56  -0.89  -0.25   0.34   0.61  -0.27   0.86   0.35
 -0.33   0.54 ][-0.027  0.7   -0.4    0.7    0.77  -0.39   0.94  -0.42   0.58   0.55
  0.14   0.614 -0.44   0.38  -0.2   -0.52   1.009  0.07  -0.32  -0.81
  0.83  -0.84   0.82   0.81   1.514 -0.87   0.256  0.97   0.81  -0.86
 -0.11   0.54   0.56  -0.4   -0.25   0.34   0.61  -0.27   0.86   0.35
 -0.33   0.54 ][-0.21   0.7   -0.4    0.7    1.364 -0.98   0.94  -0.42   0.58   0.55
  0.61   0.8   -0.134  0.38  -0.62  -0.52   0.532  0.83  -0.32  -0.81
  0.83  -0.8    0.82   0.81   0.6   -0.87   0.074  0.97   0.81  -0.86
 -0.11   0.54   0.56  -0.4   -0.25   0.63   0.61  -0.27   0.86   0.35
 -0.33  -0.29 ][-0.663  0.7   -0.4    0.7    0.77  -0.39   0.636 -0.42   0.58   0.55
  0.14   0.8   -0.44  -0.62  -0.2   -0.52   0.78   0.07  -0.32   0.59
  0.83  -0.8    0.82  -0.43   0.6   -0.87   0.074  0.645  0.81  -0.86
 -0.11   0.916  0.56  -0.482 -0.25   0.34   0.61  -0.27   0.86   0.35
 -0.33   0.54 ][-0.663  0.7   -0.4    0.7    0.77  -0.98   0.636 -0.42   0.58   0.55
 -0.672  0.614 -0.44  -0.62  -0.2   -0.52   0.78   0.07  -0.32  -0.81
  0.83  -0.8    0.82   0.864  0.6   -0.87   0.074  0.97   0.81  -0.86
 -0.11   0.54   0.58  -0.4   -0.25   0.34   0.61  -0.27   0.86   0.35
 -0.33   0.54 ][-0.21   0.7   -0.9    0.7    1.364 -0.98   0.94  -0.42   0.58   0.55
  0.14   0.8   -0.134 -0.62  -0.62  -0.1    0.78   0.83  -0.32  -0.81
  0.83  -0.8    0.82   0.81   0.6   -0.87   0.04   0.97   0.81  -0.86
 -0.11   0.54   0.56  -0.4   -0.25   0.34   0.61  -0.27   0.86   1.167
 -0.33  -0.29 ][-0.21   0.7   -0.9    0.7    1.364 -0.39   0.94  -0.42   0.58   0.55
  0.14   0.8   -0.134 -0.62  -0.62  -0.52   0.78   0.83  -0.32  -0.81
  0.83  -0.638  0.82   0.81   0.6   -0.87   0.04   0.97   0.608 -0.86
 -0.11   0.54   0.56  -0.4   -0.25   0.91   0.61  -0.27   0.86   0.35
 -0.33  -0.29 ][-0.424  0.7   -0.9    1.322  1.364 -0.39   0.94  -0.42   0.58   0.55
  0.14   0.02  -0.44   0.38  -0.2   -0.1    0.78   0.07  -0.32  -0.81
  0.83  -0.84   0.82   0.81   0.6   -0.239  0.04   0.97   0.25  -0.86
 -0.11   0.916  0.56  -0.4   -0.25   0.34   0.61  -0.27   1.204  0.35
 -0.624  0.54 ][-0.21   0.7   -0.9    0.7    1.351 -0.954  0.94  -0.42   1.265  0.55
  0.14   0.02  -0.134 -0.62  -0.2   -0.52   0.78   0.83  -0.32  -0.72
  0.83  -0.8    0.82   0.81   0.6   -0.87   0.04   0.97   0.81  -0.86
 -0.11   0.54   0.56  -0.4   -0.25  -0.47   0.61  -0.27   0.86   0.35
  0.8   -0.29 ][-0.74   0.7   -0.4    0.7    1.364 -0.39   0.94  -0.42   0.58   0.55
  0.14   0.8   -0.44   0.38  -0.62  -0.1    0.78   0.83  -0.32  -0.81
  0.971 -0.8    0.82   0.81   0.6    0.26   0.04   0.97   0.25  -0.86
 -0.11   0.54   0.56  -0.4   -0.25   0.34   0.61  -0.27   0.86   0.35
 -0.624  0.762][-0.663  0.7   -0.4    0.7    1.455 -0.954  0.94  -0.42   0.58   0.55
  0.592  0.02  -0.44  -0.62  -0.2   -0.52   0.78   0.07  -0.32  -0.72
 -0.68   0.81   0.82   0.81   0.6   -0.239  0.04   0.97   0.81  -0.86
 -0.11   0.54   0.56  -0.4   -0.25   0.63   0.61  -0.27   0.86   0.35
 -0.33   0.54 ][-0.21   0.7   -0.9    0.7    0.77  -0.39   0.94  -0.42   0.58   0.55
  0.61   0.8   -0.44  -0.62  -0.2   -0.52   0.78   0.07  -0.32  -0.81
 -0.68   0.81   0.82   0.403  0.6   -0.239  0.04   0.97   0.25  -0.86
 -0.11   0.916  0.56  -0.4   -0.25   0.34   0.61  -0.27   0.86   0.35
 -0.33   0.54 ][-0.21   0.7   -0.4    0.7    0.53  -0.39   0.94  -0.42   0.58   0.55
  0.61   0.02  -0.134  0.38  -0.2   -0.1    0.78   0.83  -0.32   0.59
  0.83   0.81   0.82   0.81   0.6   -0.239  0.04   0.97   0.25  -0.86
 -0.11   0.54   0.56  -0.4   -0.25   0.63   0.61  -0.27   0.86   0.424
 -0.624  0.54 ][-0.21   0.7   -0.9    0.7    1.364 -0.39   0.94  -0.42   0.58   0.55
  0.14   0.8   -0.134  0.38  -1.121 -0.1    0.78   0.83  -0.32  -0.418
  0.83  -0.84   0.82   0.81   0.6   -0.87   0.04   0.97   0.25  -0.86
 -0.11   0.54   0.56  -0.4   -0.25   0.34   0.61  -0.27   0.86   0.35
 -0.33   0.54 ][-0.21   0.7   -0.9    0.7    1.364 -0.98   0.94  -0.42   0.58   0.55
  0.14   0.8   -0.134  0.38  -1.121 -0.1    0.78   0.83  -0.32  -0.81
  0.83  -0.8    0.82   0.81   0.6   -0.87   0.04   0.97   0.81  -0.86
 -0.933  0.54   0.56  -0.4   -0.25   0.34   0.61  -0.27   0.86   0.35
 -0.624  0.54 ][-0.424  0.7   -0.9    0.7    0.77  -0.39   0.94  -0.42   0.58   0.55
  0.14   0.8   -0.134 -0.62  -0.2   -0.1    0.78   0.83  -0.32  -0.81
 -0.68  -0.84   0.82   0.81   0.6   -0.87   0.04   0.97   0.81  -0.232
 -0.11   0.54   0.56  -0.4   -0.25   0.34   0.61  -0.27   0.86   0.35
 -0.33  -0.29 ][-0.21   0.7   -0.9    0.7    1.364 -0.607  1.3   -0.42   0.58   0.55
  0.14   0.8   -0.134 -0.62  -0.62  -0.1    0.78   0.83  -0.32  -0.81
  0.83  -0.8    0.82   0.81   0.6   -0.87   0.04   0.97   0.81  -0.86
 -0.11   0.54   0.56  -0.4   -0.25   0.34   0.61  -0.27   0.86   0.35
 -0.624 -0.29 ][-0.21   0.7   -0.4    0.7    0.53  -0.39   0.94  -0.42   0.58   0.55
  0.61   0.8   -0.134  0.38  -0.2   -0.52   0.78   0.83  -0.32   0.59
  0.83   0.826  0.82   0.81   0.6   -0.87   0.256  0.97   0.81  -0.86
 -0.11   0.916  0.56  -0.4   -0.25   0.34   0.61  -0.27   0.86   0.35
 -0.33   0.54 ][-0.21   1.671 -0.9    0.7    1.364 -0.39   0.94  -0.42   0.58   0.55
  0.14   0.02   0.05   0.38  -0.62  -0.1    0.78   0.83  -0.32  -0.72
 -0.68  -0.8    0.82   0.81   0.6   -0.87   0.04   0.97   0.81  -0.86
 -0.11   0.54   0.56  -0.4   -0.25  -0.47   0.61  -0.27   0.86   0.35
 -0.33  -0.29 ][-0.74   0.7   -0.4    0.7    0.53  -0.39   0.94  -0.42   0.58   0.55
  0.14   0.02  -0.44   0.38  -0.2   -0.52   0.78   0.83  -0.32  -0.81
  0.83  -0.84   0.82   0.81   0.695 -0.87   0.074  0.97   0.81  -0.86
 -0.11   0.54   0.56  -0.4   -0.25   0.34   0.61  -0.27   0.86   0.35
 -0.33   0.54 ][-0.21   1.006 -0.4    0.7    0.53  -0.39   0.94  -0.42   0.58   0.55
  0.14   0.8   -0.134  0.38  -0.2   -0.52   0.78   0.07  -0.32  -0.81
  0.83  -0.84   0.82   0.81   0.6   -0.239  0.04   0.97   0.25  -0.86
 -0.11   0.54   0.56  -0.4   -0.25   0.63   0.61  -0.27   1.204  0.35
 -0.624  0.54 ][-0.21   0.7   -0.4    0.7    0.77  -0.39   0.94  -0.42   0.58   0.55
  0.14   0.02   0.05  -0.62  -0.2   -0.52   0.78   0.07  -0.32  -0.72
  0.83   0.81   0.82   0.81   0.6   -0.87   0.04   0.97   0.81  -0.86
 -0.11   0.916  0.962 -0.4   -0.25  -0.47   0.61  -0.27   1.204  0.35
 -0.33   0.54 ][-0.21   0.7   -0.4    0.7    0.77  -0.39   0.94  -0.42   0.58   0.55
  0.14   0.02  -0.44   0.38  -0.2   -0.52   0.78  -0.39  -0.32  -0.81
  0.971 -0.8    0.82  -0.308  0.6    0.26   0.256  0.97   0.25  -0.86
 -0.11   0.54   0.56  -0.4   -0.25   0.576  0.61  -0.27   0.86   0.35
 -0.33   0.54 ][-0.21   0.7   -0.4    0.7    1.351 -0.954  0.94  -0.42   0.58   0.55
  1.128  0.02  -0.134  0.38  -0.62  -0.52   0.732  0.07  -0.32  -0.72
  0.83  -0.8    0.08   0.81   0.6   -0.87   0.256  0.97   0.81  -0.86
 -0.11   0.54   0.56  -0.09  -0.25  -0.47   0.61  -0.27   0.86   0.35
  0.8    0.54 ][-0.74   0.7   -0.4    0.7    0.53  -0.39   1.562 -0.42   0.58   0.55
  0.14   0.02  -0.44  -0.62  -0.2   -0.1    0.78   0.83  -0.32  -0.81
  0.83  -0.8    0.82   0.81   0.6   -0.87   0.256  0.97   0.81  -0.86
 -0.11   0.916  0.56  -0.4   -0.379  0.63   0.61  -0.27   0.86   0.35
 -0.33  -0.29 ][-0.663  0.7   -0.4    0.7    0.77  -0.98   0.94  -0.42   0.58   0.55
  0.14   0.8   -0.44  -0.62  -0.2   -0.52   0.78   0.07  -0.32  -0.81
 -0.68  -0.638  0.82   0.81   0.6   -0.87   0.04   0.97   0.25  -0.86
 -0.11   0.54   0.56   0.119 -0.25   0.34   0.61  -0.27   0.86   0.35
 -0.33   0.54 ][-0.74   0.7   -0.4    0.7    0.77  -0.39   0.94  -0.42   0.58   0.55
  0.14   0.02  -0.44   0.38  -0.2   -0.52   0.78   0.83  -0.32  -0.81
  0.83  -0.84   0.82   0.81   0.6   -0.239  0.04   0.97   0.81  -0.86
 -0.11   0.54   0.56  -0.449 -0.25   0.63   0.61  -0.27   1.204  0.35
 -0.33   0.696][-0.21   0.7   -0.9    0.7    0.77  -0.39   0.94  -0.42   1.121  0.55
  0.14   0.8   -0.134  0.38  -0.2   -0.1    0.78   0.83  -0.32  -0.72
  0.83  -0.8    0.82   0.81   0.6   -0.87   0.256  0.97   0.25  -0.86
 -0.11   0.54   0.56  -0.4   -0.25   0.34   0.61  -0.27   0.86   0.35
 -0.33  -0.29 ][-0.21   0.7   -0.9    0.7    0.77  -0.39   0.94  -0.42   0.58   0.55
  0.14   0.8   -0.134 -0.62  -0.2   -0.1    0.78   0.83  -0.32  -0.81
 -0.68  -0.84   0.82   0.81   0.6   -0.87   0.04   0.97   0.25  -0.86
 -0.11   0.54   0.56  -0.4   -0.25   0.34   0.11  -0.27   0.86   0.35
 -0.33   0.54 ][-0.21   0.7   -0.4    0.7    0.53  -1.92   0.94  -0.42   0.58   0.55
  0.14   0.02  -0.44   0.38  -0.62  -0.52   0.78   0.83  -0.32  -0.81
  0.83  -0.8    0.82   0.81   1.514 -0.87   0.256  0.97   0.81  -0.86
 -0.11   0.54   0.56  -0.4   -0.25   0.63   0.61  -0.27   0.86   0.35
 -0.33   0.54 ][-0.21   0.7   -0.9    0.7    1.364 -0.98   0.94  -0.42   0.58   0.55
  0.14   0.8   -0.134 -0.62  -1.121 -0.1    0.78   0.83  -0.32  -0.411
  0.83  -0.84   0.82   0.81   0.6   -0.87   0.04   0.97   0.81  -0.86
 -0.11   0.54   0.56  -0.4   -0.25   0.34   0.61  -0.27   0.86   0.35
 -0.33  -0.29 ][-0.21   0.7   -0.9    0.7    0.77  -0.39   0.94  -0.42   0.58   0.55
  0.14   0.02  -0.134  0.38  -1.121 -0.1    0.78   0.83  -0.32  -0.72
  0.83  -0.84   0.82   0.81   0.6   -0.87   0.04   0.97   0.81  -0.86
 -0.11   0.54   0.56  -0.4   -0.25  -0.47   0.309 -0.27   0.86   0.35
 -0.33  -0.29 ][-0.74   0.7   -0.4    0.7    0.77  -0.39   0.94  -0.42   0.58   0.55
  0.14   0.02  -0.44  -0.62  -0.62  -0.52   0.78   0.83  -0.32  -0.81
  0.83  -0.8    0.674 -0.43   1.514 -0.87   0.256  0.97   0.25  -0.86
  0.6    0.54   0.56  -0.4   -0.25   0.576  0.61  -0.27   0.86   0.35
 -0.33   0.54 ][ 0.244  0.7   -0.9    0.7    0.77  -0.39   0.94  -0.42   0.58   0.55
  0.14   0.02   0.05  -0.62  -0.2   -0.52   0.78   0.83   0.198 -0.72
  0.83  -0.84   0.82   0.81   0.6   -0.87   0.074  0.97   0.81  -0.86
 -0.11   0.54   0.56  -0.89  -0.25   0.34   0.61  -0.889  0.86   0.35
 -0.33   0.54 ][-0.21   0.7   -0.9    0.7    0.77  -0.39   0.94  -0.42   0.58   0.55
  0.14   0.8    0.05  -0.62  -0.2   -0.1    0.78   0.83  -0.32  -0.81
 -0.68  -0.84   0.82   1.501  0.6   -0.87   0.04   0.97   0.81  -0.86
 -0.11   0.54   0.56  -0.4   -0.25  -0.47   0.61  -0.27   0.86   0.35
 -0.624  0.54 ][-0.21   0.7   -0.9    0.7    0.77  -0.39   0.789 -0.42   0.58   0.55
  0.14   0.8   -0.44  -0.62  -0.2   -0.52   0.78   0.83  -0.32  -0.72
 -0.68  -0.84   0.82   0.81   0.6   -0.87   0.04   0.97   0.81  -0.86
 -0.11   0.54   0.56  -0.4   -0.25   0.34   0.61  -0.27   0.86   0.35
 -0.33  -0.29 ][-0.424  0.7   -0.4    0.7    1.364 -0.98   0.94  -0.42   0.58   0.55
  0.14   0.614 -1.063 -0.62  -0.2   -0.1    0.78   0.07  -0.32  -0.81
  0.83  -0.84   0.82   0.864  0.6   -0.87   0.04   0.97   0.81  -0.86
 -0.11   0.54   0.56  -0.4   -0.25   0.34   0.61  -0.27   0.86   0.35
 -0.33   0.54 ][-0.74   0.7   -0.4    0.7    0.53  -0.954  0.94  -0.42   0.58   0.55
  1.128  0.02  -0.134  0.38  -0.62  -0.52   0.78   0.83  -0.32  -0.81
  0.83  -0.8    0.08   0.81   0.6   -0.87   0.256  0.97   0.81  -0.86
 -0.11   0.54   0.56  -0.4   -0.25  -0.47   0.235 -0.27   0.86   0.35
  0.8    0.54 ][-0.74   0.7   -0.4    0.7    1.631 -0.98   0.94  -0.42   0.58   0.55
  0.14   0.02  -0.44   0.38  -0.2   -0.52   0.78   0.07  -0.32  -0.81
  0.83  -0.84   0.82   0.864  0.6   -0.87   0.256  0.97   0.81  -0.86
 -0.11   0.54   0.56  -0.4   -0.25   0.34   0.61  -0.27   0.86   0.35
 -0.33   0.54 ][-0.21   0.7   -0.4    0.7    1.364 -0.98   0.636 -0.42   0.58   0.55
  0.14   0.8   -0.44  -0.62  -0.2   -0.52   0.78   0.07  -0.559 -0.81
  0.83  -0.8    0.82  -0.43   0.6   -0.87   0.04   0.97   0.81  -0.86
 -0.11   0.54   0.58  -0.482 -0.25   0.34   0.61  -0.27   0.86   0.35
 -0.33   0.54 ][-0.21   0.7   -0.9    0.7    1.364 -0.39   0.94  -0.42   0.58   0.55
  0.14   0.8   -0.134  0.38  -0.2   -0.52   0.78   0.07  -0.32  -0.81
  0.83   0.81   0.82   0.81   0.6   -0.239  0.256  0.97   0.81  -0.86
 -0.11   0.916  0.56  -0.4   -0.25   0.34   0.61  -0.27   0.86   0.35
  0.222 -0.29 ][-0.21   0.7   -0.4    0.7    0.53  -0.39   0.94  -0.42   0.58   0.55
  0.14   0.02  -0.44  -0.62  -0.2   -0.52   0.78   0.83  -0.32  -0.72
 -0.68  -0.84   0.82   0.81   1.514 -0.87   0.256  0.97   0.81  -1.07
 -0.11   0.54   0.56  -0.4   -0.25  -0.47   0.61  -0.889  0.86   0.35
 -0.33   0.54 ][-0.21   0.7   -0.4    0.7    0.77  -0.39   0.94  -0.42   0.58   0.55
  0.592  0.02  -0.44  -0.62  -0.2   -0.1    0.78   0.83  -0.32  -0.72
 -0.68   0.81   0.82   0.81   0.6   -0.87   0.04   0.97   0.81  -0.32
 -0.11   0.54   0.56  -0.09  -0.25   0.213  0.61  -0.889  0.86   0.35
 -0.33  -0.29 ][-0.74   0.7   -0.4    0.7    0.53  -0.39   0.94  -0.42   0.58   0.55
  0.14   0.8   -0.44  -0.62  -0.2   -0.52   0.78  -0.39  -0.32  -0.81
  0.83   0.81   0.82  -0.43   0.6   -0.239  0.256  0.97   0.81  -0.86
 -0.11   0.916  0.56   0.587 -0.25   0.576  0.61  -0.27   1.204  0.35
 -0.33   0.54 ][-0.21   0.7   -0.4    0.7    0.53  -0.39   0.94  -0.42   0.58   0.55
  0.14   0.02  -0.134  0.38  -0.2   -0.52   0.78   0.83  -0.32  -0.81
  0.83  -0.84   0.82   0.81   0.6   -0.239  0.256  0.97   0.25  -0.86
 -0.11   0.54   0.56  -0.4   -0.25   0.34   0.61  -0.27   0.86   0.35
 -0.943  0.54 ][-0.74   0.7   -0.9    0.7    0.77  -0.39   0.94  -0.42   0.58   0.55
  0.14   0.8   -0.44  -0.62  -1.057 -0.1    0.78   0.83  -0.32  -0.72
  0.83  -0.84   0.82   0.81   0.6   -0.87   0.04   0.97   0.25  -0.86
 -0.11   0.54   0.56  -0.4   -0.25   0.34   0.61  -0.27   0.86   0.35
 -0.624  0.54 ][-0.424  0.7   -0.4    0.7    1.326 -0.39   0.94  -0.42   0.58   0.55
  0.61   0.02  -0.134  0.38  -1.121 -0.1    0.78   0.83  -0.32  -0.81
  0.83  -0.84   0.82   0.81   0.6   -0.87   0.04   0.97   0.25  -0.86
 -0.11   0.916  0.56  -0.4   -0.25   0.63   0.61  -0.27   0.86   0.35
 -0.33   0.54 ][-0.74   0.7   -0.4    0.7    1.364 -1.539  0.94  -0.42   0.58   0.55
  0.14   0.8   -0.134  0.38  -1.121 -0.52   0.78   0.83  -0.32  -0.81
  0.83  -0.8    0.82   0.81   0.6   -0.87   0.04   0.97   0.25  -0.86
 -0.11   0.54   0.892 -0.4   -0.25   0.576  0.61  -0.27   0.86   0.35
 -0.624  0.54 ][-0.21   0.7   -0.9    0.7    1.364 -0.98   0.94  -0.42   0.58   0.55
  0.14   0.02  -0.44  -0.62   0.371 -0.52   0.78   0.07  -0.32  -0.81
  0.83   0.81   0.82   0.81   0.6   -0.87   0.256  0.97   0.81  -0.86
 -0.11   0.54   0.56  -0.4   -0.25   0.34   0.61  -0.27   0.86   0.35
 -0.33   0.54 ][-0.74   0.7   -0.9    0.7    2.236 -0.98   0.94  -0.42   0.58   0.55
  0.14   0.02  -0.44  -0.62  -0.2   -0.1    0.78   0.83  -0.32  -0.81
  0.83  -0.8    0.82   0.81   0.6   -0.87   0.04   0.97   0.81  -0.86
 -0.11   0.54   0.56  -0.4   -0.25   0.34   0.61  -0.27   0.86   0.35
 -0.33   0.54 ]