[-0.21   0.7   -0.4    0.7    0.53  -0.39   0.94  -0.42   0.58   0.55
  0.14   0.02  -0.134  0.38  -0.2   -0.1    0.78   0.83  -0.32  -0.81
  0.83  -0.84   0.82   0.81   0.695 -0.239  0.04   0.97   0.25  -0.86
 -0.11   0.54   1.33  -0.4   -0.25   0.63   0.61  -0.27   0.86   0.424
 -0.624  0.54 ][-0.21   0.7   -0.4    0.7    0.77  -1.539  0.94  -0.42   0.58   0.55
  0.14   0.02  -0.44   0.38  -0.62  -0.52   0.78   0.83  -1.018 -0.81
  0.971 -0.8    0.82   0.81   0.6    0.26   0.256  0.97   0.81  -0.86
 -0.11   0.54   0.56  -0.4   -0.25   0.34   0.61  -0.27   0.86   0.35
 -0.33  -0.29 ][-0.21   0.7   -0.4    0.7    0.77  -0.98   0.94  -0.42   0.58   0.55
  0.14   0.8   -0.44  -0.62  -0.62  -0.52   0.78   0.07  -0.32  -0.81
  0.83  -0.8    0.82   0.81   0.6   -0.87   0.074  0.97   0.81  -0.86
 -0.11   0.54   0.913 -0.4   -0.25  -0.008  0.61  -0.27   0.86   1.167
 -0.33   0.54 ][-0.21   0.7   -0.4    0.7    0.77  -0.98   0.94  -0.42   0.58   0.55
  0.61   0.02  -0.44   0.38  -0.62  -0.52   0.78   0.83  -0.32  -0.81
  0.83  -0.84   1.388  0.81   1.514 -0.87   0.074  0.97   0.81  -0.86
 -0.703  0.54   0.913 -0.89  -0.25   0.63   0.61  -0.27   0.86   0.35
 -0.33   0.54 ][-0.21   0.7   -0.9    0.7    1.364 -0.39   0.94  -0.42   0.58   0.55
  0.14   0.8   -0.134  0.38  -0.62  -0.1    0.78   0.83  -0.32  -0.81
  0.83  -0.8    0.82   0.81   0.6   -0.87   0.256  0.97   0.25  -0.86
 -0.11   0.54   0.56  -0.4   -0.25   0.34   0.61  -0.27   0.86   0.35
 -0.33  -0.29 ][-0.21   0.7   -0.4    0.7    0.77  -0.98   0.94  -0.42   0.58   0.55
  0.61   0.614 -0.44   0.38  -0.62  -0.52   0.78   0.07  -0.32  -0.81
  0.83  -0.8    0.82   0.81   0.6   -0.87   0.074  0.97   0.81  -0.86
 -0.11   0.54   0.913 -0.89  -0.25   0.63   0.61  -0.27   0.86   0.35
 -0.33   0.54 ][-0.74   0.7   -0.4    0.7    0.77  -0.98   0.94  -0.42   0.58   0.55
  0.14   0.02  -0.44   0.38  -0.62  -0.52   1.358  0.83  -0.32  -0.81
  0.971 -0.8    0.82   0.81   0.6    0.26   0.256  0.97   0.81  -0.86
 -0.703  0.54   0.56  -0.89  -0.25   0.34   0.61  -0.27   0.86   0.35
 -0.33  -0.29 ][-0.424  0.7   -0.4    0.7    1.326 -0.39   0.94  -0.42   0.58   0.55
  0.61   0.02  -0.134  0.38  -1.121 -0.1    0.78   0.83  -0.32  -0.81
  0.83  -0.84   0.82   0.81   0.6   -0.87   0.04   0.97   0.25  -0.86
 -0.11   0.916  0.56  -0.4   -0.25   0.63   0.61  -0.27   0.86   0.35
 -0.33   0.54 ][-0.21   0.7   -0.4    0.7    1.364 -0.98   0.636 -0.42   0.58   0.55
  0.14   0.8   -0.44  -0.62  -0.2   -0.52   0.78   0.07  -0.559 -0.81
  0.83  -0.8    0.82  -0.43   0.6   -0.87   0.04   0.97   0.81  -0.86
 -0.11   0.54   0.58  -0.482 -0.25   0.34   0.61  -0.27   0.86   0.35
 -0.33   0.54 ][-0.74   0.7   -0.4    0.7    0.77  -0.98   0.94  -0.42   0.58   0.55
  0.61   0.02  -0.44   0.38  -0.62  -0.52   0.78   0.07  -0.32  -0.81
  0.83  -0.84   0.82   0.864  0.6   -0.87   0.256  0.97   0.81  -0.86
 -0.11   0.54   0.913 -0.89  -0.25   0.34   0.61  -0.27   0.425  0.35
 -0.33   0.54 ][-0.74   0.7   -0.4    0.7    0.77  -0.98   0.94  -0.42   0.58   0.37
  0.14   0.02  -0.44   0.38  -0.2   -0.52   0.78   0.83  -0.32  -0.81
  0.83  -0.84   0.82   0.81   0.695 -0.87   0.074  0.97   0.81  -0.86
 -0.11   0.54   0.56  -0.89  -0.25   0.34   0.61  -0.27   0.86   0.35
 -0.33   0.54 ][-0.424  0.7   -0.4    0.7    0.77  -0.98   0.94  -0.42   0.58   0.55
  0.14   0.614 -1.063 -0.62  -0.62  -0.1    0.78   0.07  -1.018 -0.81
  0.971 -0.8    0.82   0.864  0.533  0.26   0.256  0.97   0.81  -0.86
 -0.11   0.54   0.56  -0.4   -0.25   0.34   0.61  -0.27   0.86   0.35
 -0.33   0.54 ][-0.21   0.7   -0.4    0.7    0.53  -1.026  0.94  -0.42   0.58   0.55
  0.14   0.02  -0.44   0.38  -0.62  -0.52   0.78   0.83  -0.32  -0.81
  0.83  -0.8    0.82   0.81   1.514  0.26   0.256  0.97   0.81  -0.86
 -0.11   0.54   0.56  -0.4   -0.25   0.63   0.61  -0.27   0.86   0.35
 -0.33   0.54 ][-0.21   0.7   -0.9    0.7    1.364 -0.98   0.94  -0.42   0.58   0.55
  0.14   0.02  -0.134 -0.62  -0.2   -0.1    0.78   0.07  -0.32  -0.81
 -0.68  -0.8    0.82   0.81   0.6   -0.87   0.04   0.97   0.81  -0.32
 -0.11   0.54   0.58  -0.09  -0.25   0.34   0.373 -0.27   0.86   0.35
 -0.33  -0.29 ][-0.21   0.7   -0.9    0.7    0.77  -0.98   0.94  -0.42   0.58   0.55
  0.61   0.614 -0.134  0.38  -0.62  -0.1    0.78   0.07  -0.32  -0.81
  0.83  -0.8    0.82   0.81   0.923 -0.87   0.074  0.97   0.81  -0.86
 -0.11   0.54   0.913 -0.4   -0.25   0.63   0.61  -0.27   0.86   0.35
 -0.33  -0.29 ][-0.21   0.7   -0.4    0.7    0.53  -0.39   0.94  -0.42   0.58   0.55
  0.61   0.02  -0.44   0.38  -0.2   -0.52   0.78   0.07  -0.32   0.59
  0.83   0.81   0.82   0.81   0.6   -0.239  0.256  0.97   0.81  -0.86
 -0.11   0.916  0.56  -0.4   -0.25   0.63   0.61  -0.27   0.86   0.35
 -0.33   0.54 ][-0.21   0.7   -0.4    0.7    0.77  -0.98   0.94  -0.42   0.58   0.55
  0.14   0.614 -0.44  -0.62  -0.62  -0.1    0.78   0.07  -0.32  -0.81
  0.83  -0.84   0.82   0.864  0.6   -0.87   0.074  0.935  0.81  -0.86
 -0.11   0.54   0.913 -0.4   -0.25   0.34   0.61  -0.27   0.86   0.35
 -0.33   0.54 ][-0.21   0.7   -0.4    0.7    1.631 -0.98   0.94  -0.42   0.58   0.55
  0.14   0.02  -0.134  0.38  -0.2   -0.414  0.78   0.83  -0.32  -0.81
  0.83   0.81   0.82   0.81   0.6   -0.239  0.04   0.97   0.25  -0.86
 -0.11   0.54   0.56  -0.4   -0.25   0.34   0.61  -0.27   0.86   0.424
 -0.33   0.54 ][-0.663  0.7   -0.4    0.7    0.77  -0.98   0.94  -0.42   0.58   0.55
  0.592  0.02  -0.44  -0.62  -0.2   -0.52   0.78   0.07  -0.32   0.251
  0.83   0.81   0.82   0.81   0.6   -0.87   0.04   0.97   0.81  -0.32
 -0.11   0.54   0.58  -0.89  -0.25   0.63   0.61  -0.27   0.86   0.35
 -0.33   0.54 ][-0.663  0.7   -0.4    0.7    0.53  -1.92   0.94  -0.42   0.58   0.55
  0.592  0.841 -0.44   0.38  -0.62  -0.52   0.78   0.07  -0.32  -0.72
 -0.68  -0.8    0.82   0.81   1.514 -0.87   0.04   0.97   0.81  -0.32
 -0.11   0.54   0.56  -0.09  -0.25   0.63   0.61  -0.27   0.86   0.35
 -0.624  0.54 ][-0.21   0.7   -0.4    0.7    0.77  -1.026  0.94  -0.103  0.58   0.55
  0.14   0.02  -1.063  0.38  -0.62  -0.52   0.78   0.07  -1.018 -0.81
  0.971 -0.8    0.82   0.864  0.533  0.26   0.256  0.97   0.81  -0.86
 -0.11   0.54   0.56  -0.4   -0.25   0.34   0.61  -0.27   0.86   0.35
 -0.33   0.54 ][-0.21   0.7   -0.4    0.7    0.77  -1.539  0.94  -0.42   0.58   0.55
  0.14   0.8   -0.44  -0.62  -0.62  -0.52   0.78   0.83  -1.018 -0.81
  0.971 -0.8   -0.036  0.81   0.6    0.26   0.256  0.97   0.81  -0.86
 -0.11   0.54   0.913 -0.4   -0.25  -0.008  0.61  -0.27   0.86   0.35
 -0.33  -0.29 ][-0.74   0.7   -0.4    0.7    0.53  -0.98   0.94  -0.42   0.58   0.55
  0.592  0.02  -0.44   0.38  -0.62  -0.52   0.78   0.83  -0.32  -0.81
 -0.68  -0.8    0.82  -0.173  1.514  0.26   0.04   0.97   0.81  -0.32
 -0.703  0.54   0.56  -0.89  -0.25   0.34   0.61  -0.27   0.86   0.35
 -0.624  0.54 ][-0.74   0.7   -0.4    0.7    0.77  -0.98   0.94  -0.42   0.58   0.55
  0.14   0.8   -0.61  -0.62  -0.62  -0.52   0.78   0.83  -0.32  -0.81
  0.971 -0.8    0.82   0.81   0.6   -0.87   0.074  0.97   0.81  -0.86
 -0.703  0.54   0.913 -0.89  -0.25  -0.008  0.61  -0.27   0.86   0.35
 -0.33  -0.29 ][-0.663  0.7   -0.4    0.7    0.53  -1.026  0.94  -0.42   0.58   0.55
  0.14   0.841 -0.44   0.38  -0.62  -0.52   0.78   0.83  -0.32  -0.81
 -0.68  -0.8    0.82   0.81   1.514 -0.87   0.04   0.97   0.81  -0.86
 -0.11   0.54   0.56  -0.09  -0.25   0.63   0.61  -0.27   0.86   0.35
 -0.33   0.935][-0.21   0.7   -0.4    0.7    0.53  -0.98   0.94  -0.42   0.58   0.55
  0.14   0.02  -0.134  0.38  -0.2   -0.414  0.78   0.83  -0.32  -0.81
  0.83   0.81   0.82   0.81   0.695 -0.239  0.04   0.97   0.25  -0.86
 -0.11   0.54   0.56  -0.4   -0.25   0.63   1.062 -0.27   0.86   0.424
 -0.33   0.54 ][-0.74   0.7   -0.4    0.7    0.77  -0.39   0.94  -0.42   0.58   0.55
  0.14   0.02  -0.44   0.38  -0.62  -0.1    0.78   0.83  -0.32   0.033
  0.83  -0.8    0.82   0.81   0.6   -0.87   0.256  0.97   0.25  -0.86
 -0.11   0.54   0.56  -0.4   -0.25   0.34   0.61  -0.27   0.86   0.35
 -0.33   0.54 ][-0.663  0.7   -0.4    0.7    0.77  -0.98   0.94  -0.42   0.58   0.55
  0.14   0.841 -0.44   0.38  -0.62  -0.316  0.78   0.07  -0.32  -0.72
  0.83  -0.8    0.82   0.81   0.6   -0.87   0.04   0.97   0.81  -0.86
 -0.11   0.54   0.913 -0.09  -0.25  -0.008  0.61  -0.27   0.86   0.35
 -0.624  0.54 ][-0.21   0.7    0.078  0.7    0.77  -0.39   0.94  -0.42   0.58   0.55
  0.14   0.8   -0.44   0.38  -0.62  -0.1    0.78   0.83  -0.32  -0.81
  0.83  -0.8    1.388  0.81   1.514 -0.87   0.074  0.97   0.81  -0.86
 -0.11   0.54   0.913 -0.4   -0.25   0.63   0.61  -0.27   0.86   0.35
 -0.33   0.54 ][-0.21   0.7   -0.4    0.7    1.364 -0.39   0.94  -0.42   0.58   0.37
  0.14   0.02  -0.44   0.38  -0.62  -0.1    0.78   0.83  -0.32  -0.81
  0.83  -0.84   0.82   0.81   0.695 -0.87   0.074  0.97   0.81  -0.86
 -0.11   0.024  0.56  -0.89  -0.25   0.34   0.61  -0.27   0.86   0.35
 -0.33   0.54 ][-0.424  0.7   -0.4    0.7    0.77  -0.98   0.94  -0.42   0.58   0.55
  0.14   0.614 -0.44   0.38  -0.62  -0.52   0.78   0.07  -1.018 -1.303
  0.971 -0.8    0.82   0.864  1.514  0.26   0.256  0.97   0.81  -0.86
 -0.11   0.54   0.56  -0.4   -0.25   0.63   0.61  -0.27   0.86   0.35
 -0.33   0.54 ][-0.21   0.7   -0.4    0.7    0.53  -0.39   0.94  -0.42   0.58   0.55
  0.592  0.02  -0.134  0.38  -0.62  -0.52   0.78   0.07  -0.32  -1.647
 -0.68  -0.84   0.82   0.81   0.695 -0.239  0.04   0.97   0.81  -0.32
 -0.11   0.54   1.33  -0.09  -0.25   0.63   0.61  -0.27   0.86   0.424
 -0.624  0.54 ][-1.103  0.7   -0.4    0.7    0.77  -0.98   0.94  -0.42   0.58   0.55
  0.14   0.02  -0.44   0.38  -0.62  -0.52   0.78   0.83  -0.32  -0.81
  0.83  -0.84   0.82   0.864  0.6   -0.87   0.256  0.97   0.81  -0.86
 -0.11   0.54   0.913 -0.4   -0.25   0.34   0.61  -0.27   0.86   0.35
 -0.33  -0.29 ][-0.74   0.7   -0.4    0.7    0.77  -0.98   0.94  -0.42   0.58   0.55
  0.14   0.8   -0.44  -0.62  -0.62  -0.52   0.423  0.83  -0.32  -0.81
  0.971 -0.8    0.82   0.81   0.6   -0.87   0.256  0.97   0.81  -0.86
 -0.11   0.54   0.913 -0.4   -0.25   0.34   0.61  -0.27   0.86   1.167
 -0.33  -0.29 ][-0.21   0.7   -0.4    0.7    0.77  -0.98   0.94  -0.42   0.58   0.55
  0.61   0.02  -0.44   0.38  -0.62  -0.52   0.78   0.07  -0.32  -0.81
  0.83  -0.8    0.82   0.864  0.6   -0.87   0.256  0.97   0.81  -0.86
 -0.11   0.54   0.913 -0.89  -0.25   0.34   0.61  -0.27   0.86   1.167
 -0.772  0.54 ][-0.424  0.7   -0.138  0.7    1.326 -0.39   0.94  -0.42   0.58   0.55
  0.61   0.02  -0.134  0.38  -0.2   -0.1    0.78   0.83  -0.32  -0.81
  0.83  -0.84   0.82   0.81   0.6   -0.239  0.04   0.97   0.25  -0.86
 -0.11   0.916  0.56  -0.4   -0.25   0.63   0.61  -0.27   0.86   0.424
 -0.624  0.54 ][-0.21   0.7   -0.9    0.7    0.77  -0.98   0.94  -0.42   0.58   0.55
  0.61   0.614 -0.134  0.38  -0.62  -0.52   0.78   0.07  -0.32  -0.81
  0.83  -0.8    0.82   0.81   0.923  0.26   0.074  0.97   0.81  -0.86
 -0.703  0.54   0.913 -0.4   -0.25   0.63   0.61  -0.27   0.86   0.35
 -0.68  -0.29 ][-0.663  0.169 -0.4    0.7    1.326 -0.39   0.94  -0.42   0.58   0.55
  0.61   0.02  -0.134  0.38  -1.121 -0.1    0.78   0.07  -0.32  -0.81
 -0.68  -0.8    0.82   0.81   1.514 -0.87   0.04   0.97   0.25  -0.32
 -0.11   0.916  0.56  -0.09  -0.25   0.63   0.61  -0.27   0.86   0.35
 -0.33   0.54 ][-0.424  0.7   -0.4    0.7    1.326 -1.539  0.505 -0.42   0.58   0.55
  0.14   0.02  -0.134  0.38  -1.121 -0.52   0.78   0.83  -0.32  -0.81
  0.83  -0.84   0.82   0.81   0.6   -0.87   0.04   0.97   0.25  -0.86
 -0.11   0.54   0.56  -0.4   -0.25   0.63   0.61  -0.27   0.86   0.35
 -0.33   0.54 ][-0.21   0.7   -0.4    0.7    0.77  -1.539  0.94  -0.42   0.58   0.55
  0.14   0.02  -0.44   0.38  -0.62  -0.52   0.78   0.83  -0.32  -0.81
  0.971 -0.8    0.82   0.81   0.6    0.26   0.256  0.97   0.81  -0.86
 -0.11   0.54   0.56  -0.89  -0.25   0.34   0.61  -0.27   0.86   0.35
 -0.33  -0.713][-0.21   0.7   -0.4    0.7    0.77  -0.98   0.94  -0.42   0.58   0.965
  0.14   0.02  -0.44   0.38  -0.62  -0.52   0.78   0.83  -0.32  -0.81
  0.83  -0.8    0.82   0.81   0.6   -0.87   0.256  0.97   0.81  -0.86
 -0.11   0.54   0.56  -0.4   -0.25   0.34   0.61  -0.27   0.86   0.35
 -0.33   0.54 ][-0.21   0.7   -0.4    0.7    1.364 -1.026  0.94  -0.42   0.58   0.55
  0.14   0.8   -0.44   0.38  -0.036 -0.52   0.78   0.07  -0.559 -0.81
  0.83  -0.8    0.82   0.81   0.6   -0.87   0.04   0.97   0.81  -0.86
 -0.11   0.54   0.56  -0.4   -0.25   0.63   0.61  -0.27   0.86   0.35
 -0.33   0.54 ][-0.21   0.7   -0.4    0.7    1.364 -1.539  0.94  -0.42   0.58   0.55
  0.14   0.8   -0.44   0.38  -0.2   -0.52   0.78   0.07  -1.018 -0.81
  0.971 -0.8    0.82  -0.43   0.6   -0.87   0.256  0.97   0.81  -0.86
 -0.11   0.54   0.56  -0.482 -0.25   0.34   0.61  -0.27   0.86   0.35
  0.189  0.54 ][-0.21   0.7   -0.4    0.7    0.53  -0.39   0.94  -0.42   0.58   0.55
  0.14   0.02  -0.44   0.38  -0.62  -0.52   0.78   0.83  -1.018 -0.81
  0.971 -0.8    0.82   0.81   0.695  0.62   0.04   0.97   0.25  -0.86
 -0.11   0.54   1.33  -0.4   -0.25   0.34   0.61  -0.27   0.86   0.35
 -0.33  -0.29 ][-0.21   0.7   -0.4    0.7    1.326 -0.39   0.94  -0.42   0.58   0.55
  0.61   0.02  -0.44   0.38  -0.62  -0.52   0.78   0.83  -0.886 -0.81
  0.971 -0.84   0.82   0.81   0.6    0.26   0.04   0.97   0.81  -0.86
 -0.11   0.916  0.56  -0.4   -0.25   0.63   0.61  -0.27   0.86   0.35
 -0.33  -0.29 ][-0.663  0.7   -0.4    0.7    0.77  -1.92   0.94  -0.42   0.58   0.55
  0.592  0.841 -0.44   0.38  -0.62  -0.52   0.78   0.83  -1.018 -0.81
 -0.68  -0.8    0.82   0.81   0.6    0.26   0.256  0.97   0.81  -0.32
 -0.11   0.54   0.56  -1.256 -0.25   0.63   0.61  -0.27   0.86   0.35
 -0.33   0.54 ][-0.21   0.7   -0.4    0.7    0.77  -1.539  0.94  -0.42   0.58   0.55
  0.14   0.02  -0.134  0.38  -0.62  -0.52   0.78   0.346 -0.32  -0.81
  0.971 -0.8    0.82   0.81   0.6   -0.87   0.256  0.97   0.25  -0.86
 -0.11   0.54   0.56  -0.4   -0.25   0.34   0.61  -0.27   0.86   0.35
 -0.33  -0.29 ][-0.21   0.7   -0.4    0.7    0.53  -0.98   0.94  -0.42   0.58   0.55
  0.14   0.02  -0.44   0.38  -0.62  -0.52   0.78   0.07  -0.32  -0.81
  0.83  -0.84   0.82   0.864  1.514 -0.87   0.256  0.97   0.81  -0.86
 -0.11   0.54   0.913 -0.4   -0.25   0.63   0.61   0.164  0.86   0.35
 -0.33   0.54 ][-0.21   0.7   -0.4    0.7    1.364 -0.39   0.94  -0.42   0.58   0.55
  0.14   0.8   -0.134 -0.62  -0.62  -0.52   0.78   0.07  -0.32  -0.81
  0.83  -0.8    0.82   0.81   0.6   -0.87   0.074  1.055  0.25  -0.86
 -0.11   0.54   0.56  -0.4   -0.25   0.34   0.61  -0.27   0.86   1.167
 -0.33  -0.29 ][-0.21   0.7   -0.4    0.7    1.364 -0.98   0.636 -0.42   0.58   0.55
  0.14   0.614 -0.44  -0.62  -0.2   -0.1    0.78   0.07  -0.559 -0.81
  0.83  -0.84   0.82  -0.43   0.6   -0.87   0.04   0.935  0.81  -0.86
 -0.11   0.54   0.913 -0.4   -0.25   0.34   0.61  -0.27   0.705  0.35
 -0.33   0.54 ][-0.21   0.7   -0.4    0.7    0.53  -1.356  0.94  -0.42   0.58   0.55
  0.14   0.8   -0.44  -0.62  -0.2   -0.1    0.78   0.07  -0.32  -0.81
  0.83  -0.84   0.82   0.81   0.6   -0.239  0.074  0.97   0.81  -0.86
 -0.11   0.54   0.913 -0.4   -0.25  -0.008  0.61  -0.27   0.86   1.167
 -0.624  0.54 ][-0.21   0.7   -0.4    0.7    0.77  -0.98   0.94  -0.42   0.58   0.55
  0.14   0.02  -0.134 -0.62   0.423 -0.1    0.78   0.83  -1.018 -0.81
  0.971 -0.8    0.82   0.81   0.6    0.26   0.04   0.97   0.81  -0.32
 -0.11   0.54   0.58  -0.4   -0.25   0.34   0.373 -0.27   0.86   0.35
 -0.33  -0.29 ][-0.21   0.7   -0.4    0.7    0.53  -0.39   0.94  -0.42   0.58   0.55
  0.14   0.02  -0.134  0.38  -0.2   -0.52   0.78   0.07  -0.32  -0.81
  0.83  -0.84   0.82   0.81   0.695 -0.239  0.04   0.97   0.25  -0.86
 -0.456  0.54   1.33  -0.4   -0.25  -0.008  0.61  -0.27   0.86   0.424
 -0.624  0.54 ][-0.21   0.7   -0.4    0.7    0.77  -0.98   0.94  -0.42   0.58   0.55
  0.61   0.02  -0.44   0.38  -0.2   -0.414  0.78   0.83  -0.32  -0.81
  0.83   0.81   1.388  0.81   0.6   -0.239  0.04   0.97   0.81  -0.86
 -0.703  0.54   0.56  -0.4   -0.25   0.34   0.61  -0.27   0.489  0.424
 -0.33   0.54 ][-0.21   0.7   -0.4    0.7    0.77  -0.98   0.94  -0.42   0.58   0.55
  0.14   0.02  -0.44   0.38  -0.62  -0.52   0.78   0.83  -1.018 -0.81
  0.971 -0.8    1.388  0.81   0.6    0.26   0.256  0.97   0.81  -0.86
 -0.703  0.54   0.913 -0.89  -0.25   0.34   0.581 -0.27   0.86   0.35
 -0.33  -0.29 ][-0.21   0.7   -0.4    0.7    1.631 -0.98   1.726 -0.42   0.58   0.55
  0.14   0.02  -0.44   0.38  -0.2   -0.52   0.78   0.83  -0.32  -0.81
  0.83  -0.84   1.388  0.81   1.514 -0.239  0.074  0.97   0.81  -0.86
 -0.11   0.54   0.56  -0.4   -0.25   0.63   0.61  -0.27   0.86   0.35
 -0.33   0.54 ][-0.663  0.7   -0.4    0.7    0.77  -1.92   0.94  -0.42   0.58   0.55
  0.14   0.841 -0.44  -0.62  -0.62  -0.52   0.78   0.07  -0.32  -0.81
 -0.68  -0.8    0.82   0.81   1.514 -0.87   0.04   0.97   0.81  -0.86
 -0.11   0.54   0.56  -0.09  -0.25   0.63   0.61  -0.27   1.678  0.35
 -0.33   0.54 ][-0.663  0.09  -0.4    0.7    0.77  -0.98   0.94  -0.42   0.58   0.55
  0.592  0.02  -0.44   0.38  -0.2   -0.52   0.78   0.07  -0.32   0.251
  0.83   0.81   0.82   0.81   1.514 -0.87   0.04   0.97   0.81  -0.32
 -0.11   0.54   0.58  -0.89  -0.25   0.63   0.61  -0.27   0.86   0.35
 -0.33   0.54 ][-0.74   0.7   -0.4    0.7    0.77  -0.98   0.94  -0.42   0.58   0.55
  0.14   0.8   -0.44   0.38  -0.62  -0.52   0.78   0.07  -0.32  -0.81
  0.83  -0.8    0.82   0.81   0.6    0.26   0.074  0.97   0.81  -0.86
 -0.703  0.54   0.56  -1.016 -0.25  -0.008  0.61  -0.27   0.86   0.35
 -0.33  -0.29 ][-0.21   0.7   -0.4    0.7    0.77  -0.98   0.94  -0.42   0.58   0.55
  0.14   0.614 -0.44  -0.62  -0.62  -0.52   0.78   0.07  -0.32  -0.81
  0.83  -0.8    1.28   0.864  0.533  0.26   0.256  0.97   0.81  -0.86
 -0.11   0.54   0.913 -0.4   -0.25  -0.008  0.61  -0.27   0.86   0.35
 -0.33   0.54 ][-0.74   0.7   -0.4    0.7    0.77  -0.98   0.94  -0.42   0.58   0.55
  0.14   0.02  -0.44   0.38  -0.62  -0.52   1.358  0.07  -0.32  -0.81
  0.83  -0.8    0.82   0.81   0.6   -0.87   0.256  0.97   0.81  -0.86
 -0.703  0.54   0.913 -0.89  -0.25   0.34   0.61  -0.27   0.86   0.264
 -0.33   0.54 ][-0.21   0.7   -0.4    0.7    0.77  -1.92   0.94  -0.42   0.58   0.55
  0.61   0.614 -1.228  0.38  -0.62  -0.52   0.78   0.07  -0.32  -0.81
  0.83  -0.8    0.82   0.81   1.514 -0.87   0.074  0.97   0.81  -0.32
 -0.11   0.54   0.56  -0.89  -0.25   0.63   0.61  -0.27   0.86   0.35
 -0.33   0.54 ][-0.663  0.7   -0.4    0.7    0.53  -0.98   0.94  -0.42   0.58   0.55
  0.592  0.02  -0.44   0.38  -0.62  -0.52   0.78   0.07  -0.32  -0.153
  0.971 -0.8    0.82   0.81   0.6    0.26   0.04   0.97   0.81  -0.86
 -0.703  0.54   0.56  -0.09  -0.25   0.63   0.61  -0.27   0.86   0.35
 -0.33   0.54 ][-0.663  0.7   -0.4    0.7    0.53  -0.98   0.94  -0.42   0.58   0.55
  0.592  0.02  -0.44   0.38  -0.62  -0.52   0.78   0.07  -0.32  -0.81
 -0.68  -0.84   0.82   0.81   0.695 -0.87   0.074  0.97   0.81  -0.32
 -0.11   0.54  -0.261 -0.89  -0.25   0.63   0.61  -0.27   0.86   0.35
 -0.624  0.54 ][-0.74   0.7   -0.4    0.7    0.77  -0.39   0.94  -0.42   0.58   0.55
  0.14   0.02  -0.44   0.38  -0.62   0.284  1.358  0.83  -0.32  -0.81
  0.971 -0.8    0.82   0.81   0.6   -0.87   0.256  0.97   0.81  -0.86
 -0.703  0.54   0.56  -0.4   -0.25   0.34   0.61  -0.27   0.86   0.35
 -0.33  -0.29 ][-0.21   0.7   -0.4    0.7    0.77  -0.39   0.94  -0.069  0.58   0.55
  0.14   0.02  -0.134  0.38  -0.2   -0.1    0.78   0.83  -1.018 -0.81
  0.83  -0.84   0.82   0.81   0.695  0.26   0.256  0.97   0.81  -0.86
 -0.11   0.54   0.56  -0.4   -0.25   0.63   0.61  -0.27   0.86   0.424
 -0.624 -0.29 ][-0.21   0.7   -0.4    0.7    0.619 -1.539  0.94  -0.42   0.58   0.55
  0.14   0.02  -0.134  0.38  -0.62  -0.52   0.78   0.83  -0.32  -0.81
 -0.68  -0.8    0.82   0.81   0.6   -0.87   0.256  0.97   0.81  -0.86
 -0.11   0.54   0.56  -0.09  -0.25   0.34   0.373 -0.27   0.86   0.35
 -0.33  -0.29 ][-0.21   0.7   -0.4    0.7    0.77  -0.98   0.94  -0.42   0.58   0.55
  0.61   0.614 -0.44   0.234 -0.62  -0.52   0.78   0.83  -0.32  -0.81
  0.83  -0.84   1.388  0.81   0.6   -0.87   0.074  0.97   0.81  -0.86
 -0.703  0.54   0.913 -0.89  -0.25   0.63   0.61  -0.27   0.86   0.35
 -0.33   0.54 ][-0.663  0.7   -0.4    0.7    0.53  -0.98   0.94  -0.42   0.58   0.55
  0.592  0.02  -0.44  -0.62  -0.588 -0.1    0.78   0.07  -0.32  -0.81
 -0.68  -0.8    0.82   0.81   0.6   -0.87   0.04   0.97   0.81  -0.32
 -0.11   0.54   0.56  -0.09  -0.25   0.34   0.61  -0.27   0.86   0.35
 -0.33   0.54 ][-0.21   0.7   -0.4    0.7    0.77  -0.98   0.94  -0.42   0.58   0.55
  0.14   0.02  -1.063 -0.62  -0.62  -0.1    0.78   0.07  -0.989 -0.81
  0.971 -0.8    0.82   0.864  0.695  0.26   0.04   0.97   0.25  -0.86
 -0.11   0.54   0.56  -0.4   -0.25   0.63   0.61  -0.27   0.86   0.424
 -0.624  0.54 ][-0.74   0.7   -0.4    0.7    0.77  -0.98   0.94  -0.42   0.58   0.55
 -0.105  0.02  -0.44   0.38  -0.62  -0.52   1.358  0.83  -1.018 -0.81
  0.971 -0.8    0.82   0.81   0.6    0.26   0.256  0.97   0.81  -0.86
 -0.703  0.54   0.56  -0.4   -0.25   0.34   0.61  -0.27   0.86   0.35
 -0.33  -0.29 ][-0.74   0.7   -0.4    0.7    0.77  -1.086  0.94  -0.42   0.58   0.55
  0.14   0.02  -0.44   0.38  -0.62  -0.52   0.78   0.83  -1.018 -0.81
  0.971 -0.8    0.82   0.81   0.6    0.26   0.256  0.97   0.81  -0.86
 -0.11   0.54   0.56  -0.4   -0.25   0.34   0.61  -0.27   0.86   0.35
 -0.33  -0.29 ][-0.74   0.7   -0.4    0.7    0.53  -1.92   0.94  -0.42   0.58   0.55
  0.14   0.841 -0.44   0.38  -0.62  -0.52   0.78   0.07  -0.32  -0.81
  0.971 -0.8    0.82   0.81   1.514 -0.87   0.04   0.97   1.154 -0.32
 -0.11   0.54   0.56  -0.09  -0.25   0.34   0.61  -0.27   0.86   0.35
 -0.624  0.54 ][-0.424  0.7   -0.4    0.7    0.77  -0.98   0.94  -0.42   0.58   0.55
  0.14   0.02  -0.44  -0.62  -0.62  -0.1   -0.002  0.83  -0.32  -0.81
  0.83  -0.8    0.82   0.864  0.533  0.26   0.256  0.97   0.81  -0.86
 -0.11   0.54   0.56  -0.4   -0.25   0.63   0.61  -0.27   0.86   0.35
 -0.33   0.54 ][-0.663  0.7   -0.4    0.7    1.326 -1.92   0.94  -0.42   0.58   0.55
  0.61   0.841 -0.134  0.38  -1.121 -1.358  0.78   0.07  -0.32  -0.81
  0.83  -0.84   0.82   0.81   1.514 -0.87   0.04   0.97   0.81  -0.32
 -0.11   0.916  0.56  -0.09  -0.25   0.63   0.61  -0.27   0.86   0.35
 -0.33   0.54 ]