[-0.74   0.7   -0.4    0.7    0.77  -0.98   0.636 -0.42   0.58   0.55
  0.14   0.02  -0.44  -0.62  -0.62  -0.1    0.78  -0.39  -0.32  -0.81
  0.83  -0.8    0.82  -0.43  -0.32   0.26   0.04   0.97   0.81  -0.86
 -0.11   0.54   0.58  -0.4   -0.25   0.34   0.61  -0.27   0.86   0.35
 -0.33   0.54 ][-0.21   0.7   -0.9    0.7    0.77  -0.39   0.94  -0.42   0.58   0.55
  0.14   0.02   0.05  -0.62  -0.2   -0.1    0.78   0.83  -0.32  -0.72
 -0.68  -0.84   0.82   0.81   0.6   -0.87   0.04   0.97   0.81  -0.86
 -0.11   0.54   0.56  -0.4   -0.25  -0.47   0.61  -0.889  0.86   0.35
 -0.33  -0.29 ][-0.663  0.7   -0.4    0.7    0.53  -0.39   0.94  -0.42   0.58   0.55
  0.61   0.8   -0.44  -0.62  -0.2   -0.52   0.78   0.07  -0.32   0.59
 -0.68   0.81   0.82   0.81   0.6   -0.87   0.074  0.97   0.81  -0.32
 -0.11   0.54   0.56  -0.89  -0.25   0.63   0.61  -0.27   0.86  -0.483
 -0.624  0.54 ][-0.21   0.7   -0.9    0.7    0.77  -0.98   0.636 -0.42   0.58   0.55
  0.14   0.02  -0.44  -0.62  -0.2   -0.1    0.78  -0.39  -0.32  -0.72
  0.83  -0.572  0.82   0.81   0.6    0.26   0.074  0.97   0.81  -0.86
 -0.11   0.54   0.58  -0.4   -0.25  -0.47   0.61  -0.27   0.86   0.35
  0.8    0.54 ][-0.74   0.7   -0.9    0.7    0.77  -0.954  0.94  -0.42  -0.43   0.55
  0.14   0.02  -0.44  -0.62  -0.2   -0.52   0.25   0.83  -0.32  -0.72
 -0.68  -0.84   0.08   0.81   0.6   -0.87   0.04   0.97   0.81  -0.86
 -0.11   0.54   0.58  -0.09  -0.25  -0.47   0.61  -0.27   0.86   0.35
 -0.33   0.54 ][-0.21   0.7   -0.4    0.7    0.53  -0.39   0.94  -0.42   0.58   0.55
  0.14   0.02  -0.44   0.38  -0.2   -0.52   0.78   0.83  -0.32  -0.81
  0.83  -0.84   0.82   0.81   0.6   -0.87   0.256  0.97   0.81  -0.86
 -0.11   0.916  0.56  -0.4   -0.25   0.34   0.61  -0.27   0.86   0.35
 -0.33   0.54 ][-0.74   0.7   -0.4    0.7    0.77  -0.98   0.94  -0.42   0.58   0.55
  0.14   0.8   -0.44   0.38  -0.2   -0.52   0.78   0.848 -0.32  -0.72
  0.83  -0.84   0.82   0.81   0.6    0.26   0.04   0.97   0.25  -0.2
 -0.11   0.54   0.56  -0.09  -0.25  -0.47   0.61  -0.27   0.86   0.35
  0.8   -0.29 ][-0.74   0.7   -0.9    0.7    0.77  -0.954  0.94  -0.42   0.58   0.55
  0.14   0.02  -0.44  -0.62  -0.2   -0.52   0.78   0.83   0.216 -0.72
 -0.68  -0.84   0.08   0.81   0.6   -0.87   0.04   0.97   0.81  -0.86
 -0.11   0.54   0.56  -0.09  -0.25  -0.47   0.61  -0.27   0.86   0.35
  0.8    0.54 ][-0.74   0.7   -0.4    0.7    0.77  -0.954  0.94  -0.42   0.58   0.55
  0.14   0.8   -0.44  -0.62  -0.2   -0.52   0.78   0.83  -0.32  -0.81
  0.83  -0.84   0.82   0.81   0.6   -0.87   0.256  0.97   0.81  -0.86
 -0.11   0.54   0.56  -0.4   -0.379  0.34   0.61  -0.27   0.86   0.35
 -0.33   0.54 ][-0.74   0.7   -0.4    0.7    0.77  -0.98   0.94  -0.42   0.58   0.55
  0.14   0.02  -0.44  -0.62  -0.62  -0.52   0.78  -0.39  -0.32  -0.72
  0.971 -0.8    0.82  -0.43  -0.32  -0.87   0.074  0.97   0.81  -0.86
 -0.11   0.54   0.56  -0.4   -0.25  -0.47   0.61  -0.27   0.86   0.35
 -0.33   0.54 ][-0.21   0.7   -0.9    0.7    1.364 -0.39   0.94  -0.42   0.58   0.55
  0.14   0.8   -0.134  0.38  -0.62  -0.1    0.78   0.83  -0.32  -0.81
  0.83  -0.8    0.82   0.81   0.6   -0.87   0.256  0.97   0.25  -0.86
 -0.11   0.54   0.56  -0.4   -0.25   0.34   0.61  -0.27   0.86   0.35
 -0.33  -0.29 ][-0.21  -0.76  -0.9    0.89   0.51  -0.39  -0.52   0.15  -0.43  -0.869
  0.61   0.27   0.55   0.8   -0.2   -0.52   0.82   0.07  -0.98   0.59
 -1.     0.81   0.82   0.81   0.6   -0.87   0.65  -0.59  -0.87  -0.32
 -0.11  -0.82   0.56  -0.89   0.16   0.63   0.84   0.26   0.86  -0.01
  0.8    0.54 ][-0.74   0.7   -0.9    0.7    0.53  -0.954  0.94  -0.42   0.58   0.55
  0.14   0.8   -0.44   0.38  -0.2   -0.1    0.78   0.83  -0.32  -0.81
  0.83  -0.84   0.08   0.81   0.6   -0.87   0.04   0.97   0.25  -0.86
 -0.11   0.54   0.56  -0.09  -0.25  -0.47   0.61  -0.27   0.86   1.07
  0.8    0.54 ][-0.74   0.7   -0.4    0.7    0.53  -0.98   0.94  -0.42   0.58   0.55
  0.14   0.8   -0.44   0.38  -0.62  -0.1    0.78   0.83  -0.32  -0.81
  0.83  -0.8    0.82   0.81   0.6    0.26   0.256  0.97   0.25  -0.2
 -0.11   0.54   0.56  -0.4   -0.25   0.34   0.61  -0.27   0.86   0.35
 -0.33  -0.29 ][-0.21   0.7   -0.9    0.7    0.53  -0.39   0.94  -0.42   0.58   0.55
  0.14   0.8   -0.44  -0.62  -0.2   -0.1    0.78   0.83  -0.32  -0.72
 -0.68  -0.8    0.82   0.81   0.6   -0.87   0.256  0.97   0.81  -0.86
 -0.11   0.899  0.56  -0.4   -0.25  -0.47   0.61  -0.27   0.86   0.35
 -0.33  -0.29 ][-0.74   0.7   -0.9    0.7    0.53  -0.709  0.94  -0.42   0.58   0.55
  0.14   0.8   -0.44  -0.62  -0.2   -0.1    0.78   0.83  -0.32  -0.81
 -0.68  -0.84   0.82   0.81   0.6   -0.87   0.256  0.97   0.25  -0.86
 -0.11   0.54   0.56  -0.4   -0.25   0.34   0.61  -0.889  0.86   0.35
 -0.624  0.54 ][-0.74   0.7   -0.9    0.7    0.77  -0.39   0.94  -0.42   0.58   0.55
  0.14   0.02  -0.44  -0.62  -0.2   -0.52   0.78   0.83  -0.32  -0.72
 -0.68  -0.84   0.82   0.81   0.6   -0.87   0.04   0.97   0.81  -0.86
 -0.11   0.54   0.56  -0.4   -0.25  -0.47   0.61  -0.27   0.86   0.35
  0.8    0.696][-0.21   0.7   -0.9    0.7    0.77  -0.39   0.636 -0.42   0.58   0.55
 -0.729  0.02  -0.44  -0.62  -0.62  -0.1    0.78  -0.39  -0.32  -0.81
 -0.68  -0.8    0.82   0.81   0.6    0.26   0.074  0.97   0.81  -0.86
 -0.11   0.54   0.56  -0.4   -0.25  -0.47   0.61  -0.27   0.86   0.35
  0.8    0.54 ][-0.21   0.7   -0.9    0.7    0.77  -0.39   0.94  -0.42   0.58   0.55
  0.14   0.02  -0.44  -0.62  -0.2   -0.52   0.78   0.83  -0.32  -0.72
 -0.68  -0.84   0.82   0.81   0.6   -0.87   0.074  0.97   0.81  -0.86
 -0.11   0.54   0.56  -0.4   -0.25  -0.47   0.61  -0.27   0.86   0.35
  0.8    0.54 ][-0.21   0.7   -0.9    0.7    0.53  -0.39   0.94  -0.42   0.58   0.55
  0.14   0.8   -0.44  -0.62  -0.2   -0.1    0.78   0.83  -0.32  -0.81
 -0.68  -0.8    0.82   0.81   0.6   -0.87   0.256  0.97   0.25  -0.86
 -0.11   0.54   0.56  -0.4   -0.25   0.34   0.61  -0.889  0.86   0.35
 -0.33  -0.29 ][-0.663  0.7   -0.4    0.7    0.77  -0.39   0.636 -0.42   0.58   0.55
  0.14   0.8   -0.44  -0.62  -0.2   -0.52   0.78   0.07  -0.32  -0.81
  0.83  -0.8    0.82  -0.43   0.6   -0.87   0.074  0.97   0.81  -0.86
 -0.11   0.54   0.58  -0.482 -0.25   0.34   0.61  -0.27   0.86   0.35
 -0.33   0.54 ][-0.663  0.7   -0.4    0.7    0.53  -0.954  0.94  -0.42   0.58   0.55
  0.61   0.02  -0.44  -0.62  -0.2   -0.52   0.25   0.83  -0.815  0.59
 -0.68   0.81   0.82   0.81   0.6   -0.87   0.074  0.97   0.81  -0.86
 -0.11   0.54   0.58  -0.09  -0.25  -0.47   0.61  -0.27   0.86  -0.483
 -0.624  0.54 ][-0.21   0.7   -0.9    0.7    0.77  -0.954  0.94  -0.42  -0.43   0.55
  0.14   0.02  -0.44  -0.62  -0.2   -0.52   0.78   0.83  -0.32  -0.72
 -0.68  -0.84   0.08   0.81   0.6   -0.87   0.04   0.97   0.81  -0.86
 -0.11   0.54   0.58  -0.09  -0.25  -0.47   1.59  -0.27   0.86   0.35
 -0.33   0.54 ][-0.663  0.7   -0.9    0.7    0.77  -0.39   0.94  -0.42   0.58   0.55
  0.14   0.8    0.05  -0.62  -1.121 -0.1    0.78   0.07  -0.32  -0.72
 -0.68  -0.84   0.82   0.81   0.6   -0.87   0.04   0.97   0.81  -0.86
 -0.11   0.54   0.56  -0.4   -0.25  -0.47   0.61  -0.889  0.86   0.35
 -0.624  0.54 ][-0.74   0.7   -0.9    0.7    0.77  -0.954  0.94  -0.42  -0.249  0.55
  0.14   0.02  -0.44  -0.62  -0.2   -0.52   0.25   0.83  -0.32  -0.81
 -0.68  -0.8    0.82   0.81   0.6   -0.87   0.04   0.97   0.25  -0.86
 -0.11   0.54   0.56  -0.09  -0.25  -0.47   0.61  -0.889  0.86   0.35
 -0.33  -0.29 ][-0.21   0.7   -0.4    0.952  0.53  -0.39   0.94  -0.42   0.58   0.55
  0.14   0.02  -0.44   0.38  -0.2   -0.52   0.78   0.83  -0.32  -0.81
 -0.68  -0.8    0.82   0.81   0.6   -0.87   0.256  0.97   0.81  -0.86
 -0.11   0.916  0.56  -0.4   -0.25   0.34   0.61  -0.27   0.86   0.35
 -0.33  -0.29 ][-0.21   0.7   -0.9    0.7    0.77   0.5    0.94  -0.42   0.58   0.55
  0.14   0.8    0.05  -0.62  -0.2   -0.1    0.78   0.83  -0.32  -0.72
 -0.68  -0.84   0.82   0.81   0.6   -0.87   0.04   0.97   0.81  -0.86
 -0.11   0.54   0.56  -0.4   -0.25  -0.47   0.61  -0.889  0.86   0.35
 -0.33  -0.29 ][-0.21   0.7   -0.4    0.7    0.77  -0.98   0.94  -0.42   0.58   0.55
  0.14   0.8   -0.134 -0.62  -0.62  -0.1    0.78  -0.39  -0.32  -0.81
  0.83  -0.257  0.82  -0.43   0.6   -0.87   0.256  0.97   0.25  -0.86
 -0.11   0.54   0.58  -0.4   -0.25   0.34   0.61  -0.27   0.86   0.35
 -0.33   0.54 ][-0.74   0.7   -0.9    0.7    0.77  -0.954  0.94  -0.42  -0.43   0.55
  0.14   0.02  -0.44  -0.62  -0.62  -0.52   0.78  -0.39  -0.32  -0.81
 -0.68  -0.8    0.82   0.81  -0.32   0.26   0.04   0.97   0.81  -0.86
  0.53   0.54   0.58  -0.4   -0.25   0.34   0.61  -0.27   0.86   0.35
 -0.33   0.54 ][-0.21   0.7   -0.9    0.7    0.53  -0.39   0.94  -0.42   0.58   0.55
  0.14   0.02  -0.44  -0.62  -0.2   -0.1    0.78   0.83  -0.32  -0.657
 -0.68  -0.84   0.82   0.81   0.6   -0.87   0.04   0.97   0.81  -0.86
 -0.11   0.54   0.56  -0.4   -0.25  -0.47   0.61  -0.889  0.86   0.35
 -0.33  -0.29 ][-0.21   0.7   -0.4    0.7    0.53  -0.39   0.94  -0.42   0.58   0.55
  0.14   0.8   -0.44  -0.62  -0.2   -0.52   0.78   0.83  -0.32  -0.81
 -0.68  -0.8    0.82   0.81   0.6   -1.705  0.256  0.97   0.81  -0.86
 -0.11   0.54   0.56  -0.89  -0.25   0.34   0.61  -0.889  0.86  -0.483
 -0.33   0.54 ][-0.21   0.7   -0.9    0.7    0.53  -0.39   0.94  -0.42   0.58   0.55
  0.14   0.8   -0.44  -0.62  -0.2   -0.52   0.78   0.83  -0.32  -0.81
 -0.68  -0.84   0.82   0.81   0.6   -0.87   0.074  0.97   0.81  -0.86
 -0.11   0.54   0.56  -0.4    0.036 -0.47   0.61  -0.27   0.86   0.35
 -0.33   0.54 ][-0.21   0.7   -0.9    0.7    1.364 -0.98   1.3   -0.42   0.58   0.55
  0.14   0.02  -0.134 -0.62  -0.62  -0.1    0.78   0.83  -0.32  -0.81
  0.83  -0.8    0.82   0.81   0.6   -0.87   0.04   0.97   0.81  -0.86
 -0.11   0.54   0.56  -0.4   -0.25   0.34   0.61  -0.27   0.86   0.35
 -0.33  -0.29 ][-0.21   0.7   -0.4    0.7    0.53  -0.98   0.636 -0.42   0.58   0.55
  0.14   0.02  -0.44   0.534 -0.2   -0.52   0.78   0.83  -0.32  -0.81
  0.83  -0.572  0.82   0.81   0.6   -0.87   0.074  0.97   0.81  -0.86
 -0.11   0.54   0.56  -0.4   -0.25  -0.47   0.61  -0.27   0.86   0.35
  0.8    0.54 ][-0.74   0.7   -0.9    0.7    0.53  -0.709  0.94  -0.42   0.58   0.55
  0.14   0.8   -0.44  -0.62  -0.2   -0.1    0.78   0.83  -0.32  -0.81
 -0.68  -0.8    0.82   0.81   0.6   -0.87   0.256  0.97   0.25  -0.86
 -0.11   0.54   0.56  -0.4   -0.25   0.34   0.61  -0.889  0.86   0.35
 -1.605  0.54 ][-0.663  0.7   -0.4    0.7    0.77  -0.98   0.94  -0.42   0.58   0.55
  0.61   0.614 -0.44  -0.62  -0.62  -0.52   0.78   0.07  -0.32  -0.81
  0.83  -0.8    0.82   0.81   0.6   -0.87   0.074  0.97   0.81  -0.86
 -0.11   0.54   0.56  -0.89  -0.25   0.63   0.61  -0.27   0.86   0.35
 -0.624  0.54 ][-0.74   0.7   -0.4    0.7    0.53  -0.39   0.94  -0.42   0.58   0.55
  0.14   0.02  -0.44   0.38  -0.2   -0.52   0.25   0.83  -0.32  -0.72
  0.83  -0.84   0.08   0.81   1.514 -0.87   0.256  0.97   0.81  -0.86
 -0.11   0.916  0.58  -0.09  -0.25   0.34   0.61  -0.27   0.86   0.35
 -0.33   0.54 ][-0.21   0.7   -0.9    0.7    1.364 -0.39   0.94  -0.42   0.58   0.55
  0.61   0.8   -0.44   0.38  -0.2   -0.1    0.78   0.83  -0.32   0.59
  0.83  -0.8    0.82   0.81   0.6   -0.87   0.074  0.97   0.81  -0.86
 -0.11   0.54   0.56  -0.4   -0.25   0.63   0.61  -0.27   0.86   0.35
 -0.64   0.54 ][-0.74   0.7   -0.4    0.7    0.53  -0.39   0.94  -0.42   0.58   0.55
 -0.295  0.8   -0.44   0.38  -0.2   -0.52   0.78   0.848 -0.32  -0.72
  0.83  -0.84   0.82   0.81   0.6   -0.87   0.04   0.97   0.81  -0.86
 -0.11   0.916  0.56  -0.09  -0.25  -0.47   0.61  -0.27   0.86   0.35
 -0.33   0.54 ][-0.74   0.7   -0.9    0.7    0.77  -0.954  0.94  -0.42   0.58   0.55
  0.14   0.02  -0.44  -0.62  -0.2   -0.1    0.78   0.83   0.216 -0.81
  0.83  -0.8    0.82  -0.43  -0.32   0.26   0.04   0.97   0.81  -0.86
 -0.11   0.54   0.56  -0.4   -0.25   0.34   0.61  -0.27   1.544  0.35
 -0.33   0.54 ][-0.21   0.7   -0.4    0.7    0.77  -0.39   0.94  -0.42   0.58   0.55
  0.14   0.02  -0.44   0.38  -0.2   -0.52   0.78   0.83  -0.32  -0.72
  0.83  -0.84   0.82   0.81   0.6   -0.87   0.04   0.537  0.25  -0.2
 -0.11   0.916  0.56  -0.4   -0.25   0.34   0.61  -0.27   0.86   0.35
 -0.33   0.54 ][-0.74   0.7   -0.4    0.7    0.53  -0.954  0.94  -0.42   0.58   1.363
  0.14   0.8   -0.44   0.38  -0.2   -0.52   0.78   0.83  -0.32  -0.81
  0.83  -0.84   0.82   0.81   0.6   -0.87   0.256  0.97   0.81  -0.86
 -0.11   0.916  0.56  -0.4   -0.379  0.34   0.61  -0.27   0.86   0.35
 -0.33   0.54 ][-0.21   0.7   -0.4    0.7    0.53  -0.39   0.94  -0.42   0.58   0.55
  0.14   0.02  -0.44  -0.62  -0.2   -0.52   0.78   0.83  -0.32  -0.81
  0.83  -0.8    0.82   0.81   0.6   -0.87   0.256  0.97   0.81  -0.86
 -0.11   0.54   0.56  -0.4   -0.25   0.34   0.61  -0.889  0.873  0.35
 -0.33  -0.29 ][-0.21   0.927 -0.9    0.7    0.77  -0.39   0.94  -0.42   0.58   0.55
  0.14   0.8   -0.44  -0.62  -0.2   -0.1    0.78   0.83  -0.32  -0.81
 -0.68  -0.84   0.82   0.81   0.6    0.26   0.256  0.97   0.25  -0.86
 -0.11   0.54   0.56  -0.4   -0.25  -0.47   0.61  -0.889  0.86   0.35
 -0.33  -0.29 ][-0.21   0.7   -0.4    0.7    0.53  -0.39   0.94  -0.42   0.58   0.55
  0.61   0.02  -0.44   0.38  -0.2   -0.52   0.78   0.07  -0.32   0.59
  0.83   0.81   0.82   0.81   0.6   -0.239  0.256  0.97   0.81  -0.86
 -0.11   0.916  0.56  -0.4   -0.25   0.63   0.61  -0.27   0.86   0.35
 -0.33   0.54 ][-0.663  0.7   -0.4    0.7    0.77  -0.954  0.94  -0.42   0.58   0.55
  0.592  0.02  -0.44  -0.62  -0.2   -0.52   0.78   0.07  -0.32  -0.72
 -0.68   0.81   0.82   0.81   0.6   -0.87   0.04   0.97   0.81  -0.32
 -0.11   0.54   0.58  -0.09  -0.25   0.63   0.61  -0.27   0.86   0.35
 -0.624  0.54 ][-0.21   0.7   -0.4    0.7    0.77  -0.39   0.94  -0.42   0.58   1.18
  0.14   0.02   0.05   0.38  -0.2   -0.52   0.78   0.83  -0.32  -0.72
 -0.68  -0.84   0.82   0.81   0.6   -0.87   0.04   0.97   0.81  -0.86
 -0.11   0.54   0.56  -0.4   -0.25  -0.47   0.61  -0.889  0.86   0.35
 -0.33  -0.29 ][-0.21   0.7   -0.9    0.7    0.77  -0.39   0.94  -0.42   0.58   0.55
  0.14   0.8   -0.44  -0.62  -0.2   -0.52   0.78   0.848 -0.32  -0.72
 -0.68  -0.84   0.82   1.092  0.6   -0.87   0.04   0.97   0.25  -0.2
 -0.11   0.54   0.56  -0.4   -0.25  -0.47   0.61  -0.27   0.86   0.35
  0.8    0.54 ][-0.21   0.7   -0.9    0.89   0.77  -0.39  -0.52  -0.42   0.58  -0.869
  0.14   0.02   0.55  -0.62  -0.2   -0.1    0.78   0.07  -0.32  -0.72
 -0.761 -0.572  0.82   0.81   0.6    0.26   0.074  0.97  -0.87  -0.32
 -0.11   0.54   0.58  -0.89  -0.25  -0.47   0.84  -0.27   0.86  -0.01
  0.8    0.54 ][-0.663  0.7   -0.9    0.7    0.53  -0.98   0.94  -0.42   0.58   0.55
  0.14   0.8   -0.44  -0.62  -0.2   -0.52   0.78  -0.39  -0.32   0.59
 -0.68  -0.572  0.82   0.81   0.6    0.26   0.074  0.97   0.81  -0.32
 -0.11   0.54   0.56  -0.89  -0.25  -0.47   0.61  -0.27   0.86  -0.483
  0.77   0.54 ][-0.74   0.7   -0.9    0.7    1.351 -0.954  0.636 -0.42   0.58   0.55
  0.14   0.02  -0.44  -0.62  -0.2   -0.52   0.78   0.83   0.216 -0.72
  0.83  -0.84   0.08   0.81   0.6   -0.87   0.074  0.97   0.81  -0.86
 -0.11   0.54   0.56  -0.09  -0.25  -0.47   0.61  -0.27   0.86   0.35
  0.8    0.54 ][-0.21   0.478 -0.4    0.7    0.77  -0.98   0.636 -0.42   0.58   0.55
  0.14   0.02  -0.44  -0.62  -0.2   -0.1    0.78  -0.39  -0.32  -0.72
  0.83  -0.572  0.82   0.81  -0.32   0.26   0.074  0.97   0.81  -0.86
 -0.11   0.54   0.58  -0.4   -0.25   0.34   0.61  -0.27   0.86   0.35
 -0.33   0.54 ][-0.21   0.7   -0.9    0.7    0.77  -0.98   0.94  -0.42   0.58   0.55
  0.14   0.02  -0.44  -0.62  -0.2   -0.1    0.78  -0.39  -0.32  -0.72
  0.692 -0.8    0.82   0.81   0.6    0.26   0.074  0.97   0.81  -0.86
 -0.11   0.54   0.56  -0.4   -0.25   0.34   0.61  -0.27   0.86   0.35
 -0.33   0.54 ][-0.74   0.7   -0.4    0.7    0.77  -1.539  0.94  -0.42   0.58   0.55
  0.14   0.02  -0.44  -0.62  -0.62  -0.52   0.78  -0.39  -0.32  -0.81
  0.971 -0.8    0.82  -0.43  -0.32   0.26   0.04   0.97   0.81  -0.86
 -0.11   0.54   0.56  -0.4   -0.25   0.34   0.61  -0.27   0.86   0.35
 -0.33   0.54 ][-0.74   0.7   -0.4    0.7    0.77  -0.98   0.94  -0.42   0.58  -0.278
  0.14   0.8   -0.44   0.38  -0.2   -0.52   0.78   0.848 -0.32  -0.81
  0.83  -0.84   0.82   0.81   0.6   -0.87   0.256  0.97   0.25  -0.2
 -0.11   0.54   0.56  -0.4   -0.25   0.34   0.61  -0.889  0.86   0.35
 -0.624 -0.29 ][-0.21   0.7   -0.9    0.7    0.53  -0.39   0.94  -0.42   0.58   0.55
  0.14   0.8    0.05  -0.62  -0.2   -0.52   0.78   0.07  -0.32   0.59
 -0.68   0.81   0.82   0.81   0.6   -0.87   0.074  0.97   0.81  -0.86
 -0.11   0.54   0.56  -0.4   -0.25  -1.418  0.61  -0.27   0.86  -0.483
 -0.624 -0.29 ][-0.74   0.7   -0.9    0.7    0.77  -0.954  0.94  -0.42  -0.43   0.55
  0.14   0.8   -0.44  -0.62  -0.2   -0.1    0.25   0.83  -0.32  -0.72
 -0.68  -0.8    0.82   0.81   0.6   -0.87   0.04   0.97   0.25  -0.86
 -0.11   0.54   0.58   0.557 -0.25  -0.47   0.61  -0.889  0.86   0.35
 -0.33   0.54 ][-0.21  0.7  -0.4   0.7   0.77 -0.39  0.94 -0.42  0.58  0.55  0.14  0.02
 -0.44 -0.62 -0.2  -0.1   0.78  0.83 -0.32 -0.72  0.83 -0.84  0.82  1.67
  0.6  -0.87  0.04  0.97  0.81 -0.86 -0.11  0.54  0.56 -0.4  -0.25 -0.47
  0.61 -0.27  0.86  0.35 -0.33  0.54][-0.74   0.7   -0.4    0.7    0.77  -0.954  0.636 -0.42  -0.43   0.55
  0.14   0.02  -0.44  -0.62  -0.62  -0.52   0.78  -0.39  -0.32  -0.81
  0.83  -0.84   0.08  -0.43  -0.32  -0.87   0.04   0.97   0.81  -0.86
 -0.11   0.54   0.58  -0.09  -0.25  -0.133  0.61  -0.27   0.86   0.35
 -0.33   0.54 ][-0.21   0.7   -0.4    0.7    0.77  -0.39   0.94  -0.42   0.58   0.55
  0.14   0.02  -0.44   0.38  -0.2   -0.52   0.78   0.83  -0.32  -0.81
  0.83  -0.84   0.82   0.864  0.6   -0.87   0.256  0.97   0.81  -0.86
 -0.11   0.54   0.56  -0.4   -0.25   0.34   0.61  -0.27   0.86   0.35
 -0.33   0.54 ][-0.21   0.7   -0.9    0.7    0.77  -0.39   0.94  -0.42   0.58   0.55
  0.14   0.02  -0.44  -0.62  -0.2   -0.1    0.78  -0.317 -0.32  -0.72
  0.83  -0.84   0.82   0.81   0.6    0.26   0.04   0.97   0.81  -0.86
 -0.11   0.54   0.58  -0.4   -0.25  -0.47   0.61  -0.27   0.86   0.35
  0.8    0.54 ][-0.74   0.7   -0.4    0.7    0.77  -0.98   0.94  -0.42   0.58   0.55
  0.14   0.02  -0.44   0.38  -0.2   -0.52   0.34  -0.39  -0.32  -0.72
  0.83  -0.8    0.82   0.81  -0.32   0.26   0.074  0.97   0.25  -0.2
 -0.11   0.54   0.56  -0.09  -0.25  -0.47   0.61  -0.27   0.86   0.35
  0.8    0.54 ][-0.74   0.7   -0.9    0.7    0.77  -0.39   0.94  -0.42   0.58   0.55
  0.14   0.02   0.05  -0.62  -0.2   -0.52   0.25   0.83  -0.32  -0.72
 -0.68  -0.84   0.82   0.81   0.6   -0.87   0.04   0.97   0.81  -0.86
 -0.11   0.54   0.58  -0.09  -0.25  -0.47   0.61  -0.889  0.86   0.35
 -0.273 -0.29 ][-0.21   0.7   -0.9    0.7    0.77  -0.98   0.636 -0.42   0.58   0.55
  0.14   0.02  -0.44  -0.62  -0.2   -0.1    0.78   0.83  -0.32  -0.72
  0.83  -0.84   0.82   0.81   0.6    0.26   0.074  0.97   0.81  -0.86
 -0.11   0.54   0.56  -0.4   -0.25  -0.47   0.61  -0.27   0.86   0.35
  0.8    0.111][-0.74   0.7   -0.9    0.7    0.77  -0.98   0.94  -0.42   0.58   0.55
  0.14   0.02   0.05   0.38  -0.2   -0.1    0.476  0.83  -0.32  -0.72
  0.83  -0.84   0.82   0.81   0.6    0.26   0.04   0.97   0.81  -0.86
 -0.11   0.54   0.56  -0.09  -0.25  -0.47   0.61  -0.889  0.86   0.35
  0.8   -0.29 ][-0.663  0.7   -0.4    0.7    0.53  -0.98   0.94  -0.42   0.58   0.55
  0.14   0.8   -0.44  -0.62  -0.2   -0.52   0.78   0.848 -0.32   0.59
  0.83   0.81   0.82   0.338  0.6   -0.87   0.04   0.97   0.25  -0.32
 -0.11   0.54   0.56  -0.89  -0.25  -0.47   0.61  -0.27   0.86   0.35
 -0.624  0.54 ][-0.21   0.7   -0.9    0.7    0.77  -0.39   0.636 -0.42   0.58   0.55
  0.14   0.02  -0.44  -0.62  -0.2   -0.1    0.78   0.327 -0.32  -0.81
  0.83  -0.572  0.82   0.81   0.6   -0.87   0.074  0.97   0.81  -0.86
 -0.11   0.916  0.56  -0.4   -0.25  -0.47   0.61  -0.27   0.86   0.35
  0.8    0.54 ][-0.74   0.7   -0.4    0.7    0.77  -0.98   0.94  -0.42   0.58   0.55
  0.14   0.8   -0.44  -0.62  -0.62  -0.1    0.78   0.848 -0.32  -0.81
  0.83  -0.8    0.82  -0.43   0.6    0.26   0.04   0.97   0.25  -0.2
 -0.11   0.54   0.56  -0.4   -0.25  -0.47  -0.079 -0.27   0.86   0.35
  0.8    0.54 ][-0.74   0.7   -0.9    0.7    0.77  -0.954  0.94  -0.42   0.58   0.55
  0.14   0.8   -0.44  -0.62  -0.2   -0.52   0.78   0.83   0.216 -0.72
  0.83  -0.84   0.08   0.81   0.6   -0.87   0.256  0.97   0.81  -0.86
 -0.11   0.54   0.56  -0.09  -0.25  -0.47   0.61  -0.27   0.86   0.35
  0.8    1.245][-0.74   0.7   -0.9    0.7    0.77  -0.954  0.636 -0.42  -1.208  0.55
  0.14   0.02  -0.44  -0.62  -0.2   -0.52   0.25  -0.39  -0.32  -0.72
  0.83  -0.8    0.82  -0.43   0.6   -0.87   0.04   0.97   0.81  -0.86
 -0.11   0.54   0.58  -0.4   -0.25  -0.47   0.61  -0.27   0.86   0.35
 -0.33   0.54 ][-0.74   0.7   -0.4    0.7    0.77  -0.98   0.636 -0.42   0.58   0.55
  0.14   0.02   0.05  -0.62  -0.62  -0.1    0.78   0.83  -0.32  -0.72
 -0.68  -0.8    0.82   0.81   0.6   -0.87   0.04   0.97   0.81  -0.86
  0.23   0.54   0.56  -0.4   -0.25   0.34   0.61  -0.889  0.86   0.35
 -0.33   0.54 ][-0.21   0.7   -0.9    0.7    0.77  -0.954  0.94  -0.42   0.58   0.55
  0.14   0.02  -0.44  -0.62  -0.2   -0.52   0.78   0.83  -0.32  -0.213
 -0.68  -0.84   0.08   0.81   0.6   -0.87   0.04   0.97   0.25  -0.86
 -0.11   0.54   0.56  -0.4   -0.25   0.34   0.61  -0.27   0.86   0.35
 -0.33   0.54 ][-0.21   0.7   -0.4    0.7    0.53  -0.39   0.94  -0.42   0.58   0.55
  0.14   0.8   -0.44   0.38  -0.2   -0.52   0.78   0.83  -0.32  -0.81
  0.926 -0.8    0.82   0.81   0.6   -0.87   0.256  0.97   0.81  -0.86
 -0.11   0.916  0.56  -0.4   -0.25   0.34   0.61  -0.27   0.86   0.35
 -0.33  -0.29 ][-0.74   0.7   -0.4    0.7    0.77  -0.954  0.94  -0.42   0.58   0.55
  0.14   0.8   -0.44  -0.62  -0.2   -0.52   0.78   0.83  -0.32  -0.72
  0.83  -0.84   0.82   0.81   0.6   -0.87   0.256  0.97   0.81  -0.86
 -0.11  -0.408  0.56  -0.4   -0.25   0.34   0.61  -0.27   0.86   0.35
 -0.33   0.54 ][-0.74   0.7   -0.4    0.7    0.53  -0.954  0.94  -0.42   0.58   1.013
  0.14   0.8   -0.44  -0.62  -0.2   -0.1    0.78   0.83  -0.32  -0.81
 -0.68  -0.8    0.82   0.81   0.6   -0.87   0.256  0.97   0.81  -0.86
 -0.11   0.54   0.56  -0.4   -0.379 -0.47   0.61  -0.27   0.86   0.35
 -0.33  -0.29 ]