[-0.21   1.012 -0.4    0.7    0.93  -1.45   1.24  -0.42   1.199  0.296
  0.14   0.614 -0.44   0.161  0.212 -0.1    0.699 -0.123 -0.321 -0.788
  1.262 -1.636  1.109  0.253  1.144  0.094 -0.632  0.97   0.81  -0.17
 -0.178  1.249  0.913 -0.09  -0.25   0.941  0.564 -0.27   0.86   0.395
 -0.33   0.54 ][-0.21   0.7   -0.4    0.7    0.77  -0.98   1.78  -0.42   0.142 -0.253
  0.14   0.614 -0.44   0.38  -0.085 -0.1   -1.056  0.83   0.647 -1.528
  0.83  -1.636  0.808  0.253  1.144  0.586 -0.385  0.966  0.81  -0.291
 -1.393  1.249  0.871  0.009 -0.25   0.941  0.564 -0.27   0.86   0.35
 -0.33   0.54 ][-0.21   1.012 -0.4    0.7    0.93  -1.45   1.78  -0.42  -0.062 -0.253
  0.14   0.614 -0.44   0.161 -0.085 -0.1   -1.056 -0.123  0.647 -0.81
  0.418 -1.636  0.808  0.253  1.144  0.545 -0.385  0.97   0.81  -0.86
 -1.393  1.249  0.871 -0.09  -0.25   0.941  0.564 -0.27   0.86   0.35
 -0.33   0.54 ][-0.21   0.7   -0.4    0.7    0.93  -1.45   1.78  -0.42  -0.062  0.037
  0.14   0.614 -0.44   0.161  0.212 -0.1    0.089 -0.123  0.647 -0.81
  0.418 -1.636  0.808  0.253  0.6    0.057 -0.385  0.97   0.81  -1.741
 -1.393  1.249  0.913 -0.09  -0.25   0.941  0.564 -0.27   0.86   0.35
  0.106 -0.426][-0.21   1.012 -0.4    0.7    0.93  -0.98   1.24  -0.42  -0.062 -0.253
  0.14   0.614 -0.44   0.38   0.212 -0.1    0.699 -0.123  0.088 -1.528
  0.83  -1.636  0.808  0.253  1.144  0.91  -0.632  0.97   0.81  -0.86
 -0.178  1.685  0.606 -0.09  -0.25   0.941  0.564 -0.276  0.86   0.35
 -0.33   0.54 ][-0.21   1.012 -0.4    0.7    0.93  -0.809  1.24  -0.42   1.199  0.296
  0.14   0.614 -0.44   0.38   0.212 -0.1   -1.056 -0.123 -0.321 -1.528
  1.262 -1.636  0.808  0.281  1.144  0.094 -0.632  0.97   0.81  -0.86
 -0.178  1.339  0.606 -0.09  -0.25   0.941  0.157 -0.27   0.86   0.35
 -0.33   0.54 ][-0.21   1.012 -0.4    0.7    0.93  -0.809  1.24  -0.42   0.142  0.296
  0.14   1.191 -0.44   0.161  0.212 -0.1   -1.056 -0.123  0.647 -0.81
  1.262 -1.636  1.116  0.253  1.144  0.057 -0.385  0.97   0.81  -0.86
 -0.785  1.339  0.606 -0.09   0.161  0.941  0.564 -0.27   0.86   0.35
 -0.33  -0.426][-0.21   1.012 -0.4    0.7    0.93  -0.98   1.78  -0.42   1.199  0.296
  0.789  0.614 -0.44   0.38  -0.112 -0.1   -1.056 -0.123  0.647 -1.528
  1.262 -1.636  0.808  0.253  1.144  0.094 -0.632  0.97   0.81  -0.86
 -0.178  1.339  0.606 -0.09  -0.25   0.941  0.564 -0.276  0.86   0.35
 -0.33   0.54 ][-0.21   0.7   -0.4    0.7    0.77  -1.45   1.031 -0.42  -0.062  0.296
  0.14   0.614 -0.44   0.161  0.212 -0.1   -1.056 -0.123  0.647 -0.81
  0.418 -1.636  1.109  0.253  0.6    0.057 -0.385  0.97   1.277 -0.86
 -0.178  1.249  0.606 -0.08  -0.47   0.941  0.564 -0.27   0.86   0.35
  0.106  0.54 ][-0.21   1.012 -0.4    0.7    0.93  -0.809  1.78  -0.42  -0.062  0.296
  0.14   1.191 -0.44   0.161  0.212 -0.1   -1.056 -0.123  0.647 -0.81
  1.262 -1.636  1.116  0.253  1.144  0.057 -0.385  0.97   0.81  -0.862
 -0.785  1.249  0.606 -0.09  -0.25   0.941  0.564 -0.27   0.86   0.35
 -0.33  -0.426][-0.21   0.197 -0.4    0.7    0.93  -0.98   1.78  -0.42  -0.062 -0.253
  0.14   0.614 -0.44   0.38  -0.085 -0.1    0.699 -0.123  0.088 -0.81
  0.83  -1.636  0.808  0.253  1.144  0.91  -0.632  0.97   0.81  -0.86
 -0.785  1.249  0.913 -0.09  -0.25   0.941  0.564 -0.276  0.86   0.35
 -0.33   0.54 ][-0.21   1.012 -0.4    0.7    0.93  -0.809  1.24  -0.42   0.142 -0.253
  0.14   0.614 -0.44   0.161  0.212 -0.1   -1.056  0.053  0.656 -0.81
  0.83  -1.636  0.808  0.253  1.144  0.057 -0.632  0.966  0.81  -0.291
 -0.785  1.249  0.606 -0.09  -0.25   0.941  0.564 -0.27   0.86   0.35
  0.106  0.54 ][-0.21   1.012 -0.4    0.7    0.77  -1.45   1.78  -0.42   1.199 -0.253
  0.14   0.614 -0.44   0.161  0.212 -0.1    0.699 -0.123  1.499 -0.81
  0.418 -1.636  1.753  0.253  0.6    0.057 -0.632  0.97   0.81  -0.86
 -1.393  1.249  0.863 -0.09  -0.25   0.941  0.564 -0.27   0.86   0.35
 -0.33   0.54 ][-0.21   1.012 -0.4    0.7    0.93  -1.45   1.78  -0.42   0.142  0.296
  0.789  0.614 -0.44   0.161  0.212 -0.1   -1.056 -0.123  0.647 -0.81
  0.418 -1.554  1.116  0.253  0.6    0.057 -0.385  0.97   0.81  -0.86
 -1.393  1.249  0.913  0.009 -0.25   0.941  0.564 -0.27   0.86   0.35
 -0.33   0.54 ][-0.21   0.7   -0.4    0.7    0.93  -1.45   1.78  -0.42   0.142  0.296
  0.789  0.614 -0.44   0.161  0.212 -0.1   -1.056 -0.123  0.647 -0.81
  0.781 -1.636  1.109  0.253  0.6    0.057 -0.632  0.97   0.81  -0.86
 -1.393  1.249  0.871  0.009 -0.25   0.941  0.564 -0.27   0.86   0.35
  0.106  0.54 ][-0.21   1.012 -0.4    0.7    0.93  -1.45   1.031 -0.42  -0.062  0.296
  0.741  0.614 -0.44   0.161  0.212 -0.1   -1.056 -0.123  0.647 -0.81
  0.83  -1.636  1.753  1.003  0.6    0.057 -0.632  0.97   1.277 -0.86
 -0.178  1.249  0.606 -0.08  -1.312  0.941  0.564 -0.27   0.86   0.35
 -0.33   0.54 ][-0.21   0.7   -0.4    0.7    0.77  -0.98   1.78  -0.42  -0.062  0.296
  0.14   0.614 -0.44   0.161  0.212 -0.1    0.089  0.83   0.088 -0.81
  0.418 -1.636  0.808  0.253  0.6    0.057 -0.385  0.97   0.81  -1.741
 -0.178  1.249  0.913 -0.08  -0.25   0.941  0.564 -0.27   0.86   0.35
  0.106  0.54 ][-0.21   0.7   -0.4    0.7    0.77  -0.809  1.24  -0.42  -0.062  1.002
  0.14   0.614 -0.44   0.38   0.212 -0.1    0.699  0.83   1.499 -0.847
  0.83  -1.636  1.753  0.253  0.6    0.057 -0.632  0.97   0.81  -0.86
 -0.785  1.249  0.606 -0.09  -0.25   0.941  0.564 -0.27   0.86   0.35
 -0.33   0.54 ][-0.21   1.012 -0.4    0.7    0.93  -0.809  1.24  -0.121 -0.062  0.296
  0.14   1.191 -0.44   0.161  0.212 -0.1   -1.056  0.053  0.647 -0.81
  1.262 -1.636  1.116  0.253  0.6    0.057 -0.385  0.97   0.81  -0.86
 -1.393  1.249  0.606 -0.09  -0.25   1.062  0.564 -0.27   0.86   0.35
 -0.33   0.54 ][-0.21   0.7   -0.4    0.7    0.77  -0.98   1.24  -0.121 -0.062  0.296
  0.14   1.191 -0.44   0.161  0.212 -0.1    0.089  0.83   0.647 -0.81
  0.418 -1.636  0.808  0.253  1.144 -0.233 -0.632  0.97   0.81  -1.741
 -0.785  1.249  0.913 -0.08  -0.25   0.941  0.564 -0.27   0.86   0.35
  0.106  0.54 ][-0.21   1.012 -0.4    0.7    0.93  -0.809  1.78  -0.42  -0.062 -0.253
  0.245  1.191 -0.44   0.161  0.212 -0.1   -1.056 -0.123  0.647 -0.81
  0.418 -1.636  1.116  0.253  1.144  0.057 -0.385  0.97   0.81  -0.86
 -0.785  1.249  0.606 -0.09   0.161  0.941  0.564 -0.27   0.86   0.35
 -0.33  -0.426][-0.21   1.012 -0.4    0.7    0.93  -0.809  1.78  -0.42   0.142  0.296
  0.14   0.614 -0.44   0.38   0.212 -0.1   -1.056 -0.123  0.647 -1.528
  1.262 -1.636  0.808  0.253  1.144  0.094 -0.632  0.97   0.81  -0.86
 -0.178  1.339  0.606  0.009 -0.25   0.941  0.157 -0.27   0.86   0.086
 -0.33   0.54 ][-0.683  1.012 -0.4    0.7    0.77  -0.809  1.24  -0.42  -0.062  0.296
  0.14   1.191 -0.44   0.161  0.212 -0.1   -1.056 -0.123  0.647 -0.81
  1.262 -1.636  0.808  0.253  1.144 -0.233 -0.632  0.97   0.81  -0.862
 -0.785  1.249  0.606 -0.08  -0.25   0.941  0.564 -0.27   0.86   0.35
 -0.33  -0.426][-0.21   0.7   -0.4    0.7    0.028 -1.45   1.78  -0.42  -0.062  0.037
  0.14   0.614 -0.44   0.38   0.212 -0.1    0.089 -0.123  0.647 -0.81
  0.418 -1.636  0.808  0.253  1.144  0.057 -0.385  0.966  0.81  -1.741
 -1.393  1.249  0.913 -0.09  -0.25   0.941  0.564 -0.27   0.86   0.35
  0.106  0.54 ][-0.21   0.7   -0.4    0.7    0.93  -0.98   1.155 -0.42  -0.062 -0.253
  0.14   0.614 -0.44   0.161 -0.085 -0.1   -1.056  0.83   0.647 -0.81
  0.418 -1.636  0.808  0.253  0.6    0.545 -0.385  0.97   0.81  -1.741
 -1.393  1.249  0.871 -0.09  -0.25   0.941  0.564 -0.27   0.86   0.35
 -0.33   0.54 ][-0.21   1.012 -0.4    0.7    0.93  -0.809  1.78  -0.42  -0.062  0.296
  0.14   0.614 -0.44   0.161  0.212 -0.1    0.699  0.83   0.647 -0.847
  1.262 -1.636  1.116  0.253  1.144  0.057 -0.632  0.97   0.81  -0.862
 -0.785  1.249  0.606  0.446 -0.25   0.941  0.564 -0.27   0.86   0.35
 -0.33   0.54 ][-0.21   0.197 -0.4    0.7    0.93  -0.98   1.78  -0.42  -0.062 -0.253
  0.789  0.614 -0.44   0.38  -0.112 -0.1    0.699 -0.123  0.088 -1.528
  1.262 -1.636  0.808  0.253  1.144  0.91  -0.632  0.97   0.81  -1.022
 -0.178  1.339  0.606 -0.09  -0.25   0.941  0.564 -0.276  0.86   0.35
 -0.33   0.54 ][-0.21   0.197 -0.4    0.7    0.77  -0.98   1.78  -0.42  -0.062 -0.253
  0.14   0.614 -0.44   0.38   0.212 -0.1    0.699  0.83   0.088 -0.81
  0.418 -1.636  0.808  0.253  1.144 -0.233 -0.632  0.97   0.81  -0.86
 -0.785  1.249  0.913 -0.08  -0.25   0.941  0.564 -0.27   0.86   0.35
  0.106  0.283][-0.21   1.012 -0.4    0.7    0.77  -0.809  1.24  -0.42  -0.062  0.296
  0.14   1.191 -0.44   0.161  0.212 -0.1    0.089 -0.123  0.647 -0.81
  1.262 -1.636  1.116  0.253  1.144 -0.233 -0.632  0.97   0.81  -1.741
 -0.785  1.249  0.606 -0.08  -0.25   0.941  1.252 -0.27   0.86   0.35
 -0.33   0.54 ][-0.21   0.7   -0.4    0.7    0.93  -1.45   1.24  -0.42   1.199  0.037
  0.14   0.614 -0.43   0.161  0.212 -0.1    0.089 -0.123 -0.321 -0.81
  0.418 -1.636  0.808  0.253  0.6    0.094 -0.385  0.97   0.81  -0.86
 -0.178  1.249  0.913 -0.09  -0.25   0.941  0.564 -0.27   0.86   0.35
 -0.33   0.54 ][-0.21   0.471 -0.4    0.7    0.93  -0.809  1.78  -0.42   0.142 -0.253
  0.14   0.614 -0.44   0.161 -0.085 -0.1   -1.056  0.053  0.656 -0.81
  0.83  -1.636  0.808  0.253  1.144  0.057 -0.632  0.966  0.81  -0.291
 -0.785  1.249  0.871  0.009 -0.25   0.941  0.564 -0.27   0.86   0.35
 -0.33   0.54 ][-0.21   1.012 -0.4    0.7    0.93  -0.809  1.24  -0.42   1.199  0.296
  0.14   0.614 -0.44   0.38  -0.112 -0.1   -1.056 -0.123 -0.321 -1.528
  1.262 -1.636  0.808  0.253  1.144  0.094 -0.632  0.97   0.81  -0.86
 -0.178  1.339  0.606 -0.09  -0.25   0.941  0.157 -0.27   1.294  0.35
 -0.33   0.54 ][-0.21   1.012 -0.4    0.7    0.93  -1.45   1.24  -0.42   1.199  0.296
  0.789  0.614 -0.44   0.161  0.212 -0.1   -1.056 -0.123 -0.321 -1.528
  0.418 -1.636  1.116  0.253  0.6    0.094 -0.632  0.97   0.81  -0.86
 -1.393  1.249  0.606  0.009 -0.25   0.941  0.564  0.224  0.86   0.35
 -0.33   0.54 ][-0.21   0.197 -0.4    0.7    0.77  -0.98   1.78  -0.42  -0.062 -0.253
  0.14   1.191 -0.44   0.38  -0.085 -0.1    0.089  0.83   0.088 -0.81
  0.83  -1.636  0.808  0.253  1.144  0.91  -0.632  0.97   0.81  -0.86
 -0.785  1.249  0.913 -0.08  -0.25   0.143  0.564 -0.276  0.86   0.35
 -0.33   0.54 ][-0.21   0.7   -0.4    0.7    0.93  -1.45   1.78  -0.42  -0.586  0.037
  0.789  0.614 -0.44   0.161  0.212 -0.1    0.089 -0.123  0.647 -0.81
  0.418 -1.636  1.109  0.253  0.6    0.057 -0.385  0.97   0.81  -0.86
 -1.393  1.249  0.913  0.009 -0.25   0.941  0.564 -0.27   0.86   0.35
  0.106 -0.426][-0.21   1.012 -0.4    0.7    0.93  -2.227  1.78  -0.42   1.199 -0.253
  0.14   0.614 -0.44   0.161 -0.085 -0.1   -1.056 -0.123  1.499 -0.81
  0.418 -1.636  1.753  0.253  0.6    0.545 -0.385  0.97   0.81  -0.86
 -1.393  1.249  0.863 -0.09  -0.25   0.941  0.564 -0.27   0.86   0.35
 -0.33   0.54 ][-0.21   0.7   -0.4    0.7    0.77  -0.98   1.24  -0.121 -0.062  0.296
  0.14   1.191 -0.44   0.036 -0.085 -0.1   -1.056  0.83   0.647 -1.528
  0.83  -1.636  0.808  0.253  1.144  0.586 -0.632  0.966  0.81  -0.291
 -0.785  1.249  0.913  0.009 -0.25   0.941  0.564 -0.27   0.86   0.35
  0.106  0.54 ][-0.21   0.7   -0.4    0.7    0.77  -0.98   1.24  -0.121 -0.062  0.296
  0.14   1.191 -0.44   0.161  0.212 -0.1    0.089 -0.123  0.647 -0.81
  0.418 -1.808  0.808  0.253  1.144 -0.233 -0.385  0.97   0.81  -1.741
 -0.178  1.249  0.606 -0.08  -0.25   0.941  0.564 -0.27   0.86   0.35
  0.106  0.54 ][-0.21   0.7   -0.4    0.7    0.77  -0.98   1.78  -0.42  -0.062 -0.253
  0.14   0.614 -0.44   0.161  0.212 -0.1    0.089  0.83   0.088 -1.528
  0.83  -1.636  0.808  0.253  0.6    0.057 -0.632  1.221  0.81  -0.86
 -0.178  1.249  0.606 -0.09  -0.25   0.941  0.564 -0.27   0.86   0.35
  0.106  0.54 ][-0.21   0.113 -0.4    0.7    0.93  -0.809  1.24  -0.42   0.142  0.296
  0.14   0.614 -0.44   0.38   0.212 -0.1   -1.056  0.053 -0.321 -0.81
  1.262 -1.636  0.808  0.253  1.144  0.094 -0.632  0.966  0.81  -0.86
 -0.785  1.249  0.606 -0.09  -0.25   0.941  0.564 -0.27   0.86   0.35
 -0.33   0.54 ][ 0.484  1.012 -0.4    0.7    0.93  -0.809  1.78  -0.42  -0.062  0.296
  0.789  1.191 -0.44   0.161  0.212 -0.1   -1.056 -0.123  0.647 -0.81
  1.262 -1.554  1.116  0.253  1.144  0.057 -0.385  0.97   0.81  -0.862
 -0.785  1.249  0.913  0.009 -0.25   0.941  0.564 -0.27   0.86   0.35
 -0.33   0.54 ][-0.21   0.7   -0.4    0.7    0.77  -0.98   1.78  -0.121 -0.062 -0.253
  0.14   0.929 -0.44   0.38   0.212 -0.1    0.699 -0.123  0.088 -0.81
  0.418 -1.636  0.808  0.253  1.144 -0.233 -0.632  0.97   0.81  -0.86
 -0.785  1.249  0.913 -0.08  -0.25   0.941  0.564 -0.276  0.86   0.35
  0.106  0.54 ][-0.21   0.7   -0.4    0.7    0.93  -0.98   1.24  -0.121 -0.062  0.296
  0.14   0.614 -0.44   0.161  0.212 -0.1   -1.056 -0.123  0.647 -0.789
  0.418 -1.554  0.808  0.253  0.6    0.057 -0.385  0.97   0.81  -1.741
 -1.393  1.249  0.913 -0.08  -0.25   0.941  0.564 -0.27   0.86   0.35
  0.106  0.54 ][-0.21   0.7   -0.4    0.7    0.93  -1.45   1.78  -0.42  -0.062  0.296
  0.14   0.614 -0.44   0.161  0.212 -0.1    0.089  0.83   0.088 -0.81
  0.418 -1.636  0.808  0.341  0.6    0.545 -0.385  0.97   0.81  -1.741
 -0.178  1.249  0.913 -0.08  -0.25   0.941  0.564 -0.27   0.86   0.35
 -0.33   0.54 ][-0.21   1.012 -0.4    0.7    0.77  -0.809  1.24  -0.121  1.199  0.296
  0.14   0.614 -0.44   0.38   0.212 -0.1   -1.056  0.83   0.647 -0.81
  0.418 -1.636  0.808  0.281  1.144 -0.233 -0.632  0.97   0.81  -1.741
 -0.178  1.339  0.606 -0.08  -0.25   1.41   0.564 -0.27   0.86   0.35
 -0.33   0.54 ][-0.21   1.012 -0.4    0.7    0.93  -1.45   1.78  -0.42  -0.062 -0.253
  0.14   0.614 -0.44   0.161 -0.085 -0.1    0.699 -0.123  0.647 -0.81
  0.418 -1.636  1.753  0.253  0.6    0.057 -0.385  0.97   0.81  -0.86
 -1.393  1.249  0.871 -0.09  -0.25   0.941  0.564 -0.27   0.486  0.35
 -0.33   0.54 ][-0.21   1.012 -0.4    0.7    0.93  -0.809  1.24  -0.42   1.199  0.296
  0.789  1.191 -0.44   0.38   0.212 -0.1   -1.056 -0.123  0.647 -1.528
  1.262 -1.636  0.808 -0.374  1.144  0.057 -0.632  0.97   0.81  -0.86
 -0.178  1.339  0.606 -0.09  -0.25   0.941  0.564 -0.276  0.86   0.35
 -0.33  -0.426][-0.21   0.7   -0.4    0.7    1.365 -1.45   1.78  -0.42   0.142 -0.253
  0.14   0.614 -0.44   0.38  -0.085 -0.1   -1.056  0.83   0.647 -1.528
  0.418 -1.636  0.808  0.253  0.6    0.586 -0.385  0.966  0.81  -0.86
 -1.393  1.249  0.871  0.009 -0.25   0.941  0.564 -0.27   0.86   0.35
 -0.33   0.54 ][-0.21   0.7   -0.4    0.7    0.77  -0.98   1.78  -0.42   0.142 -0.253
  0.14   1.191 -0.44   0.38  -1.06  -0.1   -1.056  0.83   0.647 -1.528
  0.418 -1.636  0.808  0.253  1.144 -0.233 -0.632  0.97   0.81  -0.291
 -1.393  1.249  0.913 -0.08  -0.25   0.941  0.564 -0.27   0.86   0.35
  0.106  0.54 ][-0.21   1.012 -0.4    0.7    0.77  -1.45   1.78  -0.42   1.199 -0.253
  0.14   0.614 -0.44   0.161  0.212 -0.1    0.699 -0.123 -0.321 -0.788
  0.418 -1.636  1.109  0.253  1.144  0.057 -0.632  0.97   0.81  -0.17
 -0.178  1.249  0.913 -0.09  -0.25   0.941  1.076 -0.27   0.86   0.35
 -0.33   0.54 ][-0.21   1.012 -0.4    0.7    0.93  -0.98   1.78  -0.42  -0.062  0.296
  0.14   0.614 -0.44   0.38   0.212 -0.1    0.863 -0.123  0.088 -1.528
  1.262 -1.636  0.808  0.281  0.6    0.057 -0.385  0.97   0.81  -0.86
 -0.178  1.249  0.913 -0.09  -0.25   0.941  0.564 -0.27   0.86   0.35
  0.106  0.54 ][-0.21   1.012 -0.4    0.7    0.93  -0.809  1.24  -0.121 -0.062  0.296
  0.14   1.191 -0.44   0.161 -0.085 -0.1   -1.659  0.053  0.647 -0.81
  1.262 -1.636  0.808  0.253  0.6    0.057 -0.385  0.97   0.81  -0.86
 -1.393  1.249  0.871 -0.09  -0.25   1.062  0.564 -0.27   0.86   0.35
 -0.33   0.54 ][-0.21   1.012 -0.4    0.7    0.77  -0.047  1.78  -0.42   0.142  0.296
  0.14   0.614 -0.44   0.161  0.212 -0.1    0.089  0.83   0.088 -0.81
  0.418 -1.554  0.808  0.253  0.6    0.057 -0.385  0.97   0.81  -0.86
 -0.178  1.249  0.913 -0.08  -0.25   0.941  0.564 -0.27   0.86   0.35
  0.106  0.54 ][-0.21   1.012 -0.4    0.7    0.93  -0.98   1.24  -0.42   1.199  0.296
  0.14   0.614 -0.44   0.38  -0.112  0.044  0.699 -0.123  0.647 -1.528
  1.262 -1.636  0.808  0.253  1.144  0.094 -0.632  0.97   0.81  -0.86
 -0.178  1.339  0.606 -0.09  -0.25   0.941  0.564 -0.27   0.86   0.35
 -0.33   0.54 ][-0.21   1.012 -0.4    0.7    0.93  -1.45   1.78  -0.42   1.199 -0.253
  0.14   0.614 -0.44   0.161 -0.085 -0.1   -1.056 -0.123  0.647 -0.81
  1.262 -1.636  1.109  0.253  1.144  0.545 -0.385  0.97   0.81  -0.17
 -0.178  1.249  0.913 -0.09  -0.25   0.941  0.564 -0.27   0.86   0.35
 -0.33   1.172][-0.21   1.012 -0.4    0.7    0.93  -0.809  1.78  -0.42   1.199  0.296
  0.789  1.191 -0.44   0.161 -0.112 -0.1   -1.056 -0.123  0.647 -0.81
  1.262 -1.636  0.808  0.253  1.144  0.057 -0.632  0.97   0.81  -0.862
 -0.785  1.339  0.606 -0.09  -0.25   1.732  0.564 -0.276  0.86   0.35
 -0.33   0.54 ][-0.21   1.012 -0.4    0.7    0.93  -1.45   1.78  -0.42   0.142  0.296
  0.14   0.614 -0.44   0.161  0.212 -0.1   -1.056 -0.945  0.647 -0.81
  1.262 -1.636  0.808  0.253  1.144  0.057 -0.385  0.97   0.81  -0.86
 -0.785  1.249  0.871 -0.09   0.161  0.941  0.564 -0.27   0.86   0.35
 -0.33  -0.426][-0.21   1.012 -0.4    0.7    0.93  -0.98   1.78  -0.42  -0.062 -0.253
  0.14   0.614 -0.44   0.161 -0.085 -0.1    0.552 -0.123  0.088 -0.81
  0.83  -1.636  0.808  0.253  1.144  0.91  -0.385  0.97   0.81  -0.86
 -0.785  1.249  0.871 -0.09  -0.25   0.941  0.564 -0.27   0.86   0.35
 -0.33   0.54 ][-0.21   1.012 -0.4    0.7    0.93  -1.45   1.24  -0.42   1.199  0.296
  0.14   0.614 -0.44   0.161  0.212 -0.1   -1.056 -0.123  0.647 -0.81
  1.262 -1.636  1.109  0.253  1.144  0.057 -0.632  0.97   0.81  -0.86
 -0.785  1.249  0.913 -0.09  -0.25   0.941  0.564 -0.27   1.503  0.395
 -0.33   0.54 ][-0.21   1.012 -0.4    0.7    0.93  -1.45   1.24  -0.42   0.519  0.296
  0.789  0.614 -0.44   0.161  0.212 -0.1   -1.056 -0.123  0.647 -1.528
  1.262 -1.636  0.808  0.253  1.144  0.094 -0.632  0.97   0.81  -0.17
 -0.178  1.249  0.606 -0.09  -0.25   0.941  0.564 -0.27   0.86   0.35
 -0.33   0.54 ][-0.21   1.012 -0.4    0.7    0.887 -0.809  1.24  -0.42   1.199  0.296
  0.14   0.614 -0.44   0.38   0.212 -0.1    0.699 -0.123  0.088 -1.528
  0.83  -1.636  0.808  0.253  1.144  0.91  -0.632  0.97   0.81  -0.86
 -0.178  1.685  0.606 -0.09  -0.25   0.941  0.157 -0.276  0.86   0.35
 -0.33   0.54 ][-0.21   0.7   -0.4    0.7    0.77  -0.98   1.78  -0.42   0.142 -0.253
  0.14   0.614 -0.44   0.38  -0.085 -0.1   -1.056  0.83   0.647 -1.528
  1.262 -2.047  0.808  0.253  1.144  0.586 -0.632  0.97   0.81  -0.291
 -0.178  1.339  0.606  0.009 -0.25   0.941  0.564 -0.27   0.86   0.35
 -0.33   0.54 ][-0.21   1.012 -0.4    0.7    0.77  -1.45   1.78  -0.42  -0.062 -0.253
  0.14   0.614 -0.44   0.161  0.212 -0.1    0.699 -0.123  1.499 -0.81
  0.418 -1.636  1.109  0.253  0.6    0.057 -0.632  0.97   1.277 -0.86
 -0.178  1.249  0.606 -0.563 -0.47   0.941  0.564 -0.27   0.86   0.35
 -0.33   0.54 ][-0.21   1.012 -0.4    0.7    0.93  -1.45   0.685 -0.42  -0.062  0.296
  0.14   0.614 -0.44   0.161  0.212 -0.1    0.699 -0.123  0.647 -0.788
  0.418 -1.636  1.109  0.253  1.144  0.545 -0.632  0.97   0.81  -0.17
 -1.393  1.249  0.871 -0.09  -0.25   0.941  0.564 -0.27   0.86   0.395
 -0.33   0.54 ][-0.21   0.7   -0.4    0.7    0.77  -1.45   1.78  -0.42  -0.062 -0.253
  0.14   0.614 -0.44   0.161  0.212 -0.1    0.089 -0.123  0.647 -1.528
  0.418 -1.636  0.808  0.253  1.144  0.057 -0.385  1.506  0.81  -0.291
 -1.393  1.249  0.871 -0.09  -0.25   0.941  0.564 -0.27   0.86   0.35
 -0.33   0.54 ][-0.21   0.7   -0.4    0.7    0.93  -1.45   1.78  -0.42  -0.062  0.296
  0.14   1.191 -0.44   0.161  0.212 -0.1   -1.056 -0.123  0.647 -0.81
  1.262 -1.636  0.808  0.253  1.144  0.057 -0.385  0.97   0.81  -0.862
 -0.785  1.249  0.606 -0.09  -0.25   1.372  0.564 -0.27   0.86   0.35
 -0.33  -0.426][-0.21   1.012 -0.4    0.7    0.77  -0.98   1.78  -0.42  -0.062  0.296
  0.14   1.191 -0.44   0.161  0.212 -0.1    0.089 -0.123  0.647 -0.81
  1.262 -1.636  0.808  0.253  1.144 -0.233 -0.385  0.97   0.81  -1.741
 -1.385  1.249  0.606 -0.08  -0.25   0.941  0.564 -0.27   0.86   0.35
  0.106  0.54 ][-0.21   1.012 -0.4    0.7    0.93  -1.45   1.24  -0.42   1.199  0.296
  0.14   0.614 -0.44   0.38   0.212 -0.1    0.699 -0.123 -0.321 -1.528
  1.262 -1.538  0.808  0.253  1.144  0.094 -0.632  0.97   0.81  -0.17
 -0.178  1.339  0.913 -0.09  -0.25   0.941  0.157 -0.27   0.86   0.35
 -0.33   0.54 ][-0.21   0.7   -0.4    0.7    0.93  -1.45   1.78  -0.42   0.142  0.296
  0.789  0.614 -0.44   0.161  0.212 -0.1    0.089 -0.123  0.647 -0.81
  0.418 -1.554  0.808  0.253  0.6    0.057 -0.385  0.97   0.81  -1.741
 -1.393  1.249  0.913  0.009 -0.25   0.941  0.564 -0.27   0.86   1.322
  0.106  0.54 ][-0.21   1.012 -0.4    0.7    0.93  -0.809  1.24  -0.42  -0.062  1.002
  0.14   0.614 -0.44   0.38   0.212 -0.1    0.699 -0.123 -0.321 -1.528
  0.83  -1.636  2.533  0.281  1.144  0.057 -0.632  0.97   0.81  -0.86
 -0.178  1.339  0.606 -0.09  -0.25   0.941  0.157 -0.27   0.86   0.35
 -0.33   0.54 ][-0.21   1.012 -0.4    0.7    0.93  -0.809  1.24  -0.42   1.199  0.296
  0.14   1.191 -0.44   0.161  0.212 -0.1   -1.056  0.053 -0.321 -0.81
  1.262 -1.636  0.808  0.281  0.6    0.057 -0.632  0.97   0.81  -0.86
 -0.178  1.249  0.606 -0.817 -0.25   1.062  0.564 -0.27   0.86   0.35
 -0.33   0.54 ][-0.21   0.7   -0.4    0.7    0.93  -1.45   1.78  -0.42   1.199  0.296
  0.14   0.614 -0.44   0.161  0.212 -0.1   -1.056 -0.123  0.647 -0.81
  0.418 -1.636  0.808  0.253  0.6    0.094 -0.385  0.97   1.312 -0.86
 -0.178  1.249  0.606 -0.09  -0.25   0.941  0.564 -0.276  0.86   0.35
  0.106  0.54 ][-0.21   0.7   -0.4    0.7    0.77  -0.98   1.24  -0.42   0.142  0.296
  0.14   0.614 -0.44   0.161  0.212 -0.1    0.089  0.053  0.647 -0.81
  0.418 -1.636  0.808  0.253  1.144 -0.233 -0.632  0.966  0.81  -0.291
 -0.785  0.689  0.913 -0.09  -0.25   0.941  0.564 -0.27   0.86   0.35
  0.106  0.54 ][-0.21   1.012 -0.4    0.7    0.93  -1.45   1.24  -0.42   0.142 -0.253
  0.14   0.614 -0.44   0.161  0.212 -0.1    0.699 -0.123  0.656 -0.788
  1.262 -1.636  1.109  0.253  1.144  0.057 -0.632  0.97   0.81  -0.17
 -0.178  1.249  0.606 -0.09  -0.25   0.941  0.564 -0.27   0.86   1.119
 -0.33   0.54 ][-0.21   1.012 -0.4    0.7    0.93  -0.98   1.24  -0.121  0.096 -0.253
  0.14   0.614 -0.44   0.161  0.212 -0.1   -1.056  0.053  0.656 -0.81
  0.418 -1.636  0.808  0.253  1.144 -0.233 -0.632  0.966  0.81  -1.741
 -0.785  1.249  0.913 -0.08  -0.25   0.941  0.564 -0.27   0.86   0.35
  0.106  0.54 ]