[-0.21   0.7   -0.4    0.7    0.77  -0.98   1.78  -0.536  1.199  0.55
  0.789  0.614 -0.44   0.717 -0.781 -0.1    0.699 -0.123  0.267 -0.81
  0.83  -1.636  0.808  0.253  0.6    0.038 -0.632  0.97   0.81  -0.86
  0.059  1.249  0.606 -0.09  -0.25   1.421  0.564 -0.27   0.86   0.35
 -0.33   0.54 ][-0.21   0.7   -0.4    0.7    0.77  -0.98   1.78  -0.42   0.142  0.55
  0.789  0.763 -0.44   0.161  0.212 -0.1   -0.192  0.83  -0.321 -0.81
  1.249 -1.636  1.116  0.253  0.6    0.057 -0.632  0.97   0.81  -1.21
  0.059  1.249  0.606 -0.09  -0.25   0.941  0.564 -0.27   0.86   0.35
 -0.33   0.54 ][-0.21   0.7   -0.4    0.7    0.93  -0.032  1.78  -0.42   1.199  0.55
  0.789  0.614 -0.44   0.161  0.212 -0.1    0.699 -0.123 -0.321 -0.81
  0.83  -1.636  1.116  0.075  0.6    0.038 -0.632  0.966  0.81  -0.17
  0.059  1.249  0.606 -0.09  -0.25   0.941  0.564 -0.27   0.86   0.35
 -0.33   0.54 ][-0.21   1.375 -0.4    0.7    0.93  -0.032  1.78  -0.42   1.199  1.002
  0.14   0.614 -0.44   0.161  0.212  0.167  0.699  0.83  -0.321 -0.81
  1.262 -0.664  1.116  1.003  0.6   -0.572 -0.632  0.966  0.81  -0.86
 -0.882  1.249  0.913 -0.08  -0.25   0.941  0.564 -0.27   0.86   0.35
 -0.33   0.54 ][-0.21   0.7   -0.4    0.7    0.77  -0.98   1.78  -0.42  -0.062  0.296
  0.789  0.614 -0.44   0.38   0.212 -0.1   -0.192 -0.123 -0.321 -0.81
  0.83  -1.636  0.808  0.253  0.6    0.057 -0.632  0.97   0.81  -0.86
  1.016  1.249  0.606 -0.09  -0.25   0.941  0.564 -0.27   0.86   0.35
 -0.33   0.54 ][-0.21   0.7    0.372  0.7    0.93  -0.98   1.78  -0.42   1.199  0.029
  0.14   0.614 -0.44   0.717  0.482 -0.1    0.617 -0.123 -0.321 -0.81
  0.83  -1.216  1.116  0.253  0.6   -0.572 -0.632  0.97   0.81  -1.21
 -0.882  1.249  0.913 -0.08  -0.25   0.941  0.564 -0.27   0.86   0.35
 -0.33   0.54 ][-0.21   0.539 -0.4    0.7    0.77  -0.98   1.78  -0.42   1.199 -0.253
  0.14   0.614 -0.947  0.717  0.212 -0.1   -1.056 -0.123 -0.321 -0.81
  0.83  -0.664  1.116  1.003  0.6   -0.87  -0.632  0.97   0.81  -0.86
 -0.882  1.249  0.913 -0.09  -0.25   1.469  0.564 -0.27   0.86   0.35
 -0.33   0.54 ][-0.21   0.7   -0.4    0.7    0.93  -0.98   1.78  -0.42   0.142  0.296
  0.14   0.614 -0.44  -0.639  0.212 -0.1   -0.192 -0.123 -0.321 -0.81
  0.83  -1.636  1.116  0.253  0.6   -0.87  -0.632  0.97   0.81  -1.21
 -0.882  1.249  0.606 -0.09  -0.25   0.941  0.564 -0.27   0.86   0.35
 -0.33   0.54 ][-0.21   0.7   -0.4    0.7    0.77  -0.98   1.78  -0.42  -0.062  0.55
  0.789  0.614 -0.44   0.571  0.212 -0.1   -0.192 -0.123 -0.321 -0.81
  0.83  -1.636  0.808  0.253  0.6    0.038 -0.632  0.97   0.553 -0.86
  0.059  1.249  0.606 -0.09  -0.25   0.941  0.564 -0.27   0.86   0.35
 -0.33   0.54 ][-0.21   0.263  0.284  0.7    0.93  -0.98   1.78  -0.42   1.199  0.55
  0.14   0.614 -0.44   0.717  0.212 -0.1   -0.192 -0.123  0.267 -0.81
  0.83  -0.491  1.116  0.281  0.6   -0.87  -0.632  0.97   0.81  -0.86
 -0.882  1.249  0.913 -0.09  -0.25   0.941  0.564 -0.27   0.86   0.35
 -0.33   0.54 ][-0.21   0.7   -0.4    0.7    0.93  -0.032  1.78  -0.42   1.199  0.296
  0.789  0.614 -0.44   0.161  0.212 -0.1    0.699 -0.277 -0.321 -0.81
  1.262 -1.399  1.116  0.81   0.6   -0.87  -0.632  0.966  0.518 -1.21
 -0.882  1.249  0.913 -0.08  -0.25   0.941  0.564 -0.27   0.86   0.35
 -0.33   0.54 ][-0.21   0.7    0.372  0.7    0.77  -0.98   1.78  -0.42   0.142  0.296
  0.14   0.614 -0.44   0.717  0.212 -0.1    0.617  0.83   0.267 -0.81
  0.83  -1.636  1.116  0.281  0.6    0.094 -0.632  0.97   0.81  -0.86
 -0.882  1.249  0.606 -0.08  -0.25   0.941  0.564 -0.27   0.86   0.35
 -0.33   0.54 ][-0.21   0.7   -0.4    0.7    0.93  -0.032  1.78  -0.42   1.199  1.002
  0.14   0.614 -0.44   0.161  0.212 -0.1    0.699  0.83  -0.321 -0.81
  1.262 -0.664  1.116  0.81   0.6   -0.572 -0.632  0.966  0.81  -0.17
  0.059  1.249  0.913 -0.08  -0.25   1.469  0.564 -0.27   0.86   0.35
 -0.33   0.54 ][-0.21   0.7   -0.4    0.7    0.77  -0.98   1.031 -0.42   0.203 -0.253
  0.789  0.614 -0.44   0.717  0.212 -0.1    0.699 -0.123 -0.321 -0.81
  1.249 -1.636  0.527  0.253  0.6    0.038 -0.632  0.97   0.81  -0.86
  0.059  1.249  0.606 -0.08  -0.25   0.941  0.564 -0.27   0.86   0.35
 -0.33   0.54 ][-0.21   0.7   -0.4    0.7    0.93  -1.45   1.78  -0.42   1.199  0.55
  0.14   0.614 -0.44   0.717  0.482 -0.1    0.617 -0.123  0.267 -0.81
  1.262 -0.491  1.116  0.281  0.6   -0.87  -0.632  0.97   0.81  -0.86
 -0.882  1.249  0.913 -0.08  -0.25   0.941  0.564 -0.27   0.86   0.35
 -0.33   0.54 ][-0.21   0.7   -0.4    0.7    0.77  -0.98   1.78  -0.42  -0.062  0.55
  0.789  0.614 -0.44   0.717  0.212 -0.1   -0.192 -0.123 -0.321 -0.81
  1.249 -1.636  1.116  0.253  0.6    0.038 -0.632  0.97   0.81  -0.86
  0.059  1.249  0.606 -0.09  -0.25   0.941  0.564 -0.27   0.86   0.35
 -0.33   0.54 ][-0.21   0.7   -0.4    0.7    0.77  -0.98   1.78  -0.42   1.199  0.55
  0.14   0.614 -0.44   0.161  0.482 -0.233 -0.192 -0.123  0.267 -0.81
  0.83  -1.636  0.185  0.281  0.6   -0.87  -0.632  0.97   0.81  -0.86
  0.059  1.249  0.606 -0.09  -0.25   0.941  0.564 -0.27   0.86   0.35
 -0.33   0.54 ][-0.347  0.7   -0.4    0.7    0.77  -0.98   1.78  -0.42   1.199 -0.253
  0.14   0.614 -0.44   0.717  0.482 -0.1    0.617 -0.123  0.267 -0.81
  1.262 -1.216  1.116  0.281  0.6   -0.572 -0.632  0.97   0.81  -0.86
 -0.882  1.249  0.913 -0.09  -0.25   0.941  0.564 -0.27   0.86   0.35
 -0.33   0.54 ][-0.21   0.7   -0.4    0.7    0.77  -0.98   1.78  -0.42   0.142  0.55
  0.14   0.614 -0.561  0.38   0.212 -0.1   -0.192  0.31  -0.321 -0.81
  0.83  -0.664  1.116  0.253  0.6    0.057 -0.632  0.97   0.81  -0.86
 -0.882  1.249  1.295 -0.09  -0.25   1.469  0.564 -0.27   0.86   0.35
 -0.33   0.54 ][-0.21   1.012 -0.4    0.7    0.93  -1.45   1.78  -0.42   1.199  0.55
  0.14   0.614 -0.44   0.717  0.212 -0.1    0.699 -0.123 -0.321 -0.81
  0.83  -1.636  1.116  1.003  0.6   -0.87  -0.632  0.97   0.81  -0.86
  0.059  1.249  0.606 -0.09  -0.25   0.941  0.564 -0.27   0.86   0.35
 -0.33   0.54 ][-0.21   0.7   -0.4    0.7    0.93  -0.032  1.78  -0.42   0.142  0.55
  0.789  0.614 -0.44  -0.639  0.212 -0.1    0.699 -0.123 -0.321 -0.81
  0.83  -0.684  1.116  0.075  0.6    0.038 -0.632  0.97   0.81  -0.17
  0.059  1.249  0.606 -0.09  -0.25   0.941  0.564 -0.27   0.86   0.35
 -0.33   0.54 ][-0.21   0.7   -0.4    0.7    0.77  -0.98   1.78  -0.42   0.203  0.296
  0.789  0.614 -0.835  0.717  0.212 -0.1    0.699 -0.123 -0.321 -0.81
  1.249 -1.636  0.808  0.253  0.6    0.057 -0.632  0.97   0.81  -0.86
  1.016  1.249  0.606 -0.08  -0.25   0.941  0.564 -0.27   0.86   0.35
 -0.33   0.54 ][-0.21   1.012 -0.4    0.7    0.77  -0.98   1.78  -0.42   1.199  0.55
  0.789  0.614 -0.44   0.717  0.212 -0.1    0.699 -0.123  0.267 -0.81
  0.83  -1.636  0.808  1.003  0.6   -0.87  -0.632  0.97   0.81  -0.86
  0.059  1.249  0.606 -0.09  -0.25   1.421  0.564 -0.27   0.86   0.35
 -0.395  0.54 ][-0.21   0.7   -0.4    0.7    0.93  -0.98   1.78  -0.42  -0.062  0.55
  0.789  0.614 -0.44   0.717  0.212 -0.1   -0.192 -0.123 -0.321 -0.81
  0.83  -1.375  1.116  0.281  0.6   -0.87  -0.632  0.97   0.81  -0.86
  1.016  1.249  0.606 -0.09  -0.25   0.941  0.564 -0.27   0.86   0.35
 -0.33   0.54 ][-0.21   0.7   -0.4    0.7    0.93  -1.45   1.78  -0.42  -0.062  0.55
  0.14   0.614 -0.44   0.571  0.212 -0.1    0.699 -0.123 -0.321 -0.81
  0.83  -1.636  0.808  0.253  0.6   -0.87  -0.632  0.97   0.553 -0.86
  0.059  1.087  0.606 -0.09  -0.25   0.941  0.564 -0.27   0.86   0.35
 -0.33   0.54 ][-0.21   1.012 -0.4    0.7    0.93  -0.032  1.78  -0.42   1.199  0.55
  0.789  0.614 -0.44   0.161 -0.244 -0.1    0.699 -0.123 -0.321 -0.81
  0.83  -1.636  1.116  1.003  0.6   -0.87  -0.632  0.966  0.81  -0.86
  0.059  1.249  0.606 -0.09  -0.25   0.941  0.564 -0.27   0.86   0.35
 -0.33   0.54 ][-0.21   0.7   -0.4    0.7    0.77  -0.98   1.78  -0.42   1.199  0.55
  0.14   0.763 -0.44   0.161  0.212 -0.1    0.958 -0.123 -0.321 -0.81
  1.249 -1.636  1.116  0.253  0.6    0.057 -0.632  0.97   0.81  -0.86
  0.059  1.249  0.606 -0.09  -0.25   0.941  0.564 -0.27   0.86   0.35
 -0.33   0.54 ][-0.21   1.012 -0.4    0.7    0.93  -1.45   1.78  -0.42   1.199  0.55
  0.14   0.614 -0.44   0.717  0.212 -0.1    0.699 -0.123 -0.321 -0.81
  0.83  -1.636  0.808  0.253  0.6    0.038 -0.632  0.97   0.553 -0.86
  0.059  1.249  0.606 -0.09  -0.25   0.941  0.564 -0.27   1.451  0.35
 -0.33   0.54 ][-0.21   0.7    0.284  0.7    0.77  -0.98   1.78  -0.42   0.142  0.55
  0.14   0.614 -0.44   0.717  0.212 -0.1   -0.192  0.83   0.267 -0.81
  0.83  -1.636  1.116  0.281  0.6   -0.87  -0.632  0.97   0.81  -0.86
 -0.882  1.249  0.606 -0.08  -0.25   0.941  0.564 -0.27  -0.131  0.35
 -0.33   0.54 ][-0.21   0.495 -0.4    0.7    0.77  -0.98   1.78  -0.42   0.142  0.55
  0.789  0.614 -0.44   0.717  0.212 -0.1   -0.192 -0.123 -0.321 -0.81
  1.249 -1.636  0.527  0.253  0.6    0.038 -0.632  0.97   0.81  -1.21
  0.059  1.249  0.606 -0.09  -0.25   0.941  0.564 -0.27   0.86   0.35
 -0.33   0.54 ][-0.21   0.7   -0.4    0.7    0.93  -0.032  1.78  -0.42   0.376  0.55
  0.14   0.614 -0.44   0.717  0.212 -0.1    0.699 -0.123 -0.321 -0.81
  0.83  -1.399  1.116  0.81   0.6   -0.87  -0.632  0.966  0.518 -0.86
 -0.882  1.249  0.913 -0.08  -0.25   0.941  0.564 -0.27   0.86   0.35
 -0.33   0.54 ][-0.21   1.375 -0.4    0.7    0.77  -0.032  1.78  -0.42   1.199  1.002
  0.14   0.614 -0.44   0.161  0.212 -0.1   -0.192  0.83  -0.321 -0.81
  1.262 -1.636  1.116  1.003  0.6    0.057 -0.632  1.198  0.81  -0.86
  1.016  1.249  0.606 -0.08  -0.25   0.941  0.564 -0.27   0.86   0.35
 -0.33   0.54 ][-0.21   1.012 -0.4    0.7    0.93  -1.45   1.78  -0.42   1.199  0.55
  0.14   0.614 -0.44   0.717  0.212 -0.1    0.699 -0.123 -0.321 -0.81
  0.83  -1.636  1.116  0.81   0.6   -0.87  -0.632  0.97   0.518 -0.86
  0.059  1.249  0.606 -0.09  -0.25   0.941  1.336 -0.27   0.86   0.35
 -0.33   0.54 ][-0.21   1.012 -0.4    0.7    0.93  -1.45   1.78  -0.42   1.199  0.296
  0.14   0.614 -0.44   0.161  0.212 -0.1    0.699 -0.277 -0.321 -0.81
  0.83  -1.636  1.116  0.81   0.794 -0.87  -0.632  0.97   0.81  -0.86
 -0.882  1.249  0.606 -0.08  -0.25   0.941  0.564 -0.27   0.86   0.35
 -0.33   0.54 ][-0.21   0.7   -0.4    0.7    0.77  -0.98   1.78  -0.42  -0.062  0.296
  0.789  0.614 -1.289  0.38   0.212 -0.1   -0.192  0.83   0.267 -0.81
  0.83  -1.636  0.808  0.281  0.6    0.057 -0.632  0.97   0.81  -0.86
 -0.882  1.249  0.606 -0.09  -0.25   0.941  0.564 -0.27   0.86   0.35
 -0.33   0.54 ][-0.21   1.012 -0.4    0.7    0.93  -1.45   1.78  -0.42   1.199  0.55
  0.789  0.614 -0.44   0.717  0.212 -0.1   -0.192 -0.123 -0.321 -0.81
  0.83  -1.636  1.116  1.003  0.6    0.038 -0.632  0.97   0.81  -0.86
  0.059  1.906  0.606 -0.09  -0.25   0.941  0.564 -0.27   0.86   0.35
 -0.33   0.54 ][-0.21   1.012 -0.4    0.7    0.93  -0.98   1.78  -0.42   1.199  0.55
  0.14   0.614 -0.44   0.161  0.482 -0.233 -0.192 -0.123 -0.321 -0.81
  0.83  -1.636  1.116  1.003  0.6   -0.87  -0.632  0.97   0.81  -0.543
  0.059  1.249  0.606 -0.09  -0.25   0.941  0.564 -0.27   0.86   0.35
 -0.33   0.54 ][-0.21   0.7   -0.4    0.7    0.93  -0.98   1.78  -0.42   1.199  0.55
  0.14   0.614 -0.44   0.161  0.212 -0.233  0.699 -0.123  0.267 -0.81
  0.496 -0.664  1.116  0.281  0.6   -0.87  -0.632  0.966  0.81  -0.86
  0.059  1.249  0.606 -0.08  -0.25   0.941  0.564 -0.27   0.86   0.35
 -0.33   0.54 ][-0.21   1.375 -0.4    0.7    0.93  -0.032  1.78  -0.42   1.199  0.55
  0.789  0.614 -0.44   0.161  0.212  0.167  0.699  0.83  -0.321 -0.81
  1.262 -0.664  1.116  0.075  0.6   -0.572 -0.632  0.966  0.81  -0.86
  0.059  1.249  0.913 -0.663 -0.25   0.941  0.564 -0.27   0.86   0.35
 -0.33   0.54 ][-0.21   0.539 -0.4    0.7    0.77  -0.98   1.78  -0.42   0.142  0.296
  0.14   0.614 -0.947  0.717  0.212 -0.1   -1.056 -0.123  0.267 -0.81
  0.83  -0.664  1.116  1.003  0.6    0.094 -0.632  0.97   0.81  -0.86
 -0.882  1.249  0.606 -0.09  -0.25   1.469  0.564  0.486  0.86   0.35
 -0.33   0.54 ][-0.21   0.7   -0.4    0.7    0.77  -0.032  1.78  -0.42   1.199  1.002
  0.14   0.614 -0.44   0.717  0.212 -0.1    0.699  0.83   0.267 -0.81
  1.262 -0.664  1.116  0.253  0.6    0.038 -0.632  0.966  0.81  -0.86
  0.059  1.249  0.913 -0.41  -0.25   0.941  0.564 -0.27   0.86   0.35
 -0.33   0.54 ][-0.21   0.7   -0.4    0.7    0.77  -0.98   1.78  -0.536  1.199  0.55
  0.14   0.614 -0.44   0.717 -1.107 -0.233 -0.192 -0.123  0.267 -0.81
  0.83  -1.636  0.185  0.281  0.6    0.038 -0.632  0.97   0.81  -0.86
  0.059  1.249  0.606 -0.09  -0.25   1.421  0.564 -0.27   0.86   0.35
 -0.33   0.54 ][-0.21   1.012 -0.4    0.7    0.93  -1.45   1.031 -0.42   0.203  0.55
  0.789  0.614 -0.44   0.717  0.212 -0.1    0.699  0.273 -0.321 -0.81
  0.83  -1.636  0.527  1.003  0.6    0.038 -0.632  0.97   0.81  -0.86
  0.059  1.249  0.606 -0.08  -0.25   0.941  0.564 -0.27   0.86   0.35
 -0.33   0.54 ][-0.21   0.7    0.284  0.7    0.77  -0.98   1.78  -0.42   1.199 -0.253
  0.14   0.614 -0.44   0.717  0.212  0.292 -0.192 -0.123  0.267 -0.81
  1.262 -1.216  1.116  0.281  0.6   -0.572 -0.632  0.97   0.81  -0.86
 -0.882  1.249  0.913 -0.09  -0.25   0.941  0.564 -0.27   0.86   0.35
 -0.33   0.54 ][-0.21   0.7   -0.4    0.7    0.77  -0.98   1.78  -0.42  -0.062  0.296
  0.14   0.614 -0.44   0.38   0.212 -0.1   -0.192 -0.123 -0.321 -0.81
  0.83  -1.636  1.116  1.003  0.6    0.057 -0.632  0.97   0.81  -0.86
  1.016  1.249  0.606 -0.09  -0.426  0.941  0.564 -0.27   0.86   0.35
 -0.33   0.54 ][-0.21   1.012 -0.4    0.7    0.93  -1.45   1.78  -0.42   0.142  0.55
  0.789  0.614 -0.44   0.717  0.212 -0.1   -0.192 -0.123 -0.321 -0.81
  1.249 -1.636  1.116  1.003  0.6    0.057 -0.632  0.97   0.81  -1.21
  0.059  1.249  0.606 -0.09   0.321  0.941  0.564 -0.27   0.86   0.35
 -0.33   0.54 ][-0.21   1.012 -0.4    0.7    0.93  -0.032  1.78  -0.42   1.199  1.002
  0.14   0.614 -0.44   0.717  0.212  0.167  0.699 -0.274 -0.321 -0.81
  0.83  -0.664  1.116  1.003  0.6   -0.87  -0.632  0.97   0.81  -0.86
  0.059  1.249  0.913 -0.09  -0.25   0.941  0.564 -0.27   0.86   0.35
 -0.33   0.54 ][-0.21   1.012 -0.4    0.7    0.93  -0.032  1.78  -0.42   1.199  0.55
  0.789  0.614 -0.44   0.717  0.212 -0.1    0.699 -0.123 -0.321 -0.81
  0.83  -2.182  1.116  0.075  0.6   -0.87  -0.632  0.966  0.81  -0.86
  0.059  1.249  0.606 -0.09  -0.25   0.941  0.564 -0.27   0.86   0.35
 -0.33   0.54 ][-0.21   0.7   -0.4    0.7    1.634 -0.98   1.78  -0.42   1.199  0.55
  0.789  0.614 -0.44   0.161  0.482 -0.1   -0.192 -0.123 -0.321 -0.81
  1.249 -0.491  1.116  0.281  0.6    0.057 -0.632  0.97   0.81  -0.86
 -0.882  1.249  0.913 -0.08  -0.25   0.941  0.564 -0.27   0.86   0.35
 -0.33   0.54 ][-0.21   0.7    0.372  0.406  0.93  -0.98   1.78  -0.42   0.142  0.296
  0.14   0.614 -0.44   0.717  0.212 -0.1    0.617  0.83  -0.321 -0.81
  0.83  -1.636  1.116  0.281  0.6    0.094 -0.632  0.97   0.81  -0.86
 -0.882  1.249  0.606 -0.08  -0.25   0.941  0.564 -0.27   0.86   0.35
 -0.33   0.54 ][-0.21   0.7   -0.4    0.7    0.77  -0.98   1.78  -0.536  1.199  0.55
  0.789  0.614 -0.44   0.38  -0.781 -0.1   -0.192 -0.123  0.267 -0.81
  0.83  -1.636  0.808  0.253  0.6    0.057 -0.632  0.97   0.81  -0.86
  0.059  1.249  0.606 -0.331 -0.25   0.941  0.564 -0.27   0.86   0.35
 -0.33   0.54 ][-0.21   0.7   -0.4    0.7    0.93  -0.032  1.78  -0.119  1.199  1.002
  0.14   0.614 -0.44   0.161  0.212 -0.1    0.699  0.83  -0.321 -0.81
  1.262 -1.636  1.116  0.81   0.6   -0.572 -0.632  0.97   0.81  -0.86
  0.059  1.249  0.913 -0.08  -0.25   0.941  0.564 -0.27   0.86   0.35
 -0.33   0.54 ][-0.21   0.7   -0.4    0.7    0.77  -1.45   1.78  -0.42  -0.062  0.55
  0.14   0.614 -0.44   0.38   0.212 -0.1    0.699 -0.123 -0.321 -0.81
  0.83  -1.636  1.116  0.253  0.6    0.057 -0.632  0.97   0.81  -0.86
 -0.754  1.249  0.606 -0.09  -0.25   0.941  0.564 -0.27   0.86   0.35
 -0.33   0.54 ][-0.21   0.7    0.372  0.7    0.93  -0.98   1.112 -0.42   1.199  0.55
  0.789  0.614 -0.44   0.717 -0.781 -0.1    0.617 -0.123 -0.321 -0.81
  0.83  -1.636  0.808  0.253  0.6    0.038 -0.632  0.97   0.81  -1.21
 -0.882  1.249  0.606 -0.09  -0.25   1.421  0.564 -0.27   0.86   0.35
 -0.33   0.54 ][-0.21   0.7   -0.4    0.7    0.93  -0.032  1.78  -0.42   1.199  1.673
  0.14   0.614 -0.44   0.717  0.212 -0.1    0.699  0.83  -0.321 -0.81
  0.83  -0.664  1.116  1.003  0.6   -0.87  -0.632  0.966  0.81  -0.86
  0.059  1.249  0.606 -0.09  -0.25   1.469  0.564 -0.27   0.86   0.35
 -0.33   0.54 ][-0.21   0.7   -0.4    0.7    0.77  -1.45   1.78  -0.42   0.142  0.55
  0.789  0.763 -0.44   0.161  0.212 -0.1    0.699  0.83  -0.321 -0.81
  1.58  -1.636  1.116  0.253  0.6    0.057 -0.632  0.97   0.81  -1.21
  0.059  1.249  0.606 -0.09  -0.25   0.941  0.564 -0.27   0.86   0.35
 -0.33   0.54 ][-0.21   0.333  0.284  0.7    0.93  -0.032  1.78  -0.42   1.199  0.55
  0.789  0.614 -0.44   0.717  0.212 -0.1    0.699 -0.123 -0.321 -0.81
  0.83  -0.491  1.116  0.281  0.6    0.038 -0.632  0.966  0.81  -0.86
  0.059  1.249  0.606 -0.09  -0.25   0.941  0.564 -0.27   0.86   0.35
 -0.33   0.54 ][-0.21   0.7    0.372  0.7    0.77  -0.98   1.78  -0.42   0.142  0.55
  0.789  0.614 -0.44   0.717  0.212 -0.1    0.699 -0.123  0.267 -0.81
  0.83  -1.636  1.116  0.281  1.54   0.038 -0.632  0.97   0.81  -0.86
 -0.882  1.249  0.606 -0.09  -0.25   0.941  0.564 -0.27   0.86   0.35
 -0.33   0.54 ][-0.21   0.7   -0.4    0.7    0.77  -0.98   1.159 -0.42   1.199  0.55
  0.789  0.763 -0.44   0.161  0.212 -0.1   -0.192  0.83  -0.321 -0.81
  0.83  -1.636  1.116  0.253  0.6   -0.87  -0.632  0.97   0.81  -0.86
  0.059  1.249  0.606 -0.09  -0.25   0.941  0.564 -0.27   0.86   0.35
 -0.33   0.54 ][-0.21   0.7   -0.4    0.7    0.93  -0.032  1.031 -0.42   1.199 -0.253
  0.789  0.614 -0.44   0.161  0.212 -0.1    0.699  0.83  -0.321 -0.81
  1.262 -1.636  0.527  0.253  0.6    0.038 -0.632  0.966  0.81  -0.17
  0.059  1.249  0.913 -0.08  -0.25   1.469  0.564 -0.27   0.86   0.35
  0.106  0.54 ][-0.21   1.012 -0.4    0.7    0.93  -0.032  1.78  -0.42   1.199  1.002
  0.14   0.614 -0.44   0.161  0.212 -0.1    0.699  0.83  -0.321 -0.81
  0.83  -0.664  1.116  1.003  0.6   -0.87  -0.632  0.97   0.81  -0.86
  0.059  1.249  0.913 -0.08  -0.25   1.469  0.564 -0.27   1.628  0.35
 -0.33   0.54 ][-0.21   0.7   -0.4    0.7    0.77  -0.98   1.78  -0.42   1.199  0.55
  0.789  0.614 -0.44   0.406  0.212 -0.1   -0.192 -0.123 -0.321 -0.81
  0.83  -1.636  0.808  1.003  0.6   -0.87  -0.632  0.97   0.81  -0.86
  0.059  1.249  0.606 -0.09  -0.25   0.941  0.564 -0.27   0.86   0.35
 -0.33   0.54 ][-0.21   0.7   -0.4    0.7    0.77  -1.45   1.78  -0.536  1.199  0.55
  0.789  0.614 -0.44   0.717  0.212 -0.1    0.699 -0.123 -0.321 -0.81
  0.83  -1.636  1.116  0.253  0.6    0.038 -0.632  0.97   0.81  -0.86
  0.059  1.249  0.606 -0.09  -0.25   1.421  0.564 -0.423  0.86   0.35
 -0.33   0.54 ][-0.21   0.7   -0.4    0.7    0.77  -0.98   1.78  -0.42   1.199  0.029
  0.789  0.614 -0.44   0.717  0.212 -0.1   -0.192 -0.123 -0.321 -0.81
  0.83  -1.216  0.808  0.253  0.6   -0.572 -0.632  0.97   0.81  -1.21
  1.016  1.249  0.606 -0.09  -0.25   0.941  0.564 -0.27   0.86   0.35
 -0.33   1.141][-0.21   0.7   -0.4    0.7    0.93  -0.98   1.78  -0.536  1.199  0.55
  0.14   0.614 -0.44   0.717  0.212 -0.1    0.699 -0.123 -0.321 -0.81
  0.83  -1.636  1.116  1.003  0.6    0.038 -0.632  0.97   0.81  -0.86
  0.059  1.249  0.606 -0.09  -0.25   0.941  0.564 -0.27   0.86   0.35
 -0.33  -0.129][-0.21   1.012 -0.4    0.7    0.93  -0.032  1.78  -0.42   1.199  0.55
  0.14  -0.026 -0.44   0.717  0.212 -0.1    0.699 -0.123 -0.321 -0.81
  0.83  -1.636  1.116  0.075  0.6   -0.87  -0.632  0.97   0.81  -0.86
  0.059  1.249  0.606 -0.09  -0.25   0.941  0.564 -0.27   0.86   0.35
 -0.33   0.54 ][-0.21   0.7   -0.4    0.7    0.77  -0.98   1.78  -0.42   0.203  0.296
  0.789  0.614 -0.797  0.38   0.212 -0.1   -0.192 -0.123 -0.321 -0.81
  0.83  -1.636  0.527  0.253  0.6    0.038 -0.632  0.97   0.81  -0.86
  1.016  1.249  0.606 -0.08  -0.25   0.941  0.564 -0.27   0.86   0.35
 -0.33   0.54 ][-0.21  -0.242 -0.4    0.7    0.93  -0.032  1.78  -0.42   1.199  1.002
  0.14   0.614 -0.44   0.161  0.212 -0.1    0.699  0.83  -0.321 -0.81
  0.83  -0.664  1.116  0.075  0.6    0.038 -0.632  0.966  0.81  -0.86
 -0.882  1.249  0.606 -0.08  -0.25   0.941  0.564 -0.27   0.86   0.35
 -0.33   0.54 ][-0.21   0.7   -0.4    0.7    0.77  -0.032  1.78  -0.42  -0.062  0.296
  0.789  0.614 -0.44   0.38   0.693 -0.1   -0.192 -0.123 -0.321 -0.81
  1.262 -1.636  0.808  0.81   0.6    0.057 -0.632  0.97   0.81  -1.21
 -0.882  1.249  0.913 -0.09  -0.25   0.941  0.564 -0.27   0.86   0.35
 -0.33   0.54 ][-0.21   0.7   -0.4    0.7    0.77  -0.98   1.78  -0.42  -0.077  0.296
  0.789  0.614 -0.44  -0.639  0.212 -0.1   -0.192 -0.123 -0.321 -0.81
  0.83  -1.636  0.808  0.253  0.6   -0.87  -0.632  0.97   0.81  -0.86
 -0.882  1.249  0.606 -0.09  -0.25   0.941  0.564 -0.27   0.86   0.35
 -0.33   0.54 ][-0.21   0.141 -0.4    0.7    0.93  -0.032  1.78  -0.42  -0.062  1.002
  0.789  0.614 -0.44   0.38   0.212 -0.1    0.699  0.83  -0.321 -0.81
  0.83  -1.636  1.116  0.81   0.6    0.057 -0.632  0.97   0.81  -0.86
  0.059  1.249  0.606 -0.08  -0.25   1.469  0.564 -0.27   0.86   0.35
 -0.33   0.54 ][-0.21   1.012 -0.4    0.7    0.93  -0.98   1.78  -0.42   1.199  0.55
  0.14   0.614 -0.44  -0.639  0.212 -0.1    0.699 -0.123 -0.321 -0.81
  0.83  -2.083  1.116  0.253  0.6   -0.87  -0.632  0.97   0.81  -1.21
 -0.882  1.249  0.606 -0.09  -0.25   0.941  0.564 -0.27   0.86   0.35
 -0.33   0.54 ][-0.21   0.7   -0.4    0.7    0.93  -0.907  1.78  -0.42   1.199  0.296
  0.789  0.614 -0.44   0.161  0.212 -0.1    0.699 -0.277 -0.321 -0.81
  0.83  -1.636  1.116  1.003  0.6   -0.87  -0.632  0.97   0.81  -0.86
 -0.882  1.249  0.606 -0.08  -0.25   0.941  0.564 -0.27   0.86   0.35
 -0.33   0.54 ][-0.21   0.7   -0.4    0.7    0.77  -0.98   1.78  -0.536  1.199  0.55
  0.789  0.614 -0.44   0.161 -1.525 -0.1    0.699 -0.123 -0.321 -0.81
  0.83  -1.636  1.116  0.253  0.6    0.038 -0.632  0.966  0.81  -0.86
  0.059  1.249  0.606 -0.09  -0.25   1.421  0.564 -0.27   0.86   0.35
 -0.33   0.54 ][-0.21   0.7   -0.4    0.7    0.93  -0.032  1.78  -0.42   1.199  1.002
  0.789  0.614 -0.44   0.161 -0.781  0.167  0.699  0.83  -0.321 -0.81
  1.262 -1.636  0.808  0.253  0.6    0.038 -0.632  0.97   0.81  -0.86
 -0.882  1.249  0.606 -0.08  -0.25   0.941  0.564 -0.27   0.86   0.13
 -0.33   0.54 ]