[-0.21   0.7   -0.4    0.7    0.77  -0.98   0.94  -0.42   0.58   0.55
  0.14   0.02  -0.44   0.38  -0.62  -0.52   0.78   0.83  -1.018 -0.81
  0.971 -0.8    1.388  0.81   0.6    0.26   0.256  0.97   0.81  -0.86
 -0.703  0.54   0.913 -0.89  -0.25   0.34   0.581 -0.27   0.86   0.35
 -0.33  -0.29 ][-0.21   0.7   -0.4    0.7    1.364 -0.39   0.94  -0.42   0.58   0.37
  0.14   0.02  -0.44   0.38  -0.62  -0.1    0.78   0.83  -0.32  -0.81
  0.83  -0.84   0.82   0.81   0.695 -0.87   0.074  0.97   0.81  -0.86
 -0.11   0.024  0.56  -0.89  -0.25   0.34   0.61  -0.27   0.86   0.35
 -0.33   0.54 ][-0.21   0.7   -0.4    0.7    1.364 -1.026  0.94  -0.42   0.58   0.55
  0.14   0.8   -0.44   0.38  -0.036 -0.52   0.78   0.07  -0.559 -0.81
  0.83  -0.8    0.82   0.81   0.6   -0.87   0.04   0.97   0.81  -0.86
 -0.11   0.54   0.56  -0.4   -0.25   0.63   0.61  -0.27   0.86   0.35
 -0.33   0.54 ][-0.21   0.7   -0.4    0.7    0.77  -0.98   0.94  -0.42   0.58   0.55
  0.61   0.614 -0.44   0.234 -0.62  -0.52   0.78   0.83  -0.32  -0.81
  0.83  -0.84   1.388  0.81   0.6   -0.87   0.074  0.97   0.81  -0.86
 -0.703  0.54   0.913 -0.89  -0.25   0.63   0.61  -0.27   0.86   0.35
 -0.33   0.54 ][-0.21   0.7   -0.9    0.7    1.364 -0.39   0.94  -0.42   0.58   0.55
  0.14   0.8   -0.134  0.38  -0.62  -0.1    0.78   0.83  -0.32  -0.81
  0.83  -0.8    0.82   0.81   0.6   -0.87   0.256  0.97   0.25  -0.86
 -0.11   0.54   0.56  -0.4   -0.25   0.34   0.61  -0.27   0.86   0.35
 -0.33  -0.29 ][-0.424  0.7   -0.4    0.7    1.326 -1.539  0.505 -0.42   0.58   0.55
  0.14   0.02  -0.134  0.38  -1.121 -0.52   0.78   0.83  -0.32  -0.81
  0.83  -0.84   0.82   0.81   0.6   -0.87   0.04   0.97   0.25  -0.86
 -0.11   0.54   0.56  -0.4   -0.25   0.63   0.61  -0.27   0.86   0.35
 -0.33   0.54 ][-0.21   0.7   -0.4    0.7    0.77  -1.539  0.94  -0.42   0.58   0.55
  0.14   0.02  -0.44   0.38  -0.62  -0.52   0.78   0.83  -1.018 -0.81
  0.971 -0.8    0.82   0.81   0.6    0.26   0.256  0.97   0.81  -0.86
 -0.11   0.54   0.56  -0.4   -0.25   0.34   0.61  -0.27   0.86   0.35
 -0.33  -0.29 ][-0.21   0.7   -0.4    0.7    1.631 -0.98   1.726 -0.42   0.58   0.55
  0.14   0.02  -0.44   0.38  -0.2   -0.52   0.78   0.83  -0.32  -0.81
  0.83  -0.84   1.388  0.81   1.514 -0.239  0.074  0.97   0.81  -0.86
 -0.11   0.54   0.56  -0.4   -0.25   0.63   0.61  -0.27   0.86   0.35
 -0.33   0.54 ][-0.21   0.7   -0.4    0.7    1.364 -0.98   0.636 -0.42   0.58   0.55
  0.14   0.8   -0.44  -0.62  -0.2   -0.52   0.78   0.07  -0.559 -0.81
  0.83  -0.8    0.82  -0.43   0.6   -0.87   0.04   0.97   0.81  -0.86
 -0.11   0.54   0.58  -0.482 -0.25   0.34   0.61  -0.27   0.86   0.35
 -0.33   0.54 ][-0.74   0.7   -0.4    0.7    0.53  -0.98   0.94  -0.42   0.58   0.55
  0.592  0.02  -0.44   0.38  -0.62  -0.52   0.78   0.83  -0.32  -0.81
 -0.68  -0.8    0.82  -0.173  1.514  0.26   0.04   0.97   0.81  -0.32
 -0.703  0.54   0.56  -0.89  -0.25   0.34   0.61  -0.27   0.86   0.35
 -0.624  0.54 ][-0.663  0.7   -0.4    0.7    1.326 -1.92   0.94  -0.42   0.58   0.55
  0.61   0.841 -0.134  0.38  -1.121 -1.358  0.78   0.07  -0.32  -0.81
  0.83  -0.84   0.82   0.81   1.514 -0.87   0.04   0.97   0.81  -0.32
 -0.11   0.916  0.56  -0.09  -0.25   0.63   0.61  -0.27   0.86   0.35
 -0.33   0.54 ][-0.74   0.7   -0.4    0.7    0.77  -0.98   0.94  -0.42   0.58   0.55
  0.14   0.8   -0.61  -0.62  -0.62  -0.52   0.78   0.83  -0.32  -0.81
  0.971 -0.8    0.82   0.81   0.6   -0.87   0.074  0.97   0.81  -0.86
 -0.703  0.54   0.913 -0.89  -0.25  -0.008  0.61  -0.27   0.86   0.35
 -0.33  -0.29 ][-0.663  0.7   -0.4    0.7    0.53  -0.98   0.94  -0.42   0.58   0.55
  0.592  0.02  -0.44   0.38  -0.62  -0.52   0.78   0.07  -0.32  -0.153
  0.971 -0.8    0.82   0.81   0.6    0.26   0.04   0.97   0.81  -0.86
 -0.703  0.54   0.56  -0.09  -0.25   0.63   0.61  -0.27   0.86   0.35
 -0.33   0.54 ][-0.74   0.7   -0.4    0.7    0.77  -0.98   0.94  -0.42   0.58   0.55
  0.14   0.02  -0.44   0.38  -0.62  -0.52   1.358  0.83  -0.32  -0.81
  0.971 -0.8    0.82   0.81   0.6    0.26   0.256  0.97   0.81  -0.86
 -0.703  0.54   0.56  -0.89  -0.25   0.34   0.61  -0.27   0.86   0.35
 -0.33  -0.29 ][-0.21   0.7   -0.9    0.7    1.364 -0.98   0.94  -0.42   0.58   0.55
  0.14   0.02  -0.134 -0.62  -0.2   -0.1    0.78   0.07  -0.32  -0.81
 -0.68  -0.8    0.82   0.81   0.6   -0.87   0.04   0.97   0.81  -0.32
 -0.11   0.54   0.58  -0.09  -0.25   0.34   0.373 -0.27   0.86   0.35
 -0.33  -0.29 ][-0.21   0.7   -0.4    0.7    0.77  -1.026  0.94  -0.103  0.58   0.55
  0.14   0.02  -1.063  0.38  -0.62  -0.52   0.78   0.07  -1.018 -0.81
  0.971 -0.8    0.82   0.864  0.533  0.26   0.256  0.97   0.81  -0.86
 -0.11   0.54   0.56  -0.4   -0.25   0.34   0.61  -0.27   0.86   0.35
 -0.33   0.54 ][-0.424  0.7   -0.138  0.7    1.326 -0.39   0.94  -0.42   0.58   0.55
  0.61   0.02  -0.134  0.38  -0.2   -0.1    0.78   0.83  -0.32  -0.81
  0.83  -0.84   0.82   0.81   0.6   -0.239  0.04   0.97   0.25  -0.86
 -0.11   0.916  0.56  -0.4   -0.25   0.63   0.61  -0.27   0.86   0.424
 -0.624  0.54 ][-0.21   0.7    0.078  0.7    0.77  -0.39   0.94  -0.42   0.58   0.55
  0.14   0.8   -0.44   0.38  -0.62  -0.1    0.78   0.83  -0.32  -0.81
  0.83  -0.8    1.388  0.81   1.514 -0.87   0.074  0.97   0.81  -0.86
 -0.11   0.54   0.913 -0.4   -0.25   0.63   0.61  -0.27   0.86   0.35
 -0.33   0.54 ][-0.21   0.7   -0.4    0.7    0.77  -0.98   0.94  -0.42   0.58   0.55
  0.61   0.02  -0.44   0.38  -0.62  -0.52   0.78   0.83  -0.32  -0.81
  0.83  -0.84   1.388  0.81   1.514 -0.87   0.074  0.97   0.81  -0.86
 -0.703  0.54   0.913 -0.89  -0.25   0.63   0.61  -0.27   0.86   0.35
 -0.33   0.54 ][-0.21   0.7   -0.4    0.7    0.77  -0.98   0.94  -0.42   0.58   0.55
  0.14   0.8   -0.44  -0.62  -0.62  -0.52   0.78   0.07  -0.32  -0.81
  0.83  -0.8    0.82   0.81   0.6   -0.87   0.074  0.97   0.81  -0.86
 -0.11   0.54   0.913 -0.4   -0.25  -0.008  0.61  -0.27   0.86   1.167
 -0.33   0.54 ][-0.21   0.7   -0.4    0.7    0.77  -0.98   0.94  -0.42   0.58   0.55
  0.61   0.8   -0.44   0.234 -0.043 -0.52   0.78   0.07  -0.32  -0.81
  0.83  -0.84   1.388  0.81   0.6   -0.87   0.074  0.97   0.81  -0.86
 -0.703  0.54   0.913 -0.89  -0.25  -0.008  0.61  -0.27   0.86   1.167
 -0.33   0.54 ][-0.21   0.7   -0.9    0.7    0.77  -0.98   0.94  -0.42   0.58   0.55
  0.14   0.02  -0.61  -0.62  -0.2   -0.1    0.78   0.83  -0.32  -0.81
 -0.68  -0.8    0.82   0.81   0.6   -0.87   0.04   0.97   0.81  -0.32
 -0.703  0.54   0.913 -0.89   0.122 -0.008  0.373 -0.27   0.86   0.35
 -0.33  -0.29 ][-0.21   0.7   -0.4    0.7    1.364 -0.39   0.94  -0.42   0.58   0.55
  0.14   0.8   -0.44  -0.62  -0.62  -0.1    0.108  0.83  -0.32  -0.81
  0.83  -0.8    0.82   0.81   0.6   -0.87   0.074  0.97   0.81  -0.86
 -0.11   0.54   0.913 -0.4   -0.25   0.34   0.61  -0.27   0.86   0.35
 -0.33   0.54 ][-0.21   0.7   -0.4    0.7    0.53  -0.98   1.726 -0.42   0.58   0.55
  0.592  0.02  -0.44   0.38  -0.2   -0.52   0.78   1.365 -0.32  -0.153
  0.971 -0.84   0.82   0.81   1.514 -0.239  0.074  0.97   0.81  -0.86
 -0.703  0.54   0.56  -0.09  -0.25   0.63   0.61  -0.27   0.86   0.35
 -0.33   0.54 ][-0.21   0.7   -0.4    0.7    0.77  -0.98   0.94  -0.42   0.58   0.55
  0.14   0.8   -0.44  -0.62  -0.62  -1.055  0.78   0.83  -0.32  -0.81
  0.83  -0.8    0.82   0.81   0.6   -0.87   0.074  0.97   0.81  -0.86
 -0.11   0.54   0.913 -0.89  -0.25   0.34   0.581 -0.27   0.86   1.167
 -0.33   0.54 ][-0.21   0.7   -0.4    0.7    0.77  -0.98   0.94  -0.42   0.58   0.55
  0.14   0.02  -0.61   0.38  -0.62  -0.52   0.78   0.83  -1.018 -0.81
  0.971 -0.311  0.82   0.81   0.6   -0.87   0.074  0.97   0.81  -0.86
 -0.703  0.54   0.913 -0.89  -0.25   0.34   0.61  -0.27   0.86   0.35
 -0.33  -0.29 ][-0.21   0.7   -0.4    0.7    0.77  -0.98   0.94  -0.42   0.58   0.55
  0.61   0.02  -0.44   0.38  -0.62  -0.52   0.78   0.83  -1.018 -0.81
  0.971 -0.84   1.388  0.81   1.514 -0.87   0.256  0.97   0.81  -0.86
 -1.096  0.54   0.913 -0.89  -0.25   0.63   0.581 -0.27   0.86   0.35
 -0.33   0.54 ][-0.21   0.7   -0.4    0.7    1.364 -0.39   0.94  -0.42   0.58   0.55
  0.14   0.02  -0.134  0.38  -0.62  -0.52   0.78   0.83  -0.32  -0.81
  0.971 -0.8    1.388  0.81   0.6   -0.87   0.256  0.97   0.25  -0.86
 -0.11   0.54   0.56  -0.89  -0.25   0.34   0.581 -0.27   0.86   0.574
 -0.33  -0.29 ][-0.21   0.7   -0.4    0.7    0.77  -0.98   0.94  -0.42   0.58   0.55
  0.14   0.02  -0.44   0.587 -0.62  -0.52   0.78   0.07  -0.32  -0.81
  0.971 -0.8    0.82   0.81   0.6    0.26   0.074  0.97   0.81  -0.86
 -0.11   0.54   0.56  -0.4   -0.25  -0.008  0.61  -0.27   0.86   0.35
 -0.33   0.54 ][-0.663  0.7   -0.4    1.186  1.326 -0.39   0.94  -0.42   0.58   0.55
  0.14   0.841 -0.44   0.38  -1.121 -0.1    0.78   0.83  -0.32  -0.81
  0.83  -0.84   0.82   0.81   0.695 -0.87   0.074  0.97   0.81  -0.86
 -0.11   0.024  0.56  -0.09  -0.25   0.63   0.61  -0.27   0.86   0.35
 -0.33   0.54 ][-0.21   0.7   -0.4    0.7    1.364 -0.98   0.94  -0.42   0.58   0.55
  0.61   0.8   -0.44   0.38  -0.62  -0.52   0.78   0.07  -0.559 -0.81
  0.83  -0.84   1.388  0.81   0.6   -0.87   0.04   0.97   0.81  -0.308
 -0.703  0.54   0.56  -0.4   -0.25   0.63   0.61  -0.27   0.86   0.35
 -0.33   0.54 ][-0.21   0.7   -0.4    0.7    0.77  -0.98   0.94  -0.42   0.58   0.55
  0.14   0.8   -0.44  -0.62  -0.62  -0.52   0.78   0.07  -0.32  -0.81
  0.971 -0.8    0.137  0.81   0.6   -0.87   0.256  0.97   0.81  -0.86
 -0.703  0.54   0.913 -0.4   -0.25  -0.008  0.61  -0.27   0.86   0.35
 -0.33  -0.29 ][-0.21   0.7   -0.4    0.7    0.77  -0.98   0.94  -0.42   0.58   0.55
  0.14   0.8   -0.44   0.234 -0.62  -0.52   0.78   0.07  -0.32  -0.81
  0.83  -0.8    0.82   0.81   0.6   -0.87   0.074  0.97   0.81   0.006
 -0.703  0.54   0.56  -0.89  -0.25   0.63   0.61  -0.27   0.86   0.35
 -0.33   0.54 ][-0.21   0.7   -0.4    0.7    0.77  -0.98   0.94  -0.42   0.58   0.55
  0.14  -0.441 -0.44   0.38  -0.62  -0.52   0.78   0.83  -0.32  -0.81
  0.971 -0.8    1.388  0.81   1.514  0.26   0.256  0.97   0.81  -0.32
 -0.703  0.54   0.56  -0.89  -0.25   0.34   0.581 -0.27   0.86   0.35
 -0.33  -0.29 ][-0.74   0.7   -0.4    0.7    0.77  -0.98   0.94  -0.42   0.58   0.55
  0.592  0.02  -0.44   0.38  -0.62  -0.52   0.094  0.83  -1.018 -0.81
  0.971 -0.8    0.82   0.81   1.514  0.26   0.04   0.97   0.81  -0.32
 -0.703  0.54   0.56  -0.89  -0.25   0.34   0.61  -0.27   0.86   0.35
 -0.624  0.54 ][-0.21   0.7   -0.4    0.7    0.77  -0.98   0.94  -0.42   0.58   0.55
  0.14   0.02  -0.44   0.38  -0.62  -0.52   0.78   0.07  -0.32  -0.153
  0.971 -0.8    1.388  0.81   1.47   0.26   0.256  0.97   0.81  -0.86
 -0.703  0.54   0.56  -0.09  -0.25   0.63   0.61  -0.27   0.86   0.35
 -0.33  -0.29 ][-0.21   0.7   -0.4    0.7    0.77  -0.98   0.94  -0.42   0.58   0.55
  0.14   0.8   -0.44  -0.62  -0.62  -0.52   0.78   0.83  -0.32  -0.81
  0.83  -0.84   0.82   0.117  0.695 -0.87   0.074  0.97   0.81  -0.86
 -0.11   0.024  0.56  -0.89  -0.25   0.34   0.61  -0.27   0.86   0.35
 -0.33   0.54 ][-0.74   0.7   -0.4    0.7    0.927 -0.98   0.94  -0.42   0.58   0.55
  0.61   0.8   -0.61  -0.62  -0.62  -0.52   0.78   0.83  -0.32  -0.81
  0.971 -0.8    1.388  0.81   1.514 -0.87   0.074  0.97   0.81  -0.86
 -0.703  0.54   0.913 -0.89  -0.25   0.63   0.61  -0.27   0.86   0.35
 -0.33  -0.29 ][-0.21   0.7   -0.4    0.7    0.77  -0.98   0.94  -0.42   0.58   0.55
  0.14   0.8   -0.44   0.38  -0.62  -0.52   0.78   0.83  -0.559 -0.81
  0.83  -0.8    1.388  0.81   0.6    0.26   0.256  0.97   0.81  -1.593
 -0.11   0.54   0.56  -0.4   -0.25   0.34   0.581 -0.27   0.86   0.35
 -0.33  -0.29 ][-0.74   0.7   -0.4    0.7    0.77  -0.98   0.94  -0.42   0.58   0.55
  0.14   0.8   -0.44  -0.62  -0.62  -0.52   0.78   0.07  -0.32  -0.81
  0.971 -0.8    0.82   0.81   0.6   -0.87   0.256  0.97   0.81  -0.86
 -0.11   0.54   0.913 -0.89  -0.25  -0.008  0.248 -0.27   0.86   1.167
 -0.33   0.54 ][-0.21   0.7   -0.4    0.7    0.77  -0.98   0.94  -0.42   0.58   1.142
  0.61   0.02  -0.44   0.38  -0.62  -0.52   0.78   0.83  -1.018 -0.81
  0.83  -0.84   0.82   0.81   0.6   -0.87   0.256  0.97   0.81  -0.86
 -0.703  0.54   0.913 -0.89  -0.25   0.63   0.61  -0.27   0.86   0.35
 -0.33  -0.29 ][-0.21   0.7   -0.4    0.7    0.77  -0.39   0.94  -0.42   0.58   0.37
  0.14   0.8   -0.44   0.38  -0.62  -0.52   0.78   0.83  -0.32  -0.81
  0.83  -0.8    0.82   0.81   0.695 -0.87   0.074  0.97   0.81  -1.666
 -0.11   0.024  0.56  -0.4   -0.25  -0.008  0.61  -0.27   0.86   0.35
 -0.33   0.54 ][-0.21   0.7   -0.4    0.956  1.326 -1.539  0.94  -0.42   0.58   0.55
  0.14   0.02  -0.134 -0.62  -1.121 -0.52   0.78   0.83  -0.32  -0.81
  0.83  -0.84   0.82   0.81   0.6   -0.87   0.074  0.97   0.81  -0.86
 -0.11   0.54   0.913 -0.4   -0.25  -0.008  0.61  -0.27   0.86   0.35
 -0.33   0.54 ][-0.21   0.7   -0.4    0.7    1.364 -0.39   0.94  -0.42   0.58   0.55
  0.14   0.8   -0.44  -0.62  -0.62  -0.1    0.78   0.83  -0.32  -0.81
  0.83  -0.8    0.82   0.81   0.695 -0.87   0.074  0.97   0.81  -0.86
 -0.11   0.54   0.913 -0.89  -0.25   0.34   1.507 -0.27   0.86   1.167
 -0.33   0.54 ][-0.663  0.7   -0.4    0.7    1.326 -1.539  0.94   0.244  0.58   0.55
  0.14   0.841 -0.134  0.38  -0.62  -0.52   0.78   0.07  -0.32  -0.81
  0.971 -0.8    0.82   0.81   1.514 -0.87   0.256  0.97   0.81  -0.32
 -0.11   0.54   0.56  -0.09  -0.25   0.63   0.61  -0.27   0.86   0.35
 -0.33  -0.29 ][-0.424  0.7   -0.4    0.7    0.77  -0.98   0.94  -0.42   0.58   0.55
  0.14   0.02  -0.134  0.38  -1.121  0.419  1.358  0.83  -0.32  -0.81
  0.971 -0.84   0.82   0.81   0.6    0.26   0.256  0.97   0.25  -0.86
 -0.703  0.54   0.56  -0.89  -0.25   0.63   0.61  -0.27   0.86   0.35
 -0.33   0.54 ][-0.21   0.7   -0.4    0.7    0.77  -1.026  0.94  -0.42   0.58   0.55
  0.14   0.8   -1.063  0.38  -0.62  -0.1    0.78   0.07  -0.32  -0.81
  0.971 -0.8    1.388  0.864  1.514 -0.87   0.298  0.97   0.81  -0.86
 -0.11   0.54   0.913 -0.4   -0.25   0.34   0.61  -0.27   0.86   0.35
 -0.33   0.54 ][-0.74   0.7   -0.4    0.7    1.364 -1.026  0.125 -0.42   0.58   0.55
  0.14   0.02  -0.44   0.38  -0.62  -0.52   1.358  0.83  -0.559 -0.81
  0.971 -0.8    0.82   0.81   0.6    0.26   0.04   0.97   0.81  -0.86
 -0.703  0.54   0.56  -0.4   -0.25   0.34   0.61  -0.27   0.86   0.35
 -0.33  -0.29 ][-0.663  0.7   -0.4    0.7    0.77  -1.92   0.94  -0.42   0.58   0.55
  0.14   0.8   -0.134 -0.62  -0.62  -0.52   0.78   0.07  -0.32  -0.81
  0.83  -0.8    0.82   0.81   1.514 -0.87  -0.396  0.97   0.81  -0.32
 -0.11   0.916  0.913 -0.4   -0.25   0.63   0.61  -0.27   0.86   1.167
 -0.33   0.54 ][-0.21   0.7   -0.4    0.7    1.364 -0.39   0.94  -0.42   0.58   0.55
  0.14   0.02  -0.44  -0.62  -0.62  -0.1    0.78   0.07  -0.32  -0.81
  0.83  -0.8    0.003  0.81   0.695 -0.87   0.074  0.97   0.81  -0.86
 -0.11   0.54   0.913 -0.4   -0.25  -0.008  0.61  -0.27   0.86   0.35
 -0.33   0.54 ][-0.21   0.7   -0.4    0.7    0.77  -1.026  0.94  -0.42   0.58   0.55
  0.61   0.8   -0.44   0.234 -0.036 -0.52   0.78   0.83  -0.559 -0.81
  1.203 -0.84   0.82   0.81   0.6   -0.87   0.074  0.97   0.81  -0.86
 -0.11   0.54   0.56  -0.89  -0.25   0.63   0.61  -0.27   0.86   0.35
 -0.33   0.54 ][-0.21   0.7   -0.4    0.7    1.364 -0.39   0.94  -0.103  0.58   0.55
  0.14   0.02  -0.44   0.38  -0.62  -0.52   0.78   0.83  -0.32  -0.81
  0.83  -0.8    0.82   0.81   0.533  0.26   0.074  0.97   0.81  -0.86
 -0.11   1.249  0.56  -0.4   -0.25   0.34   0.61  -0.27   0.86   0.35
 -0.33   0.54 ][-0.21   0.7   -0.4    0.7    1.364 -0.39   0.94  -0.42   0.58   0.37
  0.14   0.02  -0.44   0.38  -0.62  -1.43   0.78   0.83  -0.32  -0.81
  0.83  -0.84   0.82   0.81   0.695 -0.87   0.074  0.97   0.81  -0.86
 -0.11   0.024  0.56  -0.4   -0.25   0.34   0.61  -0.27   0.86   1.167
 -0.33   0.54 ][-0.21   0.7   -0.4    0.7    1.364 -1.026  0.94  -0.42   0.58   0.55
  0.919  0.02  -0.44   0.38  -0.036 -0.52   0.78   0.83  -1.018 -0.81
  0.971 -0.8    1.388  0.81   0.6   -0.87   0.04   0.97   0.81  -0.86
 -0.11   0.54   0.913 -0.89  -0.25   0.34   0.581 -0.27   0.86   0.35
 -0.33   0.54 ][-0.21   0.7   -0.4    0.7    1.364 -0.98   0.94  -0.42   0.58   0.55
  0.61   0.02  -0.44   0.38  -0.62  -0.52   0.78   0.83  -0.32  -0.81
  0.83  -0.84   1.388  0.81   0.6   -0.87   0.074  0.97   0.81  -0.491
 -0.11   0.54   0.913 -0.89  -0.25   0.34   0.61  -0.27   0.86   0.35
 -0.33   0.54 ][-0.21   0.7   -0.4    0.7    1.364 -0.98   0.94  -0.42   0.58   0.55
  0.14   0.8   -0.44   0.38  -0.62  -0.52   0.78   0.83  -0.559 -0.81
  0.83  -0.8    0.82   0.81   0.6   -0.267  0.04   0.97   0.81  -0.86
 -0.703  0.54   0.913 -0.89  -0.25   0.34   0.581 -0.27   0.86   0.35
 -0.33  -0.29 ][-0.21   0.7   -0.9    0.7    1.364 -0.39   0.94  -0.42   0.58   0.37
  0.14   0.02  -0.44  -0.62  -0.62  -0.1    0.78   0.07  -0.32  -0.81
 -0.68  -0.84   0.82   0.81   0.6   -0.87   0.074  0.97   0.81  -0.32
 -0.11   0.54   0.56  -0.89  -0.25   0.34   0.373  0.6    0.86   0.35
 -0.33   0.54 ][-0.21   1.28  -0.4    0.7    1.326 -0.39   0.94  -0.42   0.58   0.37
  0.14   0.02  -0.44   0.38  -0.62  -0.1    0.78   0.83  -0.32  -0.81
  0.83  -0.84   0.82   0.81   0.695 -0.239  0.04   0.97   0.81  -0.86
 -0.11   0.916  0.56  -0.89  -0.25   0.34   0.61  -0.27   0.86   0.35
 -0.624  0.54 ][-0.21   0.7   -0.4    0.7    1.364 -0.98   0.94  -0.42   0.58   0.55
  0.61   0.614 -0.134  0.234 -0.2   -0.52   0.78   0.07   0.357 -0.81
  0.83  -0.84   1.388  0.81   0.6   -0.87   0.074  0.97   0.81  -0.86
 -0.703  0.54   0.58  -0.09  -0.25   0.63   0.61  -0.27   0.86   0.35
 -0.33  -0.29 ][-2.100e-01  7.000e-01 -9.000e-01  7.000e-01  1.326e+00 -1.920e+00
  9.400e-01 -1.000e-03  5.800e-01  5.500e-01  1.400e-01  8.410e-01
 -1.340e-01  3.800e-01 -6.200e-01 -1.358e+00  7.800e-01  8.300e-01
 -3.200e-01 -8.100e-01  8.300e-01 -8.000e-01  8.200e-01  8.100e-01
  6.000e-01 -8.700e-01  2.560e-01  9.700e-01  8.100e-01 -8.600e-01
 -1.100e-01  9.160e-01  5.600e-01 -9.000e-02 -2.500e-01  6.300e-01
  6.100e-01 -2.700e-01  8.600e-01  3.500e-01 -3.300e-01  5.400e-01][-0.21   0.454 -0.4    0.7    1.364 -1.026  0.94  -0.42   0.58   0.55
  0.14   0.8   -0.44  -0.62  -0.2   -0.52   0.78   0.07  -0.559 -0.81
  0.83  -0.8    0.82  -0.43   0.6   -0.87   0.04   0.97   0.81  -0.86
 -0.11   0.54   0.58  -0.4   -0.25   0.63   0.61  -0.27   0.86   0.35
 -0.33   0.54 ][-0.21   0.7   -0.4    0.7    1.326 -0.39   1.726 -0.42   0.58   0.55
  0.61   0.322 -0.134  0.38  -0.2   -0.1    0.78   0.83  -0.32  -0.81
  0.83  -0.84   0.82   0.81   0.6   -0.239  0.074  0.97   0.81  -0.86
 -0.11   0.916  0.56  -0.4   -0.25   0.63   0.61  -0.27   0.86   0.35
 -0.33   0.54 ][-0.21   0.7   -0.4    0.7    0.77  -1.539  0.94  -0.42   0.58   0.55
  0.14   0.02  -0.44   0.38  -0.62  -0.52   0.78   0.83  -1.018 -0.81
  0.83  -0.8    2.108  0.81   0.6    0.26   0.256  0.97   0.81  -0.86
 -0.11   0.54   0.56  -0.4   -0.25   0.34   0.61  -0.27   0.86   0.35
 -0.33  -0.29 ][-0.21   0.7   -0.4    0.7    0.77  -1.649  0.94  -0.42   0.58   0.55
  0.14   0.02  -0.44   0.38  -0.62  -0.52   0.78   0.83  -0.32  -0.81
  0.83  -0.8    0.82   0.81   0.6    0.26   0.074  0.97   0.81  -0.86
 -0.11   0.54   0.913 -0.4   -0.25   0.34   0.61  -0.27   0.86   1.167
 -0.33  -0.29 ][-0.21   0.7   -0.4    0.7    1.364 -0.39   0.94  -0.42   0.58   0.55
  0.14   0.8   -0.44   0.38  -0.62  -0.52   0.78   0.83  -0.32  -0.81
  0.83  -0.8    0.82   0.81   0.695 -0.87   0.074  0.97   0.81  -0.86
 -0.11   0.024  0.913 -0.89  -0.25   0.34   0.61  -0.27   0.86  -0.601
 -0.33   0.54 ][-0.21   0.7   -0.4    0.7    1.364 -0.39   0.94  -0.42   0.58   0.55
  0.14   0.8   -0.134  0.38  -0.036 -0.1    0.78   0.83  -0.32  -0.81
  0.83  -0.8    1.788  0.81   0.6   -0.87   0.256  0.97   0.81  -0.86
 -0.11   0.54   0.56  -0.4   -0.25   0.63   0.61  -0.27   0.86   0.35
 -0.33   0.54 ][-0.74   0.7   -0.4    0.7    0.53  -0.98   0.94  -0.42   0.58   0.55
  0.14   0.02  -0.44   0.38  -0.62  -0.52   0.78   0.83  -1.018 -0.81
 -0.68  -0.8    0.82   0.81   1.514  0.26   0.04   0.97   0.81  -0.86
 -0.703  0.54   0.56  -0.783 -0.25   0.34   0.61  -0.27   0.86   0.35
 -0.33  -0.29 ][-0.21   0.7   -0.4    0.7    0.77  -0.98   0.94  -0.899  0.58   0.55
  0.14   0.8   -0.44  -0.62  -0.2   -0.52   0.78   0.07  -0.32  -0.81
  0.83  -0.8    0.82   0.81   0.6   -0.87   0.04   0.97   0.81  -0.32
 -0.11   0.54   0.58  -0.4   -0.25  -0.008  0.61  -0.27   0.86   1.167
 -0.33   0.54 ][-0.21   0.7   -0.4    0.7    0.77  -0.98   1.726 -0.42   0.58   0.55
  0.14   0.02  -0.44   0.38  -0.62  -0.52   0.78   0.83  -1.018 -0.81
  0.83  -0.84   1.388  0.81   0.6    0.26   0.256  0.97   0.81  -0.86
 -0.703  0.54   0.913 -0.4   -0.25   0.34   0.61  -0.27   0.86   0.916
 -0.33  -0.29 ][-0.21   0.7   -0.9    0.7    1.364 -0.39   0.94  -0.42   0.58   0.37
  0.14   0.02  -0.134  0.38  -0.62  -0.1    0.78   0.83  -0.32  -0.81
  0.83  -0.8    0.82   0.81   0.6   -0.87  -0.265  0.97   0.81  -0.86
 -0.11   0.54   0.56  -0.89  -0.25   0.34   0.61  -0.27   0.86   0.35
 -0.33   0.54 ][-0.21   0.7   -0.4    0.7    1.364 -0.39   0.94  -0.42   0.58   0.55
  0.61   0.614 -0.44   0.234 -0.62  -0.52   0.78   0.83  -0.32  -0.81
  0.83  -0.84   2.261  0.81   0.695 -0.87   0.074  0.97   0.81  -0.86
 -0.703  0.024  0.913 -0.89  -0.25   0.63   0.61  -0.27   0.86   0.35
 -0.33   0.54 ][-0.663  0.7   -0.4    0.7    1.631 -0.98   0.94  -0.42   0.58   0.55
  0.344  0.841 -0.44   0.38  -0.2   -1.358  0.78   0.83  -0.32  -0.81
  0.83  -0.84   1.388  0.81   1.514 -0.87   0.074  0.97   0.81  -0.86
 -0.11   0.54   0.56  -0.09  -0.25   0.63   0.61  -0.27   0.86   0.35
 -0.33   0.54 ][-0.21   0.7   -0.9    0.7    0.77  -1.026  0.94  -0.103  0.58   0.55
  0.14   0.8   -0.134  0.38  -0.62  -0.1    0.78   0.07  -1.018 -0.307
  0.971 -0.8    0.82   0.81   0.533 -0.87   0.256  0.97   0.81  -0.86
 -0.11   0.54   0.56  -0.4   -0.25   0.34   0.61  -0.27   0.86   0.35
 -0.33  -0.29 ][-0.21   0.7   -0.9    0.7    1.364 -1.026  0.94  -0.42   0.58   0.55
  0.14   0.819 -0.134  0.38  -0.62  -0.1    0.78   0.83  -0.32  -0.81
  0.83  -0.8    0.82   0.81   0.6   -0.87   0.04   0.97   0.25  -0.86
 -0.11   0.54   0.56  -0.4   -0.25   0.34   0.61  -0.27   0.86   0.35
 -0.33   0.54 ][-0.74   0.7   -0.4    0.7    1.364 -0.39   0.94  -0.42   0.58   0.55
  0.14   0.02  -1.389  0.38  -0.62  -0.1    0.78   0.83  -0.32  -0.81
 -0.68  -0.84   0.82   0.81   0.695 -0.87   0.04   0.97   0.81  -0.86
 -0.703  0.54   0.56  -0.89  -0.25   0.34   0.61  -0.27   0.86   0.35
 -0.624  0.54 ]