[-0.21   0.7   -0.4    0.7    0.93  -1.45   1.78  -0.42   0.203  0.55
  0.14   0.614 -0.44   0.38   0.212 -0.1   -0.041  0.83   0.231 -0.81
  0.83  -0.907  1.116  0.81   0.6   -0.87  -0.632  0.97   0.81   0.058
 -0.882  1.249  0.913 -0.09  -0.25   0.941  0.564 -0.27   0.86   0.35
 -0.33   0.54 ][-0.21   0.7   -0.4    0.7    0.93  -0.98   1.78  -0.42   1.199  0.55
  0.14   0.614 -0.44   0.717  0.212 -0.1   -0.192 -0.123 -0.321 -0.81
  0.83  -0.664  1.116  0.434  0.6   -0.572 -0.632  0.97   0.81  -0.86
 -0.882  1.249  0.913 -0.09  -0.25   0.941  0.564 -0.27   0.86   0.35
 -0.33   0.54 ][-1.1    0.7   -0.4    0.7    0.93  -0.98   1.78  -0.42   1.199  0.55
  0.14   0.614 -0.44   0.717  0.212 -0.1    0.699  0.835 -0.321 -0.81
  0.83  -0.664  1.116  0.81   0.6   -0.572 -0.632  0.97   0.81  -0.86
  0.059  0.548  0.606 -0.09  -0.25   0.941  0.564 -0.27   0.86   0.35
 -0.33   0.521][-0.21   0.7   -0.311  0.7    0.77  -0.98   1.78  -0.42   0.142  0.55
  0.14   0.614 -0.44   0.38   0.212 -0.1   -0.192 -0.123  0.267 -0.81
  0.83  -1.636  1.116  0.81   0.6   -0.639 -0.632  0.97   0.81  -0.86
  0.059  1.249  0.606 -0.09  -0.25   0.941  0.564 -0.27   0.86   0.35
 -0.33   0.54 ][-0.21   0.7   -0.4    0.7    0.93  -0.98   1.506 -0.42   1.199 -0.253
  0.14   0.614 -0.44   0.717  0.212 -0.1    0.699 -0.123 -0.321 -0.81
  0.83  -1.216  1.116  0.253  0.6   -1.137 -0.632  0.97   0.81  -0.86
  0.059  1.249  0.913 -0.09  -0.25   0.941  0.564 -0.27   0.86   0.35
 -0.33   0.54 ][-0.21   0.7   -0.4    0.7    0.77  -0.98   1.78  -0.312  0.58   0.296
  0.14   0.614 -0.44   0.38   0.212 -0.1    1.176 -0.123 -0.332 -0.81
  0.83  -1.636  1.116  0.81   0.6   -0.87  -0.632  0.97   0.81  -0.86
  0.059  1.249  0.606 -0.09  -0.25   0.941  0.564 -0.27   0.86   0.35
 -0.33   0.54 ][ 0.446  0.7   -0.4    0.7    0.77  -0.98   0.94  -0.42   1.199 -0.253
  0.14   0.614 -1.001  0.717  0.212 -0.1    0.699 -0.123 -0.321 -0.81
  1.331 -1.216  1.116  0.81   0.6   -0.87  -0.632  0.966  0.81  -0.86
 -0.882  1.249  0.913 -0.09  -0.25   0.941  0.564 -0.27   0.86   0.35
 -0.33   0.54 ][-0.21   0.539 -0.4    0.7    0.77  -1.45   1.78  -0.42   0.203 -0.253
  0.14   0.614 -0.561  0.717  0.212 -0.1    0.699  0.83  -0.321  0.144
  0.83  -0.664  1.116  0.81   0.6   -0.87  -0.632  0.97   0.81  -0.86
  0.059  1.249  0.606 -0.09  -0.25   0.941  0.564 -0.27   0.86   0.553
 -0.33   0.54 ][-0.21   0.7   -0.4    0.7    0.77  -0.98   1.78  -0.42   0.58   0.55
  0.14   0.614 -0.44   0.717  0.212 -0.1   -0.192 -0.123  0.267 -0.81
  0.83  -1.636  1.116  0.924  0.6   -0.639 -0.632  1.49   0.81  -0.86
  0.059  1.249  0.606 -0.09  -0.25   0.941  0.564 -0.27   0.86   0.35
 -0.33   0.54 ][-0.21   0.7   -0.4    0.7    0.77  -0.98   1.78  -0.42   0.58   0.55
  0.14   0.614 -0.44   0.38   0.212 -0.1   -0.192 -0.123  0.267 -0.81
  0.83  -1.636  1.116  0.924  0.6   -0.639 -0.632  0.97   0.81  -0.86
  0.059  1.249  0.606 -0.09  -0.25   0.941  0.564 -0.27   0.86   0.35
 -0.33   0.54 ][-0.21   0.7   -0.4    0.7    0.93  -0.98   1.78  -0.312  1.199 -0.253
  0.14   0.614 -0.44   0.717  0.212 -0.1    0.699 -0.123  0.267 -0.81
  0.83  -1.216  1.116  0.253  0.6   -0.87  -0.632  0.97   0.81  -0.86
 -0.882  1.249  0.913 -0.09  -0.25   0.941  0.564 -0.27   0.86   0.35
 -0.33   0.406][-0.21   0.7   -0.4    0.7    0.77  -0.98   1.78  -0.42   1.199  0.296
  0.14   0.614 -0.44   0.161  0.212 -0.1   -0.192 -0.123  0.267 -0.81
  0.83  -0.664  1.116  0.253  0.6    0.038 -0.632  0.97   0.81  -0.86
 -0.882  1.249  0.606 -0.09  -0.25   0.941  0.564 -0.27   0.86   0.35
 -0.33   0.54 ][-0.663  0.7   -0.4    0.7    0.77  -0.98   1.78  -0.663  1.199  0.55
  0.14   0.274 -0.44   0.38   0.212 -0.1    0.699  0.83  -0.321 -0.81
  0.83  -1.216  1.116  0.81   0.6   -1.508 -0.632  0.97   0.81  -0.86
  0.059  1.249  0.606 -0.09  -0.25   0.941  0.564 -0.27   0.63   0.35
 -0.33   0.24 ][ 0.446  0.7   -0.4    0.7    0.77  -0.98   0.94  -0.42   1.199 -0.253
  0.14   0.614 -0.44   0.38   0.212 -0.1    0.699 -0.123 -0.321  0.144
  0.83  -1.216  0.746  0.81   0.6   -0.87  -0.632  0.97   0.81  -0.86
  0.059  1.249  0.606 -0.09  -0.25   0.941  0.564 -0.27   0.86   0.35
 -0.33   0.54 ][-0.138  0.7   -0.4    0.7    0.77  -0.98   1.78  -0.42   0.58   0.55
  0.14   0.614 -0.44   0.38  -0.359 -0.1    0.699  0.83   0.267 -0.81
  0.83  -0.664  1.116  0.253  0.6   -0.572 -1.074  0.97   0.81  -0.86
 -0.882  1.249  0.606 -0.09  -0.25   0.941  0.564 -0.27   0.86   0.35
 -0.771  0.54 ][-0.21   0.7   -0.4    0.7    0.93  -0.98   1.78  -0.42   1.199  0.55
  0.14   0.614 -0.44   0.717  0.212 -0.1   -0.192 -0.123 -0.321 -0.81
  0.83  -0.664  0.808  0.253  0.6   -0.572 -0.632  0.97   0.81  -0.86
 -0.882  1.249  0.913 -0.09  -0.25   0.941  0.564 -0.27   0.86   0.35
 -0.33   0.54 ][-0.21   0.7   -0.4    0.7    0.93  -0.98   1.78  -0.42   1.199  0.55
  0.14   0.614 -0.44   0.717  0.212 -0.1    0.713 -0.123  0.267 -0.81
  0.83  -0.907  1.116  0.253  0.6   -0.572 -0.632  0.97   0.81  -0.86
 -0.882  1.249  0.913 -0.09  -0.25   0.941  0.564 -0.27   0.86   0.35
 -0.33   0.54 ][ 0.446  0.7   -0.4    0.7    0.77  -0.98   1.78  -0.42   1.199 -0.253
  0.14   0.614 -0.44   0.38  -0.359 -0.1    0.699 -0.123 -0.321 -0.81
  1.262 -1.216  1.116  0.281  0.6   -0.572 -0.632  0.97   0.81  -0.86
  0.059  1.249  0.913 -0.09  -0.25   0.941  0.564 -0.27   0.86   0.35
 -0.33   0.54 ][-0.21   0.7   -0.4    0.7    0.93  -0.98   1.78  -0.42   1.199  0.55
  0.14   0.614 -0.44   0.161  0.212 -0.1   -0.192 -0.123  0.267 -0.81
  0.83  -0.664  1.116  0.253  0.6   -0.572 -0.632  0.97   0.81  -0.86
 -0.882  1.249  0.913 -0.09  -0.25   0.941  0.564 -0.27   0.86   0.35
 -0.33   0.54 ][-0.21   0.539 -0.4    0.7    0.77  -0.98   1.78  -0.42   0.142  0.296
  0.14   0.614 -0.44   0.38   0.212 -0.1   -1.056 -0.123  0.267 -0.81
  0.83  -0.664  1.116  0.81   0.6   -0.87  -0.632  0.97   0.81   0.058
  0.059  1.249  0.913 -0.08  -0.25   0.941  0.564 -0.27   0.86   0.35
 -0.33   0.54 ][-0.138  0.7   -0.4    0.7    0.77  -0.98   1.78  -0.42   1.199  0.55
  0.14   0.614 -0.44   0.38  -0.359 -0.1    0.699  0.83   0.267 -0.81
  0.83  -1.216  1.116  0.81   0.6   -0.893 -0.632  0.97   0.81  -0.86
  0.059  1.249  0.606 -0.09  -0.25   0.941  0.564 -0.27   0.63   0.35
 -0.33   0.24 ][-0.21   0.7   -0.4    0.7    0.93  -0.98   1.78  -0.42   1.199 -0.253
  0.14   0.614 -0.44   0.161  0.212 -0.1   -0.192 -0.123  0.267 -0.81
  0.83  -0.664  1.116  0.253  0.6   -0.572 -0.632  0.97   0.81  -0.86
 -0.882  1.249  0.913 -0.09  -0.25   0.941  0.564 -0.27   0.86   0.35
 -0.45   0.54 ][ 0.446  0.7   -0.4    0.7    0.93  -0.98   1.78  -0.42   1.199  0.55
  0.14   0.614 -1.001  0.717  0.212 -0.1    0.699  0.835 -0.321 -0.81
  0.83  -1.216  1.116  0.81   0.6   -0.572 -0.632  0.966  0.81  -0.86
 -0.882  1.383  0.913 -0.09  -0.25   0.941  0.564 -0.27   0.86   0.35
 -0.33   0.521][-0.21   0.539 -0.4    0.7    0.213 -0.98   1.78  -0.42   0.203 -0.253
  0.14   0.614 -0.561  0.38   0.212 -0.1   -0.192  0.83   0.267 -0.81
  0.83  -0.664  1.116  0.81   0.6   -0.87  -0.632  0.97   0.81  -0.86
  0.059  1.249  0.606 -0.09  -0.25   0.941  0.564 -0.27   0.86   0.553
 -0.33   0.54 ][-0.21   0.539 -0.4    0.7    1.608 -0.98   1.78  -0.42   1.199  0.296
  0.14   0.614 -0.44   0.161  0.212 -0.1   -1.056 -0.123  0.267 -0.81
  0.83  -0.664  1.116  0.253  0.6    0.038 -0.632  0.97   0.81  -0.86
 -0.882  1.249  0.606 -0.09  -0.25   0.941  0.564 -0.27   0.86   0.35
 -0.33   0.54 ][-0.21   0.7   -0.4    0.7    0.77  -0.98   1.78  -0.42   0.203  0.55
  0.14   0.614 -0.561  0.717  0.212 -0.1    0.699  0.83   0.267  0.144
  0.83  -0.664  1.116  0.81   0.6   -0.639 -0.632  0.97   0.81  -0.86
  0.059  1.249  0.606 -0.09  -0.25   0.941  1.311 -0.27   0.86   0.35
 -0.33   0.54 ][-0.21   0.7   -0.4    0.7    0.77  -0.98   1.78  -0.42   1.199  0.296
  0.789  0.614 -0.44   0.161  0.212 -0.1   -0.192 -0.123  0.267 -0.81
  0.83  -0.664  0.808  0.253  0.6    0.038 -0.632  0.97   0.81  -0.86
 -0.882  1.249  0.606 -0.09  -0.25   0.941  0.564 -0.27   0.86   0.35
 -0.33   0.54 ][-0.21   0.7   -0.4    0.7    0.93  -0.98   1.78  -0.42   0.142  0.296
  0.882  0.614 -0.44   0.38   0.212 -0.1   -1.056 -0.123 -0.321 -0.81
  0.83  -0.664  1.116  0.434  0.6   -0.87  -0.632  0.97   0.81  -0.86
 -0.882  1.249  0.913 -0.08  -0.25   0.941  0.564 -0.27   0.86   0.35
 -0.33   0.54 ][-0.138  0.539 -0.4    0.7    0.77  -0.98   1.78  -0.42   0.58   0.296
  0.036  0.614 -0.44   0.38   0.212 -0.1    0.699  0.83   0.267 -0.81
  0.83  -0.664  1.116  0.253  0.6   -0.87  -1.074  0.97   0.81   0.058
 -0.882  1.249  0.606 -0.08  -0.25   0.941  0.564 -0.27   0.86   0.35
 -0.33   0.54 ][ 0.446  0.7   -0.4    0.7    0.93  -0.98   1.78  -0.42   1.199  0.55
  0.14   0.614 -1.001  0.717  0.212 -0.1    0.699 -0.123 -0.321 -0.81
  1.331 -0.664  0.808  0.253  0.6   -0.87  -0.632  0.966  0.81  -0.86
 -0.882  1.249  0.375 -0.09  -0.25   0.941  0.564 -0.27   0.86   0.35
 -0.33   0.54 ][-0.21   0.7   -0.4    0.7    0.93  -1.45   1.78  -0.42   1.199  0.55
  0.14   0.614 -0.44   0.717  0.212 -0.1    0.699  0.835 -0.321 -0.81
  0.83  -0.664  1.856  0.81   0.6   -0.572 -0.632  0.97   0.81  -0.86
 -0.882  0.548  0.913 -0.09  -0.25   0.941  0.564 -0.27   0.86   0.35
 -0.33   0.521][ 0.446  0.539 -0.4    0.7    0.77  -0.98   1.78  -0.42   1.199 -0.253
  0.14   0.614 -0.44   0.38   0.212 -0.1    0.699 -0.123 -0.321 -0.81
  1.262 -0.664  1.116  0.281  0.6   -0.572 -0.632  0.97   0.81   0.058
  0.059  1.249  0.913 -0.08  -0.25   0.941  0.564 -0.27   1.823  0.35
 -0.33   0.54 ][-0.21   0.7   -0.4    0.7    0.93  -0.249  1.78  -0.42   0.142  0.296
  0.14   0.614 -0.44   0.38   0.212 -0.1   -1.056 -0.123  0.267 -0.81
  0.83  -0.907  1.116  0.253  0.6   -0.572 -0.632  0.97   0.81   0.058
  0.059  1.249  0.913 -0.08  -0.25   0.941  0.564 -0.27   0.86   0.35
 -0.33   0.54 ][-0.21   0.7   -0.4    0.7    0.93  -0.98   1.78  -0.42   1.199  0.55
  0.14   0.614 -0.44   0.717  0.212 -0.1   -0.192 -0.123  0.544 -0.81
  0.83  -0.664  1.116  0.434  0.6    0.038 -0.632  0.97   0.81  -0.86
 -0.882  1.249  0.606 -0.09  -0.25   0.941  0.564 -0.27   0.86   0.35
 -0.33   0.54 ][-0.21   0.7   -0.4    0.7    0.77  -0.98   1.78  -0.42   0.58   0.296
  0.14   0.614 -0.44   0.717  0.212 -0.1   -0.192 -0.123 -0.321 -0.81
  1.249 -0.664  1.116  0.434  0.6   -0.87  -0.632  0.97   0.81  -0.86
 -0.882  1.249  0.606 -0.09  -0.25   0.941  0.564 -0.27   0.86   0.35
 -0.33   0.54 ][-0.21   0.7   -0.311  0.7    0.77  -0.98   1.78  -0.42   0.203 -0.253
  0.14   0.614 -0.19   0.38   0.212 -0.1   -0.192  0.83  -0.321 -0.81
  0.83  -1.636  1.116  0.81   0.6   -0.639 -0.632  0.97   0.81  -0.86
  0.059  1.249  0.606 -0.09  -0.25   0.941  0.564 -0.27   0.86   0.553
 -0.33   0.54 ][-0.21   0.539 -0.4    0.7    0.77  -0.98   1.78  -0.42   1.199  0.55
  0.14   0.614 -0.44   0.717  0.212 -0.1    0.699  0.835 -0.321 -0.81
  0.83  -0.664  1.116  0.81   0.6   -0.87  -0.632  0.97   0.81  -0.17
  0.059  1.249  0.913 -0.08  -0.25   0.941  0.564 -0.27   0.86   0.35
 -0.33   0.521][-2.100e-01  5.390e-01 -4.000e-01  7.000e-01  9.300e-01 -9.800e-01
  1.780e+00 -4.200e-01  2.030e-01 -2.530e-01  1.400e-01  6.140e-01
 -5.610e-01  7.170e-01  2.120e-01 -1.000e-01  6.990e-01  8.300e-01
 -3.210e-01 -8.100e-01  8.300e-01 -6.640e-01  1.116e+00  8.100e-01
  6.000e-01 -5.720e-01 -6.320e-01  9.700e-01  8.100e-01 -8.600e-01
  5.900e-02  1.249e+00  9.130e-01 -9.000e-02 -2.500e-01  9.410e-01
  5.640e-01 -2.700e-01  8.600e-01 -1.000e-03 -3.300e-01  5.400e-01][ 0.446  0.7   -0.4    0.7    1.308 -0.98   0.94  -0.42   0.142 -0.253
  0.14   0.614 -1.001  0.717  0.212 -0.1    0.699 -0.123 -0.321 -0.81
  0.83  -1.216  1.116  0.81   0.6   -0.87  -0.632  0.966  0.81   0.058
  0.059  1.249  0.913 -0.08  -0.25   0.941  0.564 -0.27   0.86   0.35
 -0.33   0.54 ][-0.21   0.539 -0.311  0.7    0.77  -0.98   1.78  -0.42   0.142 -0.253
  0.14   0.614 -0.44   0.717  0.212 -0.1   -0.192  0.83   0.267  0.144
  0.83  -1.636  1.116  0.81   0.302 -0.87  -0.632  0.97   0.81  -0.86
  0.059  1.249  0.606 -0.09  -0.25   0.941  0.564 -0.27   0.86   0.553
 -0.33   0.54 ][-0.21   0.539 -0.4    0.7    0.77  -0.98   1.78  -0.42   1.199  0.296
  0.14   0.614 -0.44   0.38   0.212 -0.1   -0.192 -0.123  0.267 -0.81
  0.83  -0.664  1.116  0.253  0.6   -0.248 -0.632  0.97   0.81  -0.86
  0.059  1.249  0.913 -0.08  -0.25   0.941  0.564 -0.27   0.86   0.35
 -0.33   0.54 ][ 0.446  0.7   -0.311  0.7    0.77  -0.98   1.78  -0.42   0.142 -0.253
  0.14   0.614 -0.44   0.38  -0.359 -0.1   -0.192 -0.123  0.267 -0.81
  1.262 -1.636  1.116  0.452  0.6   -0.572 -0.632  0.97   0.81  -0.86
  0.059  1.249  0.913 -0.09  -0.25   0.941  0.564 -0.27   0.86   0.35
 -0.33   0.54 ][-0.21   0.7   -0.4    0.7    0.77  -0.98   1.78  -0.42   1.199 -0.253
  0.14   0.614 -0.44   0.38  -0.359 -0.1    0.699 -0.123 -0.321 -0.81
  1.262 -1.216  1.116  0.281  0.6   -0.572 -0.632  0.97   0.81   0.058
  0.059  1.249  0.913 -0.09  -0.25   1.266  0.564 -0.27   0.86   0.35
 -0.33   0.54 ][-0.21   0.539 -0.4    0.7    0.77  -1.45   1.78  -0.42   0.58  -0.253
  0.14   0.614 -0.561  0.717  0.212 -0.1   -0.192  0.83   0.267 -0.81
  0.83  -0.664  1.116  0.924  0.6   -0.87  -0.632  0.97   0.81  -0.86
  0.059  1.249  0.606 -0.09  -0.25   0.941  0.564 -0.27   0.86   0.35
 -0.356  0.54 ][-0.21  -0.061 -0.4    0.7    0.77  -0.98   1.78  -0.42   1.199 -0.253
  0.14   0.614 -0.44   0.717  0.212 -0.1    0.699 -0.123  0.267 -0.81
  0.83  -0.664  1.116  0.81   0.6   -0.87  -0.632  0.97   0.81  -0.86
 -0.882  1.249  0.606 -0.09  -0.25   0.941  0.564 -0.27   0.86   0.553
 -0.33   0.54 ][-0.21   0.7   -0.4    0.7    0.93  -1.45   1.506 -0.42   1.199 -0.253
  0.14   0.614 -0.44   0.38   0.212 -0.1    0.699  0.83  -0.321 -0.81
  0.83  -1.216  1.116  0.253  0.6   -1.137 -0.632  0.231  0.81  -0.86
  0.059  1.249  0.913 -0.09  -0.25   0.941  0.564 -0.27   0.86   0.35
 -0.33   0.54 ][-0.21   0.7   -0.4    0.7    0.93  -0.98   1.78  -0.42   0.142  0.296
 -0.576  0.614 -0.44   0.38   0.212 -0.1   -1.056 -0.123  0.267 -0.81
  0.83  -0.664  1.116  0.253  0.6   -0.87  -0.632  0.97   0.81   0.058
 -0.882  1.249  0.913 -0.09  -0.25   0.941  0.564 -0.27   0.86   0.35
 -0.33   0.406][-0.663  0.7   -0.4    0.7    0.77  -0.98   1.78  -0.663  0.58   0.55
  0.14   0.274 -0.44   0.38  -0.485 -0.1   -0.192 -0.123  0.267 -0.81
  0.83  -1.216  1.116  0.924  0.6   -0.639 -0.632  1.49   0.81  -0.86
  0.059  1.249  0.606 -0.09  -0.25   0.941  0.564 -0.27   0.86   0.35
 -0.33   0.24 ][-1.1    0.7   -0.4    0.7    0.93  -0.98   1.78  -0.312  1.199  0.55
  0.14   0.614 -0.44   0.38   0.212 -0.1    1.176 -0.123 -0.321 -0.81
  0.83  -0.664  1.116  0.404  0.6   -0.87  -0.632  0.97   0.81  -0.86
  0.059  0.548  0.606 -0.09  -0.25   0.941  0.564 -0.27   0.86   0.35
 -0.33   0.521][-1.1    0.7   -0.4    0.7    0.93  -0.98   1.78  -0.42   1.199  0.55
  0.14   0.614 -0.44   0.717  0.212 -0.1    0.699  0.835 -0.321 -0.81
  0.83  -0.638  1.116  0.253  0.6   -1.137 -0.632  0.97   0.81  -0.86
  0.059  1.249  0.913 -0.09  -0.25   0.941  0.564 -0.27   0.86   0.35
 -0.33   0.521][-0.21   0.7   -0.4    0.7    0.77  -0.98   1.78  -0.42   0.142  0.296
  0.14   0.614 -0.44   0.717  0.212 -0.1   -1.056 -0.123  0.267 -0.81
  0.83  -0.664  1.116  0.924  0.6   -0.639 -0.632  0.97   0.81  -0.86
  0.059  1.249  0.913 -0.09  -0.25   0.941  0.564 -0.27   0.86   0.35
 -0.33  -0.184][-0.21   0.539 -0.311  0.7    0.77  -1.45   1.78  -0.42   0.203  0.55
  0.667  0.614 -0.44   0.38   0.212 -0.1    0.699 -0.123 -0.321  0.144
  0.83  -1.636  1.116  0.81   0.6   -0.87  -0.632  0.97   0.81  -0.86
  0.059  1.249  0.606 -0.09  -0.25   0.941  0.564 -0.27   0.86   0.35
 -0.33   0.54 ][ 0.446  0.7   -0.4    0.7    0.93  -0.98   1.78  -0.42   1.199 -0.253
  0.14   0.614 -1.001  0.717  0.212 -0.1    0.699 -0.123 -0.321 -0.81
  0.83  -1.216  1.116  0.81   0.6   -0.87  -0.632  0.966  0.81  -0.86
 -0.882  1.249  0.913 -0.09  -0.25   0.941  0.564 -0.27   0.86   0.237
 -0.33   0.54 ][-0.21   0.7   -0.4    0.7    0.93  -1.45   1.78  -0.42   0.142  0.296
  0.14   0.614 -0.44   0.38   0.212 -0.1   -0.041 -0.123  0.267 -0.81
  0.83  -0.907  1.116  0.81   0.6   -0.87  -0.632  0.97   0.81   0.058
  0.059  1.249  0.913 -0.09  -0.25   0.941  0.564 -0.27   0.746  0.35
 -0.33   0.54 ][-0.21   0.539 -0.311  0.7    0.77  -0.98   1.78  -0.42   0.142  0.55
  0.14   0.614 -0.44   0.38   0.212 -0.351 -0.192 -0.123 -0.321  0.144
  0.83  -0.664  1.116  0.81   0.6   -0.639 -0.632  0.97   0.81  -0.86
  0.059  1.249  0.606 -0.09  -0.25   0.941  0.564 -0.27   0.86   0.35
 -0.33   0.54 ][-0.21   0.7   -0.4    0.7    0.93  -0.98   1.78  -0.312  1.199  0.55
  0.14   0.614 -0.44   0.717  0.212 -0.1    0.699 -0.123  0.267 -0.81
  0.83  -0.664  1.116  0.253  0.6   -0.87  -0.632  0.97  -0.097 -0.86
 -0.882  1.249  0.913 -0.09  -0.25   0.941  0.564 -0.27   0.86   0.35
 -0.33   0.54 ][-0.21   0.539 -0.4    0.7    0.77  -1.45   1.78  -0.42   0.203  0.55
  0.14   0.614 -0.561  0.717  0.212 -0.1    0.699  0.83  -0.321  0.144
  0.83  -0.664  0.39   0.81   0.6   -0.87  -0.632  0.97   0.81   0.058
 -0.882  1.249  0.606 -0.09  -0.25   0.941  0.564 -0.27   0.86   0.553
 -0.33   0.54 ][-0.21   0.7   -0.4    0.7    0.77  -0.98   1.745 -0.42   0.142 -0.253
  0.14   0.614 -0.44   0.38   0.212 -0.1    0.699 -0.123  0.267 -0.81
  1.262 -1.216  1.116  0.281  0.6   -0.572 -0.632  0.97   0.81  -0.86
  0.059  1.249  0.913 -0.09  -0.25   0.941  0.564 -0.27   0.86   0.35
 -0.33   0.54 ][-0.21   0.7   -0.4    0.7    0.93  -0.98   1.78  -0.42   0.58   0.55
  0.14   0.614 -0.44   0.717  0.212 -0.1   -0.192  0.835 -0.321 -0.81
  0.83  -0.664  1.116 -0.033  0.6   -0.639 -0.632  0.97   0.81  -0.86
  0.059  0.548  0.606 -0.09  -0.25   0.941  0.564 -0.27   0.86   0.35
 -0.33   0.54 ][-0.21   0.7   -0.4    0.7    0.93  -0.98   1.78  -0.42   1.199  0.55
  0.14   0.614 -0.44   0.717  0.212 -0.1   -0.192  0.83   0.231 -0.81
  0.83  -0.664  0.808  0.81   0.6   -0.572  0.162  0.97   0.81   0.058
 -0.882  1.249  0.913 -0.09  -0.25   0.941  0.564 -0.27   0.86   0.35
 -0.33   0.54 ][ 0.446  0.7   -0.4    0.7    0.77  -0.98   1.78  -0.312  1.199 -0.253
  0.14   0.614 -1.418  0.717  0.212 -0.1    0.699 -0.123  0.267  0.144
  0.83  -1.216  0.746  0.253  0.6   -0.87  -0.632  0.97   0.81  -0.86
  0.059  1.249  0.913 -0.09  -0.25   0.941  0.564 -0.27   0.86   0.35
 -0.33   0.54 ][-1.1    0.7   -0.4    0.296  0.93  -0.98   1.78  -0.42   0.142  0.55
  0.14   0.614 -0.44   0.38   0.212 -0.1    0.699 -0.123  0.267 -0.81
  0.83  -0.664  1.116  0.81   0.6   -0.572 -0.632  0.97   0.81  -0.86
  0.059  1.249  0.606 -0.08  -0.25   0.941  0.564 -0.27   0.86   0.35
 -0.33   0.521][-0.21   0.539 -0.4    0.7    0.77  -0.98   1.78  -0.42   0.142 -0.253
  0.14   0.614 -0.44   0.717  0.212 -0.1   -1.056 -0.123  0.267 -0.81
  1.331 -0.664  1.116  0.81   0.6   -0.87  -0.632  0.97   0.81  -0.86
 -0.882  1.249  0.913 -0.09  -0.25   0.941  0.564 -0.27   0.86   0.35
 -1.302  0.54 ][-0.21   0.7   -0.4    0.7    0.77  -0.98   0.94  -0.42   1.199 -0.253
  0.14   0.614 -0.44   0.38   0.212 -0.1   -0.192 -0.123 -0.321  0.144
  0.83  -0.664  0.808  0.253  0.6   -0.572 -0.632  0.97   0.81  -0.86
 -0.882  1.249  0.606 -0.09  -0.25   0.941  0.564 -0.27   0.86   0.35
 -0.33   0.347][-0.21   0.7   -0.4    0.7    0.77  -0.98   1.78  -0.42   0.58   0.296
  0.14   0.18  -0.44   0.38   0.212 -0.1   -1.056 -0.123  0.267 -0.81
  0.83  -1.636  1.116  0.924  0.6   -0.87  -0.632  0.97   0.81  -0.86
  0.059  1.249  0.606 -0.08  -0.25   0.941  0.564 -0.27   0.86   0.35
 -0.33   0.54 ][-0.21   0.539 -0.4    0.7    0.93  -0.98   2.504 -0.42   0.142  0.55
  0.14   0.614 -0.44   0.38   0.212 -0.1   -0.192 -0.123  0.267 -0.81
  0.83  -0.664  0.808  0.81   0.6   -0.572 -0.632  0.97   0.81  -0.86
 -0.882  1.249  0.913 -0.09  -0.25   0.941  0.564 -0.27   0.86   0.35
 -0.33   0.54 ][-0.21   0.7   -0.4    0.7    0.93  -0.98   1.78  -0.42   1.199  0.55
  0.14   0.614 -0.44   0.717  0.212 -0.1    0.699  0.835 -0.321 -0.81
  0.83  -0.664  1.116  0.81   0.6   -0.87  -0.632  0.97   0.81  -0.86
  0.059  0.548  0.913 -0.09  -0.25   0.941  0.564 -0.27   0.86   0.35
 -0.33   0.033][-0.21   0.7   -0.4    0.7    0.77  -0.974  1.78  -0.42   0.142  0.55
  0.14   0.614 -0.44   0.717  0.212 -0.1   -1.056  0.835  0.267 -0.81
  0.83  -0.664  1.116  0.81   0.6   -0.87  -0.632  0.97   0.81  -0.86
  0.059  0.548  0.606 -0.09  -0.25   0.941  0.564 -0.27   0.86   0.35
 -0.33   0.54 ][-0.21   0.539 -0.4    0.7    0.93  -0.98   1.78  -0.42   0.142  0.55
  0.14   0.614 -0.44   0.38   0.212 -0.1   -1.056 -0.123  0.267 -0.81
  0.83  -0.664  0.808  0.253  0.6   -0.87  -0.632  0.97   0.81  -0.86
  0.059  1.249  0.913 -0.08  -0.25   0.941  0.564 -0.27   1.517  0.35
 -0.33   0.54 ][-0.21   0.539 -0.4    0.7    0.77  -0.98   1.78  -0.42   0.58   0.55
  0.14   0.614 -0.44   0.38   0.212 -0.1   -0.192 -0.123  0.267 -0.81
  0.83  -1.636  1.116  0.924  0.6   -0.87  -0.632  0.97   0.81  -0.86
  0.059  1.249  0.913 -0.09  -0.25   0.941  1.373 -0.27   0.86   0.35
 -0.33   0.54 ][-0.21   0.7   -0.4    0.7    0.93  -0.98   1.78  -0.42   1.199  0.55
  0.14   0.614 -0.44   0.717  0.212 -0.1    0.713 -0.123 -0.321 -0.81
  0.83  -0.664  0.808  0.253  0.6   -0.572 -0.632  0.97   0.81  -0.86
 -0.882  1.249  0.913 -0.09  -0.25   0.742  0.564 -0.27   0.86   0.35
 -0.33   0.54 ][-0.21   0.539 -0.4    0.7    0.93  -0.98   1.78  -0.42   1.199  0.296
  0.14   0.614 -0.44   0.717  0.212  0.494 -1.056 -0.123 -0.321 -0.81
  0.83  -0.664  1.116  0.434  0.6   -0.87  -0.632  0.97   0.81  -0.86
  0.059  1.249  0.913 -0.08  -0.25   0.941  0.564 -0.27   0.86   0.35
 -0.33   0.54 ][-0.077  0.7   -0.4    0.7    0.77  -0.98   1.78  -0.42   0.58   0.55
  0.14   0.614 -0.44   0.38   0.212 -0.1   -0.192 -0.123 -0.321 -0.81
  0.83  -0.664  1.116  0.434  0.6   -0.639 -0.632  0.97   0.81  -0.86
 -0.882  1.249  0.606 -0.09  -0.25   0.941  0.564 -0.27   0.86   0.35
 -0.33   0.54 ][-0.21   0.7   -0.4    0.7    0.77  -0.98   1.78  -0.42   0.58   0.55
  0.14   0.614 -0.44   0.38  -0.359 -0.1    0.699 -0.123  0.267 -0.81
  0.83  -0.664  1.116  0.253  0.6    0.349 -1.074  0.97   0.81  -0.86
 -0.882  1.249  0.606 -0.09  -0.25   0.941  0.564 -0.27   0.86   0.35
 -0.771  0.54 ][-0.21   0.7   -0.311  0.7    0.77  -0.98   1.78  -0.42   1.199  0.296
  0.14   0.614 -0.44   0.38   0.212 -0.1   -0.192  0.543  0.267 -0.81
  0.83  -0.664  1.116  0.253  0.6    0.038 -0.632  0.97   0.81  -0.86
 -0.882  1.249  0.606 -0.09  -0.25   0.941  0.564 -0.27   0.86   0.35
 -0.33   0.54 ]