[ 0.202  0.7   -0.4    0.7    0.93  -0.98   1.24  -0.42  -0.121  0.296
  0.14   0.479 -0.44   0.161  0.212 -0.1   -1.056 -0.123  0.647 -1.528
  1.262 -1.636  0.808  0.253  0.495  0.057 -1.371  0.97   0.81  -0.17
 -0.785  1.249  0.913  0.009 -0.25   0.941  0.564 -0.27   1.145  0.35
 -0.33   0.54 ][-0.21   1.012 -0.4    0.7    0.93  -1.45   1.78  -0.121 -0.062 -0.253
  0.26   0.614 -0.44   0.161  0.212 -0.2   -1.056 -0.123  0.647 -0.788
  1.262 -1.636  0.808  0.253  1.144 -0.233 -0.632  0.97   0.81  -0.86
 -0.785  1.249  0.871 -0.09  -0.25   0.941  0.564 -0.27   0.86  -0.128
 -0.33   0.54 ][-0.21   0.7   -0.4    0.7    0.93  -0.98   1.78  -0.42   2.012 -0.253
  0.14   0.614 -0.44   0.161  0.036 -0.1   -1.056 -0.123  0.647 -0.81
  0.83  -1.636  0.808  0.253  1.144  0.057 -0.632  0.966  0.81  -0.291
 -0.785  1.249  0.913  0.009 -0.25   0.941  0.564 -0.27   0.86   0.395
 -0.33   0.54 ][-0.21   0.7   -0.4    0.7    0.93  -0.98   1.24  -0.42  -0.121  0.296
  0.14   0.614 -0.44   0.161 -0.879 -0.1   -1.056  0.404  0.647 -0.788
  1.262 -2.178  0.808  0.253  1.144  0.057 -1.371  0.966  0.81  -0.17
 -0.785  1.249  0.871  0.009 -0.25   0.941  0.564 -0.27   0.86   0.35
 -0.33   0.54 ][-0.21   1.012 -0.4    0.7    0.93  -0.98   1.78  -0.833 -0.062 -0.253
  0.14   0.614 -0.44   0.161  0.036 -0.1   -1.056 -0.123  0.647 -0.788
  0.83  -1.636  0.808  0.253  1.144  0.057 -0.632  0.478  1.534 -0.291
 -0.178  1.249  0.871  0.59  -0.25   0.941  0.564 -0.27   0.86   0.395
 -0.33   0.54 ][-0.21   1.012 -0.4    0.7    0.93  -1.45   1.78  -0.42  -0.062 -0.253
  0.14   0.614 -0.44   0.161  0.212 -0.1   -1.056 -0.123  0.656 -0.81
  1.262 -1.636  1.059  0.253  1.144  0.057 -0.632  0.478  0.81  -0.291
 -0.178  1.249  0.913 -0.09  -0.25   0.941  0.564 -0.27   0.86   0.061
 -0.33   0.54 ][ 0.202  0.7   -0.4    0.7    0.93  -1.45   1.78  -0.42  -0.062  0.296
  0.14   0.614  0.315  0.161  0.212 -0.1   -1.056 -0.123  0.656 -0.788
  1.262 -1.636  0.808  0.253  1.144 -0.233 -1.371  0.97   0.596 -0.291
 -0.178  1.249  1.367  0.009 -0.25   0.941  1.023 -0.65   0.86   0.395
 -0.33   0.677][-0.21   1.012 -0.4    0.7    0.93  -1.45   1.78  -0.833  0.142 -0.253
  0.14   0.614 -0.44   0.161 -0.085 -0.1   -1.056 -0.123  0.656 -0.788
  1.262 -0.74   0.808  0.253  1.144  0.475 -0.632  0.478  0.81  -0.17
 -0.178  1.249  0.913 -0.09  -0.25   0.941  0.564 -0.27   0.86   0.061
 -0.33   0.54 ][-0.21   1.012 -0.4    0.7    0.93  -1.45   1.78  -0.42  -0.062 -0.253
  0.14   0.614 -0.44   0.161  0.212 -0.1   -1.056 -0.123  0.647 -0.788
  1.262 -1.636  0.808  0.791  1.144 -0.233 -0.632  0.97   0.81  -0.17
 -0.178  0.556  0.871 -0.09  -0.25   0.941  0.564 -0.27   0.86   0.395
 -0.33   0.54 ][-0.21   1.012 -0.4    0.7    0.93  -1.45   1.24  -0.833 -0.062 -0.253
  0.14   0.614 -0.44   0.161  0.212 -0.1   -1.056 -0.123  0.647 -0.788
  1.262 -1.636  0.808  0.253  1.144  0.057 -1.371  0.966  0.81  -0.17
 -0.178  0.372  0.871 -0.09  -0.25   0.941  0.564 -0.27   0.86   0.35
 -0.903  0.54 ][-0.21   1.012 -0.4    0.7    0.93  -0.98   1.78  -0.833 -0.062  0.296
  0.14   0.614  0.035  0.161  0.212 -0.1   -1.056 -0.123  0.656 -0.788
  1.262 -1.636  0.808  0.253  1.144  0.586 -0.632  0.97   0.81  -0.86
 -0.178  1.249  0.312 -0.09  -0.25   0.941  0.564 -0.27   0.86  -0.128
 -0.33   0.54 ][-0.21   1.012 -0.4    0.7    0.93  -1.45   1.78  -0.121  1.199 -0.253
  0.26   0.614 -0.44   0.161  0.212 -0.2   -1.449 -0.123  0.647 -0.81
  0.83  -1.636  0.808  0.253  1.144  0.057 -1.371  0.97   0.81  -0.17
 -0.785  1.249  0.871  0.009 -0.25   0.941  0.564 -0.27   0.86  -0.128
 -0.33   0.54 ][-0.21   1.012 -0.4    0.454  0.93  -1.45   1.78  -0.121 -0.062 -0.253
  0.26   0.614 -0.44   0.161  0.212 -0.2   -1.056 -0.123  0.647 -0.788
  1.262 -1.636  0.808  0.253  1.144 -0.233 -0.632  0.478  0.81  -0.17
 -0.178  1.249  0.871 -0.09  -0.25   0.941  0.564 -0.27   0.86   0.061
 -0.33   0.54 ][-0.21   1.012 -0.4    0.7    0.93  -1.45   1.24  -0.42  -0.121 -0.253
  0.14   0.614 -0.44   0.161 -0.879 -0.1   -1.056 -0.123  0.647 -0.788
  1.262 -1.636  0.808  0.253  1.144  0.057 -1.371  0.966  0.81  -0.17
 -0.785  1.249  0.871  0.009 -0.25   0.941  0.564 -0.27   0.86   0.35
 -0.903  0.54 ][-0.21   1.012 -0.4    0.7    0.93  -1.45   1.78  -0.833 -0.062 -0.253
  0.14   0.614 -0.44   0.161  0.212 -0.1   -1.056 -0.123  0.656 -0.788
  1.262 -1.636  0.808  0.253  1.144  0.057 -0.632  0.478  0.81  -0.17
 -0.178  1.249  0.871 -0.09  -0.25   0.941  0.564 -0.27   0.86   0.061
 -0.33   0.54 ][-0.21   1.564 -0.4    0.7    0.93  -0.98   1.78  -0.42   0.142 -1.101
  0.14   0.479 -0.44   0.161 -0.085 -0.1   -1.056 -0.123  0.656 -0.788
  0.83  -1.636  0.808  0.253  1.144  0.475 -1.371  0.97   0.81  -0.291
 -0.785  1.249  0.871  0.59  -0.25   0.941  0.564 -0.27   1.145  0.395
 -0.33   0.54 ][ 0.202  1.012  0.147  0.7    0.93  -1.45   1.78  -0.42  -0.062 -0.253
  0.14   0.614  0.315  0.161  0.212 -0.1   -1.056 -0.123  0.647 -0.788
  1.262 -1.636  0.808  0.253  1.144 -0.233 -0.632  0.97   0.077 -0.291
 -0.178  1.249  0.871 -0.09  -0.25   0.941  0.328 -0.27   0.86   0.395
 -0.33   0.677][ 0.202  1.012  0.147  0.7    0.93  -1.45   1.78  -0.42  -0.062 -0.253
  0.14   0.614  0.315  0.161  0.212 -0.1    0.699 -0.123  0.647 -0.788
  1.262 -1.636  0.808  0.253  1.144 -0.233 -0.632  0.97   0.596 -0.291
 -0.178  1.249  1.367 -0.09  -0.25   0.941  0.328 -0.65   0.86   0.395
 -0.33   0.677][-0.21   1.012 -0.4    0.7    0.93  -1.45   1.78  -0.42  -0.062  0.296
  0.26   0.614  0.035  0.161  0.212 -0.1   -1.056 -0.123  0.647 -0.788
  1.262 -1.636  0.808  0.253  1.144 -0.233 -0.632  0.235  0.81  -0.86
 -0.785  1.249  0.871 -0.08  -0.25   0.941  0.564 -0.65   0.86  -0.128
 -0.33   0.54 ][-0.21   1.012 -0.4    0.7    0.93  -1.45   1.78  -0.42  -0.062 -0.253
  0.14   0.614 -0.44   0.161  0.212  0.296 -1.056 -0.123  0.647 -0.81
  1.262 -1.636  0.808  0.253  1.144  0.057 -1.371  0.966  0.81  -0.17
 -0.178  1.249  0.871  0.009 -0.25   0.941  0.564 -0.27   0.86   0.061
 -0.33   0.54 ][-0.21   1.012 -0.4    0.7    0.93  -0.98   1.78  -0.42  -0.062  0.296
  0.14   0.614 -0.44   0.161  0.212  0.643 -1.056 -0.123  0.656 -0.81
  1.262 -1.636  0.808  0.253  1.144  0.586 -1.371  0.97   0.81  -0.17
 -0.178  1.249  0.871 -0.09  -0.25   0.941  0.564 -0.27   0.86  -0.128
 -0.33   0.54 ][-0.21   0.7   -0.4    0.7    0.93  -1.45   1.24  -0.42  -0.121  0.296
  0.26   0.614 -0.44   0.161  0.212 -0.1   -1.449 -0.123  0.647 -0.81
  0.83  -2.178  0.808  0.253  1.144  0.057 -1.371  0.97   0.81  -0.17
 -0.785  1.249  0.59   0.009 -0.25   0.941  0.564 -0.27   0.86   0.35
 -0.33   0.54 ][ 0.202  0.7   -0.4    0.7    1.619 -1.45   1.78  -0.42  -0.062 -0.253
  0.26   0.614 -0.44   0.161  0.212 -0.1   -1.056 -0.123  0.647 -0.788
  1.262 -1.636  0.808  0.253  1.144 -0.233 -1.371  0.97   0.596 -0.291
 -0.178  1.249  0.871  0.009 -0.25   0.941  1.023 -0.27   0.86   0.395
 -0.33   0.54 ][ 0.202  1.012 -0.4    0.7    0.93  -1.45   1.78  -0.42  -0.062 -0.253
  0.14   0.614  0.315  0.161  0.212  0.296  0.699 -0.123  0.647 -0.113
  1.262 -1.636  0.808  0.253  1.144  0.057 -1.371  0.966  0.81  -0.17
 -0.178  1.249  0.871  0.009 -0.25   0.941  0.328 -0.27   0.86   0.395
 -0.33   0.677][-0.21   1.012 -0.4    0.7    0.93  -1.45   1.78  -0.121 -0.062  0.296
  0.26   0.614  0.035  0.161  0.212 -0.1   -1.802 -0.123  0.647 -0.788
  1.262 -1.636  0.808  0.253  1.144 -0.233 -0.632  0.235  0.81  -0.86
 -0.785  1.249  0.871 -0.08  -0.25   0.941  0.564 -0.65   0.86  -0.128
 -0.33   0.54 ][-0.21   0.7   -0.4    0.7    0.93  -0.98   1.24  -0.42  -0.121  0.296
  0.14   0.614 -0.44   0.161 -0.879 -0.1   -1.056  0.404  0.647 -2.348
  1.262 -1.636  0.808  0.253  1.144  0.057 -1.371  0.97   0.81  -0.17
 -0.785  1.249  0.871  0.009 -0.25   0.941  0.564 -0.27   1.145  0.35
 -0.33   0.54 ][-0.21   0.7   -0.4    0.7    0.93  -0.98   1.78  -0.42   2.012 -0.253
  0.14   0.614  0.315  0.161  0.212 -0.1   -1.056 -0.123  0.647 -0.81
  1.262 -1.636  0.808  0.253  1.144 -0.233 -0.632  0.966  0.077 -0.291
 -0.751  1.249  0.871  0.009 -0.25   0.941  0.564 -0.27   0.86   0.395
 -0.33   0.677][-0.21   0.7   -0.4    0.7    0.93  -1.45   1.78  -0.121  2.012 -0.253
  0.14   0.614 -0.44   0.161  0.212 -0.1   -1.056 -0.123  0.647 -0.788
  1.262 -1.636  0.808  0.253  1.144  0.057 -0.632  0.966  0.81  -0.86
 -0.785  1.249  0.913  0.354 -0.25   0.941  0.564 -0.27   0.86  -0.128
 -0.33   0.54 ][-0.21   1.012 -0.4    0.454  0.93  -1.45   1.78  -0.121 -0.062 -0.253
  0.26   0.614 -0.44   0.161  0.212 -0.2   -1.056 -0.123  0.647 -0.788
  1.262 -1.636  0.808  0.253  1.144 -0.233 -0.632  0.478  0.81  -0.17
 -0.178  1.249  0.792 -0.09  -0.25   0.941  0.564 -0.27   0.86   0.061
 -0.33   0.54 ][-0.21   1.012 -0.4    0.7    0.93  -1.45   1.78  -0.833 -0.962 -0.253
  0.14   0.614 -0.44   0.161  0.212 -0.1   -1.056 -0.123  0.656 -0.788
  1.262 -1.636  0.808  0.253  1.144  0.057 -0.632  0.966  0.81  -0.17
 -0.178  0.372  0.871 -0.09  -0.25   0.941  0.564 -0.27   0.86   0.35
 -0.33   0.54 ][-0.21   1.012 -0.4    0.7    0.93  -0.757  1.24  -0.42  -0.062 -0.253
  0.14   0.614 -0.44   0.161  0.212 -0.1   -1.056 -0.123  0.647 -0.788
  1.262 -1.636  0.808  0.253  1.144  0.057 -1.371  0.966  0.81  -0.17
 -0.178  1.249  0.871 -0.09  -0.25   0.941  0.564 -0.27   0.86   0.061
 -0.903  0.54 ][ 0.202  1.012 -0.4    0.7    0.93  -0.98   1.24  -0.42  -0.121 -0.253
  0.14   0.614 -0.44   0.161  0.212 -0.1   -1.056 -0.123  0.647 -0.81
  1.262 -1.636  1.059  0.253  1.144  0.057 -1.371  1.273  0.81  -0.17
 -0.178  1.249  0.913 -0.09  -0.25   0.941  0.564 -0.27   1.145  0.061
 -0.33   0.54 ][-0.21   1.012 -0.4    0.7    0.93  -1.45   1.24  -0.121 -0.121 -0.253
  0.26   0.614 -0.752  0.161  0.212 -0.2   -1.449 -0.123  0.647 -0.81
  0.83  -1.636  0.808  0.253  1.144  0.057 -1.371  0.966  0.81  -0.17
 -0.785  1.249  0.871  0.009 -0.25   0.941  0.564 -0.27   0.86  -0.128
 -0.33   0.54 ][ 0.202  1.012 -0.4    0.7    0.93  -0.98   1.78  -0.42  -0.062  0.296
  0.14   0.614 -0.44   0.161  0.212 -0.1   -1.056 -0.123  0.647 -1.623
  1.262 -1.636  0.808  0.253  0.495  0.057 -1.371  0.97   0.81  -0.17
 -0.178  1.249  0.913  0.009 -0.25   0.941  0.564 -0.27   1.145  0.061
 -0.33   0.54 ][-0.21   1.012 -0.4    0.7    0.93  -1.45   1.78  -0.121 -0.062 -0.253
  0.26   0.614  0.035  0.161  0.212 -0.2   -1.056 -0.123  0.647 -0.788
  1.262 -1.636  0.808  0.253  1.144 -0.233 -0.632  0.235  0.81  -0.86
 -1.471  1.249  0.871 -0.09  -0.25   0.941  0.564 -0.27   0.86  -0.128
 -0.33   0.54 ][-0.21   0.7   -0.4    0.7    0.93  -1.45   1.78  -0.42  -0.062 -0.253
  0.14   0.614 -0.44   0.161  0.212  0.296 -1.056 -0.123  0.647 -0.81
  0.83  -1.636  0.808  0.253  1.144  0.057 -0.632  0.966  0.81  -0.17
 -0.785  1.249  0.913  0.009 -0.25   0.941  0.564 -0.27   0.844  0.061
 -0.33   0.54 ][-0.21   1.012 -0.4    0.7    0.93  -1.45   1.78  -0.42  -0.062 -0.253
  0.14   0.614 -0.44   0.161  0.212 -0.1   -1.056 -0.123  0.647 -0.788
  1.262 -1.636  0.808  0.253  1.144  0.057 -0.632  0.478  0.81  -0.17
 -0.178  1.249  0.871  0.009 -0.25   0.941  1.01  -0.27   0.86   0.061
 -0.33   0.54 ][-0.21   1.012 -0.4    0.7    0.93  -1.45   1.78  -0.42  -0.062 -0.253
  0.14   0.614 -0.44   0.161  0.212 -0.1   -1.056 -0.123  0.647 -0.81
  1.262 -1.636  0.808  0.571  1.144 -0.233 -1.371  0.97   0.81  -0.17
 -0.178  0.556  0.871  0.009 -0.25   0.941  0.564 -0.27   0.86   0.395
 -0.33   0.54 ][-0.21   1.012 -0.4    0.7    0.93  -1.45   1.78  -0.42  -0.062  0.296
  0.26   0.614 -0.44   0.161  0.212 -0.2   -1.056 -0.123  0.647 -0.788
  1.262 -1.636  0.808  0.253  1.144 -0.233 -0.632  0.235  0.81  -0.86
 -0.785  1.249  0.871  0.042 -0.25   0.941  0.564 -0.65   0.86  -0.128
 -0.33   0.54 ][-0.21   0.7   -0.4    0.7    0.93  -0.98   1.24  -0.42  -0.121 -0.253
  0.14   0.479 -0.44   0.161  0.036 -0.1   -1.056 -0.123  0.647 -0.81
  1.262 -1.636  0.808  0.253  1.144  0.057 -0.632  0.966 -0.116 -0.17
 -0.785  1.249  0.913  0.009 -0.25   0.941  0.564 -0.27   1.145  0.395
 -0.33   0.54 ][-0.21   1.012 -0.4    0.7    0.93  -1.45   1.78  -0.42  -0.062 -0.253
  0.14   0.614 -0.44   0.161  0.212 -0.155 -1.056 -0.123  0.647 -0.788
  1.262 -1.636  0.808  0.253  1.144 -0.233 -1.371  0.966  0.81  -0.17
 -0.178  0.556  0.871 -0.09  -0.25   0.941  0.564 -0.27   0.86   0.395
 -0.33   0.54 ][-0.21   1.012 -0.4    0.7    0.93  -1.45   1.78  -0.42  -0.062 -0.253
  0.14   0.614 -0.44   0.161  0.212 -0.2   -1.449 -0.123  0.647 -0.81
  1.262 -1.636  0.808 -0.559  1.144  0.057 -1.371  0.966  0.81  -0.17
 -0.785  1.249  0.871  0.009 -0.25   0.941  0.564 -0.27   0.86   0.061
 -0.33   0.54 ][ 0.202  0.7   -0.4    0.7    0.93  -1.45   1.24  -0.42  -0.121 -0.253
  0.14   0.479 -0.44   0.161  0.212  0.296 -1.056 -0.123  0.647 -0.81
  1.262 -1.636  0.808  0.253  0.495  0.057 -1.371  0.966  0.81  -0.17
 -0.178  1.249  0.565  0.009 -0.25   0.941  0.564 -0.27   0.86   0.061
 -0.33   0.54 ][-0.21   1.012 -0.4    0.7    0.93  -1.45   1.24  -0.42  -0.121 -0.253
  0.14   0.614 -0.44   0.161 -0.879 -0.1   -1.056 -0.123  0.647 -0.788
  1.262 -1.694  0.808  0.253  1.144  0.057 -1.371  0.966  0.81  -0.17
 -0.178  1.249  0.871  0.009 -0.25   0.941  0.564 -0.27   0.86   0.061
 -0.903  0.54 ][-0.21   1.012 -0.4    0.7    0.93  -1.45   1.78  -0.833  2.012 -0.253
  0.14   0.614 -0.44   0.161  0.036 -0.1   -1.056 -0.123  0.647 -0.81
  1.262 -1.636  0.808  0.253  1.144  0.057 -1.371  1.183  0.81  -0.17
 -0.178  0.372  0.871 -0.09  -0.25   0.941  0.564 -0.27   0.86   0.35
 -0.903  0.54 ][-0.21   0.7   -0.4    0.7    0.93  -0.98   1.78  -0.42   0.142 -0.253
  0.14   0.614 -0.44   0.161 -0.085 -0.1   -1.056 -0.123  0.647 -0.81
  0.83  -1.076  0.808  0.253  1.144  0.057 -0.632  0.478  0.81  -0.17
 -0.178  1.249  0.913 -0.09  -0.25   0.941  0.564 -0.27   0.86   0.061
 -0.33   0.54 ][-0.21   1.012 -0.4    0.7    0.93  -1.45   1.78  -0.833 -0.062 -0.253
  0.14   0.614 -0.44   0.161  0.212  0.296 -1.056 -0.123  0.647 -0.81
  1.891 -1.636  0.808  0.253  1.144  0.057 -0.632  0.966  0.81  -0.17
 -0.178  1.249  0.871 -0.09  -0.25   0.941  0.564 -0.27   0.86   0.061
 -0.33   0.54 ][-0.21   1.012 -0.4    0.7    0.93  -1.45   1.78  -0.42   2.012 -0.253
  0.14   0.614 -0.44   0.161 -0.879 -0.1   -1.056 -0.123  0.647 -0.788
  0.83  -1.636  0.808  0.253  1.144  0.057 -1.371  0.966  0.81  -0.17
 -0.785  1.249  0.871  0.009 -0.1    0.941  0.564 -0.27   0.86   0.395
 -0.33   0.54 ][ 0.202  1.012  0.147  0.7    0.93  -0.98   1.78  -0.42   2.012 -0.253
  0.14   0.614 -0.45   0.161  0.036 -0.1   -1.056 -0.123  0.647 -0.788
  1.262 -1.636  0.808  0.253  1.144  0.057 -0.632  0.97   0.81  -0.291
 -0.178  1.249  0.913 -0.09  -0.25   0.941  0.328 -0.27   0.86   0.395
 -0.33   0.677][-0.21   1.012 -0.4    0.7    0.93  -0.98   1.78  -0.833 -0.062  0.296
  0.14   0.614 -0.44   0.161  0.212 -0.1   -1.056 -0.123  0.656 -0.788
  1.262 -1.636  0.808  0.253  1.144  0.685 -0.632  0.97   1.534 -0.86
 -0.178  1.249  0.871  0.59  -0.25   0.941  0.564 -0.27   0.86   0.395
 -0.33   0.54 ][-0.21   1.012 -0.4    0.7    0.93  -1.45   1.78  -0.833 -0.062 -0.253
  0.14   0.614 -0.44   0.161  0.212  0.296 -1.056 -0.123  0.656 -0.788
  1.262 -1.636  0.808  0.253  1.144  0.057 -1.182  0.478  0.81  -0.17
 -0.178  1.249  0.871 -0.09  -0.25   0.941  0.564 -0.27   0.86   0.061
 -0.33   0.54 ][-0.21   0.7   -0.4    0.7    0.93  -1.45   1.24  -0.121  1.199  0.296
  0.14   0.479 -0.44   0.161  0.212 -0.2   -1.449 -0.123  0.647 -0.699
  1.262 -1.636  0.808  0.253  0.495  0.057 -1.371  0.97   0.81  -0.17
 -0.785  1.249  0.913  0.009 -0.25   0.941  0.564 -0.27   1.145 -0.128
 -0.33   0.54 ][-0.21   0.7   -0.4    0.7    0.93  -1.45   1.24  -0.42  -0.062  0.296
  0.14   0.614 -0.44   0.161 -0.879  0.296 -1.056 -0.974  0.647 -0.81
  1.262 -1.636  0.808  0.253  1.144  0.057 -1.371  0.966  0.81  -0.17
 -0.785  1.249  0.871  0.009 -0.25   0.941  0.564 -0.27   0.86   0.061
 -0.33   0.54 ][-0.21   0.7   -0.4    0.7    0.93  -1.45   1.78  -0.42  -0.121  0.296
  0.14   0.479 -0.44   0.161  0.212 -0.1   -1.056 -0.123  0.326 -0.81
  1.262 -1.636  0.808  0.253  1.144  0.057 -1.371  0.97   0.81  -0.17
 -0.178  1.249  0.871  0.009 -0.25   0.941  0.564 -0.27   1.145  0.061
 -0.33   0.54 ][-0.21   1.012 -0.4    0.7    1.602 -1.45   1.78  -0.42  -0.062 -0.253
  0.14   0.614 -0.44   0.161  0.212 -0.2   -1.056 -0.123  0.647 -0.788
  1.262 -1.636  0.808  0.253  1.144 -0.233 -0.632  0.97   0.81  -0.86
 -0.785  1.249  0.871 -0.09  -0.25   0.941  0.564 -0.27   0.86  -0.128
 -0.33   0.54 ][ 0.202  1.012 -0.4    0.7    0.93  -1.45   1.24  -0.121 -0.062  0.296
  0.14   0.479 -0.44   0.161  0.212 -0.1   -1.056 -0.123  0.647 -0.788
  1.262 -1.636  0.808  0.253  1.144 -0.233 -1.371  0.97   0.81  -0.602
 -0.785  1.249  0.913  0.009 -0.25   0.941  0.564 -0.27   0.86  -0.128
 -0.33   0.54 ][ 0.202  1.012 -0.4    0.7    0.93  -1.45   1.78  -0.42  -0.062 -0.253
  0.14   0.479 -0.44   0.161  0.212 -0.1   -1.056 -0.123  0.647 -1.528
  1.262 -1.636  0.808  0.253  0.495  0.057 -1.371  0.966  0.81  -0.17
 -0.178  1.249  0.913  0.009 -0.25   0.941  0.564 -0.27   0.043  0.35
 -0.33   0.54 ][-0.21   1.012 -0.4    0.7    0.93  -1.45   1.78  -0.42  -0.062 -0.253
  0.14   0.614 -0.44   0.161 -0.879 -0.1   -1.056 -0.123  0.647 -0.788
  1.262 -1.636  0.808  0.253  1.144  0.057 -1.371  0.97   0.81  -0.17
 -0.178  1.249  0.871  0.009 -0.25   0.941  0.564 -0.27   0.86   0.35
 -0.33   0.215][-0.21   0.7   -0.4   -0.284  0.93  -0.98   1.24  -0.42   2.012  0.296
  0.14   0.614 -0.44   0.161  0.036 -0.1   -1.056 -0.123  0.647 -0.81
  1.262 -1.636  0.808  0.253  0.495  0.057 -0.632  0.97   0.81  -0.291
 -0.785  1.249  0.913  0.009 -0.25   0.941  0.564 -0.27   1.145  0.35
 -0.33   0.54 ][ 0.202  1.012 -0.4    0.7    0.93  -1.45   1.78  -0.42  -0.062 -0.253
  0.14   0.614 -0.44   0.161  0.212 -0.1   -1.056 -0.123  0.647 -0.81
  1.262 -1.636  1.059  0.253  0.495  0.31  -1.371  0.478  0.81  -0.291
 -0.178  1.249  0.913 -0.09  -0.25   0.941  0.564 -0.27   0.86   0.35
 -0.33   0.54 ][-0.21   0.46  -0.4    0.7    0.93  -1.45   1.78  -0.42  -0.062 -0.253
  0.14   0.614 -0.44   0.161  0.212 -0.1   -1.056 -0.123  0.656 -0.81
  1.262 -1.636  1.059  0.253  1.144  0.057 -0.632  0.966  0.81  -0.17
 -0.785  1.249  0.871 -0.09  -0.25   0.941  0.564 -0.27   0.86   0.35
 -0.33   0.54 ][ 0.202  0.7   -0.4    0.7    0.93  -1.45   1.78  -0.42  -0.121 -0.253
  0.14   0.614 -0.44   0.161  0.212  0.296 -1.056 -0.123  0.647 -0.81
  1.262 -1.636  0.808  0.253  1.144  0.057 -0.796  0.97   0.81  -0.17
 -0.785  1.249  0.913  0.009 -0.25   0.941  0.564 -0.27   1.145  0.061
 -0.33   0.54 ][-0.21   1.012 -0.4    0.7    0.93  -1.45   1.78  -0.42  -0.062 -0.253
  0.14   0.614 -0.44   0.161  0.212  0.296 -1.056 -0.123  0.647 -0.81
  1.262 -1.636  0.808  0.253  1.144  0.057 -1.371  0.966  0.81  -0.17
 -0.178  1.249  0.871 -0.09  -0.25   0.941  0.564 -0.27   1.535  0.35
 -0.903  0.54 ][-0.21   1.012 -0.4    0.7    0.93  -0.98   1.78  -0.42  -0.121 -0.253
 -0.141  0.614 -0.44   0.161  0.212  0.296 -1.056 -0.123  0.647 -0.81
  1.262 -1.636  0.808  0.253  0.495  0.057 -1.371  0.97   0.81  -0.17
 -0.178  1.249  0.871  0.009 -0.25   0.941  0.564 -0.27   1.145  0.35
 -0.33   0.54 ][-0.21   0.7   -0.4    0.7    0.93  -0.98   1.24  -0.42  -0.121 -0.253
  0.14   0.479 -0.44   0.161  0.178 -0.1   -1.056 -0.123  0.647 -0.81
  1.262 -1.636  0.808  0.253  0.495  0.057 -1.371  0.97   0.81  -0.17
 -0.178  1.249  0.913  0.009 -0.25   0.941  0.564 -0.27   1.145  0.061
 -0.33   0.54 ][ 0.144  1.012 -0.4    0.7    0.93  -1.45   1.24  -0.42  -0.121  0.296
  0.14   0.479 -0.44   0.161  0.212 -0.1   -1.056 -0.123  0.647 -1.528
  1.262 -1.636  0.808  0.253  0.495  0.057 -1.371  0.966  0.81  -0.17
 -0.785  1.249  0.913  0.009 -0.25   0.941  0.564 -0.27   1.145  0.35
 -0.33   0.54 ][-0.21   1.012 -0.4    0.7    0.93  -1.45   1.78  -0.42  -0.062 -0.253
  0.14   0.479 -0.44   0.161 -0.377  0.296 -1.056 -0.123  0.647 -0.81
  1.262 -1.636  0.808  0.253  0.495  0.057 -1.371  0.966  0.81  -0.17
 -0.785  1.249  0.913  0.009 -0.25   0.941  0.564 -0.27   1.145  0.35
 -0.33   0.54 ][-0.21   1.012 -0.4    0.7    0.93  -1.45   1.78  -0.121 -0.121 -0.253
  0.26   0.614 -0.44   0.161 -0.879 -0.1   -1.056 -0.123  0.647 -0.788
  1.262 -1.636  0.808  0.253  1.144  0.057 -0.632  0.97   0.81  -0.17
 -0.785  1.249  0.871 -0.09   0.002  0.941  0.564 -0.27   0.86  -0.128
 -0.33   0.54 ][-0.21   1.012 -0.4    0.7    0.93  -1.45   1.24  -0.42  -0.121  0.296
  0.14   0.614 -0.44   0.161 -0.523 -0.1   -1.056  0.404  0.647 -0.81
  1.262 -2.178  0.808  0.253  1.144  0.057 -1.371  0.966  0.81  -0.17
 -0.785  1.249  0.871  0.009 -0.25   0.941  0.564 -0.27   0.86   0.35
 -0.33   0.54 ][-0.21   1.012 -0.4    0.7    0.93  -0.98   1.78  -0.833 -0.062 -0.253
  0.14   0.614 -0.44   0.161  0.212 -0.1   -1.056 -0.123  0.647 -0.788
  0.83  -1.636  0.808  0.253  1.144  0.057 -1.371  0.966  1.534 -0.291
 -0.178  0.372  0.871  0.59  -0.25   0.941  0.564 -0.27   0.86  -0.555
 -0.903  0.54 ][-0.21   1.012 -0.4    0.7    0.93  -1.45   1.78  -0.42  -0.062 -0.253
  0.14   0.614  0.431  0.161  0.212 -0.2   -1.056 -0.123  0.647 -0.788
  1.262 -1.636  0.808  0.791  1.144 -0.233 -0.632  0.97   0.81  -0.86
 -0.785  0.556  0.871 -0.09  -0.25   0.941  0.564 -0.27   0.86   0.395
 -0.33   0.54 ][-0.21   1.012 -0.4    0.7    1.924 -1.45   1.78  -0.833  0.142 -0.253
  0.14   0.614 -0.44   0.161  0.212 -0.1   -1.056 -0.123  0.647 -0.81
  1.262 -1.636  0.808  0.253  1.144  0.475 -0.632  0.966  0.81  -0.17
 -0.178  1.249  0.913  0.009 -0.25   0.941  0.564 -0.27   0.86   0.061
 -0.33   0.54 ][-0.279  1.012 -0.4    0.7    0.93  -1.45   1.24  -0.121 -0.062  0.296
  0.14   0.614 -0.44   0.161 -0.879 -0.1   -1.056 -0.123  0.647 -0.788
  1.262 -2.178  0.808  0.253  1.144 -0.233 -0.632  0.97   0.81  -0.17
 -0.785  1.249  0.871 -0.09  -0.25   0.941  0.564 -0.27   0.86  -0.128
 -0.33   0.54 ][-0.21   1.564 -0.4    0.7    0.93  -1.45   1.78  -0.42   0.142 -0.253
  0.14   0.614 -0.44   0.161 -0.085  0.296 -1.056 -0.123  0.656 -0.81
  0.83  -1.636  0.808  0.253  1.6    0.475 -1.371  0.97   0.81  -0.17
 -0.178  1.249  0.871  0.009 -0.25   0.941  0.564 -0.27   0.86   0.061
 -0.33   0.54 ][-0.21   1.012 -0.4    0.7    0.93  -1.45   1.78  -0.42  -0.062 -0.253
  0.14   0.614 -0.44   0.161  0.212  0.296 -1.056 -0.123  0.656 -0.81
  1.262 -1.666  1.059  0.253  1.144  0.057 -1.371  0.966  0.81  -0.291
 -0.178  1.249  0.871 -0.09  -0.25   0.941  0.564 -0.27   0.86   0.061
 -0.33   0.54 ]