[-0.21   1.012  0.436  0.454  0.93  -1.45   1.78  -0.833  2.012 -0.253
  0.26   0.614 -0.44   0.161  0.212 -0.1   -1.056  0.6    0.647 -0.81
  0.578 -1.636  0.808  0.253  1.144  0.057 -1.371  0.97   0.81  -0.17
 -0.055  0.372  0.792 -0.09  -0.25   0.953  0.564 -0.27   0.86  -0.128
 -0.903  0.54 ][-0.21   0.7   -0.4    0.7    0.93  -1.45   1.78  -0.833  1.199  0.296
 -0.658  0.479 -0.908  0.161  0.212 -0.1   -1.056 -0.123  0.656 -0.699
  1.262 -1.636  0.808  0.253  1.144  0.057 -1.371  0.97   0.81  -0.17
 -0.055  0.824  0.871 -0.09  -0.25   0.941  0.564 -0.27   0.86  -0.128
 -0.903  0.54 ][-0.21   1.012 -0.4    0.7    0.93  -1.45   1.78  -0.121  2.012 -0.253
 -0.23   0.614 -0.44   0.161  0.212 -0.1   -1.056 -0.123  0.647 -0.81
  1.262 -1.636  0.808  0.253  1.144  0.057 -1.371  0.97   0.81  -0.86
 -0.178  0.372  0.871 -0.09  -0.25   0.941  0.564 -0.27   0.86  -0.128
 -0.903  0.54 ][-0.21   1.012 -0.4    0.454  0.93  -1.45   1.24  -0.833  1.199 -0.253
 -0.658  0.479 -0.44   0.161  0.212 -0.1   -1.563 -0.123  0.647 -0.81
  1.262 -1.636  0.808  0.253  1.144  0.057 -1.371  0.97   0.81  -0.17
 -0.055  0.372  0.792 -0.09  -0.25   0.941  0.564 -0.27   0.86   0.061
 -0.903  0.54 ][-0.21   1.012  0.436  0.7    0.93  -1.45   1.78  -0.833  2.012  0.296
  0.26   0.614 -0.44   0.161  0.212 -0.2   -1.056  0.6    0.647 -0.81
  1.262 -1.636  0.808  0.253  1.144 -0.233 -1.371  0.97   0.81  -0.17
 -0.178  0.372  0.792 -0.09  -0.25   0.953  0.037 -0.27   0.86   0.061
 -0.903  0.54 ][-0.21   0.7   -0.4    0.7    0.93  -1.45   1.24  -0.42   1.199 -0.253
 -0.658  0.479 -0.44   0.161  0.212 -0.1   -1.056 -0.123  0.647 -0.869
  1.262 -1.636  0.808  0.253  1.144  0.057 -1.371  0.97   0.81  -0.17
 -0.055  0.372  0.792 -0.09  -0.25   0.941  0.113 -0.27   1.501 -0.128
 -0.903  0.54 ][-0.21   1.012 -0.4    0.454  0.93  -1.45   1.78  -0.833  2.012 -0.253
  0.26   0.614 -0.44   0.161  0.212 -0.1   -1.056 -0.123  0.647 -0.81
  1.262 -1.636  0.808  0.253  1.144 -0.233 -2.014  0.97   0.81  -0.17
 -0.178  0.372  0.871 -0.09  -0.25   0.953  0.564 -0.27   0.86   0.061
 -0.903  0.54 ][-0.21   1.012  0.436  0.7    0.93  -1.45   1.78  -0.833  2.012 -0.253
  0.14   0.614 -0.44   0.161  0.036 -0.1   -1.056 -0.123  0.647 -0.81
  0.675 -1.636  0.808  0.253  1.144 -0.233 -1.371  0.97   0.81  -0.17
 -0.178  0.372  0.792 -0.09  -0.25   0.953  0.564 -0.27   0.86   0.061
 -0.903  0.54 ][-0.113  1.012 -0.4    0.7    0.93  -1.45   1.24  -0.833 -0.962 -0.253
 -0.23   0.614 -0.44   0.161  0.212 -0.1   -1.056 -0.123  0.647 -0.81
  1.262 -1.636  0.808  0.253  1.144  0.057 -1.371  0.97   0.81  -0.86
 -0.178  0.372  0.871  0.009 -0.25   0.941  0.564 -0.27   0.86   0.35
 -0.903  0.54 ][-0.21   1.012  0.436  0.454  0.93  -1.45   1.24  -0.833  2.012 -0.253
  0.26   0.614 -0.44   0.161  0.212 -0.1   -1.056 -0.123  0.647 -0.81
  1.262 -1.636  0.808  0.253  0.495 -0.233 -1.371  1.143  0.81  -0.17
 -0.178  0.372  0.792 -0.09  -0.25   0.941  0.113 -0.27   0.86   0.061
 -0.903  0.54 ][-0.21   1.012 -0.4    0.7    0.93  -1.45   1.24  -0.833  1.759 -0.253
  0.14   0.786 -0.44   0.161  0.212 -0.2   -1.056 -0.123  0.647 -0.699
  1.262 -1.636  0.808  0.253  0.495 -0.233 -1.371  0.97   0.81   0.502
 -0.178  0.372  0.871  0.009 -0.25   0.941  0.113 -0.252  0.86   0.061
 -0.903  0.54 ][-0.21   1.012  0.436  0.454  0.93  -1.45   1.24  -0.833  2.012 -0.253
  0.26   0.614 -0.44   0.161  0.212 -0.1   -1.056 -0.123  0.647 -0.81
  1.262 -1.636  0.808  0.253  1.144 -0.233 -1.371  0.97   0.81  -0.17
 -0.178  0.372  0.792  0.009 -0.25   0.941  0.564 -0.929  0.86   0.061
 -0.903  0.54 ][-0.21   1.012 -0.4    0.7    0.93  -0.502  1.78  -0.833  2.012 -0.253
 -0.658  0.479 -0.908  0.161  0.212 -0.1   -1.056 -0.123  0.656 -0.81
  1.262 -1.636  0.808  0.253  1.144  0.057 -1.371  0.97   0.81  -0.86
 -0.055  0.824  0.871 -0.09  -0.25   0.941  0.564 -0.27   0.86  -0.128
 -0.903  0.54 ][-0.21   1.012 -0.4    0.7    0.93  -1.45   1.78  -0.833  2.164  0.296
 -0.23   0.614 -0.44   0.161  0.212 -0.1   -1.056 -0.123  0.647 -0.81
  1.262 -1.948  0.808  0.253  1.144  0.057 -1.371  1.183  0.81  -0.86
 -0.178  0.372  0.913 -0.09  -0.25   0.941  0.564 -0.27   0.86   0.061
 -0.903  0.517][-0.21   1.012 -0.4    0.454  0.93  -1.45   1.24  -0.833  1.199 -0.173
  0.14   0.479 -0.44   0.161  0.212 -0.2   -1.056 -0.123  0.647 -0.81
  1.262 -1.636  0.808  0.253  1.144  0.057 -1.371  0.97   0.81  -0.17
 -0.178  0.372  0.871 -0.09  -0.25   0.941  0.564 -0.27   0.86   0.061
 -0.903  0.54 ][-0.21   0.942 -0.4    0.7    0.93  -1.45   1.78  -0.833  1.199  0.296
  0.14   0.614 -0.44   0.161  0.212 -0.1   -1.056 -0.123  0.647 -0.81
  1.262 -1.636  0.808  0.253  1.144  0.057 -1.371  0.97   0.81  -0.17
 -0.178  0.372  0.792 -0.09  -0.25   0.941  0.564 -0.27   0.86   0.35
 -0.903  0.54 ][-0.21   0.7   -0.4    0.7    0.93  -0.98   1.78  -0.833 -0.962  0.296
 -0.658  0.614 -0.44   0.475  0.212 -0.1   -1.056 -0.287  0.647 -0.81
  1.262 -1.636  0.808  0.415  1.144  0.057 -0.632  0.97   0.81  -0.17
 -0.785  0.372  0.871 -0.09  -0.25   0.941  0.564 -0.27   1.145  0.061
 -0.903  0.54 ][-0.21   0.7   -0.4    0.7    0.93  -1.45   1.78  -0.833  1.199 -0.173
  0.14   0.479 -0.908  0.161  0.212 -0.1   -1.056  0.424  0.647 -0.699
  1.262 -1.636  0.808  0.253  1.144  0.057 -1.371  0.97   0.81  -0.17
 -0.055  0.372  0.871 -0.09  -0.25   0.941  0.564 -0.27   0.86   0.061
 -0.903  0.54 ][-0.21   1.012  0.436  0.7    0.93  -1.45   1.78  -0.121  2.012 -0.253
  0.26   0.614 -0.44   0.161  0.212 -0.1   -1.056 -0.123  0.647 -0.81
  1.262 -1.636  0.808  0.253  1.144 -0.233 -1.371  0.97   0.81  -0.86
 -0.178  0.372  0.792 -0.09  -0.25   0.953  0.564 -0.27   0.86  -0.128
 -1.374  0.54 ][-0.21   1.012 -0.4    0.7    0.93  -0.98   1.78  -0.833  2.012  0.296
 -0.658  0.614 -0.44   0.475  0.212 -0.1   -1.056 -0.123  0.647 -0.39
  1.262 -1.636  0.808  0.415  1.144  0.057 -1.371  0.97   0.81  -0.17
 -0.178  0.372  0.792 -0.09  -0.25   0.953  0.564 -0.27   0.86   0.061
 -0.903  0.54 ][-0.21   1.012  0.436  0.7    0.93  -0.98   1.78  -0.121  2.012  0.296
 -0.658  0.614 -0.44   0.161  0.212 -0.1   -1.056 -0.123  0.647 -0.39
  1.262 -1.636  0.808  0.415  1.144  0.057 -1.371  0.97   0.81  -0.17
 -0.178  0.372  0.792 -0.09  -0.25   0.953  0.564  0.093  0.86   0.061
 -0.903  0.54 ][-0.21   1.012 -0.4    0.7    0.93  -1.45   1.78  -0.833  1.199  0.296
 -0.658  0.479 -0.44   0.475  0.212 -0.1   -1.056 -0.123  0.647 -0.39
  1.262 -1.636  0.808  0.415  1.144  0.178 -1.371  0.97   0.81  -0.17
 -0.055  0.824  0.871 -0.09  -0.25   0.953  0.564 -0.27   0.86  -0.128
 -0.903  0.54 ][-0.21   1.012 -0.4    0.7    1.643 -0.502  1.24  -0.833  2.012 -0.253
 -0.658  0.479 -0.44   0.161  0.212 -0.1   -1.563 -0.123  0.647 -0.81
  1.262 -1.636  0.808  0.253  1.144  0.057 -1.371  0.97   0.81  -0.86
 -0.055  0.372  0.871 -0.09  -0.25   0.941  0.564 -0.27   0.86  -0.128
 -0.903  0.54 ][-0.21   1.012 -0.4    0.7    0.93  -0.98   1.78  -0.833  1.199  0.296
 -0.658  0.479 -0.908  0.161  0.212 -0.1   -1.056 -0.123  0.647 -0.39
  1.262 -1.636  0.808  0.253  1.144  0.057 -1.371  0.97   0.81  -0.17
 -0.055  0.372  0.871 -0.09  -0.25   1.799  0.564 -0.27   0.86   0.061
 -0.903  0.54 ][-0.21   1.012  1.04   0.7    0.93  -1.45   1.78  -0.833  1.759 -0.253
  0.26   0.614 -0.44   0.161  0.212 -0.1   -1.056  0.6    0.647 -0.699
  0.578 -1.636  0.808  0.253  1.144 -0.233 -1.371  0.97   0.81  -0.17
 -0.055  0.372  0.871  0.009 -0.25   0.941  0.113 -0.252  0.86   0.061
 -0.903  0.54 ][-0.21   0.7   -0.4    0.7    0.93  -1.45   1.78  -0.833  1.199  0.296
 -0.658  0.614 -0.44   0.161  0.212 -0.1   -1.056  0.6    0.896 -0.699
  0.578 -1.636  0.808  0.253  1.144  0.057 -1.371  0.97   0.81  -0.17
 -0.055  0.824  0.871 -0.09  -0.25   0.941  0.564 -0.27   0.86  -0.128
 -0.903  0.54 ][-0.21   1.012 -0.4    0.7    0.93  -1.45   1.78  -0.121  2.012  0.296
 -0.658  0.614 -0.908  0.161  0.212 -0.1   -1.056 -0.123  0.647 -0.81
  1.262 -1.636  0.808  0.253  1.144 -0.233 -1.371  0.97   0.81  -0.86
 -0.178  0.372  0.792 -0.09  -0.25   0.953  0.564 -0.27   1.329 -0.128
 -0.903  0.54 ][-0.21   0.7   -0.4    0.7    0.93  -1.45   1.78  -0.833  1.199  0.296
 -0.035  0.479 -0.44   0.161  0.212 -0.1   -1.056 -0.123  0.647 -0.699
  1.262 -1.636  0.808  0.253  1.144  0.057 -1.371  0.97   0.81  -0.17
 -0.055  0.372  0.792 -0.09  -0.25   0.941  0.564 -0.27   0.86   0.35
 -0.903  0.54 ][-0.21   1.012 -0.4    0.576  0.93  -1.45   1.24  -0.833  1.199 -0.173
 -0.658  0.479 -0.44   0.161  0.212 -0.2   -1.056 -0.123  0.647 -0.869
  1.262 -1.636  0.808  0.253  1.144  0.057 -1.371  0.97   0.81  -0.17
 -0.055  0.372  0.792 -0.09  -0.25   0.941  0.564 -0.27   0.86   0.061
 -0.903  0.54 ][-0.21   1.012 -0.4    0.7    0.93  -1.45   1.24  -0.833  1.199 -0.253
 -0.658  0.614 -0.44   0.161  0.212 -0.1   -1.056 -0.123  0.647 -0.39
  1.262 -1.033  0.808  0.253  1.144  0.057 -1.371  0.97   0.81  -0.17
 -0.055  0.372  0.792 -0.09  -0.25   0.953  0.564 -0.27   0.86   0.061
 -0.903  0.54 ][-0.21   1.012  0.436  0.454  0.93  -1.45   1.78  -0.833  2.164 -0.253
 -0.23   0.614 -0.44   0.161  0.212 -0.1   -1.056  0.6    0.647 -0.81
  0.578 -1.636  0.808  0.253  1.144  0.057 -1.371  1.183  0.81  -0.86
 -0.055  0.372  0.473 -0.09  -0.25   0.953  0.564 -0.27   0.86  -0.128
 -0.903  0.54 ][-0.21   1.012 -0.4    0.454  0.93  -1.45   1.78  -0.833  2.012 -0.253
 -0.658  0.479 -0.44   0.161  0.212 -0.1   -1.056  0.6    0.647 -0.81
  0.578 -1.636  0.808  0.253  1.144  0.057 -1.371  0.97   0.81  -0.17
 -0.055  0.372  0.792  0.037 -0.25   0.953  0.564 -0.27   0.86  -0.128
 -0.903  0.54 ][-0.21   1.012  1.275  0.7    0.93  -0.98   1.78  -0.833  2.012  0.296
 -0.658  0.614 -0.44   0.475  0.036 -0.1   -1.056 -0.123  0.647 -0.39
  1.262 -1.636  0.808  0.253  1.144 -0.233 -1.371  0.97   0.81  -0.17
 -0.178  0.372  0.792 -0.09  -0.25   0.953  0.564 -0.27   0.86   0.061
 -0.903  0.54 ][-0.21   1.012  0.436  0.454  0.93  -1.45   1.78  -0.833  2.012 -0.173
  0.14   0.614  0.173  0.161  0.212 -0.1   -1.056  0.6    0.647 -0.81
  1.262 -1.636  0.808  0.253  1.144  0.057 -1.371  0.97   0.81  -0.17
 -0.055  0.372  0.792 -0.09  -0.25   0.941  0.564 -0.27   0.86  -0.128
 -0.903  0.54 ][-0.21   1.012 -0.4    0.454  0.93  -1.45   1.24  -0.833  1.199 -0.253
 -0.658  0.479 -0.44   0.161  0.212 -0.1   -1.563 -0.123  0.647 -0.39
  1.262 -1.636  0.808  0.253  1.144  0.057 -1.371 -0.002  0.81  -0.17
 -0.055  0.372  0.792 -0.09  -0.25   0.941  0.564 -0.27   0.86   0.061
 -0.903  0.54 ][-0.21   1.012 -0.4    0.7    0.93  -0.98   1.24  -0.833  1.199  0.296
  0.14   0.479 -0.44   0.161  0.212 -0.1   -1.056 -0.123  0.647 -0.81
  1.262 -1.636  0.808  0.253  1.144  0.43  -1.371  0.97   0.81  -0.17
 -0.178  0.372  0.871 -0.09  -0.25   0.941  0.564 -0.27   0.86   0.061
 -0.903  0.54 ][-0.21   1.012  0.436  0.454  0.93  -1.45   1.24  -0.833  1.199 -0.253
  0.26   0.614 -0.44   0.161  0.212 -0.2   -1.563  0.6    0.647 -0.81
  1.262 -1.636  0.808  0.253  1.144 -0.233 -1.371  0.97   0.81  -0.17
  0.319  0.372  0.792 -0.09  -0.25   0.941  0.037 -0.27   0.86   0.061
 -0.903  0.54 ][-0.21   0.942 -0.4    0.7    0.93  -1.45   1.24  -0.833  1.199 -0.253
  0.14   0.614 -0.44   0.161  0.901 -0.1   -1.056 -0.123  0.647 -0.81
  1.262 -1.636  0.808  0.253  0.495  0.057 -1.371  0.97   0.81   0.502
 -0.178  0.372  0.871 -0.09  -0.25   0.941  0.564 -0.27   0.86   0.061
 -0.903  0.54 ][-0.21   1.012  0.436  0.7    0.93  -1.45   1.78  -0.121  2.012 -0.253
 -0.23   0.614 -0.44   0.161 -0.314 -0.1   -1.056 -0.123  0.647 -0.81
  1.262 -1.636  0.808  0.253  1.144 -0.233 -1.371  0.97   0.81  -0.86
 -0.178  0.372  0.792 -0.09  -0.25   0.941  0.564 -0.27   0.86  -0.128
 -0.903  0.54 ][-0.21   1.012  0.436  0.7    0.93  -1.45   1.78  -0.833  2.012  0.296
  0.26   0.614 -0.44   0.161  0.212 -0.1   -1.056  0.6    0.647 -0.81
  1.262 -1.636  0.808  0.253  1.144  0.057 -1.371  0.97   0.81  -0.17
 -0.055  0.824  0.792 -0.09  -0.25   0.941  0.037 -0.27   0.86  -0.128
 -0.903  0.78 ][-0.21   1.012  0.436  0.7    1.038 -1.45   1.78  -0.833  2.012  0.296
  0.26   0.614 -0.44   0.161  0.212 -0.2   -1.056  0.6    0.647 -0.81
  0.578 -1.636  0.808  0.253  1.144 -0.233 -1.371  0.97   0.81  -0.17
 -0.178  0.372  0.792 -0.09  -0.25   0.953  0.037 -0.27   0.86  -0.128
 -0.903  0.54 ][-0.21   1.012 -0.4    0.454  0.93  -1.45   1.24  -0.42   1.199 -0.253
 -0.658  0.479 -0.44   0.161  0.212 -0.1   -1.056 -0.123  0.647 -0.869
  0.538 -1.636  0.808  0.253  1.144  0.057 -1.371  0.97   0.81  -0.17
 -0.055  0.372  0.792 -0.09  -0.25   0.941  0.113 -0.27   0.86  -0.128
 -0.903  0.54 ][-0.21   0.942 -0.4    0.7    0.93  -1.45   1.78  -0.833  1.199  0.296
  0.14   0.614 -0.44   0.161  0.212 -0.1   -1.056 -0.123  0.656 -0.699
  1.262 -1.636  0.808  0.253  1.144  0.057 -1.371  0.97   0.81  -0.17
 -0.178  0.372  0.792 -0.09  -0.25   0.941  0.564  0.463  0.86   0.35
 -0.903  0.54 ][-0.21   1.012 -0.4    0.7    0.93  -1.45   1.78  -0.833  2.012 -0.253
 -0.23   0.479 -0.44   0.161  0.212 -0.1   -1.056 -0.123  0.647 -0.81
  1.262 -1.636  0.808  0.253  1.144  0.057 -1.371  0.97   0.81  -0.17
 -0.178  0.372  0.871 -0.09  -0.25   0.941  0.564 -0.27   0.86  -0.128
 -0.678  0.54 ][-0.21   1.012  0.436  0.7    0.93  -1.45   1.78  -0.833  2.012 -0.253
  0.14   0.614 -0.44   0.161  0.036 -0.1   -1.056 -0.123  0.647 -0.81
  1.517 -1.636  0.808  0.253  1.144 -0.233 -1.371  0.97   0.81  -0.17
 -0.055  0.372  0.792 -0.09  -0.25   0.953  0.564 -0.27   0.86   0.061
 -0.903  0.54 ][-0.21   0.7   -0.4    0.7    0.93  -1.45   1.78  -0.42   2.164 -0.253
 -0.23   0.479 -0.44   0.161  0.212 -0.1   -1.056 -0.123  0.647 -0.869
  1.262 -1.636  0.808  0.253  1.144  0.057 -1.371  0.97   0.81  -0.86
 -0.178  0.372  0.792 -0.09  -0.25   0.941 -0.058 -0.27   0.86  -0.128
 -0.903  0.517][-0.21   1.012  0.436  0.454  0.93  -1.45   1.78  -0.833  1.199 -0.253
  0.26   0.614 -0.44   0.161  0.212 -0.1   -1.056  0.6    0.647 -0.869
  0.578 -1.636  0.808  0.253  1.144  0.057 -1.371  0.97   0.81  -0.17
 -0.055  0.372  0.792 -0.09  -0.764  0.941  0.564 -0.27   0.86  -0.128
 -0.903  0.54 ][-0.21   1.012  0.436  0.454  0.93  -1.45   1.24  -0.833  1.199 -0.253
 -0.658  0.479 -0.44   0.161  0.212 -0.1   -1.563  0.6    0.647 -0.81
  0.578 -1.636  0.808  0.253  1.144  0.057 -1.371  0.97   0.81  -0.17
 -0.055  0.372  0.355 -0.09  -0.25   0.941  0.564 -0.27   0.86   0.061
 -0.903  0.54 ][-0.21   1.012  0.436  0.7    0.93  -1.45   1.78  -0.833  2.012  0.296
 -0.658  0.593 -0.44   0.161  0.212 -0.2   -1.056  0.6    0.647 -0.39
  1.262 -1.636  0.808  0.253  1.144 -0.233 -1.371  0.97   0.81  -0.17
 -0.178  0.372  0.792 -0.09  -0.25   0.953  0.564 -0.27   0.86   0.061
 -0.903  0.54 ][-0.21   1.012 -0.4    0.7    0.93  -1.45   1.78  -0.833  1.199 -0.253
  0.26   0.479 -0.44  -0.024  0.212 -0.1   -1.056  0.424  0.647 -0.699
  1.262 -1.636  0.808  0.253  1.144  0.057 -1.371  0.97   0.81  -0.17
 -0.178  0.372  0.871 -0.09  -0.25   0.953  0.564 -0.27   0.86   0.061
 -0.903  0.54 ][-0.21   1.012 -0.4    0.454  0.93  -1.45   1.78  -0.833  2.012 -0.253
  0.26   0.614 -0.44   0.161  0.212 -0.943 -1.056  0.6    0.647 -0.81
  1.262 -1.636  0.808  0.253  1.144 -0.233 -2.014  0.97   0.81  -0.17
 -0.055  0.372  0.792 -0.09  -0.25   0.953  0.564 -0.27   0.86   0.061
 -0.903  0.54 ][-0.21   0.7   -0.4    0.7    0.93  -0.98   1.24  -0.833  1.199 -0.253
 -0.658  0.614 -0.44   0.475  0.212 -0.1   -1.056 -0.123  0.647 -0.869
  1.262 -1.636  0.808  0.253  1.144  0.057 -1.371  0.97   0.81  -0.17
 -0.178  0.372  0.588 -0.09  -0.25   0.941  0.113 -0.27   1.501  0.061
 -0.903  0.54 ][-0.21   1.012 -0.4    0.7    0.93  -1.45   1.78  -0.42   2.012 -0.253
 -0.658  0.614 -0.44   0.161  0.212 -0.2   -1.056  0.6    0.647 -0.869
  1.262 -1.636  0.808  0.253  1.144  0.057 -1.371  0.97   0.81  -0.17
 -0.178  0.372  0.792 -0.09  -0.25   1.604  0.037 -0.27   1.501  0.061
 -0.903  0.54 ][-0.113  1.012 -0.4    0.454  0.93  -1.45   1.24  -0.833  1.199 -0.253
 -0.23   0.479 -0.44   0.161  0.212 -0.1   -1.056 -0.123  0.647 -0.81
  1.262 -1.636  0.808  0.253  1.144  0.057 -1.371  0.97   0.81  -0.86
 -0.178  0.372  0.792  0.368 -0.25   0.941  0.564 -0.27   0.86   0.35
 -0.903  0.54 ][-0.21   1.012 -0.4    0.454  0.93  -1.45   1.78  -0.833  1.199 -0.253
  0.26   0.479 -0.908  0.161  0.212 -0.1   -1.056 -0.123  0.656 -0.699
  1.262 -1.636  0.808  0.253  1.144 -0.233 -1.371  0.544  0.81  -0.17
 -0.055  0.824  0.871 -0.09  -0.25   0.941  0.564 -0.27   0.86  -0.128
 -0.903  0.54 ][-0.21   1.012  0.436  0.454  0.93  -1.45   1.78  -0.833  2.012  0.296
  0.26   0.614 -0.44   0.161  0.212 -0.1   -1.056 -0.123  0.647 -0.81
  0.578 -1.636  0.808  0.253  1.144  0.057 -1.371  0.97   0.81  -0.17
 -0.055  0.372  1.524 -0.09  -0.25   0.953  0.564 -0.27   0.86   0.061
 -0.903  0.54 ][-0.21   0.7   -0.4    0.7    0.93  -1.45   1.24  -1.163  1.199 -0.253
 -0.23   0.479 -0.44   0.161  0.212 -0.1   -1.056 -0.123  0.647 -0.81
  1.262 -1.636  0.808  0.253  1.144  0.057 -1.371  0.97   0.81  -0.17
 -0.178  0.824  0.871 -0.09  -0.25   0.941  0.564 -0.27   0.86   0.35
 -0.903  0.54 ][-0.21   1.012 -0.4    0.454  0.93  -1.45   1.78  -0.833  2.012 -0.253
 -0.658  0.614 -0.44   0.161  0.212 -0.1   -1.056  0.6    0.656 -0.81
  1.262 -1.636  0.808  0.253  1.144  0.057 -1.371  0.97   0.81  -0.17
 -0.055  0.372  0.792 -0.09  -0.25   0.953  0.564 -1.021  0.86  -0.128
 -0.903  0.54 ][-0.21   0.7   -0.4    0.7    0.93  -1.45   1.24  -0.42   1.199 -0.253
 -0.23   0.479 -0.44   0.161  0.212 -0.1   -1.056 -0.123  0.647 -0.869
  1.262 -1.636  0.808  0.253  1.144  0.057 -1.371  0.97   0.023 -0.17
 -0.055  0.372  0.792 -0.09  -0.25   0.941  0.113 -0.27   0.86   0.35
 -0.903  0.54 ][-0.21   0.7   -0.4    0.7    0.93  -1.45   1.24  -0.42   1.199 -0.253
 -0.658  0.479 -0.44   0.161  0.212 -0.1   -1.563 -0.123  0.647 -0.869
  1.262 -1.636  0.808  0.253  1.144  0.057 -1.371  0.97   0.81  -0.251
 -0.055  0.372  0.792 -0.09  -0.25   0.941  0.564 -0.27   0.86  -0.128
 -0.903  0.54 ][-0.113  1.012 -0.4    0.7    0.93  -1.45   1.78  -0.833  2.012 -0.253
  0.26   0.614 -0.44   0.161  0.212 -0.1   -1.056 -0.123  0.647 -0.81
  1.262 -1.636  0.808  0.253  1.144  0.057 -1.371  0.97   0.81  -0.86
 -0.178  0.372  0.792  0.009 -0.25   0.941  1.479 -0.27   0.86   0.35
 -0.903  0.54 ][-0.21   0.942 -0.4    0.7    0.93  -1.45   1.78  -0.833  2.012  0.296
 -0.658  0.614 -0.44   0.475  0.212 -0.1   -1.056 -0.123  0.647 -0.39
  1.262 -1.636  0.808  0.415  1.804  0.057 -1.371  0.97   0.81  -0.17
 -0.178  0.372  0.792 -0.09  -0.25   0.953  0.564 -0.27   0.86   0.061
 -0.903  0.54 ][-0.21   0.7    0.436  0.7    0.93  -1.45   1.78  -0.833  1.199  0.296
  0.26   0.614 -0.44   0.161  0.212 -0.1   -1.056  0.6    0.647 -0.699
  1.262 -1.636  0.808  0.253  1.215  0.057 -1.371  0.97   0.81  -0.17
 -0.055  0.372  0.871 -0.09  -0.25   0.953  0.037 -0.27   0.86   0.061
 -0.903  0.54 ][-0.21   1.012 -1.316  0.7    0.93  -1.45   1.78  -0.833  2.012 -0.253
 -0.23   0.614 -0.44   0.161  0.212 -0.1   -1.056 -0.123  0.647 -0.81
  1.262 -1.636  0.808  0.415  1.144  0.057 -1.371  0.97   0.81  -0.17
 -0.178  0.372  0.871 -0.09  -0.25   0.941  0.564 -0.27   0.86  -0.128
 -0.903  0.54 ][-0.21   1.012  0.436  0.454  0.93  -1.45   1.24  -0.833  2.012  0.296
  0.26   0.614 -0.15   0.161  0.212 -0.1   -1.056  0.6    0.647 -0.81
  1.262 -1.636  0.808  0.253  0.495 -0.233 -1.371  1.143  0.81  -0.17
 -0.178  0.372  0.792 -0.09  -0.25   0.953  0.037 -0.27   0.86   0.061
 -0.903  0.54 ][-0.113  1.012 -0.4    0.7    0.93  -1.45   1.24  -0.833 -0.962 -0.253
 -0.23   0.614 -0.44   0.161  0.212 -0.1   -1.056 -0.123  0.647 -0.81
  1.262 -1.636  0.808  0.253  1.144  0.057 -1.371  0.97   0.81  -0.86
 -0.178  0.372  0.871  0.438 -0.25   0.941  0.564 -0.27   0.86  -0.128
 -0.903  0.54 ][-0.113  1.012 -0.4    0.7    0.93  -1.45   1.24  -0.833 -0.962 -0.253
 -0.658  0.479 -0.44   0.161  0.428 -0.1   -1.563 -0.123  0.647 -0.81
  1.262 -1.636  0.808  0.253  1.144  0.057 -1.371  0.97   0.81  -0.17
 -0.178  0.372  0.871 -0.09  -0.25   0.941  0.564 -0.27   0.86   0.061
 -0.903  0.54 ][-0.21   1.012 -0.4    0.454  0.93  -1.45   1.78  -0.833  2.012 -0.253
 -0.23   0.614 -0.44   0.161  0.212 -0.1   -1.056 -0.123  0.647 -1.456
  1.262 -1.636  0.808  0.253  1.144  0.057 -1.371  0.97   0.81  -0.17
 -0.178  0.372  0.871 -0.09  -0.25   0.941  0.564 -0.27   0.86  -0.128
 -0.903  0.54 ][-0.21   1.012 -0.4    0.7    0.93  -0.502  1.78  -0.833  2.164 -0.253
 -0.23   0.479 -0.908  0.161 -0.213 -0.1   -1.056 -0.123  0.656 -0.81
  1.262 -1.636  0.808  0.253  1.144  0.057 -1.371  1.183  0.81  -0.86
 -0.055  0.824  0.913 -0.09  -0.25   0.941  0.564 -0.27   0.86  -0.128
 -0.903  0.54 ][-0.21   1.012  0.436  0.454  0.93  -1.048  1.24  -0.833  2.012 -0.253
  0.26   0.614 -0.44   0.161  0.212 -0.1   -1.056 -0.123  0.647 -0.81
  1.262 -1.636  0.808  0.253  1.144  0.057 -1.371  0.97   0.81  -0.17
 -0.178  0.372  0.792 -0.09  -0.25   0.941  0.564 -0.27   0.86   0.061
 -0.903  0.54 ][-0.21   1.012 -0.4    0.454  0.93  -1.45   1.78  -0.833  1.199 -0.253
 -0.658  0.614 -0.44   0.161  0.212 -0.1   -1.563 -0.123  0.647 -0.81
  0.578 -1.636  0.808  0.253  1.144  0.057 -1.371  0.97   0.81  -0.17
 -0.055  0.372  0.792 -0.09  -0.682  0.941  0.564 -0.27   0.86   0.061
 -0.903  0.54 ][-0.21   1.012 -0.4    0.7    0.93  -1.45   1.24  -0.42   2.012 -0.253
 -0.23   0.479 -0.44   0.161  0.212 -0.1   -1.056 -0.123  0.847 -0.869
  1.262 -1.636  0.808  0.253  1.144  0.057 -1.371  0.97   0.81  -0.17
 -0.178  0.372  0.792 -0.09  -0.25   0.941  0.113 -0.27   1.501 -0.128
 -0.903  0.54 ][-0.21   1.012 -0.4    0.7    0.93  -1.45   1.78  -0.833  2.012 -0.253
 -0.658  0.614 -0.44   0.161  0.212 -0.1   -1.056 -0.123  0.647 -0.81
  0.826 -1.636  0.808  0.415  1.144  0.057 -2.014  0.97   0.81  -0.17
 -0.178  0.372  0.871 -0.09  -0.25   0.953  0.564 -0.27   0.86   0.061
 -0.903  0.54 ][-0.21   1.012  0.436  0.7    0.93  -1.45   1.78  -0.833  2.012 -0.253
  0.14   0.614 -0.44   0.475  0.212 -0.1   -1.056 -0.123  0.647 -0.39
  1.262 -1.636  0.808  0.415  1.144 -0.233 -1.371  0.97  -0.02  -0.17
 -0.178  0.372  0.792 -0.09  -0.25   0.953  0.564 -0.27   0.86   0.061
 -0.903  0.54 ][-0.21   0.7    0.436  0.7    0.93  -1.45   1.78  -0.833  1.199 -0.253
 -0.658  0.479 -0.44   0.161  0.543 -0.1   -1.056 -0.123  0.647 -0.699
  0.578 -1.636  0.808  0.253  1.144  0.057 -1.371  0.97   0.81  -0.17
 -0.055  0.372  0.792 -0.09  -0.25   0.941  0.564 -0.27   0.86  -0.128
 -0.903  0.54 ]