[-0.21  -0.76  -0.9    0.89   0.51  -0.39  -0.52   0.15  -0.43  -0.869
  0.61   0.27   0.55   0.8   -0.2   -0.52   0.82   0.07  -0.98   0.59
 -1.     0.81   0.82   0.81   0.6   -0.87   0.65  -0.59  -0.87  -0.32
 -0.11  -0.82   0.56  -0.89   0.16   0.63   0.84   0.26   0.86  -0.01
  0.8    0.54 ][-0.74   0.7   -0.4    0.7    0.53  -0.98   0.94  -0.42   0.58   0.55
  0.14   0.8   -0.44   0.38  -0.62  -0.1    0.78   0.83  -0.32  -0.81
  0.83  -0.8    0.82   0.81   0.6    0.26   0.256  0.97   0.25  -0.2
 -0.11   0.54   0.56  -0.4   -0.25   0.34   0.61  -0.27   0.86   0.35
 -0.33  -0.29 ][-0.21   0.7   -0.9    0.7    0.77  -0.39   0.94  -0.42   0.58   0.55
  0.14   0.02  -0.44  -0.62  -0.2   -0.52   0.78   0.83  -0.32  -0.72
 -0.68  -0.84   0.82   0.81   0.6   -0.87   0.074  0.97   0.81  -0.86
 -0.11   0.54   0.56  -0.4   -0.25  -0.47   0.61  -0.27   0.86   0.35
  0.8    0.54 ][-0.74  0.7  -0.4   0.7   0.77 -0.98  0.94 -0.42  0.58  0.55  0.14  0.02
 -0.44 -0.62 -0.62 -0.52  0.25 -0.39 -0.32 -0.72  0.83 -0.8   0.08 -0.43
 -0.32 -0.87  0.04  0.97  0.81 -0.86 -0.11  0.54  0.58 -0.09 -0.25 -0.47
  0.61 -0.27  0.86  0.35 -0.33  0.54][-0.74   0.12  -0.4    0.91   1.272 -0.73   0.94  -0.51   0.58   0.55
 -0.34   0.68  -0.41  -0.48  -0.19  -0.73   0.78   0.83  -0.32   0.36
  0.83  -0.8    0.82   0.81   0.6    0.64  -0.81   0.97   0.71  -1.
 -0.48   0.54   0.56  -0.4    0.901  0.88   0.61  -0.91   0.86  -0.39
  0.63  -0.29 ][-0.46  0.59  0.56  0.89  0.51  0.96  0.47  0.15 -0.62 -0.51  0.61  0.27
  0.55  0.8  -0.23 -0.71  0.82  0.07 -0.98  0.59 -1.    0.81 -0.01 -0.84
 -0.46  0.59  0.65 -0.59 -0.87 -0.32  0.74 -0.82 -1.   -0.89  0.16  0.63
  0.84  0.26  0.82  0.99  0.64 -0.88][-0.82  -0.43   0.86   0.91   0.06  -0.73   0.31   0.036  0.24  -0.905
 -0.08   0.18  -0.41  -0.48  -0.19   0.06  -0.31   0.69  -0.19   0.73
  0.5    0.91   0.08   0.72   0.91  -0.17   0.6    0.68  -0.7   -1.
 -0.66   0.51   0.34   0.53   0.901 -0.08   0.44   0.79   0.93   0.59
 -0.44   0.93 ][-0.82   0.7    0.86   0.7    0.53  -0.73   0.94  -0.42   0.24   0.55
 -0.34   0.68  -0.44   0.38  -0.62  -0.73   0.26   0.69  -0.32  -0.81
  0.83   0.18   0.08   0.739  0.6    0.26  -0.81   0.97   0.71  -0.2
 -0.11   0.54   0.56  -0.03   0.901  0.34   0.44  -0.91   0.86   0.35
 -0.33   0.28 ][-0.74   0.7   -0.9    0.7    0.77  -0.954  0.94  -0.42  -0.43   0.55
  0.14   0.02  -0.44  -0.62  -0.2   -0.52   0.25   0.83  -0.32  -0.72
 -0.68  -0.84   0.08   0.81   0.6   -0.87   0.04   0.97   0.81  -0.86
 -0.11   0.54   0.58  -0.09  -0.25  -0.47   0.61  -0.27   0.86   0.35
 -0.33   0.54 ][-0.74   0.12   0.86   0.7    0.53  -0.73   0.94  -0.42   0.24  -0.08
 -0.34   0.68  -0.41   0.38  -0.19  -0.73   0.26   0.83  -0.32   0.36
 -0.28  -0.8    0.08   0.1    0.6    0.64   0.256  0.97   0.25  -1.
 -0.48  -0.74   0.49  -0.4   -0.186  0.34   0.61  -0.27   0.86   0.35
 -0.33   0.28 ][-0.21  -0.76  -0.9    0.7   -0.088 -0.39   0.94  -0.42   0.58   0.55
  0.14   0.02  -0.44  -0.62  -0.62  -0.52   0.78   0.83  -0.32  -0.72
  0.83  -0.84   0.08   0.81   0.6   -0.87   0.04   0.97   0.81  -0.86
 -0.11   0.54   0.56  -0.4   -0.25  -0.47   0.61  -0.27   0.86  -0.01
 -0.33   0.54 ][-0.21   0.7   -0.4   -0.57   0.77  -0.39   0.94  -0.42   0.58   0.55
  0.14   0.02  -0.44  -0.62  -0.2   -0.52   0.78  -0.39  -0.32  -0.72
  0.83  -0.84   0.08   0.81  -0.32  -0.87   0.04   0.97   0.81  -0.732
 -0.11   0.54   0.58  -0.09  -0.42  -0.47  -0.664 -0.27   0.86  -0.01
  0.8    0.54 ][-0.82  -0.57  -0.13   0.91   0.473 -0.73  -0.8    0.48   0.24  -0.08
 -0.34   0.68  -0.41  -0.48  -0.19   0.41   0.26  -1.     0.71  -0.73
  0.5    0.91   0.15   0.72  -0.56   0.64  -0.81   0.83   0.98  -1.
 -0.48  -0.74   0.49  -0.04   0.87   0.88   0.44   0.79  -0.61   0.44
  0.63   0.28 ][-0.82   0.12   0.86   0.91  -0.43  -0.73  -0.8    0.036  0.24  -0.48
 -0.08   0.07  -0.41  -0.48  -0.19  -0.73   0.25   0.69  -0.54   0.36
  0.5    0.91   0.08   0.72   0.17   0.64   0.6   -0.63   0.98  -1.
 -0.48  -0.02  -0.81  -0.03   0.901  0.88   0.44   0.79   0.99   0.44
  0.63   0.82 ][-0.74   0.12  -0.4    0.91  -0.43  -0.73   0.94   0.036  0.58   0.55
 -0.34   0.68  -0.41  -0.48  -0.19  -0.73   0.78   0.83  -0.54   0.36
  0.83   0.91   0.82   0.81   0.17   0.64   0.6    0.97   0.71  -1.
 -0.48   0.54  -0.81  -0.03   0.901  0.88   0.44  -0.91   0.99   0.44
  1.453 -0.29 ][ 0.89  0.12  0.86  0.91 -0.43 -0.73 -0.77 -0.51 -0.33 -0.08 -0.34  0.68
  0.55 -0.48 -0.19 -0.73  0.26  0.69  0.71  0.36  0.5   0.91  0.08  0.1
  0.17  0.64  0.6   0.83  0.98 -1.    0.64 -0.74 -0.81 -0.04  0.87  0.88
  0.44 -0.91  0.99 -0.39 -0.94  0.82][-0.82   0.7    0.86   0.7   -0.43  -0.73  -0.575 -0.42   0.24   0.55
 -0.34   0.68  -0.44  -0.48  -0.62  -0.73   0.26   0.69  -0.54  -0.81
  0.83   0.91   0.08   0.739  0.6    0.26   0.6    0.97   0.98  -0.2
 -0.48  -0.02   0.56  -0.03   0.901  0.34   0.44   0.79   0.86   0.44
  0.63   0.82 ][-0.82   0.12   0.86   0.91   0.53  -0.73   0.94  -0.42   0.58   0.55
  0.14   0.8   -0.41  -0.48  -0.62  -0.1    0.26   0.83  -0.54   0.36
  0.83  -0.8    0.82   0.1    0.6    0.64  -0.81  -0.63   0.25  -1.
 -0.48   0.177  0.49  -0.4   -0.25   0.88   0.44  -0.27   0.86   0.35
  0.63   0.28 ][-0.46   0.59   0.86   0.91  -0.43  -0.73  -0.8    0.036 -0.62  -0.48
  0.61   0.07  -0.41  -0.48  -0.23  -0.73   0.25   0.07  -0.54   0.59
  0.5    0.91  -0.01   0.72   0.17   0.64   0.65  -0.63  -0.87  -0.32
 -0.48  -0.02  -0.81  -0.89   0.16   0.88   0.44   0.26   0.82   0.44
  0.64   0.613][-0.74   0.7   -0.9    0.7    0.77  -0.954  0.94  -0.42   0.58   0.55
  0.14   0.02  -0.44  -0.62  -0.2   -0.52   0.78   0.83   0.216 -0.72
 -0.68  -0.84   0.08   0.81   0.6   -0.87   0.04   0.97   0.81  -0.86
 -0.11   0.54   0.56  -0.09  -0.25  -0.47   0.61  -0.27   0.86   0.35
  0.8    0.54 ][-0.74   0.7   -0.9    0.7    0.77  -0.954  0.94   0.317  0.58   0.55
  0.14   0.02  -0.44  -0.62  -0.62  -0.52   0.25  -0.39   0.216 -0.72
 -0.68  -0.84   0.08  -0.43  -0.32  -0.87   0.04   0.97   0.81  -0.86
 -0.11   0.54   0.58  -0.09  -0.25  -0.47   0.61  -0.27   0.86   0.35
  0.8    0.54 ][-0.21   0.7   -0.9    0.7    0.77  -0.39   0.94  -0.42   0.58   0.55
  0.14   0.02  -0.44  -0.62  -0.2   -0.52   0.78   0.83   0.216 -0.72
 -0.68  -0.84   0.08   0.81   0.6   -0.87   0.074  0.97   0.81  -0.86
 -0.11   0.54   0.56  -0.4   -1.205 -0.47   0.61  -0.27   0.86   0.35
  0.8    0.54 ][-0.21  -0.76  -0.9    0.89   0.51  -0.954 -0.52  -0.42  -0.43  -0.869
  0.61   0.02   0.55  -0.62  -0.2   -0.52   0.78   0.83  -0.98  -0.72
 -0.68   0.81   0.82   0.81   0.6   -0.87   0.65   0.97   0.81  -0.32
 -0.11   0.54   0.56  -0.09   0.16  -0.47   0.84   0.314  0.86   0.35
  0.8    0.54 ][-0.74  -0.76  -0.9    0.7    0.77  -0.954 -0.52   0.15  -0.43   0.55
  0.14   0.27  -0.44  -0.62  -0.2   -0.52   0.82   0.07   0.216 -0.72
 -1.    -0.514  0.08   0.81   0.6   -0.87   0.65   0.97  -0.87  -0.32
 -0.11  -0.82   0.56  -0.89  -0.25  -0.47   0.84   0.26   0.86   0.35
  0.8    0.54 ][-0.663 -0.76  -0.9    0.7    0.77  -0.39   0.94  -0.42  -0.43  -0.869
  0.61   0.27  -0.44  -0.62  -0.2   -0.52   0.78   0.07  -0.32   0.59
 -0.68   0.81   0.82   0.81   0.6   -0.87   0.074 -0.59  -0.87  -0.32
 -0.11   0.54   0.56  -0.89  -0.25   0.63   0.61  -0.27   0.86  -0.01
  0.8    0.54 ][-0.74  -0.76  -0.9    0.7    0.51  -0.98   0.94  -0.42  -0.43  -0.869
  0.14   0.8    0.55   0.38  -0.2   -0.1    1.184  0.83  -0.98   0.59
  0.83   0.81   0.82   0.81   0.6   -0.87   0.256  0.97  -0.87  -0.32
 -0.11  -0.82   0.56  -0.4    0.16   0.34   0.84   0.26   0.86  -0.01
 -0.33   0.54 ][ 0.08   0.7   -0.9    0.7    0.53  -0.954  0.94  -0.42   0.58   0.55
  0.14   0.8   -0.44   0.38  -0.2   -0.52   0.78   0.83  -0.32  -0.81
 -0.68  -0.84   0.82   0.81   0.6   -0.87   0.04   0.97   0.25  -0.86
 -0.11   0.54   0.56  -0.4   -0.25  -0.47   0.61  -0.27   0.86   0.35
  0.8   -0.29 ][-0.74   0.59  -0.4    0.89   0.53  -0.378  0.47   0.15  -0.62   0.55
  0.61   0.8   -0.44   0.38  -0.23  -0.1    0.82   0.07  -0.32  -0.81
  0.83  -0.8   -0.01   0.81   0.6    0.59   0.256  0.97  -0.87  -0.32
  0.74   0.54  -1.    -0.89  -0.25   0.34   0.61   0.26   0.86   0.35
 -0.33  -0.88 ][-0.46  -0.76  -0.9    0.89   0.51   0.96   0.47   0.15  -0.43  -0.51
  0.61   0.27   0.55   0.8   -0.2   -0.52   0.82   0.07  -0.98   0.59
 -1.     0.81   0.82   0.81   0.6    0.59   0.65  -0.59  -0.87  -0.32
  0.74  -0.82  -1.    -0.89   0.16  -0.177  0.84   0.26   0.82   0.99
  0.64  -0.88 ][-0.74   0.12  -0.4    0.91   1.272 -0.98   0.94  -0.51   0.58   0.55
  0.14   0.68  -0.41   0.38  -0.62  -0.73   0.78   0.83  -0.32   0.36
  0.83  -0.8    0.82   0.81   0.6    0.64   0.256  0.97   0.71  -0.2
 -0.11   0.54   0.56   0.487 -0.25   0.34   0.61  -0.91   0.86  -0.39
  0.63  -0.29 ][-0.21  -0.76  -0.9    0.7    0.51  -0.39  -0.52  -0.42   0.58  -0.869
  0.14   0.02  -0.44   1.119 -0.2   -0.52   0.82   0.83  -0.98   0.59
 -0.68  -0.84   0.82   0.81   0.6   -0.87   0.65  -0.59  -0.87  -0.32
 -0.11  -0.82   0.56  -0.89   0.16   0.63   0.61   0.26   0.86  -0.01
  0.8    0.54 ][-0.74   0.7   -0.9    0.7    0.53  -0.954  0.94  -0.42   0.58   0.55
  0.14   0.8   -0.44   0.38  -0.2   -0.1    0.78   0.83  -0.32  -0.81
  0.83  -0.84   0.08   0.81   0.6   -0.87   0.04   0.97   0.25  -0.86
 -0.11   0.54   0.56  -0.09  -0.25  -0.47   0.61  -0.27   0.86   1.07
  0.8    0.54 ][-0.74   0.7   -0.4    0.7    0.77  -0.98   0.94  -0.42   0.58   0.55
  0.14   0.02  -0.44  -0.62  -0.62  -0.52   0.78  -0.39  -0.32  -0.72
  0.971 -0.8    0.82  -0.43  -0.32  -0.87   0.074  0.97   0.81  -0.86
 -0.11   0.54   0.56  -0.4   -0.25  -0.47   0.61  -0.27   0.86   0.35
 -0.33   0.54 ][-0.21   0.7   -0.9    0.7    0.77  -0.39   0.94  -0.42   0.58   0.55
  0.14   0.02  -0.44  -0.62  -0.2   -0.1    0.78   0.83  -0.32  -0.81
 -0.68  -0.8    0.82   0.81   0.6   -0.87   0.256  0.97   0.25  -0.729
 -0.11   0.54   0.56  -0.4   -0.25  -0.47   0.61  -0.27   0.86   0.35
  0.8    0.54 ][-0.74   0.7   -0.4    0.89   0.53  -0.98   0.94  -0.42   0.58   0.55
  0.14   0.27   0.901  0.38  -0.2   -0.1    0.78   0.83  -0.32  -0.81
  0.83  -0.8    0.82   0.81   0.6   -0.87   0.256 -0.59   0.25  -0.2
 -0.11  -0.82   0.56  -0.89   0.16   0.63   0.84   0.26   0.86   0.35
  0.8    0.54 ][-0.921  0.7   -0.9    0.7    0.51  -0.954 -0.52   0.15  -0.43   0.55
  0.14   0.02  -0.44  -0.62  -0.2   -0.52   0.78   0.83  -0.98   0.59
 -1.     0.81   0.82   0.81   0.6   -0.87   0.65  -0.59   0.81  -0.32
 -0.11   0.54   0.56  -0.09  -0.25   0.63   0.61  -0.27   0.86   0.35
  0.8    0.54 ][-0.21  -0.76  -0.9    0.89   0.77  -0.39  -0.52  -0.42   0.58  -0.869
  0.14   0.02  -0.44  -0.62  -0.2   -0.52   0.78   0.07  -0.98   0.59
 -1.     0.81   0.82   0.898  0.6   -0.87   0.65   0.97   0.81  -0.86
 -0.11  -0.82   0.56  -0.89  -0.25  -0.47   0.84  -0.27   0.86   0.35
  0.8    0.54 ][-0.74   0.7   -0.9    0.7    0.53  -0.98   0.94  -0.42   0.58   0.55
  0.14   0.02  -0.44  -0.62  -0.2   -0.52   0.78   0.83  -0.32  -0.81
 -0.68  -0.8    0.82   0.81   0.6    0.26   0.04   0.97   0.25  -0.2
 -0.11   0.54   0.56  -0.09  -0.25   0.34   0.61   0.186  0.86   0.35
 -0.33  -0.29 ][-0.74   0.7   -0.4    0.7    0.77  -0.98   0.636 -0.42   0.58   0.55
  0.14   0.02  -0.44  -0.62  -0.62  -0.1    0.78  -0.39  -0.32  -0.81
  0.83  -0.8    0.82  -0.43  -0.32   0.26   0.04   0.97   0.81  -0.86
 -0.11   0.54   0.58  -0.4   -0.25   0.34   0.61  -0.27   0.86   0.35
 -0.33   0.54 ][-0.74   0.7   -0.9    0.7    1.272 -0.73   0.94  -0.42   0.58   0.55
  0.14   0.68  -0.41  -0.48  -0.2   -0.52   0.78   0.83  -1.152  0.36
  0.83  -0.8    0.08   0.81   0.6    0.64  -0.81   0.97   0.81  -0.86
 -0.11   0.54   0.56  -0.4    0.901  0.88   0.61  -0.27   0.86   0.35
  0.63   0.54 ][-0.74   0.7   -0.4    0.7    0.77  -0.98   0.94  -0.42   0.58   0.55
  0.14   0.8   -0.44   0.38  -0.2   -0.52   0.78   0.848 -0.32  -0.72
  0.83  -0.84   0.82   0.81   0.6    0.26   0.04   0.97   0.25  -0.2
 -0.11   0.54   0.56  -0.09  -0.25  -0.47   0.61  -0.27   0.86   0.35
  0.8   -0.29 ][-0.82  -0.43   0.86   0.91   0.06  -0.954  0.94  -0.42   0.58   0.55
  0.14   0.18  -0.41  -0.48  -0.321  0.06  -0.31   0.69   0.216 -0.72
 -0.68  -0.84   0.08   0.72   0.91  -0.17   0.6    0.97   0.81  -1.
 -0.66   0.51   0.56   0.53  -0.25  -0.47   0.61  -0.27   0.93   0.59
  0.8    0.93 ][-0.74   0.7   -0.9    0.7    0.77  -0.39   0.94  -0.42   0.58   0.55
  0.14   0.02  -0.44  -0.62  -0.2   -0.52   0.78   0.83  -0.32  -0.72
 -0.68  -0.84   0.82   0.81   0.6   -0.87   0.04   0.97   0.81  -0.86
 -0.11   0.54   0.56  -0.4   -0.25  -0.47   0.61  -0.27   0.86   0.35
  0.8    0.696][-0.21   0.7   -0.9    0.89   0.51  -0.98   0.94  -0.42   0.58   0.55
  0.61   0.8   -0.44   0.8   -0.2   -0.1    0.78   0.07  -0.074  0.59
  0.83   0.81   0.82   0.81   0.6   -0.87   0.256  0.97   0.25  -0.32
 -0.11  -0.82   0.56  -0.4    0.16   0.34   0.84  -0.27   0.86   0.35
  0.8   -0.29 ][-0.74   1.5   -0.9    0.7    0.77  -0.98   0.94  -0.42   0.58   0.55
  0.14   0.8   -0.44   0.38  -0.62  -0.52   0.78   0.83   0.216 -0.72
 -0.68  -0.84   0.08   0.81   0.6    0.26   0.256  0.97   0.81  -0.2
 -0.11   0.54   0.56  -0.09  -0.25   0.34   0.61  -0.27   0.86   0.35
  0.8   -0.29 ][-0.21  -0.76  -0.9    0.7    0.77  -0.39   0.94  -0.42   0.58  -0.869
  0.14   0.02   0.55   1.659 -0.2   -0.52   0.82   0.07  -0.98   0.59
 -1.     0.81   0.82   0.81   0.6   -0.87   0.65   0.97  -0.87  -0.32
 -0.11   0.54   0.56  -0.89  -0.25  -0.47   0.61  -0.27   0.86   0.35
  0.8    0.54 ][-0.74   0.7   -0.9    0.89   0.51  -0.954 -0.52  -0.42  -0.43  -0.869
  0.61   0.02   0.55  -0.398 -0.2   -0.52   0.78   0.07   0.216  0.59
 -1.    -0.84   0.08   0.81   0.6   -0.87   0.65   0.97  -0.87  -0.32
 -0.11  -0.82   0.56  -0.89  -0.25   0.63   0.61  -0.27   0.86  -0.01
  0.8    0.54 ][-0.21   0.7   -0.9    0.7    0.53  -0.39   0.94  -0.42   0.58   0.55
  0.14   0.8   -0.44  -0.62  -0.2   -0.1    0.78   0.83  -0.32  -0.81
 -0.68  -0.8    0.82   0.81   0.6   -0.87   0.256  0.97   0.25  -0.86
 -0.11   0.54   0.56  -0.4   -0.25   0.34   0.61  -0.889  0.86   0.35
 -0.33  -0.29 ][-0.74   0.7   -0.9    0.7    0.77  -0.98   0.94  -0.42   0.58   0.55
  0.14   0.8   -0.44  -0.62  -0.2   -0.1    0.78   0.83   0.216 -0.72
 -0.68  -0.84   0.08   0.81   0.6    0.26   0.04   0.97   0.81  -0.86
 -0.11   0.54   0.56  -0.09  -0.25   0.34   0.48  -0.27   0.86   0.35
  0.8   -0.29 ][-0.21  -0.76  -0.9    0.7    0.51  -1.128 -0.52  -0.42   0.58   0.55
  0.61   0.27   0.55  -0.62  -0.2   -0.52   0.78   0.07   0.216 -0.72
 -0.68   0.81   0.82   0.81   0.6   -0.87   0.04  -0.59  -0.87  -0.32
 -0.11  -0.82   0.56  -0.89   0.16   0.63   0.61   0.26   0.86  -0.01
  0.8    0.54 ][-0.74   0.7   -0.4    0.7    0.53  -0.954  0.94  -0.42   0.58   0.55
  0.14   0.8   -0.44  -0.62  -0.62  -0.1    0.78   0.83   0.216 -0.72
 -0.68  -0.84   0.08   0.81   0.6   -0.87   0.04   0.97   0.25  -0.86
 -0.11   0.54   0.56  -0.09  -0.25  -0.194  0.61  -0.27   0.86   0.35
 -0.33  -0.29 ][-0.21   0.7   -0.4    0.89   0.53  -0.98   0.94   0.15  -0.43   0.55
  0.14   0.8   -0.44   0.38  -0.2    0.268  0.82   0.83  -0.98  -0.81
  0.83   0.81   0.82   0.81   0.6   -0.87   0.65  -0.59   0.25  -0.2
 -0.11  -0.82   0.56  -0.4   -0.25   0.63   0.61   0.26   0.86   0.35
  0.8    0.54 ][-0.74   0.7   -0.9    0.7    0.51  -0.39  -0.52   0.15  -0.43   0.55
  0.61   0.02   0.55  -0.62  -0.2   -0.52   0.82   0.83   0.216 -0.72
 -1.    -0.84   0.08   0.81   0.6   -0.87   0.65  -0.59   0.81  -0.86
 -0.11   0.54   0.56  -0.89   0.16  -0.107  0.61  -0.27   0.86  -0.01
  0.8    0.54 ][-0.74   0.7   -0.9    0.7    0.51  -0.98  -0.52   0.15   0.58  -0.869
  0.14   0.02  -0.44   0.918 -0.2   -0.52   0.82   0.07  -0.98   0.59
  0.83  -0.8    0.82  -0.43  -0.32  -0.87   0.65   0.97   0.81  -0.32
 -0.11   0.54   0.58  -0.09   0.16   0.63   0.84   0.26   0.86  -0.01
 -0.33   0.54 ][-0.74   0.7   -0.4    0.7    0.53  -0.98   0.94  -0.42   0.58   0.55
  0.14   0.8   -0.44  -0.62  -0.62  -0.52   0.78   0.83   0.216 -0.81
  0.83  -1.287  0.08   0.81   0.6    0.26   0.256  0.97   0.25  -0.86
 -0.11   0.54   0.56  -0.09  -0.25  -0.47   0.61  -0.27   0.86   0.35
  0.8    0.54 ][-0.21  -0.76   0.032  0.89   0.51  -0.39  -0.52  -0.42  -0.43   0.55
  0.14   0.02   0.55   0.8   -0.2   -0.52   0.78   0.07  -0.98   0.59
 -1.     0.81   0.82   0.81   0.6   -0.87   0.074 -0.59  -0.87  -0.86
 -0.11   0.54   0.56  -0.4   -0.25  -0.47   0.61   0.26   0.86  -0.01
  0.8    0.54 ][-0.21  -0.76  -0.9    0.89   0.77  -0.39   0.94   0.15  -0.43  -0.869
  0.61   0.02   0.55  -0.62  -0.2   -0.52   0.78   0.83  -0.98   0.59
 -1.    -0.84   0.82   0.81   0.6   -0.87   0.65   0.97  -0.87  -0.32
 -0.11   0.54   0.56  -0.4   -0.25   0.63   1.403  0.26   0.86   0.35
  0.8    0.54 ][-0.21  -0.76  -0.9    0.89   0.51  -1.751 -0.52  -0.42  -0.43   0.55
  0.61   0.27  -0.44   0.8   -0.62  -0.52   0.78   0.83  -0.98  -0.81
  0.83   0.81   0.82   0.81   0.6    0.26   0.256  0.97   0.25  -0.2
 -0.11   0.54   0.56  -0.89   0.16   0.63   0.84  -0.27   0.86  -0.01
  0.8   -0.29 ][-0.74   0.7   -0.9    0.7    0.51  -0.98   0.94  -0.42  -0.43   0.55
  0.14   0.8    0.55   0.38  -0.2   -0.52   0.78   0.83  -0.98   0.59
 -1.    -0.8    0.82   0.81   0.6   -0.87   0.256  0.97  -0.87  -0.32
 -0.11   0.54   0.56  -0.89   0.16   0.63   1.512  0.26   0.86   0.35
 -0.33   0.54 ][-0.21   0.7   -0.9    0.89   0.77  -0.954  0.94   0.15   0.58   0.55
  0.14   0.27   0.55   0.242 -0.2   -0.52   0.78   0.83   0.216  0.59
 -1.    -0.84   0.82   0.81   0.6   -0.87   0.65  -0.59   0.81  -0.86
 -0.11  -0.82   0.56  -0.89   0.16   0.63   0.84  -0.27   0.86   0.35
  0.8    0.54 ][-0.21   0.7   -0.9    0.7    0.77  -0.954  0.94  -0.42   0.58   0.55
  0.14   0.02  -0.44  -0.62  -0.2    0.145  0.78   0.83  -0.32  -0.72
 -0.68  -0.84   0.08   0.81   0.6   -0.87   0.074  0.97   0.81  -0.86
 -0.11   0.54   0.56  -0.4   -0.25  -0.47   0.61  -0.27   0.86   0.35
  0.8    0.54 ][-0.74   0.7   -0.9    0.7    0.77  -0.954  0.94  -0.42   0.58   0.55
  0.14   0.02  -0.44  -0.62  -0.62  -0.52   0.25   0.83  -0.32  -0.72
 -0.68  -0.84   0.08  -0.43   0.6   -0.87   0.04   0.97   0.81  -0.86
 -0.11   0.54   0.58  -0.09  -0.25  -0.47  -0.366 -0.27   0.86   0.35
 -0.33   0.54 ][-0.21   0.7   -0.9    0.89   0.51  -0.954  0.94  -0.42   0.58   0.55
  0.61   0.27   0.55   0.8   -0.2   -0.52   0.82   0.07   0.216  0.59
 -0.68   0.81   0.08   0.81   0.6   -0.87   0.65   0.97   0.81  -0.86
 -0.11  -0.23   0.56  -0.09  -0.25   0.63   0.84  -0.27   0.86   0.35
  0.8    0.54 ][-0.74   0.7   -0.4    0.7    0.53  -0.954  0.94  -0.42   0.58   0.55
  0.14   0.8   -0.44  -0.62  -0.2   -0.52   0.78   0.83  -0.32  -0.81
 -0.68  -0.84   0.82   0.81   0.6   -0.87   0.256  0.97   0.81  -0.86
 -0.11   0.54   0.56  -0.4   -0.25   0.34   0.61  -0.27   0.86   0.35
 -0.624  0.54 ][-0.74   0.7   -0.9    0.7    0.77  -0.98   0.94  -0.42   0.58   0.55
  0.14  -0.046 -0.44  -0.62  -0.62  -0.52   0.78   0.83  -0.32  -0.72
 -0.68  -0.8    0.08   0.81   0.6   -0.87   0.256  0.97   0.81  -0.86
 -0.11   0.54   0.56  -0.09  -0.25   0.34   0.61  -0.27   0.86   0.35
 -0.33  -0.29 ][-0.74   0.7   -0.9    0.7    0.77  -0.954  0.94   0.15  -0.43   0.55
  0.61   0.02  -0.44  -0.62  -0.537 -0.52   0.82   0.07   0.216  0.59
 -0.68  -0.84   0.82   0.81   0.6   -0.87   0.04   0.97   0.81  -0.86
 -0.11   0.54   0.56  -0.09   0.16  -0.47   0.84  -0.27   0.86   0.35
  0.8    0.54 ][-0.74   0.7   -0.9    0.7    0.51  -0.954 -0.52  -0.42   0.58   0.55
  0.14   0.27  -0.44  -0.62  -0.2   -0.52   0.82   0.07   0.216  0.59
 -0.68   0.81   0.08   0.81   0.6   -0.87   0.65  -0.59  -0.87  -0.86
 -0.11   0.54   0.56  -0.89   0.16   0.63   0.84  -0.27   0.86   0.35
  0.8   -0.27 ][-0.21   0.7   -0.9    0.7    1.364 -0.39   0.94  -0.42   0.58   0.55
  0.14   0.02  -0.44   0.38  -0.2   -0.52   0.78   0.83  -0.32  -0.81
  0.83  -0.84   0.82   0.81   0.6   -0.87   0.256  0.97   0.81  -0.86
 -0.11   0.54   0.56  -0.4   -0.25   0.34   0.61  -0.27   0.86   0.35
 -0.33  -0.29 ][-0.21  -0.76  -0.9    0.7    0.51  -0.954 -0.52   0.15   0.58   0.55
  0.61   0.27   0.55   0.8   -0.2   -0.52   0.82   0.189  0.216  0.59
 -0.68   0.81   0.82   0.81   0.6   -0.87   0.04   0.97   0.81  -0.86
 -0.11   0.54   0.56  -0.89   0.16  -0.47   0.61  -0.27   0.86  -0.01
  0.8    0.54 ][-0.21   0.7   -0.4    0.7    0.53  -0.98  -0.52   0.15   0.58  -0.869
  0.14   0.8    0.55   0.38  -0.62  -0.52   0.78   0.07  -0.98  -0.81
  0.83  -0.8    0.82   0.81   0.6   -0.87   0.256 -0.59   0.25  -0.2
 -0.11   0.54   0.56  -0.89   0.16   0.26   0.61   0.26   0.86  -0.01
  0.8   -0.29 ][-0.21  -0.76  -0.4    0.7    0.51  -0.39  -0.52   0.15  -0.43   0.55
  0.61   0.27   0.55   0.38  -0.62  -0.52   0.78   0.07  -0.32   0.59
  0.83   0.81   0.82   0.81   0.6    0.26   0.283  0.97   0.25  -0.2
 -0.11   0.54   0.56  -0.4   -0.25   0.63   0.61  -0.27   0.86   0.35
  0.8    0.54 ][-0.74  -0.76  -0.9    0.7    0.51  -0.98  -0.52  -0.42   0.58   0.55
  0.61   0.27   0.55  -0.62   0.118 -0.52   0.25  -0.39  -0.32   0.59
 -1.     0.81   0.08   0.81  -0.32  -0.87   0.04  -0.59   0.81  -0.86
 -0.11   0.54   0.56  -0.09   0.16  -0.47   0.84   0.26   0.86   0.35
 -0.33   0.54 ][-0.74   0.7   -0.4    0.7    0.53  -0.98   0.94  -0.42   0.58   0.55
  0.14   0.02  -0.44   0.38  -0.62  -0.52   0.78   0.83   0.216 -0.81
  0.83  -0.84   0.82   0.81   1.436 -0.87   0.256  0.97   0.25  -0.86
 -0.11   0.54   0.56  -0.09  -0.25  -0.47   0.61  -0.27   0.86   0.35
 -0.33  -0.29 ][-0.21  -0.76  -0.4    0.7    0.51  -0.98   0.94  -0.42   0.58  -0.869
  0.14   0.27  -0.44   0.38  -0.62  -0.52   0.78   0.07  -0.98  -0.81
  0.257  0.81   0.82   0.81   0.6    0.26   0.65  -0.59  -0.87  -0.32
 -0.11   0.54   0.56  -0.89  -0.25   0.63   0.61   0.26   0.86  -0.01
 -0.33   0.54 ][-0.74   0.7   -0.4    0.7    0.77  -0.954  0.94  -0.42   0.58   0.55
  0.14   0.02  -0.661 -0.62  -0.62  -0.52   0.25  -0.39   0.216 -0.72
  0.83  -0.8    0.08  -0.43  -0.32  -0.87   0.04   0.97   0.81  -0.86
 -0.11   0.54   0.56  -0.09  -0.25  -0.47   0.61  -0.27   0.86   0.35
  0.8    0.54 ]