[-0.21   0.7   -0.4    0.7    0.77  -0.98   1.78  -0.42   0.58   0.55
  0.14   0.614 -0.44   0.38   0.212 -0.1   -0.192  0.83   0.267 -0.81
  0.83  -1.636  1.116  0.81   0.6   -0.87  -0.632  0.97   0.81  -0.86
  0.059  1.249  0.913 -0.09  -0.25   0.941  0.564 -0.27   0.86   0.35
 -0.33   0.54 ][-0.663  0.7   -0.4    0.7    0.77  -0.98   0.94  -0.42   0.58   0.55
  0.14   0.614 -0.44   0.38  -0.62  -0.1    0.699  0.83  -0.32  -0.81
  0.83  -1.636  1.116  0.81   0.6   -0.87  -0.632  0.97   0.81  -0.86
  0.223  1.249  0.913 -0.4   -0.25   0.941  0.564 -0.27   0.86   0.35
 -0.33   0.611][-0.21   1.042 -0.4    0.7    0.77  -0.98   0.94  -0.42   0.58   0.55
  0.14   0.614 -0.44   0.38  -0.62  -0.1   -0.192  0.83  -0.32  -0.81
  0.83  -0.664  1.388  0.839  1.514 -0.87   0.074  0.97   0.81  -0.86
 -0.11   0.172  0.913 -0.09  -0.25   0.34   0.564 -0.27   0.86   0.35
 -0.895 -0.538][-0.663  0.7   -0.4    0.7    0.77  -0.98   0.94  -0.42   0.58   0.55
  0.14   0.614 -0.44   0.38  -0.62  -0.1    0.699  0.83  -0.32  -0.81
  0.83  -1.636  0.82   0.81   0.965 -0.87  -0.632  0.97   0.81  -0.86
  0.223  1.249  0.913 -0.4   -0.25   0.34   0.564 -0.27   0.86   0.35
 -0.33   0.54 ][-0.21   0.7   -0.4    0.7    1.334 -1.518  0.94  -0.42   0.58   0.55
  0.14   0.8   -0.44   0.38  -0.62  -0.1    0.699  0.83  -0.32  -0.81
  0.83  -0.664  1.388  0.81   1.514 -0.87   0.074  0.97   0.81  -0.86
  0.223  1.249  0.391 -0.09  -0.25   0.941  0.564 -0.27   0.86   0.35
 -0.33   0.54 ][-0.663  0.7   -0.4    0.7    0.77  -0.98   0.94  -0.663  0.58   0.55
  0.14   0.614 -0.44   0.38   0.212 -0.1    0.699  0.83  -0.32  -0.81
  0.83  -1.636  1.116  0.81   0.6   -0.87  -0.632  0.97   0.81  -0.86
  0.223  1.249  0.606 -0.09  -0.25   0.941  0.419  0.594  1.212  0.35
 -0.33   0.54 ][-0.21   0.7   -0.4    0.7    0.77  -0.98   0.94  -0.42   0.58   0.55
  0.14   0.274 -0.44   0.38  -0.62  -0.1    0.699  0.83  -0.32  -0.209
  0.83  -1.216  0.82   0.81   0.6   -0.87   0.074  0.97   0.81  -0.86
 -0.11   1.249  0.913 -0.09  -0.25   0.941  0.564 -0.27   0.86   0.35
 -0.33   0.54 ][-0.21   0.7   -0.4    0.7    0.77  -0.98   0.94  -0.42   0.58   0.55
  0.14   0.274 -0.561  0.38   0.212 -0.372  0.699 -0.123 -0.321 -0.311
  0.83  -0.664  0.82   0.81   0.6   -0.87  -0.632  0.97   0.81  -0.86
 -0.11   1.249  0.913 -0.09  -0.25   0.941  0.564 -0.27   0.86   0.35
 -0.33   0.54 ][-0.21   0.7   -0.4    0.7    0.93  -0.98   0.94  -0.42   0.58   0.55
  0.14   0.614 -0.44   0.38  -0.62  -0.1    0.699  0.83  -0.32  -0.81
  0.83  -2.052  1.116  0.81   0.6   -0.87   0.256  1.227  0.81  -0.86
  0.223  1.249  0.913 -0.4   -0.25   0.941  0.564 -0.27   0.86   0.35
 -0.33   0.54 ][-0.663  0.7   -0.4    0.7    0.77  -0.98   0.94  -0.42   0.58   0.55
  0.14   0.614 -0.44   0.38  -0.62  -0.1    0.699  0.83  -0.32  -0.209
  0.83  -1.216  1.116  0.81   0.6   -0.87  -0.632  0.97   0.81  -0.86
 -0.882  1.249  0.391 -0.09  -0.25   0.941  0.564 -0.27   0.86   0.35
 -0.33   0.54 ][-0.21   0.7   -0.4    0.7    0.93  -0.98   0.94  -0.663  0.58   0.55
  0.14   0.614 -0.44   0.38   0.212 -0.1    0.699  0.83  -0.32  -0.81
  0.83  -2.052  1.116  0.81   0.6   -0.87   0.256 -0.021  0.81  -0.86
  0.223  1.249  0.606 -0.09  -0.25   0.941  0.564 -0.27   0.86   0.35
 -0.33   0.54 ][-0.21   0.7   -0.4    0.7    0.93  -0.98   0.94  -0.647  0.58   0.55
  0.14   0.274 -0.561  0.38  -0.62  -0.1    0.699  0.83  -0.321 -0.81
  0.83  -0.664  0.82   0.81   0.6   -0.87   0.256  1.227  0.81  -0.86
 -0.11   1.249  0.913 -0.09  -0.25   0.941  0.564 -0.27   0.86   0.35
 -0.33   0.54 ][-0.21   0.7   -0.4    0.7    0.77  -0.98   0.94  -0.42   0.58   0.55
  0.14   0.02  -0.615  0.38  -0.62  -0.372 -0.142 -0.123 -0.321 -1.13
  0.83  -1.636  0.82   0.81   0.6   -0.239 -0.632  0.97   0.81  -0.86
 -0.11   1.249  0.913 -0.4   -0.25   0.941  0.564 -0.27   0.86   0.35
 -0.33  -0.122][-1.242  0.7   -0.4    0.7    0.77  -0.98   0.94  -0.42   0.58   0.55
  0.14   0.614 -0.44   0.38   0.212 -0.1   -0.192 -0.123 -0.321 -0.81
  0.83  -0.712  1.116  0.81   0.6   -0.87  -0.632  0.97   0.81  -0.86
 -0.11   1.249  0.913 -0.09  -0.25   0.34   0.564 -0.27   0.86   0.35
 -0.33  -0.538][-0.138  0.7   -0.4    0.7    1.364 -0.98   0.94  -0.663  0.58   0.55
  0.14   0.614 -0.44   0.38   0.212 -0.153  0.699  0.83  -0.32  -0.81
  0.83  -1.216  1.116  0.81   0.6   -0.87  -0.632  0.97   0.81  -0.86
 -0.11   1.249  0.606 -0.09  -0.25   0.941  0.564 -0.27   0.86   0.35
 -0.33   0.54 ][-0.21   0.7   -0.323  0.7    0.77  -0.98   0.94  -0.42   0.58   0.55
  0.14   0.614 -0.44   0.38  -0.62  -0.1    0.699  0.83  -0.321 -0.311
  0.83  -0.664  0.82   0.75   0.6   -0.87   0.074  0.97   0.81  -0.86
 -0.11   1.11   0.913 -0.09  -0.25   0.941  0.61  -0.27   0.86   0.35
 -0.33   0.54 ][-0.138  0.7   -0.4    0.66   0.77  -0.98   0.94  -0.42   1.474  0.55
  0.14   0.02  -0.44   0.38   0.212 -0.428  0.699  0.83  -0.32  -0.981
  0.83  -1.636  0.82   0.81   0.6   -0.87   0.04   0.97   0.81  -0.86
 -0.11   1.249  0.913 -0.09  -0.25   0.34   0.564 -0.27   0.86   0.35
 -0.33  -0.538][-0.21   0.7   -0.4    0.7    0.77  -0.98   0.94  -0.42   0.58   0.55
  0.14   0.614 -0.44   0.38   0.477 -0.723  0.699  0.83  -0.32  -0.209
  0.83  -1.216  0.82   0.81   0.6   -0.87  -0.632  0.97   0.81  -0.86
  0.223  1.249  0.913 -0.09  -0.25   0.34   0.564 -0.27   0.86   0.35
 -0.33   0.54 ][-0.21   0.7   -0.4    0.7    0.77  -1.518  0.94  -0.42   0.58   0.55
  0.14   0.274 -0.44   0.38  -0.62  -0.372  1.371 -0.123 -0.32  -0.311
  0.83  -0.664  0.82   0.81   1.514 -0.87   0.074  0.97   0.81  -1.589
  0.223  1.249  0.391 -0.09  -0.25   0.941  0.564 -0.27   0.86   0.35
 -0.33   0.54 ][-0.21   0.7   -0.4    0.7    0.77  -0.98   0.94  -0.42   0.58   0.55
  0.14   0.614 -0.561  0.717  0.212 -0.1    0.699 -0.15  -0.321 -0.81
  0.83  -0.664  0.82   0.81   0.6   -0.87  -0.632  0.97   0.81  -0.86
 -0.11   1.249  0.913 -0.09  -0.25   0.941  0.564 -0.27   0.86   0.35
 -0.33   0.54 ][-0.21   0.7   -0.4    0.7    0.93  -0.98   0.94  -0.42   0.58   0.55
  0.14   0.614 -0.561  0.38   0.212 -0.1    0.699 -0.15  -0.321 -0.81
  0.83  -0.664  0.82   0.81   0.6   -0.87   0.256  0.97   0.81  -1.493
 -0.11   1.249  0.913 -0.09  -0.25   0.941  0.564 -0.27   0.86   0.35
 -0.33   0.54 ][-2.100e-01  7.000e-01 -4.000e-01  7.000e-01  7.700e-01 -9.800e-01
  1.780e+00 -4.200e-01  5.800e-01  5.500e-01  1.400e-01  6.140e-01
 -4.400e-01  3.800e-01  2.120e-01 -1.000e-01  6.990e-01  8.300e-01
 -3.200e-01 -8.100e-01  8.300e-01 -2.052e+00  1.116e+00  8.100e-01
  6.000e-01 -1.000e-03 -6.320e-01  1.227e+00  8.100e-01 -8.600e-01
  5.900e-02  1.249e+00  9.130e-01 -4.000e-01 -2.500e-01  9.410e-01
  5.640e-01 -2.700e-01  8.600e-01  3.500e-01 -3.300e-01  5.400e-01][-0.21   0.7   -0.323  0.7    0.77  -0.98   0.94  -0.42   0.58   0.55
  0.14   0.274 -0.561  0.38  -0.62  -0.1    0.699  0.83  -0.321 -1.089
  0.83  -0.664  0.82   0.75   0.6   -0.87   0.074  0.97   0.81  -0.86
 -0.11   1.249  0.913 -0.09  -0.25   0.941  0.564 -0.27   0.86   0.35
 -0.33   0.54 ][-0.21   0.7   -0.4    0.7    0.93  -0.98   1.78  -0.42   0.58   0.55
  0.14   0.614 -0.44   0.38   0.212 -0.1   -0.192  0.83   0.267 -0.81
  0.83  -1.636  0.82   0.584  0.6   -0.87  -0.632  0.97   0.81  -0.86
 -0.11   1.249  0.913 -0.09  -0.25   0.941  0.564 -0.27   0.86   0.35
 -0.33   0.54 ][-0.663  0.7   -0.4    0.7    0.77  -0.98   0.94  -0.42   0.58   0.55
  0.14   0.614 -0.561  0.717  0.212 -0.1    0.699 -0.15  -0.321 -0.81
  0.83  -0.664  0.637  0.81   0.6   -0.87  -0.632  0.97   0.81  -0.86
 -0.11   1.249  0.913 -0.09  -0.25   0.34   0.564 -0.27   0.86   0.35
 -0.33   0.54 ][-0.663  0.7   -0.4    0.7    0.77  -0.98   0.94  -0.42   0.58   0.55
  0.14   0.614 -0.561  0.38  -0.62  -0.1    0.699  0.83  -0.321 -0.81
  0.83  -1.636  0.82   0.81   0.6   -0.87  -0.632  0.97   0.225 -0.86
 -0.11   1.249  0.913 -0.4   -0.25   0.941  0.564 -0.27   0.86   0.35
 -0.33   0.611][-0.21   0.7   -0.4    0.7    0.77  -0.98   0.94  -0.42   0.58   0.55
  0.14   0.274 -0.561  0.38   0.212 -0.1    0.699  0.83  -0.32  -0.209
  0.83  -0.664  0.82   0.81   0.6   -0.87  -0.632  0.97   0.81   0.088
 -0.11   1.249  0.913 -0.09  -0.25   0.941  0.564 -0.27   0.86   0.35
 -0.33   0.54 ][-0.21   0.7   -0.4    0.7    0.77  -0.98   1.78  -0.42   0.58   0.55
  0.14   0.614 -0.44   0.38   0.477 -0.723 -0.192  0.83   0.267 -0.81
  0.83  -1.636  1.116  0.81   0.6   -0.87  -0.632  0.97   0.81  -0.86
  0.059  1.249  0.913 -0.09   0.506  0.34   0.564 -0.27   0.86   0.35
 -0.33   0.54 ][-0.21   0.7   -0.4    0.7    0.77  -0.98   0.94  -0.42   0.58   0.55
  0.14   0.614 -0.44  -0.224 -0.62  -0.1    0.699 -0.15  -0.32  -0.81
  0.83  -0.664  0.82   0.81   1.514 -0.87   0.074  0.97   0.81  -0.86
  0.223  1.249  0.391 -0.09  -0.25   0.941  0.564 -0.27   0.86   0.35
 -0.33   0.54 ][-0.21   0.7   -0.4    0.7    0.77  -0.98   0.94  -0.42   0.58   0.55
  0.14   0.614 -0.44   0.717  0.212 -0.1    0.699 -0.15  -0.321 -0.81
  0.83  -0.664  1.116  0.81   0.6   -0.87  -0.632  0.97   0.81  -0.86
  0.273  1.249  0.913 -0.09  -0.25   0.941  0.564 -0.27   0.86   0.35
 -0.33   0.54 ][-0.21   0.7   -0.4    0.7    0.77  -0.98   0.94  -0.42   0.58   0.55
  0.14   0.614  0.031  0.717  0.212 -0.1    0.699 -0.15  -0.321 -0.81
  0.83  -0.664  0.82   0.75   0.6   -0.87   0.074  0.97   0.81  -0.86
 -0.11   1.11   0.913 -0.09  -0.25   0.941  0.564 -0.27   0.86   0.35
 -0.33   0.54 ][-0.663  0.7   -0.4    0.7    0.77  -0.98   0.94  -0.42   0.58   0.55
  0.14   0.614 -0.44   0.38  -0.62  -0.1   -0.192  0.663 -0.32  -0.81
  0.83  -1.636  1.116  0.81   1.514 -0.87   0.074  0.97   0.81  -0.86
 -0.11   1.249  0.913 -0.09  -0.25   0.941  0.564  0.594  0.86   0.35
 -0.895 -0.538][-0.663  0.7   -0.4    0.7    0.77  -0.98   0.94  -0.42   0.58   0.55
  0.14   0.128 -0.561  0.717 -0.62  -0.1    0.699 -0.15  -0.32  -0.81
  0.83  -1.636  0.82   0.81   0.965 -0.87  -0.632  0.97   0.81  -0.86
  0.223  1.249  0.913 -0.4   -0.25   0.941  0.564 -0.27   0.86   0.35
 -0.33   0.54 ][-0.21   0.7   -0.4    0.7    0.77  -0.98   0.94  -0.42   0.58   0.55
  0.14   0.02  -0.44   0.38  -0.62  -0.372 -0.142 -0.123 -0.32  -1.13
  0.126 -1.636  1.116  0.81   0.6   -0.239  0.256  1.227  0.81  -0.86
  0.223  1.249  0.913 -0.4   -0.25   0.941  0.564 -0.27   0.86   0.35
 -0.33   0.54 ][-0.21   0.7   -0.4    0.7    0.77  -0.98   0.94  -0.42   0.58   0.55
  0.14   0.614 -0.44   0.38   0.212 -0.1   -0.192 -0.15   0.267 -0.81
  0.83  -0.664  1.116  0.81   0.6   -0.87  -0.632  0.97   0.81  -0.86
  0.059  1.249  0.913 -0.09  -1.189  0.941  0.564 -0.27   0.86   0.35
 -0.33   0.54 ][-0.21   0.7   -0.4    0.7    0.77  -0.98   0.94  -0.42   0.58   0.344
  0.14   0.02  -0.44   0.38   0.212 -0.372 -0.142 -0.123  0.267 -1.13
  0.83  -1.636  0.82   0.81   0.6   -0.87  -0.632  0.97   0.81  -0.86
 -0.11   1.249  0.913 -0.09  -0.25   0.941  0.564 -0.27   0.86   0.35
 -0.33  -0.122][-0.21   0.7   -0.4    0.7    0.77  -0.98   0.94  -0.42   0.58   0.55
  0.14   0.02  -0.615  0.38  -0.62  -0.1   -0.142  0.83  -0.321 -0.209
  0.83  -1.216  0.82   0.81   0.6   -0.239 -0.632  0.97   0.81  -0.86
 -0.11   1.249  0.913 -0.4    0.626  0.941  0.564 -0.27   0.86   0.35
 -0.33   0.54 ][-0.37   0.7   -0.4    0.7    0.77  -0.98   1.78  -0.42   0.58   0.55
  0.14   0.614 -0.561  0.717  0.212 -0.1    0.699 -0.15   0.267 -0.81
  0.83  -1.636  1.116  0.81   0.6   -0.87  -0.632  0.97   0.81  -0.86
  0.059  1.249  0.913 -0.09  -0.25   0.941  0.564 -0.27   0.86   0.35
 -0.33   0.54 ][-0.21   0.7   -0.4    0.7    0.77  -0.98   0.94  -0.42   0.58   0.55
  0.14   0.8   -0.44   0.38   0.212 -0.1    0.699 -0.15  -0.32  -0.81
  0.83  -0.664  1.388  0.81   0.6   -0.87  -0.632  0.083  0.81  -0.86
  0.223  1.249  0.391 -0.09  -0.25   0.941  0.564 -0.27   0.86   0.35
 -0.33   0.54 ][-0.21   0.7   -0.4    0.7    1.334 -1.518  0.94  -0.42   0.58   0.55
  0.14   0.8   -0.561  0.38   0.212 -0.1    0.699 -0.123 -0.32  -0.311
  0.83  -0.664  0.427  0.81   1.514 -0.87  -0.632  0.97   0.81  -0.86
 -0.11   1.249  0.391 -0.09  -0.25   0.941  0.564 -0.27   0.86   0.35
 -0.33   0.54 ][-0.663  0.7    0.511  0.7    0.77  -0.98   0.94  -0.42   0.58   0.55
  0.14   0.614 -0.44   0.38  -0.62  -0.1    0.699  0.83  -0.32  -0.81
  0.83  -1.216  1.116  0.839  1.514 -0.87   0.074  0.97   0.81  -0.86
 -0.882  0.172  0.913 -0.09  -0.25   0.34   0.564 -0.27   0.86   0.35
 -0.33  -0.538][ 0.468  0.7   -0.4    0.7    1.364 -0.98   0.94  -0.647  0.58   0.55
  0.14   0.274 -0.561  0.38   0.212 -0.1    0.699  0.83  -0.32  -0.81
  0.83  -1.216  1.116  0.81   0.6   -0.87   0.256  1.227  0.81  -0.86
 -0.11   1.249  0.606 -0.09  -0.25   0.941  0.564 -0.27   0.86   0.35
 -0.33   0.54 ][-0.21   0.7   -0.4    0.7    0.77  -0.98   1.78  -0.42   0.58   0.55
  0.14   0.614 -0.615  0.38  -0.62  -0.372 -0.981  0.83  -0.321 -0.81
  0.83  -1.636  0.82   0.81   0.6   -0.87  -0.632  0.97   0.81  -0.86
  0.059  1.249  0.913 -0.4   -0.25   0.941  0.564 -0.27   0.86   0.35
 -0.33   0.54 ][-0.21   0.7   -0.4    0.7    0.77  -0.98   1.78  -0.42   0.58   0.55
  0.14   0.274 -0.44   0.38   0.212 -0.372 -0.192 -0.123  0.267 -0.311
  0.83  -0.664  1.116  0.81   0.6   -0.87  -0.632  0.97   0.81  -1.701
 -0.11   1.249  0.913 -0.09  -0.25   0.941  0.564 -0.27   0.86   0.35
 -0.33   0.54 ][-0.21   0.7   -0.4    0.7    0.77  -0.98   0.94  -0.42   0.029  0.55
  0.14   0.614 -0.561  0.38   0.212 -0.1    0.699 -0.15  -0.321 -0.311
  0.83  -0.664  0.82   0.81   0.6   -0.87  -0.632  0.97   0.81  -0.86
 -0.11   1.249  0.913 -0.09  -0.25   0.941  0.564 -0.27   0.86   0.35
 -0.33   0.54 ][-0.21   0.7   -0.4    0.7    0.77  -0.98   0.94  -0.42   0.58   0.55
  0.14   0.8   -0.44   0.38  -0.62  -0.1    0.699  0.186 -0.32  -0.81
  0.83  -1.636  0.82   0.81   0.965 -0.87   0.074  0.97   0.81  -0.86
  0.223  1.249  0.391 -0.4   -0.25   0.941  0.564 -0.27   0.86   0.35
 -0.33   0.54 ][-0.21   0.7   -0.4    0.7    0.77  -0.98   0.94  -0.663  0.58   0.55
  0.14   0.614 -0.44   0.38   0.212 -0.1    0.699  0.83  -0.321 -0.81
  0.83  -0.664  0.82   0.81   0.669 -0.87  -0.632 -0.021  0.81  -0.86
  0.223  1.249  0.606 -0.09  -0.25   0.941  0.564 -0.27   0.86   0.35
 -0.33   0.54 ][-0.21   0.7   -0.4    0.7    0.77  -0.98   0.94  -0.42   0.58   0.55
  0.14   0.614 -0.44  -0.214 -0.62  -0.1    0.699  0.83  -0.32  -0.81
  0.83  -0.664  1.388  0.839  0.965 -0.87   0.074  0.97   0.81  -0.86
  0.223  0.172  0.913 -0.4   -0.25   0.34   0.564 -0.27   0.86   0.35
 -0.33   0.54 ][-0.138  0.7   -0.4    0.7    0.77  -0.98   1.311 -0.663  0.58   0.55
  0.14   0.614 -0.44   0.38   0.212 -0.153  0.699  0.83  -0.32  -0.81
  0.83  -1.216  1.116  0.81   0.6   -0.87  -0.632  0.97   0.81  -0.86
  0.223  1.249  0.606 -0.09  -0.25   0.941  0.564 -0.27   1.212  0.35
 -0.33   0.54 ][-0.21   0.7   -0.4    0.7    1.334 -1.518  1.78  -0.42   0.58   0.55
  0.14   0.614 -0.44   0.38  -0.62  -0.1    0.699  0.83  -0.32  -0.81
  0.288 -1.636  1.388  0.81   1.514 -0.87   0.074  0.97   0.81  -0.86
  0.059  1.249  0.913 -0.09  -0.25   0.941  0.564 -0.27   0.86   0.35
 -0.33   0.54 ][-0.21   0.7   -0.4    0.7    0.93  -0.98   0.94  -0.577  0.58   0.55
  0.14   0.614 -0.44   0.717  0.212 -0.1    0.699  0.83  -0.321 -0.81
  0.83  -0.664  1.116  0.81   0.6   -0.87  -0.632 -0.021  0.81  -0.86
 -0.11   1.249  0.606 -0.09  -0.25   0.941  0.564 -0.27   0.86   0.35
 -0.33   0.54 ][-0.21   0.7   -0.4    0.7    1.334 -1.518  0.94  -0.42   0.58   0.55
  0.14   0.8   -0.44   0.38   0.212 -0.1    0.699  0.83   0.267 -0.81
  0.83  -0.664  1.116  0.81   0.6   -0.87   0.074  0.97   0.81  -0.86
  0.714  1.249  0.391 -0.09  -0.25   0.941  0.564 -0.27   0.86   0.35
 -0.33   0.54 ][-0.21   0.7   -0.4    0.7    0.77  -0.98   0.765 -0.42   0.58   0.55
  0.14   0.614 -0.561  0.717  0.212 -0.1    0.699  0.83  -0.32  -0.81
  0.83  -0.664  0.82   0.81   0.6   -0.87  -0.632  0.97   0.81  -0.86
 -0.882  1.249  0.913 -0.09  -0.25   0.941  0.564 -0.27   0.86   0.35
 -0.33   0.54 ][-0.138  0.7   -0.4    0.7    1.364 -0.98   0.94  -0.42   0.58   0.55
  0.268  0.614 -0.561  0.38   0.212 -0.153  0.699 -0.15  -0.321 -0.81
  0.83  -0.664  1.116  0.81   0.6   -0.87  -0.632  0.97   0.81  -0.86
 -0.11   1.249  0.606 -0.09  -0.25   0.941  0.564 -0.27   0.86   0.35
 -0.33   0.54 ][-1.242  0.7   -0.4    0.7    0.77  -0.98   0.94  -0.42   0.58   0.55
  0.14   0.614 -0.44   0.38  -0.62  -0.1   -0.192 -0.123 -0.321 -0.81
  0.83  -0.664  1.189  0.75   0.6   -0.87   0.074  0.97   0.81  -0.86
 -0.11   1.11   0.913 -0.09  -0.25   0.34   0.61  -0.27   0.86   0.35
 -0.33   0.54 ][-0.21   0.7   -0.323  0.7    0.77  -0.98   0.94  -0.42   0.58   0.55
  0.14   0.614 -0.44   0.38  -0.62  -0.1    0.699  0.83  -0.321 -0.81
  0.83  -0.664  1.116  0.81   0.6   -0.87   0.256  1.227  0.81  -0.86
  0.678  1.11   0.913 -0.4   -0.25   0.941  0.564 -0.27   0.86   0.35
 -0.33   0.54 ][-0.663  0.7   -0.4    0.7    0.77  -0.98   0.94  -0.663 -0.059  0.55
  0.14   0.614 -0.44   0.38   0.212 -0.1   -0.192  0.83   0.267 -0.81
  0.83  -1.636  1.116  0.81   0.6   -0.87  -0.632  0.97   0.81  -0.86
  0.059  1.249  0.913 -0.09  -0.25   0.941  0.564 -0.27   0.86   0.35
 -0.33   0.54 ][-0.663  0.7   -0.4    0.7    0.93  -0.98   0.94  -0.647  0.58   0.55
  0.14   0.274 -0.44   0.38   0.212 -0.1    0.699  0.83  -0.321 -0.81
  0.83  -0.884  1.116  0.81   0.6   -0.87   0.256  1.227  0.81  -0.86
 -0.11   1.249  0.606 -0.09  -0.25   0.941  0.564 -0.27   0.86   0.35
 -0.33   0.54 ][-0.663  1.042 -0.4    0.7    0.77  -0.98   0.94  -0.42   0.58   0.55
  0.14   0.614 -0.44   0.38  -0.62  -0.1   -0.192  0.83  -0.32  -1.101
  0.83  -1.636  1.388  0.81   0.6   -0.87  -0.632  0.97   0.81  -0.86
 -0.11   1.249  0.913 -0.09  -0.25   0.941  0.419 -0.27   1.212  0.35
 -0.33   0.54 ][-0.21   0.7   -0.4    1.036  1.334 -1.518  0.94  -0.42   0.58   0.55
  0.14   0.274 -0.44   0.38   0.212 -0.372  0.699 -0.123 -0.321 -0.311
  0.83  -0.664  0.82   0.81   1.514 -0.87   0.074  0.97   0.81  -0.86
 -0.11   1.249  0.913 -0.09  -0.25   0.941  0.564 -0.27   0.86   0.35
 -0.33   0.54 ][-0.21   0.7   -0.4    0.7    0.93  -0.98   0.94  -0.42   0.58   0.55
 -0.83   0.614 -0.44   0.38  -0.62  -0.1    0.699  0.83  -0.32  -0.81
  0.83  -1.636  1.116  0.81   0.6   -0.87   0.256  1.227  0.81  -0.86
  0.223  1.249  0.913 -0.4   -0.25   0.941  0.564 -0.27   0.86   0.35
 -0.33   0.611][-0.21   0.7   -0.4    0.7    0.77  -0.98   1.78   0.541  0.58   0.55
  0.14   0.614 -0.44   0.38   0.212 -0.372 -0.192 -0.123 -0.321 -0.81
  0.83  -1.636  0.82   0.81   0.6   -0.87  -0.632  0.97   0.81  -0.86
 -0.11   1.249  0.913 -0.09  -0.25   0.941  0.564 -0.27   0.86   0.35
 -0.33   0.54 ][-0.21   1.311 -0.4    0.7    0.77  -0.98   0.94  -0.42   0.58   0.55
  0.14   0.614 -0.44   0.38  -0.62  -0.1   -0.192  0.83  -0.32  -0.209
  0.83  -1.216  1.388  0.839  0.6   -0.87  -0.632  0.97   0.81  -0.86
  0.223  0.172  0.913 -0.09  -0.25   0.34   0.564 -0.27   0.86   0.35
 -0.895 -0.538][-0.138  0.7   -0.4    0.66   0.77  -0.98   1.78  -0.42   1.142  0.55
  0.14   0.02  -0.44   0.38   0.212 -0.1    0.699  0.83  -0.32  -0.81
  0.83  -1.636  0.82   0.81   0.6   -0.87  -0.632  0.97   0.81  -0.86
 -0.11   1.249  0.913 -0.09  -0.25   0.34   0.564 -0.27   0.86   0.35
 -0.33  -0.538][-0.21   0.7   -0.4    0.7    0.77  -0.98   0.94  -0.42   0.58   0.55
  0.14   0.614 -0.44   0.38   0.212 -0.1    0.699  0.83   0.267 -0.81
  0.83  -1.636  1.098  0.81   0.6   -0.87  -0.632  0.97   0.81  -0.86
  0.059  1.249  0.391 -0.09  -0.25   0.941  0.564 -0.27   0.86   0.35
 -0.33   0.54 ][-0.138  0.7   -0.4    0.66   0.77  -0.98   0.94  -0.42   0.58   0.55
  0.14   0.274 -0.44   0.38  -0.62  -0.1    0.699  0.83  -0.32  -0.209
  0.83  -1.636  0.82   0.81   0.6   -0.87   0.074  0.97   0.81  -0.86
 -0.11   1.249  0.913 -0.09  -0.25   0.803  0.564 -0.27   0.86   0.35
 -0.33  -0.538][-0.21   0.7   -0.4    0.7    0.93  -0.98   0.94  -0.42   0.58   0.55
  0.14   0.8   -0.44   0.38  -0.62  -0.1    0.699  0.83  -0.32  -0.81
  0.83  -0.664  1.116  0.81   1.514 -0.87   0.256  1.227  0.81  -0.109
  0.223  1.249  0.391 -0.09  -0.25   0.941  0.564 -0.27   0.86   0.35
 -0.33   0.54 ][-0.21   0.7   -0.323  0.7    0.93  -0.98   0.94  -0.647  0.58   0.55
  0.14   0.274 -0.44   0.38  -0.62  -0.1    0.699  0.83  -0.583 -0.81
  0.83  -0.664  0.82   0.75   0.6   -0.87   0.074  0.97   0.81  -0.86
 -0.11   1.11   0.913 -0.09  -0.25   0.941  0.61  -0.27   0.86   0.35
 -0.33   0.54 ][-0.138  0.7   -0.4    0.009  0.77  -0.98   1.78  -0.663  0.58   0.55
  0.14   0.614 -0.44   0.38   0.212 -0.153  0.699  0.83   0.267 -0.81
  0.83  -1.216  1.116  0.81   0.6   -0.87  -0.632  0.97   0.81  -0.86
  0.059  1.249  0.606 -0.09  -0.25   0.941  0.564 -0.27   0.86   0.35
 -0.33   0.54 ][-0.663  0.7   -0.4    0.7    0.77  -0.98   0.94  -0.42   0.58   0.55
  0.14   0.614 -0.44   0.38   0.212 -0.372  0.699  0.83  -0.32  -0.311
  0.317 -0.664  0.82   0.81   0.965 -0.87  -0.632  0.97   0.81  -0.86
  0.223  1.249  0.913 -0.09  -0.25   0.941  0.564 -0.27   0.86   0.35
 -0.33   0.54 ][-1.242  0.7   -0.4    0.66   0.77  -0.98   0.94  -0.42   1.474  0.55
  0.14   0.614 -0.44   0.38   0.212 -0.1    0.699 -0.123 -0.321 -0.981
  0.83  -0.712  0.82   0.81   0.6   -0.87  -0.632  0.97   0.81  -0.86
 -0.11   1.249  0.913 -0.09  -0.25   0.34   0.564  0.5    0.86   0.35
 -0.33  -0.538][-0.21   0.7   -0.4    0.66   0.77  -0.98   0.94  -0.42   1.474  0.55
  0.14   0.614 -0.44   0.38   0.212 -0.1    0.699  0.83  -0.32  -0.81
  0.83  -2.052  0.82   0.81   0.6   -0.87   0.04   0.97   0.81  -0.86
  0.223  1.249  0.913 -0.09  -0.25   0.34   0.564 -0.27   1.074  0.35
 -0.33  -0.538][-0.21   0.7   -0.4    0.7    0.93  -0.98   0.94  -0.42   0.58   0.55
  0.14   0.614 -0.44   0.38   0.212 -0.1    0.699  0.83  -0.32  -0.81
  0.83  -2.052  1.116  0.81   0.6   -0.87   0.256 -0.021  0.81  -0.86
  0.223  1.249  0.913 -0.09  -0.25   0.941  0.564 -0.27   0.86   0.35
 -0.826  0.54 ][-0.138  0.7   -0.4    0.7    0.495 -0.98   0.94  -0.663  0.58   0.55
  0.14   0.614 -0.44   0.38   0.212 -0.1    0.699  0.83  -0.32  -0.81
  0.83  -1.216  1.116  0.81   0.6   -0.87   0.256  0.97   0.81  -0.86
 -0.11   1.249  0.606 -0.09  -0.25   0.941  0.564 -0.27   0.86   0.35
 -0.33   0.54 ][-0.047  0.7   -0.4    0.7    0.77  -0.98   0.94  -0.42   0.58   0.55
  0.14   0.614 -0.44   0.38  -0.62  -0.1    0.699  0.83  -0.32  -0.81
  0.83  -1.216  1.116  0.81   0.6   -0.87  -0.632  0.97   0.81  -0.86
  0.223  1.249  0.606 -0.09  -0.25   0.941  0.419  0.594  0.86   0.35
 -0.33   0.54 ]