[-0.84   0.93   0.336 -0.61  -0.6    0.1    0.436  0.29  -0.68  -0.38
  0.81   0.31   0.5    0.43   0.35   0.16  -0.27  -0.81   0.48  -0.35
  0.4   -0.2   -0.77  -0.77  -0.3   -0.19   0.83   0.02  -0.4    0.5
  0.1    0.86   0.99  -0.002  0.45  -0.98   1.754 -1.     0.01  -0.49
  0.92  -0.34   0.77  -1.29  -0.86   0.83  -1.    -1.548  0.64   0.59
  0.78   0.26  -0.78  -0.51  -0.456 -0.98   0.91   0.46   0.43  -0.55
 -1.466  0.62  -0.37   0.57   0.41   0.15  -0.98   0.23  -0.4   -0.48
  0.908 -0.97  -0.15  -0.03  -0.21   0.879  0.07  -0.43  -0.32   0.59
 -0.42  -1.457 -0.76  -0.19   0.701 -0.415 -1.402  0.92  -0.71  -0.17 ][-0.84   0.93   0.46  -0.61  -0.6    0.1    0.436  0.29  -0.771  0.616
  0.879  0.31   0.5    0.43   0.35   0.16  -0.27  -0.81   0.48  -0.35
  0.4   -0.2   -0.77  -0.77  -0.3   -0.19   0.83   0.02  -0.4    0.5
  0.1    0.86   0.99  -0.002  0.45  -0.24   0.95  -1.     0.01  -0.49
  0.545 -0.34   0.77   0.85  -0.86   0.83  -1.    -1.548  0.64   0.59
  0.78   0.26  -0.78  -0.51   0.42  -0.98   0.91   0.46   0.43  -0.55
 -1.38   0.62  -0.81   0.528  0.41   0.15  -0.98   0.23  -0.4   -1.265
  0.2   -0.97  -0.15  -0.03  -0.21   0.879  0.07  -0.43  -0.32   0.59
 -0.42  -0.89  -0.76  -0.19   0.08  -0.32  -1.402  0.92  -0.24  -0.17 ][-8.400e-01  9.300e-01  3.360e-01 -6.100e-01  1.440e-01  1.000e-01
  4.360e-01  2.900e-01 -6.800e-01  6.160e-01  8.100e-01  3.100e-01
  5.000e-01  4.300e-01  3.500e-01  1.600e-01  3.640e-01 -8.100e-01
  4.800e-01 -3.500e-01  4.000e-01 -2.000e-01 -7.700e-01 -7.700e-01
 -1.810e-01 -1.900e-01  8.300e-01  2.000e-02 -4.000e-01  5.000e-01
  1.000e-01  8.600e-01  9.900e-01 -2.000e-03  4.500e-01 -9.800e-01
  2.630e+00 -1.000e+00  1.000e-02 -4.900e-01  5.450e-01 -3.400e-01
  7.700e-01 -1.290e+00 -1.325e+00  8.300e-01 -1.000e+00 -1.548e+00
  6.400e-01  5.900e-01  1.112e+00  2.600e-01 -7.800e-01 -5.100e-01
 -5.380e-01 -9.800e-01  9.100e-01  4.600e-01  4.300e-01 -5.500e-01
 -1.380e+00  6.200e-01 -3.700e-01  5.700e-01  4.100e-01  1.500e-01
 -9.800e-01  2.300e-01 -3.400e-01 -1.265e+00  9.080e-01 -9.700e-01
 -1.020e+00 -3.000e-02 -2.100e-01  8.790e-01  7.000e-02 -4.300e-01
 -3.200e-01  5.900e-01 -4.200e-01 -1.457e+00 -7.600e-01 -1.900e-01
  8.000e-02 -4.150e-01 -1.402e+00  9.200e-01 -2.400e-01 -5.440e-01][-0.84   0.93   0.46  -0.61  -0.44   0.1    0.436 -0.59  -0.68  -0.38
  0.64   0.31   0.5    0.43   0.35   0.16   0.364 -0.81  -0.494 -0.35
  0.626 -0.2   -0.77  -0.77  -0.181 -0.19   0.83   0.02  -0.4    0.5
  0.1    0.86   0.99  -0.002  0.45  -0.98   0.95  -1.     0.01  -0.49
  0.545 -0.34   0.77   0.85  -1.325  0.83  -1.    -1.548  0.64   0.59
  1.112  0.26  -1.274 -0.51   0.42  -0.98   0.91   0.46   1.355 -0.55
 -1.38   0.62  -0.81   0.57   0.41   0.15  -0.98   0.23  -0.4   -1.265
  0.908 -0.97  -0.15  -0.03  -0.21   0.879  0.07  -0.43  -0.32   0.59
 -0.42  -0.89  -0.76  -0.19   0.701 -0.32  -1.652  0.92  -0.24  -0.544][-0.84   0.93   0.46  -0.61  -0.6    0.1    0.436  0.29  -0.68   0.616
  0.81   0.31   1.159  0.43   0.35   0.16  -0.27  -0.81  -0.494 -0.35
  0.4   -0.2   -0.77  -0.77  -0.3   -0.19   0.83   0.02  -0.4    0.5
  0.1    0.86   0.99  -0.002  0.45  -0.98   0.95  -1.     0.459 -0.49
  0.545 -0.34   0.77  -0.079 -1.325  0.83  -1.    -1.548  0.64   0.59
  0.78   0.121 -0.78  -0.51   0.42  -0.98   0.91   0.46   0.43  -0.55
 -1.38   0.62  -0.37   0.528  0.41   0.15  -0.98   0.23  -0.4   -1.265
  0.908 -0.97  -0.15  -0.03  -0.21   0.879  0.07  -0.43  -0.32   0.59
 -0.42  -0.89  -0.76  -0.19   0.08  -0.32  -1.402  0.92  -0.24  -0.17 ][-0.84   0.93   0.336 -0.61   0.144  0.1    0.436  0.29  -0.68  -0.38
  0.64   0.31   0.5    0.43   0.35   0.16  -0.27  -0.81   0.48  -0.35
  0.4   -0.2   -0.77  -0.77  -0.3   -0.19   0.83   0.308 -1.07   0.5
  0.1    0.86   0.99  -0.002  0.45  -0.98   0.95  -1.     0.01  -0.49
  0.92  -0.34   0.77  -1.29  -0.86   0.83  -1.    -1.548  0.64   0.59
  0.78   0.26  -0.78  -0.51   0.42  -0.366  0.91   0.46   0.43  -0.55
 -0.76   0.574 -0.81   0.57   0.41   0.15  -0.98   0.23  -0.4   -1.265
  0.908 -0.97  -0.614 -0.03  -0.21   0.879  0.07  -0.43  -0.32   0.59
 -0.42  -0.89  -0.76  -0.19   0.701 -0.32  -0.97   0.92  -0.24  -0.17 ][-0.84   0.93   0.46  -0.61  -0.6    0.1    0.436  0.29  -0.68   0.616
  0.64   0.31   0.5    0.43   0.35   0.16  -0.27  -0.81   0.48  -0.35
  0.4   -0.2   -0.77  -0.77  -0.3   -0.19   0.83   0.02  -0.4    0.5
  0.1    0.86   0.99  -0.002  0.45  -0.98   0.95  -1.     0.459 -0.49
  0.545 -0.34   0.77   0.85  -0.86   0.83  -1.    -1.548  0.64   0.59
  0.78   0.121 -1.274 -0.51   0.42  -0.98   0.91   0.46   0.43  -0.55
 -1.38   0.62  -0.37   0.528  0.41   0.15  -0.98   0.23  -0.4   -1.265
  0.908 -0.97  -0.15  -0.03  -0.21   0.879  0.07  -0.43  -0.32   0.59
 -1.116 -0.89  -0.76  -0.19   0.08  -0.32  -0.97   0.92  -0.24  -0.17 ][-0.84   0.93   0.336 -0.61  -0.6    0.1    0.436  0.29  -0.68  -0.38
  0.64   0.31   0.015  0.43   0.35   0.16   0.364 -0.81   0.48  -0.35
  0.4   -0.2   -0.77  -0.77  -0.3   -0.19   0.83   0.02  -0.4    0.5
 -0.912  0.86   0.99  -0.002  0.45  -0.98   0.95  -1.     0.459 -0.49
  0.92  -0.34   0.923 -1.29  -1.325  0.83  -1.    -1.548  0.64   0.59
  0.78   0.26  -0.78  -0.51   0.42  -0.98   0.91   0.46   0.43  -0.55
 -1.38   0.62  -0.37   0.57   0.41   0.15  -0.98   0.23  -0.4   -1.265
  0.2   -0.97  -0.15  -0.03  -0.21   0.879  0.07  -0.43  -0.32   0.59
 -0.42  -0.89  -0.76  -0.19   0.701 -0.32  -0.97   0.92  -0.24  -0.17 ][-0.84   0.93   0.46  -0.61  -0.6    0.326 -0.29   0.29  -0.68   0.616
  0.64   0.31   1.159  0.43   0.35   0.16   0.364 -0.81   0.48  -0.35
  0.4   -0.2   -0.77  -0.77  -0.3   -0.19   0.83   0.02  -1.07   0.5
  0.1    0.86   0.99  -0.002  0.45  -0.98   0.95  -1.     0.01  -0.49
  0.545 -0.34   0.77   0.85  -1.325  0.83  -1.    -0.85   0.64   0.59
  0.78   0.26  -1.274 -0.51   0.42  -0.98   0.91   0.46   1.355 -0.55
 -1.38   0.62  -0.37   0.57   0.41   0.15  -0.98   0.23  -0.4   -0.48
  0.908 -0.97  -0.15  -0.03  -0.21   0.879  0.07  -0.43  -0.32   0.59
 -0.42  -0.89  -0.76  -0.19   0.701 -0.32  -0.97   0.92  -0.24  -0.17 ][-0.84   0.93   0.46  -0.61  -0.6    0.1    0.436  0.29  -0.68  -0.38
  0.81   0.31   1.159  0.43   0.35   0.662 -0.27  -0.81  -0.494 -0.35
  0.626  0.232 -0.77  -0.77  -0.3   -0.19   0.83   0.02  -1.07   0.5
  0.1    0.86   0.99  -0.002  0.45  -0.24   1.754 -1.     0.01  -0.49
  0.545 -0.34   0.77  -1.29  -0.86   0.83  -1.    -0.85   0.64   0.59
  0.78   0.26  -0.78  -0.51   0.42  -1.704  0.91   0.46   0.43  -0.55
 -1.38   0.62  -0.81   0.57   0.41   0.15  -0.98   0.23  -0.4   -0.48
  0.908 -0.97  -0.15  -0.03  -0.21   0.879  0.07  -0.43  -0.32   0.59
 -0.42  -1.457 -0.76  -0.19   0.08  -0.415 -1.402  0.92  -0.24  -0.544][-0.84   0.93   0.46  -0.61  -0.6   -0.863  0.436  0.29  -0.68  -0.38
  0.64   0.31   0.5    0.43   0.35   0.16   0.364 -0.81  -0.494 -0.35
  0.4   -0.2   -0.77  -0.77  -0.3   -0.19   0.83   0.02  -0.4    0.5
  0.1    0.86   0.99  -0.002  0.45  -0.98   1.754 -1.     0.01  -0.49
  0.545 -0.34   0.77   0.85  -1.325  0.83  -1.    -1.548  0.64   0.59
  0.78   0.503 -1.274 -0.51   0.42  -0.98   0.91   0.46   0.43  -0.55
 -1.38   0.62  -0.66   0.57   0.41   0.15  -0.98   0.23  -0.4   -0.48
  0.908 -0.97  -0.15  -0.03  -0.21   0.879  0.07  -0.43  -0.32   0.59
 -0.42  -0.89  -0.76  -0.19   0.08  -0.32  -0.97   0.92  -0.24  -0.17 ][-0.84   0.93   0.46  -0.61  -0.44   0.1    0.436  0.29  -0.68  -0.38
  0.81   0.31   1.159  0.43   0.35   0.16  -0.27  -0.81  -0.494 -0.35
  0.626 -0.2   -0.77  -0.77  -0.3   -0.19   0.83   0.02  -0.4    0.5
 -0.912  0.86   1.18  -0.002  0.45  -0.24   1.754 -1.     0.01  -0.49
  0.545 -0.34   0.77  -1.29  -1.325  0.83  -1.    -0.85   0.64   0.59
  0.78   0.26  -0.78  -0.51   0.42  -0.366  0.91   0.46   0.43  -0.55
 -1.38   0.62  -0.81   0.57   0.41   0.15  -0.98   0.23  -0.4   -0.48
  0.2   -0.97  -0.15  -0.03  -0.21   0.879  0.07  -0.43  -0.32   0.59
 -0.42  -1.457 -0.76  -0.19   0.08  -0.415 -1.402  0.92  -0.71  -0.544][-0.84   0.93   0.336 -0.872  0.144  0.1   -0.29   0.29  -0.771 -0.38
  0.64   0.31   0.5    0.43   0.35   0.16   0.364 -0.81   0.48  -0.35
  0.4   -0.2   -0.77  -0.423 -0.3   -0.19   0.83   0.02  -0.4    0.5
  0.1    0.86   0.99  -0.002  0.45  -0.24   0.95  -1.     0.01  -0.49
  0.545 -0.34   0.77  -1.29  -1.325  0.83  -1.    -1.548  0.64   0.59
  0.78   0.26  -0.78  -0.51  -0.355 -0.98   0.91   0.46   0.43  -0.55
 -1.38   0.62  -0.37   0.57   0.41   0.15  -0.58   0.23  -0.4   -1.265
  0.2   -0.97  -0.15  -0.03  -0.21   0.879  0.07  -0.43  -0.32   0.59
 -0.42  -1.457 -0.76  -0.19   0.08  -0.32  -0.97   0.92  -0.24  -0.544][-0.84   0.93   0.46  -0.61  -0.6   -0.863  0.436  0.29  -0.771 -0.38
  0.64   0.31   0.5    0.43   0.35   0.16   0.364 -0.81  -0.494 -0.35
  0.4   -0.2   -0.77  -0.77  -0.3   -0.19   0.83   0.02  -0.4    0.5
  0.1    0.86   0.99  -0.002  0.45  -0.98   1.754 -1.     0.01  -0.49
  0.545 -0.34   0.77   0.85  -1.325  0.83  -1.    -1.548  0.64   0.59
  0.78   0.26  -0.78  -0.51   0.42  -0.98   0.91   0.46   0.43  -0.55
 -1.38   0.62  -0.66   0.57   0.41   0.15  -0.98   0.23  -0.392 -0.48
  0.908 -0.97  -0.15  -0.03  -0.21   0.879  0.07  -0.43  -0.32   0.59
 -0.42  -0.89  -0.76  -0.19   0.08  -0.32  -0.97   0.92  -0.24  -0.17 ][-0.84   0.93   0.46  -0.61  -0.6    0.1    0.436  0.29  -0.68  -0.38
  0.64   0.31   0.5    0.43   0.35   0.16  -0.27  -0.81   0.48  -0.35
  0.4   -0.2   -0.77  -0.77  -0.181 -0.19   0.83   0.02   0.147  0.5
 -0.912  0.86   0.99  -0.034  0.45  -0.98   0.95  -1.     0.01  -0.49
  0.92  -0.34   0.77  -1.29  -1.325  0.83  -1.    -1.548  0.64   0.59
  0.78   0.121 -0.78  -0.51   0.42  -0.98   0.91   0.46   0.43  -0.55
 -1.38   0.62  -0.37   0.57   0.41   0.15  -0.98   0.23  -0.4   -1.265
  0.2   -0.97  -0.15  -0.03  -0.21   0.879  0.07  -0.43  -0.32   0.59
 -0.42  -1.457 -0.76  -0.19   0.507 -0.32  -1.402  0.92  -0.24  -0.17 ][-0.84   0.93   0.336 -0.61  -0.6    0.1    0.436  0.29  -0.68  -0.38
  0.64   0.31   0.5    0.43   0.35   0.16  -0.27  -0.81   0.48  -0.35
  0.4   -0.2   -0.77  -0.77  -0.3   -0.19   0.83   0.308 -1.07   0.5
  0.1    0.86   0.99  -0.002  0.45  -0.98   0.95  -1.     0.459 -0.49
  0.92  -0.34   0.77  -1.29  -1.325  0.83  -1.    -1.548  0.64   0.59
  0.78   0.26  -0.78  -0.51   0.42  -0.366  0.91   0.46   1.355 -0.55
 -1.38   0.62  -0.37   0.57   0.41   0.15  -0.98   0.23  -0.4   -1.265
  0.908 -0.97  -0.15  -0.03  -0.21   0.879  0.07  -0.43  -0.32   0.59
 -0.42  -0.89  -0.76  -0.19   0.08  -0.32  -0.97   0.92  -0.24  -0.82 ][-0.84   0.93   0.336 -0.61   0.144 -0.863  0.436  0.29  -0.68  -0.38
  0.64   0.31   0.5    0.43   0.35   0.16  -0.27  -0.81   0.48  -0.35
  0.626 -0.2   -0.77  -0.77  -0.3   -0.19   0.83   0.308 -1.07   0.5
  0.1    0.86   0.99  -0.002  0.45  -0.98   0.95  -1.     0.01  -0.49
  0.92  -0.34   0.77  -1.29  -0.86   0.83  -1.    -1.548  0.64   0.59
  0.78   0.26  -0.78  -0.51   0.42  -0.366  0.91   0.46   0.43  -1.401
 -0.76   0.574 -0.81   0.57   0.41   0.15  -0.98   0.23  -0.4   -1.265
  0.908 -0.97  -0.614 -0.03  -0.21   0.879  0.07  -0.43  -0.32   0.59
 -0.42  -0.89  -0.76  -0.19   0.701 -0.32  -0.97   0.92  -0.24  -0.17 ][-0.84   0.93   0.46  -0.61   0.144 -0.863  0.436  0.29  -0.68  -0.38
  0.64   0.31   0.5    0.43   0.35   0.16  -0.27  -0.81   0.48  -0.35
  0.626 -0.2   -0.77  -0.77  -0.3   -0.19   0.83   0.308 -0.4    0.5
  0.1    0.86   0.99  -0.002  0.45  -0.24   1.754 -1.     0.01  -0.49
  0.92  -0.34   0.77  -1.29  -1.325  0.83  -1.    -1.548  0.64   0.59
  0.78   0.26  -0.78  -0.51   0.42  -0.366  0.91   0.46   0.43  -0.55
 -0.76   0.574 -0.81   0.57   0.41   0.15  -0.98   0.23  -0.4   -0.48
  0.908 -0.97  -0.614 -0.03  -0.21   0.879  0.07  -0.43  -0.32   0.59
 -0.42  -0.89  -0.76  -0.19   0.701 -0.32  -0.97   0.92  -0.24  -1.366][-8.400e-01  9.300e-01  3.360e-01 -8.720e-01  1.440e-01  1.000e-01
 -2.900e-01  2.900e-01 -6.800e-01 -3.800e-01  6.400e-01  3.100e-01
  5.000e-01  4.300e-01  3.500e-01  1.600e-01 -2.700e-01 -8.100e-01
  4.800e-01 -3.500e-01  4.000e-01 -2.000e-01 -7.700e-01 -7.700e-01
 -1.810e-01 -1.900e-01  8.300e-01  2.000e-02 -4.000e-01  5.000e-01
  1.000e-01  8.600e-01  9.900e-01 -2.000e-03  4.500e-01 -2.400e-01
  2.630e+00 -1.000e+00  1.000e-02 -4.900e-01  5.450e-01 -3.400e-01
  7.700e-01 -1.290e+00 -1.325e+00  8.300e-01 -1.000e+00 -1.548e+00
  6.400e-01  5.900e-01  7.800e-01  2.600e-01 -7.800e-01 -5.100e-01
  4.200e-01 -9.800e-01  9.100e-01  4.600e-01  4.300e-01 -5.500e-01
 -1.380e+00  6.200e-01 -3.700e-01  5.700e-01  4.100e-01  1.500e-01
 -9.800e-01  2.300e-01 -4.000e-01 -1.265e+00  2.000e-01 -9.700e-01
 -1.500e-01 -3.000e-02 -2.100e-01  8.790e-01  7.000e-02 -4.300e-01
 -3.200e-01  5.900e-01 -4.200e-01 -1.457e+00 -7.600e-01 -1.900e-01
  8.000e-02 -4.150e-01 -1.652e+00  9.200e-01 -2.400e-01 -5.440e-01][-0.84   0.93   0.336 -0.61  -0.44  -0.863  0.436  0.29  -0.68  -0.38
  0.81   0.31   0.5    0.43   0.35   0.16  -0.27  -0.81   0.48  -0.35
  0.4   -0.2   -0.77  -0.77   0.243 -0.19   0.83   0.02  -0.4    0.5
  0.1    0.86   0.99  -0.002  0.45  -0.98   0.95  -1.     0.01  -0.49
  0.545 -0.34   0.77  -1.29  -0.86   0.83  -1.    -1.548  0.64   0.59
  1.112  0.26  -0.78  -0.51  -0.456 -0.98   0.91   0.46   0.43  -0.55
 -1.38   0.574 -0.37   0.57   0.41   0.15  -0.98   0.23  -0.4   -0.48
  0.908 -0.97  -0.15  -0.03  -0.21   0.879  0.07  -0.43  -0.32   0.59
 -0.42  -0.89  -0.76  -0.19   0.701 -0.32  -1.402  0.92  -0.24  -0.17 ][-0.84   0.93   0.46  -0.61  -0.44  -0.863  0.436  0.29  -0.771 -0.38
  0.879  0.31   0.5    0.43   0.876  0.16  -0.27  -0.81   0.48  -0.35
  0.4   -0.2   -0.77  -0.77   0.243 -0.19   0.83   0.02  -0.4    0.5
  0.1    0.86   0.99  -0.002  0.45  -0.98   0.95  -1.     0.01  -0.49
  0.545 -0.34   0.77  -1.29  -0.86   0.83  -1.    -1.548  0.64   0.59
  0.78   0.26  -0.78  -0.51   0.42  -0.98   0.91   0.46   0.43  -0.55
 -1.38   0.574 -0.81   0.528  0.41   0.15  -0.98   0.23  -0.4   -0.48
  0.908 -0.97  -0.15  -0.03  -0.21   0.879  0.07  -0.43  -0.32   0.59
 -0.42  -0.89  -0.76  -0.19   0.701 -0.32  -1.402  0.92  -0.24  -0.17 ][-0.84   0.93   0.336 -0.61  -0.44  -0.863  0.436  0.29  -0.68  -0.38
  0.81   0.31   1.159  0.43   0.35   0.16  -0.27  -0.81   0.48  -0.284
  0.626 -0.2   -0.77  -0.77   0.243 -0.19   0.83   0.02  -0.4    0.5
 -0.912  0.86   0.99  -0.002  0.45  -0.98   0.95  -1.     0.01  -0.49
  0.545 -0.34   0.77  -1.29  -0.86   0.83  -1.    -1.548  0.64   0.59
  0.78   0.26  -0.78  -0.51  -0.456 -0.366  0.91   0.46   0.43  -0.55
 -1.38   0.62  -0.81   0.57   0.41   0.15  -0.98   0.23  -0.4   -0.48
  0.2   -0.97  -0.15  -0.03  -0.21   0.879  0.07  -0.43  -0.32   0.59
 -0.42  -0.89  -0.76  -0.19   0.08  -0.32  -1.402  0.92  -0.71  -0.544][-0.84   0.93   0.46  -0.61  -0.6    0.1    0.436  0.29  -0.68  -0.38
  0.81   0.31   1.159  0.43   0.35   0.16  -0.27  -0.81  -0.494 -0.35
  0.4    0.232 -0.77  -0.77  -0.3   -0.19   0.83   0.02  -1.07   0.5
  0.1    0.86   0.99  -0.002  0.45  -0.24   1.754 -1.     0.01  -0.49
  0.92  -0.34   0.77  -1.29  -0.86   0.83  -1.    -1.548  0.64   0.59
  0.78   0.26  -0.78  -0.51  -0.456 -1.704  0.91   0.46   0.43  -0.55
 -1.38   0.62  -0.37   0.57   0.41   0.15  -1.667  0.23  -0.4   -0.48
  0.908 -0.97  -0.15  -0.03  -0.21   0.879  0.07  -0.43  -0.32   0.59
 -0.42  -1.457 -0.76  -0.19   0.701 -0.415 -1.402  0.92  -0.24  -0.544][-0.84   0.93   0.336 -0.61  -0.6   -0.863  0.436  0.29  -0.68   0.616
  0.81   0.31   1.159  0.43   0.35   0.16  -0.27  -0.81  -0.494 -0.35
  0.626 -0.2   -0.77  -0.77  -0.3   -0.19   0.83   0.308 -0.4    0.5
  0.1    0.86   0.99  -0.002  0.45  -0.98   0.95  -1.     0.01  -0.49
  0.92  -0.34   0.77  -0.079 -0.86   0.83  -1.    -1.548  0.64   1.514
  0.78   0.121 -0.78  -0.51   0.42  -0.98   0.91   0.46   0.43  -1.401
 -1.38   0.62  -0.81   0.528  0.41   0.15  -0.98   0.23  -0.4   -1.265
  0.908 -0.97  -0.614 -0.03  -0.21   0.879  0.07  -0.43  -0.32   0.59
 -0.42  -0.89  -0.76  -0.19   0.701 -0.32  -0.97   0.92  -0.24  -0.17 ][-0.84   0.93   0.336 -0.61  -0.44   0.1    0.436  0.29  -0.68  -0.38
  0.81   0.31   1.159  0.43   0.35   0.16  -0.27  -0.81  -0.494 -0.35
  0.4   -0.2   -0.77  -0.77  -0.3   -0.19   0.83   0.308 -1.07   0.5
  0.1    0.86   0.99  -0.002  0.45  -0.24   0.95  -1.     0.459 -0.49
  0.545 -0.34   0.77  -1.29  -1.325  0.83  -1.    -0.85   0.64   0.59
  0.78   0.26  -0.78  -0.51   0.42  -0.366  0.91   0.46   0.43  -0.55
 -1.38   0.62  -0.37   0.57   0.41   0.15  -0.98   0.23  -0.4   -1.265
  0.908 -0.97  -0.15  -0.872 -0.21   0.879  0.07  -0.43  -0.32   0.59
 -0.42  -1.457 -0.76  -0.19   0.08  -0.32  -0.97   0.92  -0.71  -0.544][-0.84   0.93   0.46  -0.61   0.144  0.1    0.436  0.29  -0.68  -0.38
  0.64   0.31   0.5    0.43   0.35   0.16  -0.27  -0.81   0.48  -0.35
  0.4   -0.2   -0.77  -0.77  -0.181 -0.19   0.83   0.308  0.147  0.5
  0.1    0.86   0.99  -0.034  0.45  -0.98   0.95  -1.     0.01  -0.49
  0.92  -0.34   0.77  -1.29  -0.86   0.83  -1.    -1.548  0.64   0.59
  0.78   0.26  -0.78  -0.51   0.42  -0.366  0.91   0.46   0.43  -0.55
 -0.76   0.62  -0.81   0.57   0.41   0.15  -0.98   0.23  -0.4   -1.265
  0.908 -0.577 -0.614 -0.03  -0.21   0.879  0.07  -0.43  -0.32   0.59
 -0.42  -0.89  -0.76  -0.19   0.701 -0.32  -0.97   0.92  -0.24  -0.17 ][-0.84   0.93   0.46  -0.61   0.144  0.1    0.436  0.29  -0.68  -0.38
  0.64   0.31   0.5    0.43   0.35   0.16   0.364 -0.81   0.48  -0.35
  0.4   -0.2   -0.77  -0.77  -0.181 -0.19   0.83   0.02  -0.4    0.5
  0.1    0.86   0.99  -0.002  0.45  -0.98   0.95  -1.     0.01  -0.49
  0.545 -0.34   0.77  -1.29  -1.325  0.83  -1.    -1.548  0.64   0.59
  1.112  0.26  -0.78  -0.51  -0.538 -0.98   0.91   0.46   1.355 -0.55
 -1.38   0.62  -0.37   0.57   0.41   0.15  -0.98   0.23  -0.4   -1.265
  0.908 -0.97  -1.02  -0.03  -0.21   0.879  0.07  -0.43  -0.32   0.59
 -0.42  -0.89  -0.76  -0.19   0.809 -0.415 -1.652  0.92  -0.24  -0.544][-0.84   0.93   0.46  -0.61  -0.6    0.1    0.436  0.29  -0.771  0.616
  0.879  0.31   0.2    0.43   0.35   0.16   0.364 -0.81  -0.494 -0.35
  0.4   -0.2   -0.77  -0.77  -0.181 -0.19   0.83   0.02  -0.4    0.5
  0.1    0.86   0.99  -0.002  0.45  -0.98   0.95  -1.     0.01  -0.49
  0.545 -0.34   0.77   0.85  -0.86   0.83  -1.    -1.548  0.64   0.59
  1.112  0.26  -0.78  -0.51   0.42  -0.98   0.91   0.46   0.43  -0.55
 -1.38   0.62  -0.81   0.528  0.41   0.15  -0.98   0.23  -0.4   -1.265
  0.2   -0.97  -0.15  -0.03  -0.21   0.879  0.07  -0.43  -0.32   0.59
 -0.42  -0.89  -0.76  -0.19   0.08  -0.32  -1.652  0.92  -0.24  -0.544][-0.84   0.93   0.46  -0.61  -0.44   0.1    0.436 -0.59  -0.68  -0.38
  0.64   0.31   0.5    0.43   0.35   0.16   0.364 -0.81  -0.494 -0.35
  0.4   -0.2   -0.77  -0.77  -0.3   -0.19   0.83   0.02  -0.4    0.5
  0.1    0.86   0.99  -0.002  0.45  -0.98   0.95  -1.     0.459 -0.49
  0.92  -0.34   0.923 -1.29  -1.325  0.83  -1.    -1.548  0.64   0.59
  1.112  0.26  -0.78  -0.51   0.42  -0.98   0.91   0.46   1.355 -0.55
 -1.38   0.62  -0.81   0.57   0.41   0.15  -0.98   0.23  -0.4   -1.265
  0.908 -1.695 -0.15  -0.03  -0.21   0.879  0.07  -0.43  -0.32   0.59
 -0.42  -0.89  -0.76  -0.19   0.701 -0.32  -1.652  0.92  -0.24  -0.544][-0.84   0.93   0.336 -0.61   0.144  0.1    0.436  0.29  -0.68  -0.38
  0.64   0.31   0.5    0.43   0.35  -0.802  0.364 -0.81   0.48  -0.35
  0.4   -0.2   -0.77  -0.77  -0.3   -0.19   0.83   0.308 -1.07   0.5
  0.1    0.86   0.99  -0.002  0.45  -0.98   0.95  -1.     0.459 -0.49
  0.92  -0.34   0.923 -1.29  -1.325  0.83  -1.    -1.548  0.64   0.59
  0.78   0.26  -0.78  -0.51   0.42  -0.366  0.91   0.46   0.43  -0.55
 -1.38   0.574 -0.37   0.57   0.41   0.15  -0.98   0.23  -0.4   -1.265
  0.908 -0.97  -0.15  -0.03  -0.21   0.879  0.07  -0.43  -0.32   0.59
 -0.42  -0.89  -0.76  -0.19   0.701 -0.32  -0.97   0.92  -0.24  -0.17 ][-0.84   0.93   0.336 -0.61  -0.6   -0.863  0.436  0.29  -0.68  -0.38
  0.64   0.31   0.5    0.43   0.35   0.16  -0.27  -0.81   0.48  -0.35
  0.4   -0.2   -0.77  -0.77   0.243 -0.19   0.83   0.02  -0.4    0.5
 -0.912  0.86   0.99  -0.034  0.45  -0.98   0.95  -1.     0.01  -0.49
  0.92  -0.34   0.77  -1.29  -0.86   0.83  -1.    -1.548  0.64   0.59
  1.112  0.121 -0.78  -1.4    0.42  -0.98   0.91   0.46   0.43  -0.55
 -1.38   0.574 -0.37   0.57   0.41   0.15  -0.98   0.23  -0.4   -1.265
  0.2   -0.97  -0.15  -0.03  -0.21   0.879  0.07  -0.43  -0.32   0.59
 -0.42  -0.89  -0.76  -0.19   0.507 -0.32  -1.402  0.92  -0.24  -0.17 ][-0.84   0.93   0.336 -0.61  -0.6   -0.863  0.436  0.29  -0.68  -0.38
  0.64   0.31   0.5    0.43   0.35   0.16   0.364 -0.81  -0.494 -0.35
  0.4   -0.2   -0.77  -0.77  -0.3   -0.19   0.83   0.02  -0.4    0.5
  0.1    0.86   0.99  -0.002  0.45  -0.98   1.754 -1.     0.01  -0.49
  0.92  -0.34   0.77   0.85  -0.86   0.83  -1.    -1.548  0.64   0.59
  0.78   0.26  -0.78  -0.51   0.42  -0.98   0.91   0.46   0.43  -0.55
 -1.38   0.62  -0.66   0.57   0.41   0.15  -0.98   0.23  -0.4   -0.48
  0.908 -0.97  -0.15  -0.03  -0.21   0.879  0.07  -0.43  -0.32   0.59
 -0.42  -0.89  -0.839 -0.19   0.701 -0.32  -1.402  0.92  -0.24  -0.17 ][-8.400e-01  9.300e-01  4.600e-01 -6.100e-01  1.440e-01  1.000e-01
  4.360e-01  2.900e-01 -6.800e-01  6.160e-01  6.400e-01  3.100e-01
  5.000e-01  4.300e-01  3.500e-01  1.600e-01  3.640e-01 -8.100e-01
  4.800e-01 -3.500e-01  4.000e-01 -7.340e-01 -7.700e-01 -7.700e-01
 -1.810e-01 -1.900e-01  8.300e-01  2.000e-02 -4.000e-01  5.000e-01
  1.000e-01  8.600e-01  9.900e-01 -2.000e-03  4.500e-01 -9.800e-01
  2.630e+00 -1.000e+00  4.590e-01 -4.900e-01  5.450e-01 -3.400e-01
  7.700e-01  8.500e-01 -8.600e-01  8.300e-01 -1.000e+00 -1.548e+00
  6.400e-01  5.900e-01  7.800e-01  2.600e-01 -1.274e+00 -5.100e-01
 -5.380e-01 -9.800e-01  9.100e-01  4.600e-01  4.300e-01 -5.500e-01
 -1.380e+00  6.200e-01 -3.700e-01  5.280e-01  4.100e-01  1.500e-01
 -9.800e-01  2.300e-01 -3.400e-01 -1.265e+00  9.080e-01 -9.700e-01
 -1.020e+00 -3.000e-02 -2.100e-01  8.790e-01  7.000e-02 -4.300e-01
 -3.200e-01  5.900e-01 -1.116e+00 -1.457e+00 -7.600e-01 -1.900e-01
  8.000e-02 -4.150e-01 -9.700e-01  9.200e-01 -2.400e-01 -5.440e-01][-0.84   0.93   0.46  -0.61  -0.6    0.1    0.436 -0.59  -0.68   0.616
  0.64   0.31   0.5    0.43   0.35   0.16  -0.27  -0.81   0.48  -0.35
  0.4   -0.2   -0.77  -0.77  -0.3   -0.19   0.83   0.02  -0.4    0.5
  0.1    0.86   0.99  -0.002  0.45  -0.24   0.95  -1.     0.01  -0.49
  0.545 -0.34   0.77   0.85  -0.86   0.83  -1.    -1.548  0.64   0.59
  1.112  0.26  -1.425 -0.51   0.42  -0.98   0.91   0.46   1.355 -0.55
 -1.38   0.62  -0.81   0.57   0.41   0.15  -0.98   0.23  -0.4   -1.265
  0.908 -0.97  -0.15  -0.03  -0.21   0.879  0.07  -0.43  -0.32   0.59
 -0.42  -0.89  -0.76  -0.19   0.701 -0.32  -1.402  0.92  -0.24  -0.544][-0.84   0.93   0.46  -0.61  -0.6    0.1    0.436  0.29  -0.68  -0.38
  0.81   0.31   1.159  0.43   0.35   0.16  -0.27  -0.81   0.48  -0.35
  0.4   -0.2   -0.77  -0.77  -0.3   -0.19   0.83   0.02  -0.4    0.5
 -0.912  0.86   0.99  -0.002  0.45  -0.24   1.754 -1.     0.01  -0.49
  0.545 -0.34   0.77   0.85  -1.325  0.83  -1.    -0.85   0.64   0.59
  0.78   0.26  -0.78  -0.51   0.42  -0.98   0.91   0.46   1.2   -0.55
 -1.38   0.62  -0.81   0.528  0.41   0.15  -0.98   0.23  -0.4   -1.265
  0.2   -0.97  -0.15  -0.03  -0.21   0.879  0.07  -0.43  -0.32   0.59
 -0.42  -1.457 -0.76  -0.19   0.08  -0.32  -1.402  0.92  -0.71  -0.544][-0.84   0.93   0.46  -0.61  -0.6    0.1    0.436  0.29  -0.68  -0.38
  0.64   0.31   0.5    0.43   0.35   0.16   0.364 -0.81  -0.494 -0.35
  0.4   -0.2   -0.77  -0.77  -0.3   -0.19   0.83   0.02  -0.4    0.5
  0.1    0.86   0.99  -0.002  0.45  -0.98   1.754 -1.     0.01  -0.49
  0.545 -0.34   0.77  -1.29  -1.325  0.83  -1.    -1.548  0.64   0.59
  0.78   0.26  -0.78  -0.51   0.42  -0.253  0.91   0.46   0.43  -0.55
 -1.38   0.62  -0.66   0.57   0.41   0.15  -0.98   0.23  -0.392 -0.48
  0.908 -0.97  -0.15  -0.03  -0.21   0.879  0.07  -0.43  -0.32   0.59
 -0.42  -0.89  -0.76  -0.19   0.08  -0.415 -1.402  0.92  -0.71  -0.17 ][-0.84   0.93   0.46  -0.61  -0.6    0.326 -0.29   0.29  -0.68   0.616
  0.64   0.31   1.159  0.43   0.35   0.16   0.364 -0.81   0.48  -0.35
  0.4   -0.2   -0.77  -0.77  -0.3   -0.19   0.83   0.02  -0.4    0.987
  0.1    0.86   0.99  -0.002  0.45  -0.98   0.95  -1.     0.01  -0.49
  0.545 -0.34   0.77   0.85  -1.325  0.83  -1.    -0.85   0.64   0.59
  0.78   0.26  -1.274 -0.51   0.42  -0.98   0.91   0.46   0.43  -0.55
 -1.38   0.62  -0.81   0.528  0.41   0.15  -0.98   0.23  -0.4   -0.48
  0.908 -0.97  -0.15  -0.03  -0.21   0.879  0.07  -0.43  -0.32   0.59
 -0.42  -0.89  -0.76  -0.19   0.701 -0.32  -0.97   0.92  -0.24  -0.17 ][-0.84   0.93   0.46  -0.61  -0.6    0.326 -0.29   0.29  -0.771  0.616
  0.64   0.31   0.5    0.43   0.35   0.16   0.364 -0.81   0.48  -0.35
  0.4   -0.2   -0.77  -0.77  -0.3   -0.19   0.83   0.02  -1.07   0.5
  0.1    0.86   0.99  -0.002  0.45  -0.24   0.95  -1.     0.01  -0.49
  0.545 -0.34   0.77   0.85  -1.325  0.83  -1.    -0.85   0.64   0.59
  0.78   0.26  -0.78  -0.51   0.42  -0.98   0.91   0.46   0.43  -0.55
 -1.38   0.62  -0.37   0.528  0.41   0.15  -0.98   0.23   0.352 -0.48
  0.908 -0.97  -0.15  -0.03  -0.21   0.879  0.07  -0.43  -0.32   0.59
 -0.42  -0.89  -0.76  -0.19   0.08  -0.32  -0.97   0.92  -0.24  -0.17 ][-0.84   0.93   0.336 -0.61  -0.6    0.1    0.436  0.29  -0.68  -0.38
  0.81   0.31   0.5    0.43   0.35   0.662 -0.27  -0.81  -0.494 -0.35
  0.4   -0.2   -0.77  -0.77  -0.668 -0.19   0.83   0.02  -1.07   0.5
  0.1    0.86   0.99  -0.002  0.45  -0.24   1.754 -1.     0.01  -0.49
  0.545 -0.34   0.77  -1.29  -0.86   0.83  -1.    -0.85   0.64   0.59
  0.78   0.26  -0.78  -0.51  -0.456 -1.704  0.91   0.46   0.43  -0.55
 -1.38   0.574 -0.37   0.57   0.41   0.15  -0.98   0.23  -0.4   -0.48
  0.908 -0.97  -0.15  -0.03  -0.21   0.879  0.07  -0.43  -0.32   0.59
 -0.42  -0.89  -0.76  -0.19   0.701 -0.32  -1.402  0.92  -0.24  -0.544][-0.84   0.93   0.46  -0.61  -0.6    0.1    0.436  0.29  -0.68  -0.38
  0.64   0.31   0.5    0.43   0.35   0.16  -0.27  -0.81   0.48  -0.35
  0.4   -0.2   -0.77  -0.77  -0.3   -0.19   0.83   0.02  -0.4    0.5
  0.1    0.86   0.99  -0.002  0.45  -0.98   0.95  -1.     0.459 -0.49
  0.545 -0.34   0.77   0.85  -0.86   0.83  -1.    -1.548  0.64   0.59
  1.112  0.26  -1.274 -0.51   0.42  -0.98   0.91   0.46   0.43  -0.55
 -1.38   0.62  -0.37   0.57   0.41   0.15  -0.98   0.23  -0.4   -1.265
  0.908 -0.97  -0.15  -0.03  -0.21   0.879  0.07  -0.43  -0.32   0.59
 -1.116 -0.89  -0.76  -0.19   0.701 -0.32  -1.402  0.92  -1.115 -0.17 ][-0.84   0.93   0.336 -0.61  -0.44   0.1    0.436  0.29  -0.052 -0.38
  0.81   0.31   0.5    0.43   0.35   0.16  -0.27  -0.81  -0.494 -0.35
  0.4   -0.2   -0.77  -0.77  -0.3   -0.19   0.83   0.02  -0.4    0.5
  0.1    0.86   0.99  -0.002  0.45  -0.98   0.95  -1.     0.01  -0.49
  0.92  -0.34   0.77   0.85  -0.86   0.83  -1.    -1.548  0.64   0.59
  0.78   0.26  -0.78  -0.51   0.42  -0.98   0.91   0.46   0.43  -0.55
 -1.466  0.62  -0.81   0.57   0.41   0.15  -0.98   0.23  -0.4   -0.48
  0.908 -0.97  -0.15  -0.03  -0.21   0.879  0.07  -0.43  -0.32   0.59
 -0.42  -1.457 -0.76  -0.19   0.701 -0.415 -1.652  0.92  -0.71  -0.17 ][-0.84   0.93   0.46  -0.61  -0.44   0.1    0.436 -0.59  -0.68  -0.38
  0.64   0.31   0.5    0.43   0.35   0.16  -0.27  -0.81   0.48  -0.35
  0.626 -0.2   -0.77  -0.77  -0.181 -0.19   0.83   0.02  -0.4    0.5
 -0.912  0.86   0.99  -0.034  0.45  -0.98   0.95  -1.     0.01  -0.49
  0.545 -0.34   0.77   0.85  -1.325  0.83  -1.    -1.548  0.64   0.59
  0.78   0.26  -1.659 -0.51   0.42  -0.98   0.91   0.46   1.355 -0.55
 -1.38   0.62  -0.37   0.57   0.41   0.15  -0.98   0.23  -0.4   -1.265
  0.2   -0.97  -0.15  -0.03  -0.21   0.879  0.07  -0.43  -0.32   0.59
 -0.42  -0.89  -0.76  -0.19   0.701 -0.32  -1.402  0.92  -0.24  -0.544][-0.84   0.93   0.336 -0.61  -0.6   -0.543  0.436  0.29  -0.68  -0.38
  0.81   0.31   1.159  0.43   0.35   0.16  -0.27  -0.81  -0.494 -0.35
  0.4   -0.2   -0.77  -0.77  -0.3   -0.19   0.83   0.02  -0.4    0.5
  0.1    0.86   0.99  -0.002  0.45  -0.98   0.95  -1.     0.459 -0.49
  0.92  -0.34   0.77  -0.079 -1.325  0.83  -1.    -1.548  0.64   0.59
  0.78   0.121 -0.78  -0.51   0.42  -0.98   0.91   0.46   0.43  -0.55
 -1.466  0.62  -0.37   0.57   0.41   0.15  -0.98   0.23  -0.4   -0.48
  0.908 -0.97  -0.15  -0.03  -0.21   0.879  0.07  -0.43  -0.32   0.59
 -0.42  -0.89  -0.76  -0.19   0.08  -0.32  -1.402  0.92  -0.24  -0.17 ][-0.84   0.93   0.336 -0.61   0.144  0.1    0.436  0.29  -0.68  -0.38
  0.64   0.31   0.5    0.43   0.35   0.16  -0.27  -0.81   0.48  -0.35
  0.4   -0.2   -0.77  -0.988 -0.3   -0.19   0.83   0.02  -1.07   0.5
  0.1    0.86   0.99  -0.002  0.45  -0.98   0.95  -1.     0.01  -0.49
  0.92  -0.34   0.77  -1.29  -0.86   0.83  -1.    -1.548  0.64   0.59
  0.78   0.26  -0.78  -0.51   0.42  -0.98   0.91   0.46   0.43  -0.55
 -1.466  0.574 -0.81   0.57   0.41   0.15  -0.98   0.23  -0.4   -1.265
  0.908 -0.97  -0.15  -0.03  -0.21   0.879  0.07  -0.43  -0.32   0.59
 -0.42  -1.457 -0.76  -0.19   0.701 -0.32  -1.402  0.92  -0.71  -0.17 ][-0.84   0.93   0.46  -0.61  -0.44   0.326  0.436  0.29  -0.68  -0.38
  0.81   0.31   0.5    0.43   0.35   0.16   0.364 -0.81   0.48  -0.35
  0.4   -0.2   -0.77  -0.77   0.243 -0.19   0.83   0.02  -0.4    0.5
  0.1    0.86   0.99  -0.002  0.45  -0.98   0.95  -1.     0.01  -0.49
  0.76  -0.34   0.77   0.85  -1.325  0.83  -1.    -1.548  0.64   0.59
  0.78   0.26  -0.78  -0.51  -0.456 -0.98   0.91   0.46   1.355 -0.55
 -1.38   0.574 -0.37   0.57   0.41   0.15  -0.98   0.23  -0.4   -0.48
  0.908 -0.97  -0.15  -0.03  -0.21   0.879  0.07  -0.43  -0.32   0.59
 -0.42  -0.89  -0.76  -0.19   0.701 -0.32  -0.97   0.92  -0.24  -0.17 ][-0.84   0.93   0.46  -0.61  -0.6    0.1    0.436  0.29  -0.68   0.616
  0.879  0.31   1.159  0.43   0.35   0.16   0.364 -0.81   0.48  -0.35
  0.4   -0.2   -0.77  -0.77  -0.3   -0.19   0.83   0.02  -1.07   0.5
  0.1    0.86   0.99  -0.002  0.45  -0.24   0.95  -1.     0.01  -0.49
  0.545 -0.34   0.77   0.85  -1.325  0.83  -1.    -0.85   0.64   0.59
  0.78   0.26  -1.274 -0.51   0.42  -0.98   0.91   0.46   1.355 -0.55
 -1.38   0.62  -0.81   0.528  0.877  0.15  -0.98   0.23  -0.4   -1.265
  0.2   -0.97  -0.15  -0.03  -0.21   0.879  0.07  -0.43  -0.32   0.59
 -0.42  -0.89  -0.76  -0.19   0.08  -0.32  -1.402  0.92  -0.24  -0.17 ][-0.84   0.93   0.46  -0.872  0.144  0.1    0.436  0.29  -0.68  -0.38
  0.64   0.31   0.5    0.43   0.35   0.16   0.364 -0.81  -0.494 -0.35
  0.4   -0.2   -0.77  -0.423 -0.3   -0.19   0.83   0.02  -0.4    0.5
  0.1    0.86   0.99  -0.002  0.45  -0.98   1.754 -1.     0.01  -0.49
  0.545 -0.34   0.77   0.85  -1.325  0.83  -1.    -1.548  0.64   0.59
  0.78   0.26  -0.78  -0.51  -0.355 -0.98   0.91   0.46   0.43  -0.55
 -1.38   0.62  -0.37   0.57   0.41   0.15  -0.98   0.23  -0.4   -1.265
  0.2   -0.97  -0.15  -0.03  -0.21   0.879  0.07  -0.43  -0.32   0.59
 -0.42  -0.89  -0.76   0.313  0.08  -0.32  -0.97   0.92  -0.24  -0.544][-0.84   0.93   0.336 -0.61  -0.6    0.1    0.436  0.29  -0.771  0.616
  0.879  0.31   0.5    0.43   0.35   0.16  -0.27  -0.81   0.48  -0.35
  0.4   -0.2   -0.77  -0.77  -0.3   -0.19   0.83   0.02  -0.4    0.5
  0.1    0.86   0.99  -0.002  0.45  -0.24   1.754 -1.     0.01  -0.49
  0.545 -0.34   0.77   0.85  -0.86   0.83  -1.    -1.548  0.64   0.59
  0.78   0.26  -0.78  -0.51   0.42  -0.98   0.91   0.46   0.43  -0.55
 -1.466  0.62  -0.37   0.528  0.41   0.15  -0.98   0.23  -0.477 -1.265
  0.908 -0.97  -0.15  -0.03  -0.21   0.879  0.07  -0.43  -0.32   0.59
 -0.42  -1.457 -0.76  -0.19   0.701 -0.415 -1.402  0.92  -0.71  -0.17 ][-0.84   0.93   0.46  -0.61   0.144 -0.863  0.436  0.29  -0.68  -0.38
  0.64   0.31   0.5    0.43   0.35   0.16  -0.27  -0.81  -0.494 -0.35
  0.4   -0.2   -0.77  -0.77  -0.3   -0.19   0.83   0.02  -0.4    0.5
  0.1    0.86   0.99  -0.002  0.45  -0.98   1.754 -1.     0.01  -0.49
  0.92  -0.34   0.77   0.85  -1.325  0.83  -1.    -1.548  0.64   0.59
  0.78   0.26  -1.274 -0.51   0.42  -0.98   0.91  -0.107  0.43  -1.401
 -0.76   0.574 -0.81   0.57   0.41   0.15  -0.98   0.23  -0.4   -1.265
  0.908 -0.97  -0.614 -0.03  -0.21   0.879  0.07  -0.43  -0.32   0.59
 -0.42  -0.89  -0.76  -0.19   0.701 -0.32  -0.97   0.92  -0.24  -0.17 ][-0.84   0.93   0.46  -0.61  -0.44  -0.863  0.436  0.29  -0.68  -0.38
  0.64   0.31   0.5    0.43   0.35   0.16  -0.27  -0.81  -0.494 -0.35
  0.4   -0.2   -0.77  -0.77   0.243 -0.19   0.83   0.02  -0.4    0.5
  0.1    0.86   0.99  -0.002  0.45  -0.98   0.95  -1.     0.01  -0.49
  0.545 -0.34   0.77  -1.29  -1.325  0.83  -1.    -1.548  0.64   0.59
  1.112  0.26  -0.78  -0.51  -0.456 -0.98   0.91   0.46   0.43  -0.55
 -1.38   0.574 -0.37   0.57   0.41   0.15  -0.717  0.23  -0.4   -0.48
  0.908 -0.97  -0.15  -0.03  -0.21   0.879  0.07  -0.43  -0.32   0.59
 -0.42  -0.89  -0.76  -0.19   0.08  -0.32  -0.97   0.92  -0.24  -0.17 ][-8.400e-01  9.300e-01  3.360e-01 -6.100e-01  1.440e-01  1.000e-01
  4.360e-01  2.900e-01 -6.800e-01 -3.800e-01  8.100e-01  3.100e-01
  5.000e-01  4.300e-01  3.500e-01  1.600e-01  3.640e-01 -8.100e-01
  4.800e-01 -3.500e-01  4.000e-01 -2.000e-01 -7.700e-01 -7.700e-01
 -1.810e-01 -1.900e-01  8.300e-01  2.000e-02 -4.000e-01  5.000e-01
  1.000e-01  8.600e-01  9.900e-01 -2.000e-03  4.500e-01 -9.800e-01
  2.630e+00 -1.000e+00  1.000e-02 -4.900e-01  5.450e-01 -3.400e-01
  7.700e-01 -1.290e+00 -1.325e+00  8.300e-01 -1.000e+00 -1.548e+00
  6.400e-01  5.900e-01  1.112e+00  2.600e-01 -7.800e-01 -5.100e-01
 -5.380e-01 -9.800e-01  9.100e-01  4.600e-01  4.300e-01 -5.500e-01
 -1.380e+00  5.740e-01 -3.700e-01  5.700e-01  4.100e-01  1.500e-01
 -9.800e-01  2.300e-01 -3.400e-01  1.680e-01  9.080e-01 -9.700e-01
 -1.500e-01 -3.000e-02 -2.100e-01  8.790e-01  7.000e-02 -4.300e-01
 -3.200e-01  5.900e-01 -4.200e-01 -1.457e+00 -7.600e-01 -1.900e-01
  7.010e-01 -3.200e-01 -1.402e+00  9.200e-01 -2.400e-01 -1.700e-01][-0.433  0.93   0.46  -0.61  -0.44   0.1    0.436 -0.59  -0.68  -0.38
  0.64   0.31   0.5    0.43   0.35   0.16  -0.27  -0.81   0.48  -0.35
  0.626 -0.2   -0.77  -0.77   0.243 -0.19   0.83   0.02  -0.4    0.5
  0.1    0.86   0.99  -0.002  0.45  -0.98   0.95  -1.     0.01  -0.49
  0.545 -0.34   0.77  -1.29  -1.325  0.83  -1.    -1.548  0.64   0.59
  1.112  0.26  -1.274 -0.51  -0.456 -0.98   0.91   0.46   0.43  -0.55
 -1.38   0.62  -0.37   0.57   0.41   0.15  -0.98   0.23  -0.4   -1.265
  0.908 -0.97  -0.15  -0.03  -0.21   0.879  0.07  -0.43  -0.32   0.59
 -0.42  -0.89  -0.76  -0.19   0.701 -0.32  -1.402  0.92  -0.24  -0.17 ][-0.84   0.93   0.46  -0.61  -0.6    0.1    0.436  0.29  -0.68   0.616
  0.81   0.31   0.5    0.43   0.35   0.16   0.364 -0.81   0.48  -0.35
  0.4   -0.2   -0.77  -0.77  -0.181 -0.19   0.83   0.02  -0.4    0.5
 -0.912  0.86   0.99  -0.034  0.591 -0.98   0.95  -1.     0.01  -0.49
  0.545 -0.34   0.77  -1.29  -1.325  0.83  -1.    -1.548  0.64   0.59
  0.78   0.121 -0.78  -0.51   0.42  -0.98   0.91   0.46   0.43  -0.55
 -1.38   0.62  -0.37   0.57   0.41   0.15  -0.98   0.23  -0.34  -1.265
  0.908 -0.97  -0.15  -0.03  -0.21   0.879  0.07  -0.43  -0.32   0.59
 -0.42  -1.457 -0.76  -0.19   0.507 -0.415 -1.402  0.92  -0.24  -0.544][-0.84   0.93   0.336 -0.872 -0.6    0.1   -0.29   0.29  -0.771 -0.38
  0.64   0.31   0.015  0.43   0.35   0.16   0.364 -0.81   0.48  -0.35
  0.4   -0.2   -0.77  -0.423 -0.3   -0.19   0.83   0.02  -0.4    0.5
 -0.912  0.86   0.99  -0.753  0.45  -0.98   0.95  -1.     0.01  -0.49
  0.545 -0.34   0.923 -1.29  -1.325  0.83  -1.    -1.548  0.64   0.59
  0.78   0.26  -0.78  -0.51   0.42  -0.98   0.91   0.46   0.43  -0.55
 -1.38   0.62  -0.37   0.57   0.41   0.15  -0.58   0.23  -0.4   -1.265
  0.2   -0.97  -0.15  -0.03  -0.21   0.879  0.07  -0.43  -0.32   0.59
 -0.42  -1.457 -0.76  -0.19   0.08  -0.32  -0.97   0.92  -0.24  -0.544][-0.84   0.93   0.336 -0.61  -0.44   0.1    0.436  0.29  -0.68  -0.38
  0.81   0.31   0.5    0.43   0.35   0.16   0.364 -0.81   0.48  -0.35
  0.4   -0.2   -0.77  -0.77  -0.181 -0.19   0.83   0.02  -0.4    0.5
  0.1    0.86   0.99  -0.002  0.45  -0.98   0.95  -1.     0.01  -0.49
  0.92  -0.34   0.77  -1.29  -1.325  0.83  -1.    -1.548  0.64   0.3
  1.112  0.26  -0.78  -0.51   0.42  -0.98   0.91   0.46   1.355 -0.55
 -1.38   0.62  -0.81   0.57   0.41   0.15  -0.98   0.23  -0.4   -1.265
  0.908 -0.97  -0.15  -0.03  -0.21   0.879  0.07  -0.43  -0.32   0.59
 -0.42  -1.457 -0.76  -0.19   0.701 -0.415 -1.402  0.92  -0.24  -0.544][-0.84   0.93   0.336 -0.61  -0.6    0.1    0.436  0.29  -0.68  -0.38
  0.64   0.31   0.5    0.43   0.35   0.16  -0.27  -0.81   0.48  -0.35
  0.4   -0.2   -0.77  -0.77  -0.3   -0.19   0.83   0.02  -0.4    0.5
  0.1    0.86   0.99  -0.002  0.45  -0.98   0.95  -1.     0.01  -0.49
  0.92  -0.34   0.77  -1.29  -0.86   0.83  -1.    -1.548  0.64   0.59
  0.78   0.26  -1.274 -0.51   0.42  -0.98   0.91   0.46   0.43  -0.55
 -0.76   0.62  -0.81   0.528  0.41   0.15  -0.98   0.23  -0.4   -1.265
  0.908 -0.97  -0.614 -0.03  -0.21   0.879  0.07  -0.43  -0.32   0.59
 -0.42  -0.89  -0.76  -0.19   0.08  -0.32  -0.97   0.92  -0.24  -0.152][-0.84   0.93   0.46  -0.61  -0.6    0.326  0.436  0.29  -0.68   0.616
  0.81   0.31   1.159  0.43   0.35   0.16  -0.27  -0.81  -0.494 -0.35
  0.4   -0.2   -0.77  -0.77  -0.3   -0.19   0.83   0.02  -1.07   0.5
  0.1    0.86   0.99  -0.002  0.45  -0.98   0.95  -1.     0.01  -0.49
  0.545 -0.34   0.77   0.85  -1.325  0.83  -1.    -0.85   0.64   0.59
  0.78   0.26  -1.274 -0.51   0.42  -0.98   0.91   0.46   0.43  -0.55
 -1.816  0.62  -0.37   0.57   0.41   0.15  -0.98   0.23  -0.4   -1.265
  0.908 -0.97  -0.15  -0.03  -0.21   0.879  0.07  -0.43  -0.32   0.59
 -0.42  -0.89  -0.76  -0.19   0.701 -0.32  -0.97   0.92  -0.24  -0.17 ][-0.84   0.93   0.336 -0.61  -0.6    0.1    0.436  0.29  -0.771 -0.38
  0.81   0.31   0.5    0.43   0.35   0.16  -0.27  -0.81   0.48  -0.35
  0.4   -0.2   -0.782 -0.77  -0.3   -0.19   0.83   0.02  -0.4    0.5
  0.1    0.86   0.99  -0.002  0.45  -0.24   1.754 -1.     0.01  -0.49
  0.545 -0.34   0.77  -1.29  -0.86   0.83  -1.    -1.548  0.64   0.59
  0.78   0.26  -0.78  -0.51   0.42  -0.98   0.91   0.46   0.43  -0.55
 -1.38   0.62  -0.37   0.57   0.41   0.15  -0.98   0.23  -0.4   -0.48
  0.2   -0.97  -0.15  -0.03  -0.21   0.879  0.07  -0.43  -0.32   0.59
 -0.42  -1.457 -0.76  -0.19   0.701 -0.415 -1.402  0.92  -0.71  -0.17 ][-8.400e-01  9.300e-01  3.360e-01 -6.100e-01  1.440e-01  1.000e-01
  4.360e-01  2.900e-01 -7.710e-01  6.160e-01  8.790e-01  3.100e-01
  5.000e-01  4.300e-01  3.500e-01  1.600e-01  3.640e-01 -8.100e-01
  4.800e-01 -3.500e-01  4.000e-01 -2.000e-01 -7.700e-01 -7.700e-01
 -3.000e-01 -1.900e-01  8.300e-01  2.000e-02 -4.000e-01  5.000e-01
  1.000e-01  8.600e-01  9.900e-01 -2.000e-03  4.500e-01 -2.400e-01
  2.630e+00 -1.000e+00  1.000e-02 -4.900e-01  5.450e-01 -3.400e-01
  7.700e-01 -1.290e+00 -8.600e-01 -1.430e-01 -1.000e+00 -1.548e+00
  6.400e-01  5.900e-01  1.112e+00  2.600e-01 -7.800e-01 -5.100e-01
  4.200e-01 -9.800e-01  9.100e-01  4.600e-01  4.300e-01 -5.500e-01
 -1.380e+00  6.200e-01 -8.100e-01  5.280e-01  4.100e-01  1.500e-01
 -9.800e-01  2.300e-01 -3.400e-01 -1.265e+00  2.000e-01 -9.700e-01
 -1.020e+00 -3.000e-02 -2.100e-01  8.790e-01  7.000e-02 -4.300e-01
 -3.200e-01  5.900e-01 -4.200e-01 -8.900e-01 -7.600e-01 -1.900e-01
  8.000e-02 -4.150e-01 -1.402e+00  9.200e-01 -2.400e-01 -5.440e-01][-0.84   0.93   0.336 -0.61   0.144 -0.863  0.436  0.29  -0.68  -0.38
  0.64   0.31   0.5    0.43   0.35   0.16  -0.27  -0.81   0.48  -0.35
  0.4   -0.2   -0.77  -0.77  -0.3   -0.19   0.83   0.308 -1.07   0.5
  0.1    0.86   0.99  -0.002  0.45  -0.98   0.95  -1.     0.01  -0.49
  0.92  -0.34   0.77  -1.29  -0.86   0.83  -1.    -1.548  0.64   0.59
  0.78   0.26  -0.78  -0.51   0.42  -0.366  0.91   0.46   0.43  -1.401
 -0.76   0.574 -0.81   0.57   0.41   0.15  -0.98   0.23  -0.4   -1.265
  0.908 -0.97  -0.614 -0.03  -0.21   0.879  0.07  -0.43  -0.32   0.566
 -0.42  -0.89  -0.76  -0.19   0.701 -0.32  -0.97   0.92  -0.24  -0.17 ][-0.84   0.93   0.336 -0.61  -0.44   0.1    0.436  0.29  -0.68  -0.38
  0.81   0.31   0.5    0.43   0.35   0.16  -0.27  -0.81   0.48  -0.35
  0.4   -0.2   -0.77  -0.77  -0.3   -0.19   0.83   0.02  -0.4    0.5
  0.1    0.86   0.99  -0.002  0.45  -0.98   1.754 -1.     0.01  -0.49
  0.92  -0.34   0.77  -1.29  -0.86   0.83  -1.    -1.548  0.64   0.59
  1.112  0.26  -0.78  -0.51  -0.456 -0.98   0.91   0.46   0.43  -0.55
 -1.466  0.62  -0.37   0.57   0.41   0.15  -0.98   0.23  -0.4   -0.48
  0.908 -0.97  -0.15  -0.03  -0.21   0.879  0.07  -0.43  -0.32   0.59
 -0.42  -1.457 -0.76  -0.19   0.701 -0.32  -1.402  1.845 -0.71  -0.17 ][-0.84   0.93   0.278 -0.61   0.144  0.1    0.436  0.29  -0.771  0.616
  0.879  0.31   0.5    0.43   0.35   0.16  -0.27  -0.81   0.48  -0.35
  0.4   -0.2   -0.77  -0.77  -0.3   -0.19   0.83   0.02  -0.4    0.5
  0.1    0.86   0.99  -0.002  0.45  -0.98   0.95  -1.     0.01  -0.49
  0.545 -0.34   0.77   0.85  -0.86   0.83  -1.    -1.548  0.64   0.59
  0.78   0.26  -0.78  -0.51   0.42  -0.98   0.91   0.46   0.43  -0.55
 -0.76   0.62  -0.81   0.57   0.41   0.15  -0.98   0.23  -0.4   -1.265
  0.2   -0.97  -0.15  -0.03  -0.21   0.879  0.07  -0.43  -0.32   0.59
 -0.42  -0.89  -0.76  -0.19   0.08  -0.32  -0.97   0.92  -0.24  -0.17 ][-0.84   0.93   0.46  -0.61  -0.6    0.1    0.436  0.29  -0.68  -0.38
  0.81   0.31   0.5    0.43   0.35   1.034 -0.27  -0.81  -0.494 -0.35
  0.4   -0.2   -0.77  -0.77  -0.3   -0.19   0.83   0.02  -0.4    0.5
  0.1    0.86   0.99  -0.002  0.45  -0.98   1.754 -1.     0.01  -0.49
  0.92  -0.34   0.77  -1.29  -1.325  0.83  -1.    -1.548  0.64   0.59
  0.78   0.26  -0.78  -0.51  -0.456 -0.98   0.91   0.46   0.43  -0.55
 -1.466  0.62  -0.37   0.57   0.41   0.15  -0.98   0.23  -0.4   -0.48
  0.908 -0.97  -0.15  -0.03  -0.21   0.879  0.07  -0.43  -0.32   0.59
 -0.42  -0.89  -0.76  -0.19   0.701 -0.415 -0.97   0.92  -0.71  -0.17 ][-0.6    0.93   0.46  -0.61  -0.44   0.1    0.436  0.29  -0.771 -0.38
  0.879  0.31   1.159  0.43   0.35   0.16  -0.27  -0.81   0.48  -0.35
  0.4   -0.2   -0.77  -0.77  -0.3   -0.19   0.83   0.02  -0.4    0.5
  0.1    0.86   1.18  -0.002  0.45  -0.24   1.754 -1.     0.01  -0.49
  0.545 -0.34   0.77  -1.29  -0.86   0.83  -1.    -0.85   0.64   0.59
  0.78   0.26  -0.78  -0.51   0.42  -0.366  0.91   0.46   0.43  -0.55
 -1.38   0.62  -0.81   0.528  0.41   0.15  -0.98   0.23  -0.4   -0.48
  0.2   -0.97  -0.15  -0.03  -0.21   0.879  0.07  -0.43  -0.32   0.59
 -0.42  -1.457 -0.76  -0.19   0.08  -0.415 -1.402  0.92  -0.24  -0.17 ][-0.84   0.93   0.336 -0.61  -0.6    0.1    0.436  0.29  -0.68  -0.38
  0.64   0.31   0.5    0.118  0.35   0.16  -0.27  -0.81   0.48  -0.35
  0.4   -0.2   -0.77  -0.77  -0.3   -0.19   0.83   0.02  -0.4    0.5
  0.1    0.86   0.99  -0.002  0.45  -0.98   1.754 -1.     0.01  -0.49
  0.545 -0.34   0.77  -1.29  -1.325  0.83  -1.    -1.548  0.64   0.59
  0.78   0.503 -1.274 -0.51   0.42  -0.98   0.91   0.46   0.43  -0.55
 -1.466  0.62  -0.66   0.57   0.41   0.15  -0.98   0.23  -0.4   -0.48
  0.908 -0.97  -0.15  -0.03  -0.21   0.879  0.07  -0.43  -0.32   0.59
 -0.42  -0.89  -0.76  -0.19   0.08  -0.415 -1.402  0.92  -0.24  -0.17 ][-0.84   0.93   0.46  -0.61  -0.44   0.1    0.436  0.29  -0.68   0.616
  0.81   0.31   1.159  0.43   0.35   0.16  -0.27  -0.81   0.48  -0.35
  0.4   -0.2   -0.77  -0.77   0.243 -0.19   0.83   0.02  -0.4    0.5
  0.1    0.86   0.99  -0.002  0.45  -0.98   0.95  -1.     0.01  -0.49
  0.545 -0.34   0.77  -0.362 -1.325  0.83  -1.    -1.548  0.64   0.59
  0.78   0.26  -0.78  -0.51  -0.456 -0.98   0.91   0.46   0.43  -0.55
 -1.38   0.574 -0.37   0.528  0.41   0.15  -0.98   0.23  -0.4   -1.265
  0.908 -0.97  -0.15  -0.03  -0.21   0.879  0.07  -0.43  -0.32   0.59
 -0.42  -0.89  -0.76  -0.19   0.08  -0.32  -1.402  0.92  -0.24  -0.17 ][-0.84   0.93   0.336 -0.61  -0.6    0.1    0.436  0.29  -0.68  -0.38
  0.64   0.31   0.5    0.43   0.35   0.16  -0.27  -0.81   0.48  -0.35
  0.4   -0.2   -0.77  -0.77  -0.3   -0.19   0.83   0.308 -1.07   0.5
  0.1    0.86   0.99  -0.002  0.45  -0.98   0.95  -1.     0.459 -0.49
  0.92  -0.34   0.77  -1.29  -1.325  0.83  -1.    -1.548  0.592  0.59
  0.78   0.26  -0.78  -0.51   0.42  -0.366  0.91   0.46   1.355 -0.55
 -0.76   0.574 -0.81   0.57   0.41   0.15  -0.98   0.23  -0.4   -1.265
  0.908 -0.97  -0.614 -0.03  -0.21   0.879  0.07  -0.43  -0.32   0.59
 -0.42  -0.89  -0.76  -0.19   0.701 -0.32  -0.97   0.92  -0.24  -0.17 ][-0.84   0.93   0.336 -0.61  -0.6    0.326 -0.29   0.29  -0.68   0.616
  0.64   0.31   0.5    0.43   0.35   0.16   0.364 -0.81   0.48  -0.35
  0.4   -0.2   -0.77  -0.77  -0.3   -0.19   0.83   0.02  -1.07   0.5
  0.1    0.86   0.99  -0.002  0.45  -0.98   1.754 -1.     0.01  -0.49
  0.545 -0.34   0.77   0.85  -0.86   0.83  -1.    -1.548  0.64   0.59
  0.78   0.26  -0.14  -0.51  -0.456 -0.98   0.91   0.46   1.355 -0.55
 -1.466  0.62  -0.37   0.57   0.41   0.15  -0.98   0.23  -0.4   -0.48
  0.908 -0.97  -0.15  -0.03  -0.21   0.879  0.07  -0.43  -0.32   0.59
 -0.42  -0.89  -0.76  -0.19   0.701 -0.32  -0.97   0.92  -0.71  -0.17 ][-0.84   0.93   0.336 -0.61   0.144  0.1    0.436  0.29  -0.68  -0.38
  0.64   0.31   0.5    0.43   0.35   0.16   0.364 -0.81   0.48  -0.35
  0.4   -0.2   -0.77  -0.77  -0.181 -0.19   0.83  -0.632 -0.4    0.5
  0.1    0.86   0.99  -0.002  0.45  -0.98   0.95  -1.     0.01  -0.49
  0.545 -0.34   0.77   0.85  -1.325  0.83  -1.    -1.548  0.64   0.59
  1.112  0.26  -0.78  -0.51  -0.538 -0.98   0.91   0.46   0.43  -0.55
 -1.38   0.62  -0.81   0.57   0.41   0.15  -0.98   0.23  -0.34  -1.265
  0.908 -0.97  -0.15  -0.03  -0.21   0.879  0.07  -0.43  -0.32   0.59
 -0.42  -0.89  -0.76  -0.19   0.08  -0.415 -1.402  0.92  -0.24  -0.544][-8.400e-01  9.300e-01  3.360e-01 -6.100e-01  1.440e-01  1.000e-01
  4.360e-01  9.710e-01 -6.800e-01 -3.800e-01  8.100e-01  3.100e-01
  5.000e-01  4.300e-01  3.500e-01  1.600e-01 -2.700e-01 -8.100e-01
  4.800e-01 -3.500e-01  4.000e-01 -2.000e-01 -7.700e-01 -7.700e-01
 -1.810e-01 -1.900e-01  8.300e-01  2.000e-02 -4.000e-01  5.000e-01
  1.000e-01  8.600e-01  9.900e-01 -2.000e-03  4.500e-01 -9.800e-01
  2.630e+00 -1.000e+00  1.000e-02 -4.900e-01  5.450e-01 -3.400e-01
  7.700e-01 -1.290e+00 -8.600e-01  8.300e-01 -1.000e+00 -1.548e+00
  6.400e-01  5.900e-01  7.800e-01  2.600e-01 -7.800e-01 -5.100e-01
 -4.560e-01 -9.800e-01  9.100e-01  4.600e-01  4.300e-01 -5.500e-01
 -1.466e+00  6.200e-01 -3.700e-01  5.700e-01  4.100e-01  1.500e-01
 -9.800e-01  2.300e-01 -3.400e-01 -1.265e+00  9.080e-01 -9.700e-01
 -1.500e-01 -3.000e-02 -2.100e-01  8.790e-01  7.000e-02 -4.300e-01
 -3.200e-01  5.900e-01 -4.200e-01 -1.457e+00 -7.600e-01 -1.900e-01
  7.010e-01 -4.150e-01 -1.402e+00  9.200e-01 -2.400e-01 -5.440e-01][-0.84   0.93   0.46  -0.61  -0.6    0.1    0.436  0.29  -0.771  0.616
  0.81   0.31   0.5    0.43   0.35   0.16  -0.27  -0.81   0.48  -0.35
  0.626  0.232 -0.77  -0.77  -0.3   -0.19   0.83   0.02  -1.07   0.5
 -0.302  0.86   0.99  -0.002  0.45  -0.24   1.754 -1.     0.01  -0.49
  0.545 -0.34   0.77   0.85  -0.86   0.83  -1.    -1.548  0.64   0.59
  0.78   0.26  -0.78  -0.51   0.42  -0.98   0.91   0.46   0.43  -0.55
 -1.38   0.62  -0.81   0.528  0.41   0.15  -0.98   0.23  -0.4   -0.48
  0.2   -0.97  -0.15  -0.03  -0.21   0.879  0.07  -0.43  -0.32   0.59
 -0.42  -0.89  -0.76  -0.19   0.08  -0.415 -1.402  0.92  -0.24  -0.544][-0.84   0.93   0.46  -0.61  -0.6    0.326  0.436  0.29  -0.68   0.616
  0.64   0.31   1.159  0.43   0.35   0.16   0.364 -0.81   0.48  -0.35
  0.4   -0.2   -0.77  -0.77  -0.3   -0.19   0.83   0.02  -1.07   0.5
  0.1    0.86   0.99  -0.002  0.45  -0.98   0.95  -1.     0.01  -0.49
  0.92  -0.34   0.77   1.375 -1.325  0.83  -1.    -1.548  0.64   0.59
  0.78   0.26  -0.78  -0.51   0.42  -0.98   0.91   0.46   1.355 -0.55
 -0.76   0.62  -0.37   0.57   0.41   0.15  -0.98   0.23  -0.4   -1.265
  0.908 -0.97  -0.15  -0.03  -0.21   0.879  0.07  -0.43  -0.32   0.59
 -0.42  -0.89  -0.76  -0.19   0.701 -0.32  -0.97   0.92  -0.24  -0.17 ][-0.84   0.93   0.336 -0.61   0.144  0.1   -0.29   0.29  -0.68   0.616
  0.64   0.31   1.159  0.43   0.35   0.16  -0.27  -0.81  -0.494 -0.35
  0.4   -0.2   -0.77  -0.423 -0.3   -0.19   0.83   0.02  -0.4    0.5
  0.1    0.28   0.99  -0.002  0.45  -0.24   0.95  -1.     0.459 -0.49
  0.545 -0.34   0.77  -0.079 -1.325  0.83  -1.    -1.548  0.64   0.59
  0.78   0.26  -0.78  -0.51  -0.355 -0.98   0.91   0.46   0.43  -0.55
 -1.38   0.62  -0.37   0.57   0.41   0.15  -0.98   0.23  -0.4   -1.265
  0.908 -0.97  -0.15  -0.03  -0.21   0.879  0.07  -0.43  -0.32   0.59
 -0.42  -0.89  -0.76  -0.19   0.08  -0.32  -0.97   0.92  -0.24  -0.544][-0.84   0.93   0.46  -0.61  -0.6   -0.863  0.436  0.29  -0.68   0.616
  0.64   0.31   0.5    0.43   0.35   0.16   0.364 -0.81   0.48  -0.35
  0.4   -0.2   -0.77  -0.77  -0.3   -0.19   0.83   0.02  -1.07   0.5
  0.1    0.86   0.99  -0.002  0.45  -0.98   0.95  -1.     0.01  -0.49
  0.545 -0.34   0.77   0.85  -1.325  0.83  -1.    -1.548  0.64   0.59
  0.78   0.503 -1.274 -0.51   0.42  -0.98   0.91   0.46   1.355 -0.55
 -1.38   0.62  -0.37   0.57   0.41   0.15  -0.98   0.23  -0.4   -0.48
  0.908 -0.97  -0.938 -0.03  -0.21   0.879  0.07  -0.43  -0.32   0.59
 -0.42  -0.89  -0.76  -0.19   0.701 -0.32  -0.97   0.92  -0.24  -0.17 ][-0.84   0.93   0.46  -0.61  -0.44  -0.863  0.436  0.29  -0.68   0.616
  0.81   0.31   1.159  0.43   0.35   0.16  -0.27  -0.81  -0.494 -0.35
  0.4   -0.2   -0.77  -0.77   0.243 -0.19   0.83   0.02  -0.4    0.5
  0.1    0.86   0.99  -0.002  0.45  -0.98   0.95  -1.     0.459 -0.49
  0.545 -0.34   0.77  -0.079 -1.325  0.83  -1.    -1.548  0.64   0.59
  1.112  0.121 -0.78  -0.51   0.42  -0.98   0.91   0.46   0.43  -0.55
 -1.38   0.62  -0.37   0.528  0.41   0.15  -0.98   0.23  -0.4   -0.48
  0.908 -0.97  -0.15  -0.03  -0.21   0.879  0.07  -0.43  -0.32   0.59
 -0.42  -0.89  -0.76  -0.19   0.701 -0.32  -1.402  0.92  -0.24   0.557]