[-1.79   0.93   0.46  -0.61   0.144  0.151  0.436  0.29  -0.68  -0.38
  0.802  0.31   0.5    0.43   0.35   0.16  -0.27  -0.81  -0.494 -0.35
  0.626 -0.2   -0.77  -0.77  -0.181 -0.19   0.83   0.02  -0.4    0.5
  0.165  0.86   0.99  -0.034  0.45  -1.355  1.593 -1.     0.01  -0.49
  0.545 -0.34   0.923 -1.29  -1.325  0.83  -1.381 -1.447  0.64   0.463
  2.017  1.06  -1.433 -0.51   0.42  -1.054  0.91   0.46   0.43  -0.55
 -1.38   0.301 -0.81   0.57   0.41   0.15  -0.98   0.23  -0.4   -1.265
  0.2   -0.4   -1.02  -0.03  -0.21   0.879  0.07  -0.076 -0.32   0.566
 -0.42  -1.457 -1.248 -0.19   0.846 -0.734 -2.082  0.92  -1.066 -0.544][-0.84   0.93   0.46  -0.61   0.144  0.1    0.436  0.29  -0.68  -0.38
  0.802  0.31   0.5    0.43   0.35   0.16  -1.13  -0.81  -0.494 -0.35
  0.4   -0.2   -0.77  -0.77  -0.181 -0.19   0.83   0.02  -0.4    0.5
 -0.912  0.86   0.342 -0.034  0.45  -1.355  1.593 -1.     0.01  -0.49
  0.545 -0.34   0.923 -1.29  -2.191  0.83  -1.    -1.447  0.64   0.59
  1.112  1.06  -1.274 -0.51   0.42  -0.98   0.91   0.46   0.43  -0.55
 -1.38   0.62  -0.81   0.57   0.992  0.15  -0.98   0.23  -0.4   -1.265
  0.2   -0.97  -1.02  -0.03  -0.21   0.879  0.07  -0.435 -0.32   0.566
 -0.42  -1.457 -0.76  -0.19   0.846 -0.415 -2.082  0.146 -1.066 -0.159][-0.84   0.93   0.46  -0.61   0.144  0.1    0.436  0.29  -0.68  -0.38
  0.802  0.31   0.412  0.43   0.35   0.16  -0.27  -0.81  -0.494 -0.35
  0.626 -0.2   -0.77  -1.504 -0.181 -0.19   0.83   0.02  -0.4    0.5
  0.165  0.86   0.342 -0.034  0.45  -0.98   1.483 -1.     0.01  -0.49
  0.545 -0.34   0.923 -0.462 -2.191  0.83  -1.381 -1.548  0.64   0.463
  2.017  1.06  -1.274 -0.51   0.42  -0.98   0.91   0.46   1.355 -0.55
 -1.38   0.62  -1.036  0.894  0.41   0.15  -0.98   0.23  -0.4   -1.265
  0.257 -0.97  -1.02  -0.503 -0.21   0.879  0.07  -0.865 -0.32   0.59
 -0.42  -0.89  -0.76  -0.19   0.507 -0.415 -2.082  0.92  -1.066 -0.159][-8.400e-01  9.300e-01  4.600e-01 -6.100e-01  1.440e-01  1.510e-01
  4.360e-01  2.900e-01 -6.800e-01 -3.800e-01  8.020e-01  3.100e-01
  5.000e-01  4.300e-01  3.500e-01  1.600e-01 -2.700e-01 -8.100e-01
 -4.940e-01 -3.500e-01  4.000e-01 -2.000e-01 -7.700e-01 -1.504e+00
 -1.810e-01 -1.900e-01  8.300e-01  2.000e-02 -4.000e-01  5.000e-01
  1.000e-01  8.600e-01  3.420e-01 -2.000e-03  4.500e-01 -1.355e+00
  1.593e+00 -1.000e+00  1.000e-02 -4.900e-01  5.450e-01 -3.400e-01
  9.230e-01 -1.290e+00 -2.191e+00  8.300e-01 -1.000e+00 -1.548e+00
  6.400e-01  5.900e-01  1.112e+00  1.060e+00 -1.274e+00 -5.100e-01
  4.200e-01 -9.800e-01  1.347e+00  4.600e-01  2.110e-01 -5.500e-01
 -1.380e+00  6.200e-01 -8.100e-01  5.700e-01  4.100e-01  1.500e-01
 -9.800e-01  2.300e-01 -4.000e-01 -1.265e+00  2.000e-01 -3.940e-01
 -9.870e-01 -3.000e-02 -2.100e-01  8.790e-01  1.200e-01 -4.350e-01
 -3.200e-01  5.660e-01 -4.200e-01 -8.900e-01 -7.600e-01 -1.900e-01
  8.460e-01 -7.340e-01 -2.082e+00  9.200e-01 -1.066e+00 -1.590e-01][-8.400e-01  9.300e-01  4.600e-01 -6.100e-01  1.440e-01  1.000e-01
  4.360e-01  2.900e-01 -6.800e-01 -3.800e-01  8.020e-01  3.100e-01
  5.000e-01  4.300e-01  3.500e-01  3.180e-01 -2.700e-01 -8.100e-01
 -4.940e-01 -3.500e-01  4.000e-01 -2.000e-01 -7.700e-01 -1.504e+00
 -1.810e-01 -1.900e-01  8.300e-01  2.000e-02 -4.000e-01  5.000e-01
 -9.120e-01  8.600e-01  3.420e-01 -2.000e-03  4.500e-01 -1.355e+00
  1.483e+00 -1.000e+00  1.000e-02 -4.900e-01  5.450e-01 -3.400e-01
  9.230e-01 -1.290e+00 -2.191e+00  8.300e-01 -1.381e+00 -1.548e+00
  6.400e-01  4.630e-01  1.112e+00  1.060e+00 -1.274e+00 -5.100e-01
  4.200e-01 -9.800e-01  9.100e-01  4.600e-01  2.110e-01 -5.500e-01
 -1.380e+00  6.200e-01 -8.100e-01  8.940e-01  4.100e-01  1.500e-01
 -9.800e-01  2.300e-01 -4.000e-01 -1.265e+00  2.570e-01 -9.700e-01
 -1.020e+00 -3.000e-02 -2.100e-01  8.790e-01  7.000e-02 -4.350e-01
 -3.200e-01  5.900e-01 -4.200e-01 -1.457e+00 -7.600e-01 -1.900e-01
  8.460e-01 -4.150e-01 -2.082e+00  9.200e-01 -1.066e+00 -1.590e-01][-1.790e+00  9.300e-01  4.600e-01 -6.100e-01 -6.000e-01  1.510e-01
  4.360e-01  2.900e-01 -9.900e-02 -6.000e-01  8.100e-01  3.100e-01
  5.000e-01  4.300e-01  3.500e-01  1.600e-01  1.162e+00 -8.100e-01
  4.800e-01 -3.500e-01  6.260e-01 -2.000e-01 -7.700e-01 -7.700e-01
 -1.810e-01 -1.900e-01  8.300e-01  2.000e-02 -4.000e-01  5.000e-01
  1.000e-01  8.600e-01  9.900e-01 -2.000e-03  1.032e+00 -9.800e-01
  1.483e+00 -1.000e+00  1.000e-02 -4.900e-01  9.200e-01 -3.400e-01
  9.230e-01 -1.290e+00 -1.325e+00  8.300e-01 -1.000e+00 -1.548e+00
  6.400e-01  1.083e+00  1.112e+00  1.060e+00 -1.274e+00 -5.100e-01
  4.200e-01 -9.800e-01  1.347e+00  4.600e-01  4.300e-01 -5.500e-01
 -2.792e+00  6.200e-01 -8.100e-01  5.700e-01  9.740e-01  1.500e-01
 -9.800e-01  2.300e-01 -4.000e-01 -1.265e+00  2.000e-01 -9.700e-01
 -1.020e+00 -3.000e-02 -2.100e-01  8.790e-01  7.000e-02 -4.300e-01
 -3.200e-01  5.660e-01 -4.200e-01 -8.900e-01 -7.600e-01 -1.900e-01
  8.460e-01 -4.150e-01 -1.652e+00  9.200e-01 -1.066e+00 -5.440e-01][-0.84   0.93   0.46  -0.61  -0.6    0.1    0.436  0.29  -0.68  -0.38
  0.802  0.31   0.5    0.43   0.35   0.16  -1.13  -0.81  -0.494 -0.35
  0.626 -0.2   -0.77  -0.77  -0.181 -0.19   0.83   0.281 -0.4    1.113
  0.1    0.86   0.99  -0.034  0.45  -1.355  1.593 -1.     0.01  -0.49
  0.545 -0.34   0.923 -1.29  -1.325  0.83  -1.    -1.447  0.64   0.59
  1.112  1.06  -1.274 -0.51   0.42  -0.98   0.91   0.46   0.43  -0.55
 -1.38   0.62  -0.81   0.57   0.974  0.15  -0.98   0.23  -0.4   -1.265
  0.2   -0.97  -1.02  -0.03  -0.21   0.879  0.07  -0.435 -0.32   0.566
 -0.42  -0.89  -0.76  -0.19   0.846 -0.415 -2.082  0.146 -1.066 -0.544][-1.79   0.93   0.46  -0.61  -0.6    0.1    0.436  0.29  -0.68  -0.38
  0.802  0.31   0.5    0.43   0.35   0.16   1.162 -0.81   0.48  -0.35
  0.626 -0.2   -0.77  -0.77  -0.181 -0.19   0.83   0.281 -0.4    0.5
  0.165  0.86   0.99  -0.002  0.45  -1.355  1.483 -1.     0.01  -0.49
  0.92  -0.34   0.923 -1.29  -1.325  0.83  -1.    -1.548  0.64   1.083
  1.112  1.06  -1.274 -0.51   0.521 -0.98   0.91   0.46   0.43  -0.55
 -1.38   0.62  -0.81   0.054  0.41   0.15  -0.98   0.23  -0.4   -1.265
  0.2   -0.97  -1.02  -0.03  -0.21   0.879  0.07  -0.43  -0.32   0.566
 -0.42  -0.89  -1.021 -0.569  0.846 -0.415 -1.652  0.92  -0.24  -0.544][-1.79   0.93   0.46  -0.61  -0.6    0.151  0.436  0.29  -0.099 -0.38
  0.81   0.31   0.5    0.43   0.35   0.16  -0.27  -0.81   0.48  -0.35
  0.626 -0.2   -0.77  -0.77   0.302 -0.19   0.83   0.02  -0.4    0.5
  0.1    0.011  0.99  -0.002  0.45  -0.98   1.483 -1.     0.01  -0.49
  0.545 -0.34   0.923 -1.29  -1.325  0.83  -1.    -1.548  0.64   1.083
  1.112  1.06  -1.274 -0.51   0.42  -0.98   0.91   0.46   0.43  -0.55
 -1.917  0.62  -0.81   0.57   0.41   0.15  -0.98   0.23  -0.4   -1.265
  0.2   -0.97  -1.02  -0.03  -0.21   0.879  0.07  -0.43  -0.32   0.566
 -0.42  -0.89  -0.76  -0.19   0.846 -0.415 -1.652  0.92  -1.066 -0.544][-1.79   0.93   1.065 -0.61   0.144  0.1    0.436  0.29  -0.68  -0.6
  0.81   0.31   0.5    0.43   0.35   0.16   1.162 -0.81   0.48  -0.35
  0.4   -0.2   -0.77  -0.77  -0.181 -0.19   0.83   0.02  -0.4    0.5
  0.1    0.86   0.99  -0.034  0.45  -1.355  1.593 -1.     0.01  -0.49
  0.545 -0.34   0.923 -1.29  -1.325  0.83  -1.381 -1.548  0.64   0.59
  1.112  1.06  -1.274 -0.51   0.521 -0.98   0.91   0.46   0.43  -0.55
 -1.917  0.62  -0.81   0.57   0.41   0.15  -0.98   0.23  -0.4   -1.265
  0.2   -0.97  -1.02  -0.03  -0.21   0.879  0.07  -0.865 -0.32   0.566
 -0.42  -1.457 -0.76  -0.569  0.846 -0.415 -2.082  0.92  -1.066 -0.544][-1.79   0.93   0.46  -0.61  -0.44   0.151  0.436  0.29  -0.68  -0.38
  0.81   0.31   0.5    0.43   0.35   0.16   1.162 -0.81   0.48  -0.35
  0.626 -0.2   -0.77  -1.504 -0.181 -0.19   0.83   0.02  -0.4    0.5
  0.1    0.86   0.99  -0.002  0.45  -0.98   1.483 -1.583  0.01  -0.49
  0.92   0.03   0.923 -1.29  -1.325  0.83  -1.381 -1.548  0.64   0.463
  1.112  1.06  -1.274 -0.51   0.42  -0.98   1.347  0.46   1.355 -0.55
 -1.917  0.62  -0.81   0.57   0.974  0.15  -0.98   0.23  -0.4   -1.265
  0.2   -0.97  -0.987 -0.03  -0.21   0.879  0.07  -0.43  -0.32   0.59
 -0.42  -1.457 -1.021 -0.19   0.846 -0.734 -1.652  0.92  -1.066 -0.544][-1.79   0.93   0.46  -0.61   0.144  0.1    0.436  0.29  -0.68  -0.38
  0.81   0.31   0.5    0.43   0.35   0.16  -0.27  -0.81  -0.494 -0.26
  0.4   -0.2   -0.77  -1.504 -0.181 -0.19   0.83   0.02  -0.4    0.5
  0.1    0.86   0.342 -0.034  0.45  -1.355  1.593 -1.     0.01  -0.49
  0.545 -0.34   0.923 -1.29  -2.191  0.83  -1.381 -1.548  0.64   0.59
  1.112  1.06  -1.274 -0.51   0.42  -0.98   1.347  0.46   0.43  -0.55
 -1.38   0.62  -0.81   0.57   0.41   0.15  -0.98   0.23  -0.4   -1.265
  0.2   -0.97  -0.987 -0.03  -0.21   0.879  0.07  -0.43  -0.32   0.566
 -0.42  -1.457 -0.76  -0.19   0.846 -0.734 -2.082  0.92  -1.066 -0.544][-1.79   0.93   0.46  -0.61  -0.6    0.151  0.436  0.29  -0.099 -0.6
  0.81   0.31   0.5    0.43   0.35   0.16   1.162 -0.81   0.48  -0.35
  0.626 -0.2   -0.77  -0.77  -0.181 -0.19   0.83   0.02  -0.4    0.5
  0.1    0.86   0.99  -0.002  0.45  -0.98   1.483 -1.     0.01  -0.49
  0.92  -0.34   0.923 -1.29  -1.325  0.83  -1.    -1.548  0.64   1.083
  1.112  1.06  -1.274 -0.51   0.42  -0.98   0.91   0.46   0.43  -0.55
 -1.917  0.62  -0.81   0.57   0.41   0.15  -0.98   0.23  -0.4   -1.265
  0.2   -0.97  -1.02  -0.03  -0.21   0.879  0.07  -0.865 -0.32   0.566
 -0.42  -0.89  -0.76  -0.19   0.846 -0.415 -1.652  0.92  -0.24  -0.544][-1.79   0.93   0.46  -0.61  -0.6    0.1    0.436  0.29  -0.099 -0.38
  0.81   0.31   0.5    0.43   0.35   0.16   1.162 -0.81   0.48  -0.35
  0.626 -0.2   -0.77  -0.77  -0.181 -0.19   0.83   0.02  -0.4    0.5
  0.1    0.86   1.936 -0.034  0.45  -0.98   1.593 -1.     0.01  -0.49
  0.92  -0.34   0.923 -1.29  -1.325  0.83  -1.    -1.548  0.64   0.59
  1.112  1.06  -1.274 -0.51   0.42  -0.98   0.91   0.46   0.43  -0.55
 -1.38   0.301 -0.81   0.57   0.974  0.15  -0.98   0.23  -0.4   -1.265
  0.2   -0.97  -1.02  -0.03  -0.21   0.879  0.07  -0.43  -0.32   0.566
 -0.42  -0.89  -0.76  -0.19   0.846 -0.415 -1.652  0.92  -0.593 -0.544][-0.84   0.93   0.46  -0.61  -0.6    0.1    0.436  0.29  -0.68  -0.765
  0.81   0.31   0.412  1.007  0.35   0.318 -0.27  -0.81  -0.494 -0.35
  0.626 -0.2   -0.77  -0.77  -0.181 -0.19   0.83   0.281 -0.4    0.5
  0.165  0.86   0.876 -0.034  0.45  -0.98   1.593 -1.     0.01  -0.49
  0.545 -0.34   0.923 -1.29  -2.191  0.83  -1.    -1.548  0.64   0.463
  2.017  1.06  -1.274 -0.51   0.42  -0.98   1.347  0.46   0.43  -0.55
 -1.38   0.301 -0.81   0.57   0.41   0.15  -0.98   0.23  -0.4   -1.265
  0.2   -0.97  -1.02  -0.503 -0.21   0.879  0.07  -0.865 -0.32   0.59
 -0.42  -0.89  -0.76  -0.19   0.507 -0.415 -2.082  0.92  -1.066 -0.544][-0.84   0.93   0.46  -0.61   0.144  0.151  0.436  0.29  -0.68  -0.38
  0.802  0.31   0.5    1.007  0.35   0.318 -1.13  -0.81  -0.494 -0.35
  0.4   -0.2   -0.77  -0.77  -0.181  0.703  0.83   0.02  -0.4    0.5
 -0.912  0.86   0.342 -0.034  0.45  -1.355  1.483 -1.     0.01  -0.49
  0.545 -0.34   0.923 -1.29  -1.739  0.83  -1.    -0.828  0.64   0.463
  2.017  1.06  -0.78  -0.51   0.42  -0.98   0.91   0.46   0.43  -0.55
 -1.38   0.62  -0.81   0.57   0.41   0.15  -0.98   0.23  -0.4   -1.265
  0.257 -0.97  -1.02  -0.03  -0.21   0.879  0.07  -0.435 -0.32   0.566
 -0.42  -1.457 -1.021 -0.19   0.846 -0.415 -2.082  0.92  -1.066 -0.159][-1.79   0.93   0.46  -0.61   0.144  0.151  0.436  0.29  -0.68  -0.6
  0.81   0.31   0.5    0.43   0.35   0.16   1.162 -0.81   0.48  -0.35
  0.626 -0.2   -0.77  -0.77  -0.181 -0.19   0.83   0.02  -0.4    0.5
 -0.912  0.86   0.99  -0.034  0.45  -0.98   1.593 -1.     0.01  -0.49
  0.92  -0.34   0.923 -1.29  -2.191  0.83  -1.381 -1.447  0.64   0.433
  1.112  1.06  -1.433 -0.51   0.42  -0.98   1.347  0.46   1.355 -0.55
 -1.917  0.62  -0.81   0.57   0.41   0.15  -0.98   0.23  -0.4   -1.265
  0.257 -0.97  -1.02  -0.03  -0.21   0.879  0.07  -0.435 -0.32   0.59
 -0.42  -1.457 -0.76  -0.19   0.846 -0.734 -1.652  0.92  -1.066 -0.544][-1.79   0.93   0.46  -0.61   0.144  0.1    0.436  0.29  -0.68  -0.38
  0.81   0.31   0.5    0.43   0.35   0.16  -0.27  -0.81   0.48  -0.35
  0.626 -0.2   -0.77  -0.77  -0.181 -0.19   0.83   0.281 -0.4    0.5
  0.1    0.86   0.342 -0.034  0.45  -1.355  1.593 -1.     0.01  -0.49
  0.92  -0.34   0.923 -1.29  -1.325  0.83  -1.    -1.548  0.64   0.59
  1.112  1.06  -1.274 -0.51   0.42  -0.98   0.91   0.46   0.43  -0.55
 -1.38   1.563 -0.81   0.57   0.41   0.15  -0.601  0.23  -0.4   -1.265
  0.2   -0.97  -1.02  -0.03  -0.21   0.879  0.07  -0.43  -0.32   0.566
 -0.42  -0.89  -1.021 -0.19   0.846 -0.415 -2.082  0.92  -0.995 -0.544][-0.84   0.93   0.46  -0.61  -0.44   0.1    0.436  0.29  -0.68  -0.38
  0.802  0.31   0.5    0.43   0.35   0.16  -1.13  -0.81  -0.494 -0.35
  0.4   -0.2   -0.77  -0.77  -0.181 -0.19   0.83   0.02  -0.4    0.5
  0.165  0.86   0.342 -0.034  0.45  -1.355  1.593 -1.     0.01  -0.49
  0.545 -0.34   0.923 -1.29  -1.325  0.83  -1.    -1.447  0.64   0.59
  1.112  1.06  -0.78  -0.51   0.42  -0.98   0.91   0.46   0.43  -0.55
 -1.38   0.301 -0.81   0.57   0.627  0.15  -0.98   0.23  -0.4   -1.265
  0.2   -0.97  -0.236 -0.03  -0.21   0.879  0.07  -0.076 -0.32   0.566
 -0.42  -1.457 -0.76  -0.19   0.846 -0.415 -2.082  0.92  -1.066 -0.159][-8.400e-01  9.300e-01  4.600e-01 -6.100e-01  1.440e-01  1.000e-01
  4.360e-01  2.900e-01 -6.800e-01 -3.800e-01  8.020e-01  3.100e-01
  5.000e-01  4.300e-01  3.500e-01  3.180e-01 -2.700e-01 -8.100e-01
 -4.940e-01 -3.500e-01  4.000e-01 -2.000e-01 -7.700e-01 -7.700e-01
 -1.810e-01 -1.900e-01  8.300e-01  2.000e-02 -4.000e-01  5.000e-01
  1.000e-01 -1.320e-01  8.760e-01 -2.000e-03  4.500e-01 -1.355e+00
  1.483e+00 -1.000e+00  1.000e-02 -4.900e-01  5.450e-01 -3.400e-01
  9.230e-01 -1.290e+00 -2.191e+00  8.300e-01 -1.000e+00 -1.548e+00
  6.400e-01  4.630e-01  2.017e+00  1.060e+00 -1.274e+00 -5.100e-01
  4.200e-01 -9.800e-01  9.100e-01  4.600e-01  2.110e-01 -5.500e-01
 -1.380e+00  6.200e-01 -8.100e-01  8.940e-01  4.100e-01  1.500e-01
 -9.800e-01  2.300e-01 -4.000e-01 -1.265e+00  2.570e-01 -9.700e-01
 -1.020e+00 -3.000e-02 -2.100e-01  8.790e-01  7.000e-02 -8.650e-01
 -3.200e-01  5.900e-01 -4.200e-01 -1.457e+00 -7.600e-01 -1.900e-01
  8.460e-01 -4.150e-01 -2.082e+00  9.200e-01 -1.066e+00 -1.590e-01][-8.400e-01  9.300e-01  4.600e-01 -6.100e-01  1.440e-01  1.000e-01
  4.360e-01  2.900e-01 -6.800e-01 -3.800e-01  8.100e-01  3.100e-01
  5.000e-01  4.300e-01  3.500e-01  1.600e-01 -2.700e-01 -8.100e-01
 -4.940e-01 -3.500e-01  4.000e-01 -2.000e-01 -7.700e-01 -1.205e+00
 -1.810e-01 -1.900e-01  8.300e-01  2.000e-02 -4.000e-01  5.000e-01
 -9.120e-01  8.600e-01  3.420e-01 -2.000e-03  4.500e-01 -1.355e+00
  1.483e+00 -1.000e+00  1.000e-02 -4.900e-01  5.450e-01 -3.400e-01
  9.230e-01 -1.290e+00 -2.191e+00  8.300e-01 -1.381e+00 -1.548e+00
  6.400e-01  4.630e-01  1.112e+00  1.060e+00 -1.274e+00 -5.100e-01
  4.200e-01 -9.800e-01  1.347e+00  4.600e-01  4.300e-01 -5.500e-01
 -1.380e+00  6.200e-01 -8.100e-01  5.700e-01  4.100e-01  1.500e-01
 -9.800e-01  2.300e-01 -4.000e-01 -1.265e+00  2.570e-01 -9.700e-01
 -1.020e+00 -3.000e-02 -2.100e-01  8.790e-01  7.000e-02 -4.350e-01
 -3.200e-01  5.900e-01 -4.200e-01 -1.457e+00 -7.600e-01 -1.900e-01
  8.460e-01 -4.150e-01 -2.082e+00  9.200e-01 -1.066e+00 -5.440e-01][-1.79   0.93   0.46  -0.61   0.144  0.151  0.436  0.29  -0.68  -0.6
  0.81   0.31   0.5    0.43   0.35   0.16   1.162 -0.81   0.48  -0.35
  0.4   -0.2   -1.357 -0.77  -0.181 -0.19   0.83   0.02  -0.4    0.5
  0.1    0.86   0.99  -0.034  0.45  -1.355  1.593 -1.     0.01  -0.49
  0.92  -0.34   0.923 -1.29  -2.191  0.83  -1.381 -1.447  0.64   0.433
  1.112  1.06  -1.274 -0.51   0.521 -0.98   0.91   0.46   0.43  -0.55
 -1.917  0.62  -0.81   0.57   0.41   0.15  -0.98   0.23  -0.4   -1.265
  0.257 -0.97  -1.02  -0.03  -0.21   0.879  0.07  -0.435 -0.32   0.59
 -0.42  -1.457 -0.76  -0.19   0.846 -0.734 -2.082  0.92  -1.066 -0.544][-0.84   0.93   0.46  -0.61   0.144  0.1    0.436  0.29  -0.68  -0.38
  0.802  0.31   0.5    0.43   0.35   0.16  -0.27  -0.81  -0.494 -0.35
  0.626 -0.2   -0.77  -0.77  -0.181 -0.19   0.83   0.281 -0.4    1.113
  0.1    0.86   0.342 -0.034  0.45  -1.355  1.593 -1.     0.01  -0.49
  0.545 -0.34   0.923 -1.29  -1.325  0.83  -1.    -1.447  0.64   0.59
  1.112  1.06  -1.274 -0.51   0.42  -0.98   0.91   0.46   0.43  -0.55
 -1.38   0.62  -0.81   0.57   0.41   0.15  -0.98   0.23  -0.4   -1.265
  0.2   -0.97  -1.02  -0.03  -0.21   0.879  0.07  -0.435 -0.32   0.566
 -0.42  -0.89  -0.76  -0.19   0.846 -0.734 -1.633  0.92  -1.066 -0.544][-1.79   0.93   0.46  -0.61   0.144  0.151  0.436  0.29  -0.68  -0.38
  0.81   0.31   0.5    0.43   0.35   0.16  -0.27  -0.81  -0.494 -0.35
  0.626 -0.2   -0.77  -0.77  -0.181 -0.19   0.83   0.02  -0.4    0.5
  0.165  0.86   0.99  -0.034  0.45  -0.98   1.483 -1.     0.01  -0.49
  0.92  -0.34   0.923 -1.29  -1.325  0.83  -1.381 -1.548  0.64   0.463
  2.017  1.06  -1.274 -0.51   0.42  -0.98   0.91   0.46   0.43  -0.55
 -1.38   0.62  -0.81   0.57   0.41   0.15  -0.98   0.23  -0.4   -1.265
  0.2    0.557 -1.02  -0.03  -0.21   0.879  0.07  -0.865 -0.32   0.566
 -0.42  -0.89  -1.248 -0.19   0.846 -0.415 -1.652  0.92  -1.066 -0.544][-8.400e-01  9.300e-01  4.600e-01 -6.100e-01  1.440e-01  1.510e-01
  4.360e-01  2.900e-01 -6.800e-01 -3.800e-01  8.020e-01  3.100e-01
  5.000e-01  4.300e-01  3.500e-01  3.180e-01 -2.700e-01 -8.100e-01
 -4.940e-01 -3.500e-01  4.000e-01 -2.000e-01 -7.700e-01 -7.700e-01
 -1.810e-01 -1.900e-01  8.300e-01  2.000e-02 -4.000e-01  5.000e-01
  1.650e-01  8.600e-01  8.760e-01 -2.000e-03  4.500e-01 -1.355e+00
  1.483e+00 -1.000e+00  1.000e-02 -4.900e-01  5.450e-01 -3.400e-01
  9.230e-01 -1.290e+00 -2.191e+00  8.300e-01 -1.000e+00 -1.548e+00
  6.400e-01  4.630e-01  2.017e+00  1.060e+00 -1.433e+00 -5.100e-01
  4.200e-01 -1.054e+00  9.100e-01  4.600e-01  4.300e-01 -5.500e-01
 -1.380e+00  6.200e-01 -8.100e-01  5.700e-01  4.100e-01  1.500e-01
 -9.800e-01  2.300e-01 -4.000e-01 -1.265e+00  2.570e-01 -4.000e-01
 -1.020e+00 -3.000e-02 -2.100e-01  8.790e-01  7.000e-02 -7.600e-02
 -3.200e-01  5.660e-01 -4.200e-01 -1.457e+00 -7.600e-01 -1.900e-01
  8.460e-01 -4.150e-01 -2.082e+00  1.830e-01 -1.066e+00 -5.440e-01][-0.84   0.93   0.46  -0.61  -0.6    0.1    0.436  0.29  -0.68  -0.38
  0.802  0.31   0.5    0.43   0.35   0.16  -0.27  -0.81  -0.494 -0.35
  0.626 -0.2   -0.77  -0.77  -0.181 -0.19   0.83   0.281 -0.4    1.113
  0.1    0.86   0.99  -0.034  0.45  -1.355  1.593 -1.     0.01  -0.49
  0.545 -0.34   0.923 -1.29  -2.191  0.83  -1.    -1.548  0.64   0.59
  1.112  1.06  -1.274 -0.51   0.42  -0.98   1.347  0.46   0.211 -0.55
 -1.38   0.62  -0.81   0.57   0.974  0.15  -0.98   0.23  -0.4   -1.265
  0.2   -0.394 -0.987 -0.03  -0.21   0.879  0.07  -0.435 -0.32   0.566
 -0.42  -0.89  -0.76  -0.351  0.846 -0.415 -2.082  0.92  -1.066 -0.159][-1.790e+00  9.300e-01  4.600e-01 -6.100e-01 -6.000e-01  1.510e-01
  4.360e-01  2.900e-01 -9.900e-02 -3.800e-01  8.100e-01  3.100e-01
  1.900e-01  4.300e-01  3.500e-01  1.600e-01 -2.700e-01 -8.100e-01
  4.800e-01 -3.500e-01  6.260e-01 -2.000e-01 -7.700e-01 -7.700e-01
  3.020e-01 -1.900e-01  8.300e-01  2.000e-02 -4.000e-01  5.000e-01
  1.650e-01  8.600e-01  9.900e-01 -2.000e-03  4.500e-01 -1.355e+00
  1.483e+00 -1.000e+00  1.000e-02 -4.900e-01  5.450e-01 -3.400e-01
  9.230e-01 -1.290e+00 -1.325e+00  8.300e-01 -1.000e+00 -1.447e+00
  6.400e-01  1.083e+00  2.017e+00  1.060e+00 -1.433e+00 -5.100e-01
  4.200e-01 -1.054e+00  9.100e-01  4.600e-01  4.300e-01 -5.500e-01
 -1.380e+00  6.200e-01 -8.100e-01  5.700e-01  4.100e-01  1.500e-01
 -9.800e-01  2.300e-01 -4.000e-01 -1.265e+00  2.000e-01 -9.700e-01
 -1.020e+00 -3.000e-02 -2.100e-01  8.790e-01  7.000e-02 -7.600e-02
 -3.200e-01  5.660e-01 -4.200e-01 -1.457e+00 -7.600e-01 -1.900e-01
  8.460e-01 -4.150e-01 -2.082e+00  9.200e-01 -1.066e+00 -5.440e-01][-1.79   0.93   0.46  -0.61   0.144  0.151  0.436  0.29  -0.68  -0.38
  0.81   0.31   0.5    0.43   0.35   0.16  -0.27  -0.81  -0.494 -0.35
  0.4   -0.2   -0.77  -1.504 -0.181 -0.19   0.83   0.02  -0.4    0.5
  0.165  0.86   0.99  -0.034  0.45  -1.355  1.593 -1.     0.01  -0.49
  0.545 -0.34   0.923 -1.29  -1.325  0.83  -1.381 -1.548  0.64   0.463
  1.112  1.06  -1.274 -0.51   0.42  -0.98   1.347  0.46   0.43  -0.55
 -1.38   0.62  -0.81   0.57   0.41   0.15  -0.98   0.23  -0.4   -1.265
  0.2   -0.97  -1.02  -0.03  -0.21   0.879  0.07  -0.43  -0.32   0.566
 -0.42  -1.457 -1.248 -0.19   0.846 -0.734 -2.082  1.917 -1.066 -0.544][-0.84   0.93   0.46  -0.61  -0.6    0.1    0.436  0.29  -0.68  -0.765
  0.81   0.31   0.412  0.43   0.35   0.16   1.162 -0.81  -0.494 -0.35
  0.626 -0.2   -0.77  -0.77  -0.181 -0.19   0.83   0.281 -0.4    0.5
  0.1    0.86   0.876 -0.034  0.45  -0.98   1.593 -1.     0.01  -0.49
  0.92  -0.303  0.923 -1.29  -2.191  0.83  -1.    -1.548  0.64   0.463
  1.112  1.06  -1.274 -0.51   0.42  -0.98   1.347  0.46   0.43  -0.55
 -1.38   0.301 -0.81   0.57   0.41   0.15  -0.98   0.23  -0.4   -1.265
  0.2   -0.97  -1.02  -0.503 -0.21   0.879  0.07  -0.865 -0.32   0.566
 -0.42  -0.89  -0.76  -0.19   0.507 -0.415 -1.652  0.92  -1.066 -0.544][-1.790e+00  9.300e-01  4.600e-01 -6.100e-01 -6.000e-01  1.510e-01
  4.360e-01  2.900e-01 -9.900e-02 -3.800e-01  8.100e-01  3.100e-01
  5.000e-01  4.300e-01  3.500e-01  1.600e-01  1.162e+00 -8.100e-01
 -4.940e-01 -3.500e-01  4.000e-01 -2.000e-01 -7.700e-01 -7.700e-01
 -1.810e-01 -1.900e-01  8.300e-01  2.000e-02 -4.000e-01  5.000e-01
  1.000e-01  8.600e-01  9.900e-01 -2.000e-03  4.500e-01 -9.800e-01
  1.593e+00 -1.000e+00  1.000e-02 -4.900e-01  5.450e-01 -3.400e-01
  9.230e-01 -1.290e+00 -1.325e+00  8.300e-01 -1.000e+00 -1.447e+00
  6.400e-01  1.083e+00  1.112e+00  1.060e+00 -1.274e+00 -5.100e-01
  4.200e-01 -9.800e-01  9.100e-01  4.600e-01  4.300e-01 -5.500e-01
 -1.917e+00  6.200e-01 -8.100e-01  5.700e-01  9.920e-01  1.500e-01
 -9.800e-01  2.300e-01 -4.000e-01 -1.265e+00  2.000e-01 -9.700e-01
 -6.940e-01 -3.000e-02 -2.100e-01  8.790e-01  7.000e-02 -8.650e-01
 -3.200e-01  5.660e-01 -4.200e-01 -8.900e-01 -7.600e-01 -1.900e-01
  8.460e-01 -4.150e-01 -2.082e+00  9.200e-01 -1.066e+00 -5.440e-01][-0.84   0.93   0.46  -0.61   0.144  0.1    0.436  0.29  -0.68  -0.38
  0.802  0.31   0.412  0.43   0.35   0.16  -0.27  -0.81   0.48  -0.35
  0.626 -0.2   -0.77  -1.504 -0.181 -0.19   0.83   0.02  -0.4    0.5
  0.165  0.86   0.342 -0.002  0.45  -1.355  1.483 -1.     0.01  -0.49
  0.545 -0.34   0.923 -0.462 -1.325  0.83  -1.    -1.548  0.64   1.083
  0.255  1.06  -1.274 -0.51   0.42  -0.98   0.91   0.46   0.43  -0.55
 -1.38   0.62  -0.81   0.054  0.41   0.15  -0.98   0.23  -0.4   -1.265
  0.257 -0.97  -1.02  -0.03  -0.21   0.879  0.07  -0.865 -0.32   0.59
 -0.42  -0.89  -0.76  -0.569  0.846 -0.415 -1.652  0.92  -0.24  -0.159][-1.79   0.93   0.46  -0.61   0.144  0.1    0.436  0.29  -0.68  -0.6
  0.81   0.31   0.5    0.43   0.35   0.16   1.162 -0.81  -0.494 -0.35
  0.903 -0.2   -0.77  -0.77  -0.181 -0.19   0.83   0.02  -0.4    0.5
  0.165  0.86   0.99  -0.034  0.45  -1.355  1.593 -1.     0.01  -0.49
  0.545 -0.34   0.923 -1.29  -1.325  0.83  -1.381 -1.447  0.64   0.59
  2.017  1.06  -1.433 -0.51   0.521 -1.054  0.91   0.46   0.43  -0.55
 -1.38   0.62  -0.81   0.57   0.41   0.15  -0.98   0.23  -0.4   -1.265
  0.2   -0.97  -1.02  -0.03  -0.21   0.879  0.07  -0.865 -0.32   0.566
 -0.42  -1.457 -0.76  -0.19   0.846 -0.415 -2.082  0.92  -1.066 -0.544][-1.79   0.93   0.46  -0.61  -0.6    0.1    0.436  0.29  -0.099 -0.38
  0.81   0.31   0.5    0.43   0.35   0.16  -0.27  -0.81   0.48  -0.35
  0.4   -0.2   -0.77  -0.77  -0.181 -0.19   0.83   0.02  -0.4    0.5
  0.1    0.86   0.342 -0.034  0.45  -1.355  1.593 -1.     0.01  -0.49
  0.92  -0.34   0.923 -1.29  -2.191  0.83  -1.381 -1.548  0.64   0.463
  1.112  1.06  -1.274 -0.51   0.42  -0.98   0.91   0.46   0.43  -0.55
 -1.38   0.301 -0.81   0.57   0.974  0.15  -0.98   0.23  -0.4   -1.265
  0.2   -0.823 -1.02  -0.03  -0.21   0.879  0.07  -0.43  -0.32   0.59
 -0.42  -1.457 -0.76  -0.19   0.846 -0.415 -1.652  0.92  -1.066 -0.544][-0.84   0.93   0.46  -0.61   0.144  0.151  0.436  0.29  -0.68  -0.38
  0.802  0.31   0.5    0.43   0.35   0.16  -0.27  -0.81  -0.494 -0.35
  0.626 -0.2   -0.77   0.174 -0.181 -0.19   0.83   0.02  -0.4    0.5
  0.165  0.86   0.342 -0.034  0.45  -1.355  1.483 -1.     0.01  -0.49
  0.545 -0.34   0.923 -1.29  -2.191  0.83  -1.381 -1.548  0.64   0.463
  2.017  1.06  -1.274 -0.51   0.42  -0.98   0.91   0.46   0.43  -0.55
 -1.38   0.62  -0.81   0.57   0.41   0.15  -0.98   0.23  -0.4   -1.265
  0.257 -0.97  -1.02  -0.503 -0.21   0.879  0.07  -0.076 -0.32   0.59
 -0.42  -0.89  -1.248 -0.19   0.507 -0.415 -2.082  0.92  -1.066 -0.544][-0.84   0.93   0.46  -0.61   0.144  0.1    0.436  0.29  -0.68  -0.38
  0.802  0.31   0.412  0.43   0.35   0.16  -0.27  -0.81  -0.494 -0.35
  0.626 -0.2   -0.77  -1.504 -0.181 -0.19   0.83   0.281 -0.4    1.113
  0.165  0.86   0.99  -0.034  0.45  -1.355  1.483 -1.     0.01  -0.49
  0.545 -0.34   0.923 -0.462 -2.191  0.83  -1.381 -1.447  0.64   0.59
  1.112  1.06  -1.274 -0.51   0.42  -0.98   0.91   1.324  1.355 -0.55
 -1.38   0.62  -0.81   0.894  0.41   0.15  -0.98   0.23  -0.4   -1.265
  0.2   -0.97  -1.02  -0.503 -0.21   0.879  0.07  -0.865 -0.32   0.59
 -0.42  -0.89  -0.76  -0.19   0.507 -0.415 -2.082  0.92  -1.066 -0.159][-1.79   0.93   0.46  -0.61  -0.6    0.1    0.436  0.29  -0.68  -0.38
  0.802  0.31   0.5    0.43   0.35   0.16  -0.27  -0.81  -0.494 -0.35
  0.626 -0.2   -0.77  -0.77  -0.181 -0.19   0.83   0.281 -0.4    1.113
  0.165  0.86   0.99  -0.034  0.45  -1.355  1.593 -1.     0.01  -0.49
  0.545 -0.34   0.923 -1.29  -1.325  0.83  -1.    -1.447  0.64   0.463
  1.112  1.06  -1.433 -0.51   0.42  -0.98   0.91   0.46   0.43  -0.55
 -1.38   0.62  -0.81   0.57   0.41   0.15  -0.98   0.23  -0.4   -1.265
  0.2   -0.97  -1.02  -0.03  -0.21  -0.068  0.07  -0.076 -0.32   0.566
 -0.42  -0.89  -0.76  -0.19   0.846 -0.415 -2.082  0.146 -1.066 -0.544][-1.79   0.93   0.46  -0.61   0.144  0.151  0.436  0.29  -0.68  -0.38
  0.81   0.31   0.5    0.43   0.35   0.16  -0.27  -0.81  -0.494 -0.35
  0.626 -0.2   -0.77  -0.77  -0.181 -0.19   0.83   0.02  -0.4    0.5
  0.1    0.86   0.342 -0.034  0.45  -1.355  1.593 -1.     0.01  -0.49
  0.92  -0.34   0.923 -1.29  -2.191  0.83  -1.    -1.548  0.64   0.547
  1.112  1.06  -1.274 -0.51   0.42  -0.98   1.347  0.46   1.355 -0.55
 -1.917  0.62  -0.81   0.57   0.41   0.15  -0.98   0.23  -0.4   -1.265
  0.257 -0.97  -1.02  -0.03  -0.21   0.879  0.12  -0.435 -0.32   0.566
 -0.42  -0.89  -0.76  -0.19   0.846 -0.734 -1.652  0.92  -1.066 -0.544][-0.84   0.93   0.46  -0.61   0.144  0.1    0.436  0.29  -0.68  -0.38
  0.802  0.31   0.5    0.43   0.35   0.16  -0.27  -0.81  -0.494 -0.26
 -0.502 -0.2   -0.77  -1.504 -0.181 -0.19   0.83   0.02  -0.4    0.5
  0.165  0.86   0.342 -0.034  0.45  -1.355  1.483 -1.     0.01  -0.49
  0.545 -0.34   0.923 -0.462 -2.191  0.83  -1.381 -1.548  0.64   0.59
  2.017  1.06  -1.274 -0.51   0.42  -0.98   0.91   0.46   1.355 -0.55
 -1.38   0.62  -1.036  0.894  0.41   0.15  -0.98   0.23  -0.4   -1.265
  0.257 -0.97  -1.02  -0.03  -0.21   0.879  0.07  -0.865 -0.32   0.59
 -0.42  -1.457 -0.76  -0.19   0.846 -0.415 -2.082  0.92  -1.066 -0.544][-1.79   0.93   0.46  -0.61   0.144  0.151  0.436  0.29  -0.68  -0.6
  0.81   0.31   0.5    0.43   0.35   0.16   1.162 -0.81   0.48  -0.35
  0.4   -0.2   -0.77  -0.77  -0.181 -0.19   0.83   0.02  -0.4    0.5
 -0.912  0.86   0.99  -0.034  0.45  -1.355  0.924 -1.     0.01  -0.49
  0.92  -0.34   0.923 -1.29  -2.191  0.83  -1.381 -1.447  0.64   0.433
  1.112  1.06  -1.433 -0.51   0.42  -0.98   1.347  0.46   1.355 -0.55
 -1.917  0.62  -0.81   0.894  0.41   0.15  -0.98   0.23  -0.4   -1.265
  0.257 -0.97  -1.02  -0.03  -0.21   0.879  0.07  -0.435 -0.32   0.59
 -0.42  -1.457 -0.76  -0.19   0.846 -0.415 -2.082  0.92  -1.066 -0.544][-1.79   0.93   0.46  -0.61  -0.6    0.1    0.436  0.29  -0.68  -0.6
  0.802  0.31   0.5    0.43   0.35   0.16   1.162 -0.81   0.48  -0.35
  0.626 -0.2   -0.77  -0.77  -0.181 -0.19   0.83   0.02  -0.4    0.5
 -0.912  0.86   0.99  -0.034  0.45  -1.355  1.483 -1.     0.01  -0.49
  0.92  -0.34   0.923 -1.29  -1.325  0.83  -1.    -1.548  0.64   0.433
  1.112  1.06  -1.433 -0.51   0.773 -0.98   1.347  0.46   1.355 -0.55
 -1.38   0.62  -0.81   0.054  0.41   0.15  -0.98   0.23  -0.4   -1.265
  0.2   -0.97  -1.02  -0.03  -0.21   0.879  0.07  -0.43  -0.32   0.566
 -0.42  -1.457 -0.76  -0.569  0.846 -0.734 -1.652  0.92  -1.066 -0.544][-1.79   0.93   0.46  -0.61   0.144  0.1    0.436  0.29  -0.68  -0.38
  0.802  0.31   0.5    0.43   0.35   0.16   1.162 -0.81   0.48  -0.35
  0.4   -0.2   -0.77  -0.77  -0.181 -0.19   0.83   0.281 -0.4    0.5
  0.165  0.86   0.99  -0.002  0.45  -1.355  1.483 -1.     0.01  -0.49
  0.92  -0.34   0.923 -1.29  -1.325  0.83  -1.    -1.548  0.64   0.59
  1.112  1.06  -1.274 -0.51   0.521 -0.98   0.91   0.46   0.43  -0.55
 -1.38   0.62  -0.81   0.57   0.41   0.15  -0.98   0.23  -0.4   -1.265
  0.2   -0.394 -0.987 -0.03  -0.21   0.879 -0.256 -0.435 -0.32   0.566
 -0.42  -0.89  -0.76  -0.569  0.846 -0.734 -1.652  0.92  -1.066 -0.159][-8.400e-01  9.300e-01  4.600e-01 -6.100e-01  1.440e-01  1.000e-01
  4.360e-01  2.900e-01 -6.800e-01 -3.800e-01  8.020e-01  3.100e-01
  5.000e-01  4.300e-01  3.500e-01  3.180e-01 -2.700e-01 -5.140e-01
  4.800e-01 -3.500e-01  4.000e-01 -2.000e-01 -7.700e-01 -7.700e-01
 -1.810e-01 -1.900e-01  8.300e-01  2.810e-01 -4.000e-01  5.000e-01
  1.000e-01 -1.320e-01  3.420e-01 -2.000e-03  4.500e-01 -1.355e+00
  1.483e+00 -1.000e+00  1.000e-02 -4.900e-01  5.450e-01 -3.400e-01
  9.230e-01 -1.290e+00 -2.191e+00  8.300e-01 -1.000e+00 -1.548e+00
  6.400e-01  5.900e-01  2.017e+00  1.060e+00 -1.274e+00 -5.100e-01
  4.200e-01 -9.800e-01  9.100e-01  4.600e-01  2.110e-01 -5.500e-01
 -1.380e+00  1.563e+00 -8.100e-01  5.700e-01  4.100e-01  1.500e-01
 -9.800e-01  2.300e-01 -4.000e-01 -1.265e+00  2.000e-01 -9.700e-01
 -1.020e+00 -3.000e-02 -2.100e-01  8.790e-01  7.000e-02 -8.650e-01
 -3.200e-01  5.900e-01 -4.200e-01 -8.900e-01 -1.021e+00 -1.900e-01
  8.460e-01 -4.150e-01 -2.082e+00  9.200e-01 -1.066e+00 -1.590e-01][-1.79   0.93   0.46  -0.61   0.144  0.151  0.436  0.29  -0.68  -0.38
  0.802  0.31   0.5    0.43   0.35   0.16  -0.27  -0.81  -0.494 -0.35
  0.626 -0.2   -0.77  -0.77  -0.181 -0.19   0.83   0.02  -0.4    0.5
  0.165  0.86   0.99  -0.034  0.45  -0.98   1.593 -1.     0.01  -0.49
  0.545 -0.34   0.923 -0.462 -1.325  0.83  -1.381 -1.548  0.64   0.463
  2.017  1.06  -1.274 -0.51   0.42  -1.054  0.91   0.46   0.43  -0.55
 -1.38   0.62  -1.257  0.894  0.41   0.15  -0.98   0.23  -0.4   -1.265
  0.257 -0.4   -1.02  -0.03  -0.21   0.879  0.07  -0.865 -0.32   0.566
 -0.42  -0.89  -1.248 -0.19   0.507 -0.734 -2.082  0.92  -1.066 -0.544][-1.790e+00  9.300e-01  4.600e-01 -6.100e-01  1.440e-01  1.510e-01
  4.360e-01  2.900e-01 -6.800e-01 -3.800e-01  8.020e-01  3.100e-01
  5.000e-01  4.300e-01  3.500e-01  1.600e-01 -2.700e-01 -8.100e-01
  4.800e-01 -3.500e-01  4.000e-01 -2.000e-01 -7.700e-01 -7.700e-01
 -1.810e-01 -1.900e-01  8.300e-01  2.000e-02 -4.000e-01  5.000e-01
  1.650e-01  8.600e-01  9.900e-01 -2.000e-03  4.500e-01 -1.355e+00
  1.593e+00 -5.800e-02  1.000e-02 -4.900e-01  5.450e-01 -3.400e-01
  9.230e-01 -1.290e+00 -2.191e+00  8.300e-01 -1.000e+00 -1.548e+00
  6.400e-01  5.900e-01  1.112e+00  1.060e+00 -1.274e+00 -5.100e-01
  5.210e-01 -9.800e-01  1.347e+00  4.600e-01  4.300e-01 -5.500e-01
 -1.380e+00  6.200e-01 -8.100e-01  5.400e-02  4.100e-01  1.500e-01
 -9.800e-01  2.300e-01 -4.000e-01 -1.265e+00  2.000e-01 -3.940e-01
 -9.870e-01 -3.000e-02 -2.100e-01  8.790e-01  1.200e-01 -4.300e-01
 -3.200e-01  5.660e-01 -4.200e-01 -8.900e-01 -7.600e-01 -1.900e-01
  8.460e-01 -7.340e-01 -2.082e+00  9.200e-01 -1.066e+00 -1.590e-01][-1.79   0.93   0.46  -0.61  -0.44   0.151  0.436  0.29  -0.68  -0.38
  0.81   0.31   0.5    0.43   0.35   0.16  -0.27  -0.81  -0.494 -0.35
  0.626 -0.2   -0.77  -1.504 -0.181 -0.19   0.83   0.02  -0.4    0.5
  0.1    0.379  0.99  -0.034  0.45  -0.98   1.593 -1.     0.01  -0.49
  0.92  -0.34   0.923 -1.29  -1.325  0.83  -1.381 -1.447  0.64   0.463
  1.112  1.06  -1.433 -0.51   0.42  -1.054  1.347  0.46   1.355 -0.55
 -1.917  0.62  -0.81   0.57   0.41   0.15  -0.98   0.23  -0.4   -1.265
  0.2   -0.4   -1.02  -0.03  -0.21   0.879  0.07  -0.43  -0.32   0.566
 -0.42  -1.457 -1.021 -0.19   0.846 -0.734 -1.652  0.92  -1.066 -0.544][-8.400e-01  9.300e-01  4.600e-01 -6.100e-01  1.440e-01  1.000e-01
  4.360e-01  2.900e-01 -6.800e-01 -3.800e-01  8.020e-01  3.100e-01
  5.000e-01  4.300e-01  3.500e-01  1.600e-01 -2.700e-01 -8.100e-01
 -4.940e-01 -3.500e-01  4.000e-01 -2.000e-01 -7.700e-01 -7.700e-01
 -1.810e-01 -1.900e-01  8.300e-01  2.000e-02 -4.000e-01  5.000e-01
  1.650e-01  8.600e-01  3.420e-01 -2.000e-03  4.500e-01 -9.800e-01
  1.483e+00 -1.000e+00  1.000e-02 -4.900e-01  5.450e-01 -3.400e-01
  9.230e-01 -4.620e-01 -2.191e+00  8.300e-01 -1.381e+00 -1.548e+00
  6.400e-01  4.630e-01  2.017e+00  1.060e+00 -1.274e+00 -5.100e-01
  4.200e-01 -9.800e-01  9.100e-01  4.600e-01  1.355e+00 -5.500e-01
 -1.380e+00  6.200e-01 -1.036e+00  8.940e-01  4.100e-01  1.500e-01
 -9.800e-01  2.300e-01 -4.000e-01 -1.265e+00  2.570e-01 -9.700e-01
 -1.020e+00 -5.030e-01 -2.100e-01  8.790e-01  7.000e-02 -8.650e-01
 -3.200e-01  5.900e-01 -4.200e-01 -8.900e-01 -7.600e-01 -1.900e-01
  5.070e-01  2.840e-01 -2.082e+00  9.200e-01 -1.066e+00 -1.590e-01][-0.84   0.93   0.46  -0.61  -0.6    0.1    0.436  0.29  -0.099 -0.38
  0.81   0.31   0.5    1.007  0.35   0.318  1.162 -0.81   0.48  -0.35
  0.626 -0.2   -0.77  -0.77  -0.181 -0.214  0.83   0.02  -0.4    0.5
  0.1    0.86   1.936 -0.034  0.45  -0.98   1.593 -1.     0.01  -0.49
  0.545 -0.34   0.923 -1.29  -2.191  0.83  -1.    -1.548  0.64   0.59
  1.112  1.06  -1.274 -0.51   0.42  -0.98   0.91   0.46   0.43  -0.55
 -1.38   0.301 -0.81   0.57   0.974  0.15  -0.98   0.23  -0.4   -1.265
  0.2   -0.97  -1.02  -0.503 -0.21   0.879  0.07  -0.43  -0.32   0.566
 -0.42  -0.89  -0.76  -0.19   0.846 -0.415 -2.082  0.92  -0.593 -0.544][-8.400e-01  9.300e-01  4.600e-01 -6.100e-01 -6.000e-01  1.510e-01
  4.360e-01  2.900e-01 -9.900e-02 -3.800e-01  8.020e-01  3.100e-01
  5.000e-01  4.300e-01  3.500e-01  3.180e-01 -2.700e-01 -8.100e-01
 -4.940e-01 -3.500e-01  6.260e-01 -2.000e-01 -7.700e-01 -7.700e-01
  3.020e-01 -1.900e-01  8.300e-01  2.000e-02 -4.000e-01  5.000e-01
  1.000e-01 -1.005e+00  8.760e-01 -2.000e-03  4.500e-01 -9.800e-01
  1.483e+00 -1.000e+00  1.000e-02 -4.900e-01  5.450e-01 -3.400e-01
  9.230e-01 -1.290e+00 -1.325e+00  8.300e-01 -1.000e+00 -1.548e+00
  6.400e-01  1.083e+00  1.112e+00  1.060e+00 -1.274e+00 -5.100e-01
  4.200e-01 -9.800e-01  9.100e-01  4.600e-01  4.300e-01 -5.500e-01
 -1.917e+00  6.200e-01 -8.100e-01  8.940e-01  4.100e-01  1.500e-01
 -9.800e-01  2.300e-01 -4.000e-01 -1.265e+00  2.000e-01 -9.700e-01
 -1.020e+00 -3.000e-02 -2.100e-01  8.790e-01  7.000e-02 -4.300e-01
 -3.200e-01  5.900e-01 -4.200e-01 -1.457e+00 -7.600e-01 -1.900e-01
  8.460e-01 -4.150e-01 -2.082e+00  9.200e-01 -1.066e+00 -5.440e-01][-0.84   0.93   0.46  -0.61   0.144  0.1    0.436  0.29  -0.68  -0.38
  0.81   0.31   0.5    0.43   0.35   0.16   1.162 -0.81  -0.494 -0.35
  0.626 -0.2   -0.77  -0.77  -0.181 -0.19   0.83   0.02  -0.4    0.5
 -0.912  0.86   0.99  -0.034  0.45  -0.98   2.015 -1.     0.01  -0.49
  0.92  -0.34   0.923 -1.29  -2.191  0.83  -1.    -1.447  0.64   1.083
  1.112  1.06  -1.274 -0.51   0.42  -0.98   0.91   0.46   0.43  -0.55
 -1.917  0.62  -0.81   0.57   0.41   0.15  -0.98   0.23  -0.4   -1.265
  0.2   -0.97  -1.02  -0.03  -0.21   0.879  0.07  -0.435 -0.32   0.566
 -0.42  -0.89  -0.76  -0.19   0.846 -0.415 -1.652  0.146 -0.24  -0.544][-0.84   0.93   0.46  -0.61  -0.44   0.1    0.436  0.29  -0.68  -0.38
  0.802  0.31   0.5    0.43   0.35   0.16  -1.13  -0.81   0.377 -0.35
  0.626 -0.2   -0.77  -0.77  -0.181 -0.19   0.83   0.02  -0.4    1.113
  0.165  0.86   0.99  -0.034  0.45  -1.355  1.593 -1.     0.01  -0.49
  0.545 -0.34   0.923 -1.29  -1.325  0.83  -1.    -1.447  0.64   0.59
  1.112  1.06  -1.274 -0.51   0.42  -0.98   0.91   0.46   0.43  -0.55
 -1.38   0.301 -0.81   0.57   0.974  0.15  -0.98   0.23  -0.4   -1.265
  0.2   -0.97  -1.02  -0.03  -0.21   0.879  0.07  -0.435 -0.32   0.566
 -0.42  -0.89  -0.76  -0.19   0.846 -0.415 -2.082  0.92  -1.066 -0.159][-1.790e+00  9.300e-01  4.600e-01 -6.100e-01 -6.000e-01  1.510e-01
  4.360e-01  2.900e-01 -9.900e-02 -6.000e-01  8.100e-01  3.100e-01
  5.000e-01  4.300e-01  3.500e-01  1.600e-01 -2.700e-01 -8.100e-01
  4.800e-01 -3.500e-01  6.260e-01 -2.000e-01 -7.700e-01 -7.700e-01
  3.020e-01 -1.900e-01  8.300e-01  2.000e-02 -4.000e-01  5.000e-01
  1.000e-01  8.600e-01  9.900e-01 -2.000e-03  7.880e-01 -9.800e-01
  1.483e+00 -1.000e+00  1.000e-02 -4.900e-01  9.200e-01 -3.400e-01
  9.230e-01 -1.290e+00 -1.325e+00  8.300e-01 -1.000e+00 -1.548e+00
  6.400e-01  1.083e+00  1.112e+00  1.060e+00 -1.274e+00 -5.100e-01
  4.200e-01 -9.800e-01  9.100e-01  4.600e-01  4.300e-01 -5.500e-01
 -2.792e+00  6.200e-01 -8.100e-01  5.700e-01  9.740e-01  1.500e-01
 -9.800e-01  2.300e-01 -4.000e-01 -1.265e+00  2.000e-01 -9.700e-01
 -1.020e+00 -3.000e-02 -2.100e-01  8.790e-01  7.000e-02 -4.300e-01
 -3.200e-01  5.660e-01 -4.200e-01 -8.900e-01 -7.600e-01 -1.900e-01
  8.460e-01 -4.150e-01 -1.652e+00  9.200e-01 -1.066e+00 -5.440e-01][-8.400e-01  9.300e-01  4.600e-01 -6.100e-01  1.440e-01  1.510e-01
  4.360e-01  2.900e-01 -6.800e-01 -3.800e-01  8.020e-01  3.100e-01
  5.000e-01  4.300e-01  3.500e-01  1.600e-01 -2.700e-01 -8.100e-01
 -4.940e-01 -3.500e-01  6.260e-01 -2.000e-01 -7.700e-01 -1.504e+00
 -1.810e-01 -1.900e-01  8.300e-01  2.000e-02 -4.000e-01  5.000e-01
  1.650e-01  8.600e-01  3.420e-01 -2.000e-03  4.500e-01 -1.355e+00
  1.593e+00 -1.000e+00  1.000e-02 -6.380e-01  5.450e-01 -3.400e-01
  9.230e-01 -4.620e-01 -2.191e+00  8.300e-01 -1.000e+00 -1.548e+00
  6.400e-01  5.900e-01  1.112e+00  1.060e+00 -1.274e+00 -5.100e-01
  4.200e-01 -9.800e-01  1.347e+00  4.600e-01  1.355e+00 -5.500e-01
 -1.380e+00  6.200e-01 -8.100e-01  5.700e-01  4.100e-01  1.500e-01
 -9.800e-01  2.300e-01 -4.000e-01 -1.265e+00  2.570e-01 -9.700e-01
 -1.020e+00 -5.030e-01 -2.100e-01  8.790e-01  7.000e-02 -8.650e-01
 -3.200e-01  5.900e-01 -4.200e-01 -8.900e-01 -7.600e-01 -1.900e-01
  5.070e-01 -7.340e-01 -2.082e+00  9.200e-01 -1.066e+00 -1.590e-01][-0.84   0.93   0.46  -0.61   0.144  0.1    0.436  0.29  -0.68  -0.38
  0.802  0.31   0.412  0.43   0.35   0.318 -0.27  -0.81  -0.494 -0.35
  0.626 -0.2   -0.77  -1.504 -0.181 -0.19   0.83   0.02  -0.4    0.5
  0.1    0.86   0.342 -0.034  0.45  -0.98   1.483 -1.     0.01  -0.49
  0.545 -0.34   0.923 -1.29  -2.191  0.83  -1.    -1.548  0.64   0.463
  2.017  1.06  -1.274 -0.51   0.42  -0.98   0.91   0.46   1.355 -0.55
 -1.38   0.62  -0.81   0.894  0.41   0.15  -0.98   0.23  -0.4   -1.265
  0.257 -0.97  -1.02  -0.03  -0.21   0.879  0.07  -0.865 -0.32   0.778
 -0.42  -0.89  -0.76  -0.19   0.507 -0.415 -2.082  0.92  -1.066 -0.159][-0.84   0.93   0.46  -0.61   0.144  0.151  0.436  0.29  -0.68  -0.765
  0.81   0.31   0.5    0.43   0.35   0.16  -0.27  -0.81  -0.392 -0.35
  0.626 -0.2   -0.77  -0.77  -0.181 -0.19   0.83   0.02  -0.4    0.5
  0.165  0.86   0.99  -0.034  0.45  -0.98   1.593 -1.     0.01  -0.49
  0.545 -0.34   0.923 -1.29  -1.325  0.83  -1.    -1.447  0.64   0.463
  2.017  1.06  -1.274 -0.51   0.42  -0.98   0.91   0.46   0.43  -0.55
 -1.38   0.301 -0.81   0.57   0.41   0.15  -0.98   0.23  -0.4   -1.265
  0.2   -0.4   -1.02  -0.03  -0.21   0.879  0.07  -0.865 -0.32   0.566
 -0.42  -0.89  -0.76  -0.19   0.846 -0.415 -2.082  0.92  -1.066 -0.544][-1.589  0.93   0.46  -0.61   0.144  0.1    0.436  0.29  -0.68  -0.38
  0.802  0.31   0.5    0.43   0.35   0.16  -0.27  -0.81  -0.494 -0.35
  0.626 -0.2   -0.77  -0.77  -0.181 -0.19   0.83   0.281 -0.4    0.5
  0.1   -0.132  0.342 -0.034  0.45  -1.355  1.483 -1.     0.01  -0.49
  0.545 -0.34   0.923 -1.29  -2.191  0.83  -1.    -1.548  0.64   0.59
  2.017  1.06  -1.274 -0.51   0.42  -0.98   0.91   0.46   0.43  -0.55
 -1.38   0.62  -0.81   0.57   0.41   0.15  -0.601  0.23  -0.4   -1.265
  0.257 -0.97  -1.02  -0.03  -0.21   0.879  0.07  -0.43  -0.32   0.59
 -0.42  -1.457 -1.021 -0.19   0.846 -0.415 -2.082  0.92  -1.066 -0.159][-0.84   0.93   0.46  -0.61  -0.6    0.1    0.436  0.29  -0.68  -0.38
  0.81   0.31   0.5    0.43   0.35   0.318 -0.27  -0.81   0.48  -0.35
  0.626 -0.2   -0.77  -1.504 -0.181 -0.19   0.83   0.02  -0.4    0.5
  0.1    0.86   0.342 -0.002  0.45  -0.98   1.483 -1.     0.01  -0.49
  0.545 -0.34   0.923 -1.29  -1.325  0.83  -1.    -1.548  0.64   0.463
  1.112  1.06  -1.274 -0.51   0.42  -0.98   0.91   0.46   0.43  -0.55
 -1.917  0.62  -0.81   0.57   0.41   0.15  -0.98   0.23  -0.4   -1.265
  0.2   -0.97  -1.02  -0.03  -0.21   0.273  0.07  -0.43  -0.32   0.566
 -0.42  -1.457 -0.76  -0.19   0.846 -0.415 -1.652  0.92  -1.066 -0.544][-1.790e+00  9.300e-01  4.600e-01 -6.100e-01 -6.000e-01  1.510e-01
  4.360e-01  2.900e-01 -9.900e-02 -3.800e-01  8.100e-01  3.100e-01
  5.000e-01  4.300e-01  3.500e-01  3.180e-01 -2.700e-01 -8.100e-01
  4.800e-01 -3.500e-01  4.000e-01 -2.000e-01 -7.700e-01 -7.700e-01
 -1.810e-01 -1.900e-01  8.300e-01  2.000e-02 -4.000e-01  5.000e-01
 -9.120e-01  8.600e-01  9.900e-01 -2.000e-03  4.500e-01 -1.355e+00
  1.483e+00 -1.000e+00  1.000e-02 -4.900e-01  5.450e-01 -3.400e-01
  9.230e-01 -1.290e+00 -2.191e+00  8.300e-01 -1.000e+00 -1.548e+00
  6.400e-01  4.630e-01  1.112e+00  1.060e+00 -1.274e+00 -5.100e-01
  4.200e-01 -9.800e-01  9.100e-01  4.600e-01  2.110e-01 -5.500e-01
 -1.917e+00  6.200e-01 -8.100e-01  8.940e-01  4.100e-01  1.500e-01
 -9.800e-01  2.300e-01 -4.000e-01 -1.265e+00  2.570e-01 -9.700e-01
 -1.020e+00 -3.000e-02 -2.100e-01  8.790e-01  7.000e-02 -9.100e-01
 -3.200e-01  5.660e-01 -4.200e-01 -8.900e-01 -7.600e-01 -1.900e-01
  8.460e-01 -4.150e-01 -2.082e+00  9.200e-01 -2.400e-01 -5.440e-01][-0.84   0.93   0.46  -0.61   0.144  0.1    0.436  0.29  -0.68  -0.38
  0.802  0.31   0.5    1.007  0.35   0.318 -1.13  -0.81  -0.494 -0.35
  0.4   -0.2   -0.77  -1.504 -0.181 -0.19   0.83   0.02  -0.4    0.5
 -0.912  0.86   0.342 -0.034  0.45  -1.355  1.483 -1.     0.01  -0.49
  0.545 -0.34   0.923 -1.29  -1.739  0.83  -1.    -0.828  0.64   0.463
  1.112  1.06  -0.78  -0.51   0.42  -0.98   0.91   0.46   0.43  -0.55
 -1.38   0.62  -0.81   0.894  0.41   0.15  -0.98   0.23  -0.4   -1.265
  0.257 -0.97  -1.02  -0.03  -0.21   0.879  0.07  -0.435 -0.061  0.59
 -0.42  -1.457 -1.021 -0.19   0.846 -0.415 -2.082  0.92  -1.066 -0.159][-1.790e+00  9.300e-01  1.065e+00 -6.100e-01  1.440e-01  1.000e-01
  4.360e-01  2.900e-01 -6.800e-01 -3.800e-01  8.100e-01  3.100e-01
  5.000e-01  4.300e-01  3.500e-01  3.180e-01 -2.700e-01 -8.100e-01
 -4.940e-01 -3.500e-01  4.000e-01 -2.000e-01 -7.700e-01 -7.700e-01
 -1.810e-01 -1.900e-01  8.300e-01  2.000e-02 -4.000e-01  5.000e-01
  1.000e-01 -1.320e-01  8.760e-01 -2.000e-03  4.500e-01 -1.355e+00
  1.593e+00 -1.000e+00  1.000e-02 -4.900e-01  5.450e-01 -3.400e-01
  9.230e-01 -1.290e+00 -2.191e+00  8.300e-01 -1.381e+00 -1.548e+00
  6.400e-01  4.630e-01  2.017e+00  1.060e+00 -1.274e+00 -5.100e-01
  4.200e-01 -9.800e-01  9.100e-01  4.600e-01  2.110e-01 -5.500e-01
 -1.380e+00  6.200e-01 -8.100e-01  5.700e-01  4.100e-01  1.500e-01
 -9.800e-01  2.300e-01 -4.000e-01 -1.265e+00  2.000e-01 -9.700e-01
 -1.020e+00 -3.000e-02 -2.100e-01  8.790e-01  7.000e-02 -1.615e+00
 -3.200e-01  5.660e-01 -4.200e-01 -1.457e+00 -7.600e-01 -1.900e-01
  8.460e-01 -4.150e-01 -2.082e+00  9.200e-01 -1.066e+00 -1.590e-01][-0.84   0.93   0.46  -0.61  -0.6    0.1    0.436  0.29  -0.68  -0.38
  0.802  0.31   0.412  0.43   0.35   0.318 -0.27  -0.81  -0.494 -0.35
  0.626 -0.2   -0.77  -0.369 -0.181 -0.19   0.83   0.281 -0.4    1.113
  0.1    0.86   0.876 -0.034  0.45  -1.355  1.593 -1.     0.01  -0.49
  0.545 -0.34   0.923 -1.29  -2.191  0.83  -1.    -1.447  0.64   0.59
  2.017  1.06  -1.274 -0.51   0.42  -0.98   1.347  0.46   0.43  -0.55
 -1.38   0.301 -0.81   0.57   0.41   0.15  -0.98   0.23  -0.4   -1.265
  0.2   -0.97  -1.02  -0.03  -0.21   0.879  0.07  -0.865 -0.32   0.566
 -0.42  -0.89  -0.76  -0.19   0.846 -0.415 -2.082  0.92  -1.066 -0.544][-8.400e-01  9.300e-01  4.600e-01 -6.100e-01 -6.000e-01  1.510e-01
  4.360e-01  2.900e-01 -9.900e-02 -3.800e-01  8.100e-01  3.100e-01
  5.000e-01  4.300e-01  3.500e-01  3.180e-01 -2.700e-01 -8.100e-01
  4.800e-01 -3.500e-01  6.260e-01 -2.000e-01 -7.700e-01 -7.700e-01
  3.020e-01 -1.900e-01  8.300e-01  2.000e-02 -4.000e-01  5.000e-01
  1.000e-01 -1.320e-01  8.760e-01 -2.000e-03  4.500e-01 -9.800e-01
  1.483e+00 -5.680e-01  1.000e-02 -4.900e-01  5.450e-01 -3.400e-01
  9.230e-01 -1.290e+00 -1.325e+00  8.300e-01 -1.000e+00 -1.548e+00
  6.400e-01  1.083e+00  2.017e+00  1.060e+00 -1.274e+00 -5.100e-01
  4.200e-01 -9.800e-01  9.100e-01  4.600e-01  4.300e-01 -5.500e-01
 -1.917e+00  6.200e-01 -8.100e-01  8.940e-01  4.100e-01  1.500e-01
 -9.800e-01  2.300e-01 -4.000e-01 -1.265e+00  2.000e-01 -9.700e-01
 -1.020e+00 -3.000e-02 -2.100e-01  8.790e-01  7.000e-02 -4.300e-01
 -3.200e-01  5.660e-01 -4.200e-01 -1.457e+00 -7.600e-01 -1.900e-01
  8.460e-01 -4.150e-01 -2.082e+00  9.200e-01 -1.066e+00 -1.590e-01][-1.79   0.93   0.46  -0.61  -0.44   0.151  0.436  0.29  -0.68  -0.38
  0.81   0.31   0.412  0.43   0.35   0.16   1.162 -0.81  -0.494 -0.35
  0.626 -0.2   -0.77  -1.504 -0.181 -0.19   0.83   0.02  -0.4    0.5
  0.1    0.86   0.99  -0.002  0.45  -0.98   1.483 -1.583  0.01  -0.49
  0.545  0.03   0.923 -1.29  -1.325  0.83  -1.381 -1.548  0.64   0.463
  1.112  1.06  -1.274 -0.51   0.42  -0.98   0.91   0.46   1.355 -0.55
 -1.917  0.62  -1.036  0.57   0.41   0.15  -0.98   0.23  -0.4   -1.265
  0.257 -0.97  -0.987 -0.03  -0.21   0.879  0.07  -0.865 -0.32   0.59
 -0.42  -0.89  -1.021 -0.19   0.507 -0.734 -1.652  0.92  -1.453 -0.544][-1.790e+00  9.300e-01  4.600e-01 -6.100e-01 -6.000e-01  1.000e-01
  4.360e-01  2.900e-01 -6.800e-01 -3.800e-01  8.020e-01  3.100e-01
  4.120e-01  4.300e-01  3.500e-01  3.180e-01  1.162e+00 -8.100e-01
 -4.940e-01 -3.500e-01  6.260e-01 -2.000e-01 -7.700e-01 -7.700e-01
 -1.810e-01 -1.900e-01  8.300e-01  2.810e-01 -4.000e-01  5.000e-01
  1.650e-01  8.600e-01  9.900e-01 -2.000e-03  4.500e-01 -9.800e-01
  1.593e+00 -1.000e+00  1.000e-02 -4.900e-01  9.200e-01  2.980e-01
  9.230e-01 -1.290e+00 -1.325e+00  8.300e-01 -1.000e+00 -1.548e+00
  6.400e-01  4.630e-01  1.112e+00  1.060e+00 -1.274e+00 -5.100e-01
  4.200e-01 -9.800e-01  9.100e-01  4.600e-01  4.300e-01 -5.500e-01
 -1.380e+00  3.010e-01 -8.100e-01  5.700e-01  4.100e-01  1.500e-01
 -9.800e-01  2.300e-01 -4.000e-01 -1.265e+00  2.000e-01 -9.700e-01
 -1.020e+00 -5.030e-01 -2.100e-01  8.790e-01  7.000e-02 -8.650e-01
 -3.200e-01  5.660e-01 -4.200e-01 -8.900e-01 -7.600e-01 -5.690e-01
  5.070e-01 -4.150e-01 -2.082e+00  9.200e-01 -1.066e+00 -5.440e-01][-1.79   0.93   0.46  -0.61   0.144  0.151  0.436  0.29  -0.099 -0.6
  0.81   0.31   0.5    0.43   0.35   0.16  -0.27  -0.81   0.48  -0.35
  0.626 -0.2   -0.77  -0.77  -0.181 -0.19   0.83   0.02  -0.4    0.5
  0.165  0.86   0.99  -0.034  1.032 -0.98   1.483 -1.     0.01  -0.49
  0.92  -0.34   0.923 -1.29  -1.325  0.83  -1.381 -1.447  0.64   1.083
  2.017  1.06  -1.433 -0.51   0.42  -0.98   0.91   0.46   0.43  -0.55
 -2.792  0.62  -0.81   0.57   0.974  0.15  -0.98   0.23  -0.4   -1.265
  0.2   -0.97  -1.02  -0.03  -0.529  0.879  0.07  -0.43  -0.32   0.566
 -0.42  -0.89  -1.248 -0.19   0.846 -0.734 -1.652  0.92  -1.066 -0.544][-1.79   0.93   0.46  -0.61   0.144  0.1    0.436  0.29  -0.68  -0.6
  0.81   0.31   0.5    0.43   0.35   0.16   1.162 -0.81  -0.494 -0.35
  0.626 -0.2   -0.77  -1.504 -0.181 -0.19   0.83   0.02  -0.4    0.5
 -0.912  0.86   0.99  -0.034  0.45  -1.355  1.593 -1.     0.01  -0.49
  0.545 -0.34   0.923 -1.29  -2.191  0.83  -1.381 -1.548  0.64   0.59
  1.112  1.06  -1.274 -0.51   0.42  -0.98   1.347  0.46   1.355 -0.55
 -1.38   0.62  -0.81   0.57   0.41  -0.822 -0.98   0.23  -0.4   -1.265
  0.2   -0.97  -1.02  -0.03  -0.21   0.879  0.07  -0.435 -0.32   0.566
 -0.42  -1.457 -0.76  -0.19   0.846 -0.734 -2.082  0.92  -1.066 -0.544][-1.79   0.93   0.46  -0.61  -0.6    0.151  0.436  0.29  -0.099 -0.6
  0.81   0.31   0.5    0.43   0.35  -0.088  1.162 -0.81   0.48  -0.35
  0.626 -0.2   -0.77  -0.77  -0.181 -0.19   0.83   0.02  -0.4    0.5
  0.1    0.86   0.99  -0.002  0.45  -0.98   1.483 -1.583  0.01  -0.49
  0.92   0.03   0.923 -1.29  -1.325  0.83  -1.381 -1.548  0.64   1.083
  1.112  1.06  -1.274 -0.51   0.42  -0.98   0.91   0.46   0.43  -0.55
 -1.917  0.62  -0.81   0.57   0.41   0.15  -0.98   0.23  -0.4   -1.265
  0.2   -0.97  -0.987 -0.03  -0.21   0.879  0.07  -0.865 -0.32   0.59
 -0.42  -0.89  -0.76  -0.19   0.846 -0.734 -1.652  0.92  -1.066 -0.544][-8.400e-01  9.300e-01  4.600e-01 -6.100e-01  1.440e-01  1.000e-01
  4.360e-01  2.900e-01 -6.800e-01 -3.800e-01  8.020e-01  3.100e-01
  5.000e-01  4.300e-01  3.500e-01  3.180e-01 -1.130e+00 -8.100e-01
 -4.940e-01 -3.500e-01  6.260e-01 -2.000e-01 -7.700e-01 -1.504e+00
 -1.810e-01 -1.900e-01  8.300e-01  2.810e-01 -4.000e-01  1.113e+00
  1.000e-01  8.600e-01  9.900e-01 -2.000e-03  4.500e-01 -1.355e+00
  1.483e+00 -1.000e+00  1.000e-02 -4.900e-01  5.450e-01 -3.400e-01
  9.230e-01 -1.290e+00 -1.325e+00  8.300e-01 -1.000e+00 -1.548e+00
  6.400e-01  5.900e-01  1.112e+00  1.060e+00 -1.274e+00 -5.100e-01
  4.200e-01 -9.800e-01  9.100e-01  4.600e-01  2.110e-01 -5.500e-01
 -1.380e+00  6.200e-01 -8.100e-01  8.940e-01  4.100e-01  1.500e-01
 -9.800e-01  2.300e-01 -4.000e-01 -1.265e+00  2.000e-01 -9.700e-01
 -1.020e+00 -3.000e-02 -2.100e-01  8.790e-01  7.000e-02 -4.350e-01
 -3.200e-01  5.900e-01 -4.200e-01 -1.457e+00 -1.382e+00 -1.900e-01
  8.460e-01 -4.150e-01 -2.082e+00  1.460e-01 -1.066e+00 -1.590e-01][-1.79   0.93   0.46  -0.61  -0.6    0.151  0.436  0.29  -0.099 -0.6
  0.81   0.31   0.5    0.43   0.35   0.16   1.162 -0.81   0.48  -0.35
  0.626 -0.2   -0.77  -0.77  -0.181 -0.19   0.83   0.02  -0.4    0.5
  0.1    0.011  0.99  -0.002  0.45  -0.98   1.483 -1.     0.01  -0.49
  0.92  -0.34   0.923 -1.29  -1.325  0.83  -1.    -1.548  0.64   1.083
  1.112  1.06  -1.274 -0.51   0.42  -0.98   0.91   0.46   0.43  -0.55
 -1.917  0.62  -0.81   0.57   0.41   0.15  -0.98   0.23  -0.4   -1.265
  0.2   -0.97  -1.02  -0.03  -0.21   0.879  0.07  -0.43  -0.32   0.566
 -0.42  -0.89  -0.76  -0.19   0.846 -0.415 -0.774  0.92  -1.066 -0.544][-0.84   0.93   0.46  -0.61   0.144  0.1    0.436  0.29  -0.099 -0.38
  0.802  0.31   0.5    0.43   0.35   0.16  -1.13  -0.81  -0.494  0.642
  0.4   -0.2   -0.77  -0.77  -0.181 -0.19   0.83   0.02  -0.4    0.5
  0.1    0.86   0.342 -0.034  0.45  -1.355  1.593 -1.     0.01  -0.49
  0.92  -0.34   0.923 -1.29  -2.191  0.83  -1.    -1.447  0.64   0.59
  1.112  1.06  -1.274 -0.51   0.42  -0.98   0.91   0.46   0.43  -0.55
 -1.38   0.301 -0.81   0.57   0.974  0.15  -0.98   0.23  -0.4   -1.265
  0.2   -0.97  -1.02  -0.03  -0.21   0.879  0.07  -0.43  -0.32   0.566
 -0.42  -0.89  -0.76  -0.19   0.846 -0.415 -1.652  0.146 -1.066 -0.544][-8.400e-01  9.300e-01  4.600e-01 -6.100e-01  1.440e-01  1.000e-01
  4.360e-01  2.900e-01 -6.800e-01 -3.800e-01  8.020e-01  3.100e-01
  5.000e-01  4.300e-01  3.500e-01  1.600e-01  1.162e+00 -8.100e-01
 -4.940e-01 -3.500e-01  4.000e-01 -2.000e-01 -7.700e-01 -7.700e-01
 -1.810e-01 -1.900e-01  8.300e-01  2.000e-02 -4.000e-01  5.000e-01
 -9.120e-01  8.600e-01  1.936e+00 -2.000e-03  4.500e-01 -1.355e+00
  1.593e+00 -1.000e+00  1.000e-02 -4.900e-01  9.200e-01 -3.400e-01
  9.230e-01 -1.290e+00 -2.191e+00  8.300e-01 -1.381e+00 -1.548e+00
  6.400e-01  5.900e-01  1.112e+00  1.060e+00 -1.274e+00 -5.100e-01
  4.200e-01 -9.800e-01  9.100e-01  4.600e-01  2.110e-01 -5.500e-01
 -1.380e+00  3.010e-01 -8.100e-01  5.700e-01  1.341e+00  1.500e-01
 -9.800e-01  2.300e-01 -4.000e-01 -1.265e+00  2.570e-01 -9.700e-01
 -1.020e+00 -3.000e-02 -2.100e-01  8.790e-01  7.000e-02 -4.350e-01
 -3.200e-01  5.660e-01 -4.200e-01 -8.900e-01 -7.600e-01 -1.900e-01
  8.460e-01 -4.150e-01 -1.652e+00  9.200e-01 -1.066e+00 -5.440e-01][-1.79   0.93   0.46  -0.61   0.144  0.755  0.436  0.29  -0.099 -0.6
  0.81   0.31   0.5    0.43   0.35   0.16  -0.27  -0.81   0.48  -0.35
  0.626 -0.2   -0.77  -0.77  -0.181 -0.19   0.83   0.02  -0.4    0.5
  0.1    0.86   0.342 -0.034  0.45  -1.355  1.593 -1.     0.01  -0.49
  0.92  -0.34   0.923 -1.29  -1.325  0.83  -1.    -1.548  0.64   0.59
  1.112  1.06  -1.274 -0.51   0.42  -0.98   1.347  0.46   0.43  -0.55
 -2.792  0.62  -0.81   0.57   0.41   0.15  -0.601  0.23  -0.4   -1.265
  0.2   -0.97  -1.02  -0.03  -0.21   0.879  0.07  -0.43  -0.32   0.566
 -0.42  -0.89  -0.76  -0.19   0.846 -0.415 -2.082  0.92  -1.066 -0.544][-1.79   0.93   0.46  -0.61   0.144  0.151  0.436  1.034 -0.68  -0.38
  0.81   0.31   0.5    1.007  0.35   0.16  -1.13  -0.81   0.48  -0.35
  0.626 -0.2   -0.77  -0.77  -0.181 -0.19   0.83   0.02  -0.4    0.5
  0.1    0.86   0.342 -0.034  1.032 -1.355  1.483 -1.     0.01  -0.49
  0.545 -0.34   0.923 -1.29  -1.739  0.83  -1.    -1.548  0.64   1.083
  2.017  1.06  -0.78  -0.51   0.42  -0.98   0.91   0.46   0.43  -0.55
 -1.38   0.62  -0.81   0.57   0.974  0.15  -0.98   0.23  -0.4   -1.265
  0.2   -0.97  -1.02  -0.03  -0.21   0.879  0.07  -0.43  -0.32   0.566
 -0.42  -0.89  -1.021 -0.19   0.846 -0.415 -1.652  0.92  -1.066 -0.159][-1.79   0.93   1.065 -0.61   0.144  0.1    0.436  0.29  -0.68  -0.38
  0.81   0.31   0.5    0.43   0.35   0.16  -0.27  -0.81   0.48  -0.35
  0.626 -0.2   -0.77  -1.504 -0.181 -0.19   0.83   0.02  -0.4    0.5
  0.165  0.86   0.99  -0.034  0.45  -1.355  1.483 -1.     0.01  -0.49
  0.545 -0.34   0.923 -0.462 -1.325  0.83  -1.381 -1.548  0.64   0.463
  1.7    1.06  -1.274 -0.51   0.42  -0.98   0.91   0.46   0.43  -0.55
 -1.917  0.62  -0.81   0.894  0.41   0.15  -0.98   0.23  -0.4   -1.265
  0.257 -0.97  -1.02  -0.503 -0.21   0.879  0.07  -0.865 -0.32   0.566
 -0.42  -1.457 -0.76  -0.19   0.846 -0.415 -2.082  0.92  -1.066 -0.159][-1.79   0.93   1.065 -0.61   0.144  0.151  0.436  0.29  -0.68  -0.6
  0.81   0.31   0.5    0.43   0.35   0.16   1.162 -0.81   0.48  -0.35
  0.626 -0.2   -0.77  -0.77  -0.181 -0.19   0.83   0.02  -0.4    0.5
  0.165  0.86   0.99  -0.034  0.45  -1.355  1.593 -1.     0.01  -0.49
  0.545 -0.34   0.923 -1.29  -1.325  0.83  -1.381 -1.548  0.64   0.59
  2.017  1.06  -1.433 -0.51   0.42  -1.054  0.91   0.46   0.43  -0.55
 -1.38   0.62  -0.81   0.57   0.41   0.15  -0.98   0.23  -0.4   -1.265
  0.2   -0.97  -1.02  -0.03  -0.21   0.879  0.07  -0.865 -0.32   0.566
 -0.42  -1.457 -0.76  -0.19   0.846 -0.734 -2.082  0.92  -1.094 -0.544][-1.79   0.93   0.46  -0.61  -0.6    0.151  0.436  0.29  -0.099 -0.38
  0.802  0.31   0.5    0.43   0.35   0.16  -1.13  -0.81  -0.494 -0.35
  0.626 -0.2   -0.77  -0.77   0.302 -0.19   0.83   0.02  -0.4    0.5
  0.1    0.011  0.99  -0.002  0.45  -1.355  1.593 -1.     0.01  -0.49
  0.545 -0.34   0.923 -1.29  -1.325  0.83  -1.    -1.548  0.64   0.59
  1.112  1.06  -1.274 -0.51   0.42  -0.98   0.91   0.46   0.43  -0.55
 -1.38   0.62  -0.81   0.57   0.41   0.15  -0.839  0.23  -0.4   -1.265
  0.2   -0.97  -1.02  -0.03  -0.21   0.879  0.07  -0.43  -0.32   0.566
 -0.42  -0.89  -0.76  -0.19   0.846 -0.415 -1.652  0.92  -1.066 -0.544]