[-0.84 -0.89  0.86 -0.61 -0.6   0.1  -0.29  0.29 -0.68 -0.38  0.81  0.96
  0.5  -0.74  0.36  0.16  0.62 -0.81 -0.83  0.66 -0.4  -0.68 -0.08  0.8
 -0.3   0.31  0.6   0.02 -0.4   0.5   0.1  -0.37 -0.88  0.41 -0.57 -0.24
  0.95 -0.27  0.01 -0.05  0.92  0.75 -0.27  0.85 -0.86  0.51 -0.3  -0.85
  0.97  0.23  0.78  0.26 -0.78 -0.51  0.42  0.2   0.63  0.46  0.43 -0.45
 -0.76  0.62 -0.37 -0.23  0.41  0.15 -0.58  0.23 -0.65 -0.48  0.39  0.06
 -0.64 -0.03 -0.21 -0.58  0.96  0.08 -0.32  0.59 -0.42 -0.24 -0.23 -0.19
  0.08 -0.22 -0.88 -0.18 -0.24 -0.96][-7.3000000e-01 -3.5000000e-01 -4.6000000e-01 -3.6000000e-01
  9.8000000e-01  8.8817842e-16 -3.6000000e-01  4.5000000e-01
 -1.0000000e-01  8.4000000e-01  5.6000000e-01 -1.6000000e-01
  5.5000000e-01 -9.0000000e-02  9.2000000e-01 -8.4000000e-01
 -5.0000000e-01  8.3000000e-01  1.0000000e-02  4.3000000e-01
 -7.7000000e-01 -5.0000000e-01 -1.1000000e-01  9.4000000e-01
  8.8000000e-01 -9.2000000e-01  3.8000000e-01  7.4000000e-01
 -2.0000000e-02  8.1000000e-01  5.9000000e-01 -6.0000000e-02
 -1.0000000e+00  7.8000000e-01  7.0000000e-02  7.2000000e-01
 -6.6000000e-01  4.3000000e-01  6.6000000e-01  1.4000000e-01
 -4.7000000e-01  2.9000000e-01  5.7000000e-01  4.7000000e-01
  5.9000000e-01 -8.7000000e-01  4.4000000e-01  5.2000000e-01
 -3.2000000e-01 -7.8000000e-01  7.6000000e-01 -6.0000000e-01
 -5.0000000e-01  5.4000000e-01  5.1000000e-01  8.8000000e-01
 -3.9000000e-01 -4.4000000e-01  8.3000000e-01  7.4000000e-01
 -1.8000000e-01 -5.3000000e-01 -7.3000000e-01  4.3000000e-01
  4.1000000e-01 -7.3000000e-01  7.2000000e-01 -9.3000000e-01
 -3.4000000e-01 -9.9000000e-01  6.3000000e-01  5.3000000e-01
 -3.7000000e-01 -2.9000000e-01 -9.8000000e-01  4.1000000e-01
 -3.7000000e-01  1.6000000e-01 -1.0000000e-02  1.2000000e-01
  3.9000000e-01 -1.0000000e+00 -5.7000000e-01  1.2000000e-01
  5.1000000e-01 -8.8000000e-01 -3.4000000e-01 -7.9000000e-01
  5.7000000e-01  4.5000000e-01][ 0.35 -0.01 -0.04 -0.92  0.93  0.29  0.77  0.2   0.38  0.96 -0.29 -0.55
  0.72 -0.05  0.84 -0.65  0.86 -0.48 -0.02  0.15 -0.21 -0.47 -0.83 -0.71
  0.67 -0.03 -0.56 -0.15 -0.73 -0.54  0.89 -0.63  0.84  0.09 -0.71 -0.69
 -0.72  0.72 -0.92 -0.28 -0.73  0.36 -0.94 -0.69 -0.17  0.76 -0.4  -0.97
  0.73  0.59 -0.55 -0.24  0.07 -0.7  -0.17 -0.12 -0.9  -0.49  0.83 -0.87
 -0.1   0.95 -0.42  0.71 -0.07 -0.91 -0.46  0.99 -0.45 -0.37  0.2   0.86
  0.5  -0.41  0.15  0.71 -0.01 -0.65 -0.55  0.18  0.65 -0.58  0.39  0.44
 -0.09  0.65 -0.62 -0.66 -0.16 -0.95][ 8.8000000e-01 -2.3000000e-01  3.6000000e-01  1.8000000e-01
 -8.0000000e-01 -5.2000000e-01 -1.0000000e+00  8.7000000e-01
 -7.0000000e-02 -7.3000000e-01  9.2000000e-01  3.4000000e-01
 -5.0000000e-02  6.4000000e-01 -4.6000000e-01 -2.8000000e-01
 -9.9000000e-01  3.5000000e-01 -2.7000000e-01 -6.0000000e-02
  3.8000000e-01 -4.0000000e-02 -2.3000000e-01 -2.6000000e-01
  8.1000000e-01 -2.7000000e-01 -1.2000000e-01  9.1000000e-01
  1.6000000e-01  2.3000000e-01 -2.5000000e-01 -7.7000000e-01
  3.0000000e-02 -3.7000000e-01  6.4000000e-01 -1.9000000e-01
 -8.6000000e-01  7.8000000e-01  8.5000000e-01 -6.0000000e-01
 -6.5000000e-01 -4.2000000e-01 -2.0000000e-02  8.0000000e-01
  5.5000000e-01 -4.5000000e-01  3.6000000e-01 -8.5000000e-01
  6.5000000e-01 -3.9000000e-01  6.7000000e-01  4.5000000e-01
  9.9000000e-01  8.0000000e-01  5.1000000e-01  9.9000000e-01
 -1.0000000e-01 -3.9000000e-01 -4.7000000e-01  6.0000000e-01
 -2.7000000e-01 -1.8000000e-01 -7.9000000e-01 -6.1000000e-01
 -6.1000000e-01 -4.8000000e-01 -8.2000000e-01 -7.1000000e-01
  8.8817842e-16 -6.6000000e-01  2.2000000e-01  7.7000000e-01
  1.0000000e-01  4.2000000e-01 -7.4000000e-01  1.5000000e-01
  7.0000000e-02  9.9000000e-01  2.3000000e-01  4.6000000e-01
  1.0000000e-01 -7.7000000e-01  9.4000000e-01  3.0000000e-02
  6.9000000e-01 -5.4000000e-01 -2.3000000e-01 -6.2000000e-01
 -4.0000000e-02  9.9000000e-01][ 0.57 -0.76 -0.49  0.56 -0.94  0.97 -0.94  0.73 -0.22 -0.25  0.91  0.23
  0.31 -0.58 -0.97 -0.85  0.55 -0.64 -0.03  0.2   0.74 -0.32 -0.91 -0.98
 -0.27  0.71 -0.5   0.14 -0.58  0.12  0.47  0.91 -0.95  0.68  0.67 -0.37
 -0.76  0.46 -0.64 -0.09  0.13  0.53  0.23  0.13 -0.02 -0.88  0.19 -0.54
 -0.27  0.86 -0.52 -0.01 -0.32 -0.19  0.18 -0.88 -0.44  0.06  0.8  -0.5
  0.15  0.24  0.51 -0.78 -0.55  0.23 -0.11 -0.47  0.11 -0.39 -0.6   0.54
 -0.75  0.83 -0.87 -0.92 -0.53  0.64  0.33 -0.07 -0.35 -0.94 -0.06 -0.64
 -0.19  0.85  0.8   0.99 -0.21 -0.91][-0.65  0.69  0.04  0.81  0.17  0.55 -0.67  0.55 -0.57 -0.86 -0.53  0.07
 -0.37 -0.87 -0.14 -0.57 -0.84  0.45  0.27  0.74  0.09 -0.46  0.25  0.3
 -0.38  0.9  -0.22  0.58 -0.08  0.82  0.66  0.33  0.16  0.07 -0.4   0.8
 -0.15  0.19  0.11 -0.09 -0.09  0.08 -0.62  0.97  0.6  -0.76  0.52 -0.11
  0.81 -0.53  0.01 -0.8  -1.    0.3   0.26  0.48 -0.1   0.62  0.98 -0.57
  0.45 -0.75 -0.85 -0.32 -0.41  0.12  0.89 -0.88  0.1  -0.41  0.21 -0.44
  0.4   0.4  -0.59 -0.35 -0.95  0.15  0.13 -0.25 -0.57 -0.54 -0.61 -0.2
 -0.64  0.15 -0.75  0.2  -0.04 -0.97][-0.3  -0.11 -0.8  -0.16  0.83  0.57 -0.19 -0.84 -0.56 -0.37 -0.89 -0.15
 -0.42  0.89 -0.23  0.23 -0.59 -0.39 -0.44  0.61  0.57 -0.57 -0.76  0.95
  0.79  0.79  0.02  0.39  0.6  -0.64  0.59  0.06 -0.88 -0.76 -0.98 -0.45
  0.36  0.83  0.14 -0.52 -0.91 -0.55 -0.84 -0.17  0.29 -0.68  0.01  0.36
 -0.92  0.36 -0.19 -0.6  -0.69  0.1  -0.87 -0.76 -0.51  0.1  -0.01  0.27
 -0.53  0.98  0.96  0.77  0.36  0.85  0.15 -0.33 -0.39  0.04 -0.45 -0.99
 -0.06 -0.77  0.27  0.71 -0.09  0.59  0.81  0.08 -1.   -0.04  0.14  0.23
  0.25 -0.16  0.61 -0.23 -0.39  0.45][ 0.8   0.3  -0.42  0.46  0.5  -0.46 -0.32 -0.15 -0.84  0.68  0.04  0.57
 -0.52  0.6   0.64  0.26  0.44  0.38  0.27  0.84 -0.48 -0.79 -0.15 -0.03
 -0.27  0.21 -0.83 -0.71 -0.97  0.98 -0.14  0.11  0.52 -0.46 -0.74 -0.45
 -0.35 -0.66  0.47  0.99 -0.89 -0.5  -0.29 -0.72  0.19 -1.    0.88  0.17
  0.81 -0.53 -0.99  0.25  0.76 -0.56 -0.4   0.4  -0.62  0.46 -0.18  0.7
  0.26  0.86 -0.81 -0.71 -0.19 -0.96  0.47 -0.7  -0.12  0.86 -0.52  0.7
  0.24 -0.04  0.03  0.89  0.42 -0.46 -0.17  0.42  0.77  0.22 -0.48 -0.8
 -0.13 -0.17  0.82 -0.5  -0.07  0.93][ 0.66  0.32  0.61 -0.59 -0.13 -0.17  0.12  0.73 -0.77 -0.12 -0.82  0.21
  0.29 -0.01  0.24  0.24  0.39  0.18 -0.29 -0.41  0.95  0.99 -0.86  0.64
  0.95 -0.53  0.76  0.8  -0.19 -0.31 -0.06  0.05  0.48 -0.11  0.72 -0.54
  0.93 -0.74 -0.71 -0.98  0.26  0.23 -0.85  0.84  0.53  0.3   0.16  0.53
  0.16  0.72  0.61  0.13  0.05  0.71  0.7  -0.1  -0.48  0.93 -0.91  0.66
 -0.11 -0.83  0.53  0.02 -0.15 -0.92 -0.3   0.99  0.73  0.25  0.87  0.16
  0.26 -0.6  -0.96  0.27  0.19  0.68  0.92 -0.21  0.71 -0.9   0.01  0.75
  0.91 -0.81  0.38 -0.09  0.35 -0.62][ 0.26 -0.21  0.11  0.13  0.59  0.4   0.51 -0.26 -0.94  0.36  0.58 -0.57
  0.29 -0.33  0.25  0.24  0.12  0.17 -0.67 -0.08 -0.43 -0.91  0.94  0.59
  0.64 -0.98  0.45 -0.44  0.21 -0.08  0.09  0.18  0.21 -0.59  0.88  0.44
 -0.48 -0.44  0.44  0.12 -0.66  0.41  0.3  -0.48 -0.95  0.49 -0.67  0.76
  0.62 -0.74 -0.13  0.17  0.83  0.77  0.16  0.14 -0.7  -0.18 -0.84  0.59
  0.21  0.12 -0.55  0.3   0.63  0.19 -0.72  0.93  0.94  0.86  0.72 -0.49
 -0.19  0.17 -0.95 -0.18  0.22 -0.17 -0.1  -0.55 -0.47  0.52  0.71  0.23
  0.7   0.11 -0.35  0.29 -0.84 -0.21][ 0.7  -0.1   0.29 -0.27 -0.57  0.31 -0.26 -0.91 -0.28 -0.12 -0.12 -0.47
 -0.39 -0.97 -0.44  0.11 -0.26 -0.38 -0.51 -0.15  0.57 -0.39  0.31  0.61
 -0.42 -0.64 -0.98  0.95 -0.78  0.14  0.61  0.76  0.74  0.6   0.9   0.38
 -0.16  0.01  0.02 -0.6   0.41  0.17 -0.26 -0.45 -0.44 -0.98 -0.71 -0.62
  0.23  0.8   0.61  0.8   0.55  0.92  0.29 -0.63 -0.59  0.39 -0.52 -0.71
 -0.05  0.72 -0.5  -0.02 -0.08 -0.63 -0.44 -0.56 -0.04 -0.7  -1.   -0.83
  0.58 -0.01  0.44 -0.74  0.21 -0.52  0.68  0.66  0.72 -0.09  0.25 -0.08
  0.24 -0.4   0.27  0.62 -0.39 -0.83][ 0.61 -0.24 -0.23  0.81  0.94 -0.94  0.72  0.35  0.51  0.79  0.81 -0.52
 -0.31  0.42 -1.    0.63 -0.54 -0.61 -0.81 -0.51  0.59 -0.41 -0.74  0.71
 -0.72  0.71  0.34 -0.61 -0.53 -0.02  0.92 -0.97 -0.02  0.38 -0.71  0.65
  0.09  0.52  0.43 -0.93 -0.21 -0.19 -0.32  0.2  -0.32 -0.42 -0.56  0.62
  0.1  -0.92 -0.57 -0.09 -0.99  0.6   0.7   0.13  0.23  0.18  0.06 -0.47
  0.22  0.08  0.33  0.85  0.55 -0.75 -0.68  0.23 -0.68  0.77  0.04 -0.19
 -0.42 -0.5  -0.9   0.38  0.62  0.2  -0.21 -0.13  0.22 -0.56 -0.92 -0.86
 -0.12  0.73  0.61 -0.85  0.03 -0.92][-0.64 -0.01 -0.54 -0.33  0.73  0.75  0.4  -0.52 -0.25 -0.34  0.3   0.7
  0.32  0.1   0.02 -0.17 -0.12 -0.95 -0.23  0.83  0.82  0.57 -0.36 -0.92
 -0.29  0.28  0.52  0.31  0.97  0.18 -0.64 -0.84  0.39 -0.08 -0.79  0.65
 -0.65  0.55 -0.71 -0.56 -0.04 -0.87 -0.72  0.59 -1.   -0.22 -0.84 -0.82
  0.95  0.68 -0.97 -0.32  0.78 -0.38 -0.39 -0.92 -0.55 -0.95  0.85 -0.47
 -0.53  0.22 -0.65  0.17  0.35  0.14 -0.88  0.29  0.93 -0.06  0.39  0.56
 -0.37 -0.7   0.76 -0.18  0.52 -0.41 -0.36  0.38  0.6  -0.79 -0.62  0.02
 -0.19  0.85 -0.44  0.72 -0.59 -0.3 ][ 3.4000000e-01  2.3000000e-01 -1.7000000e-01  6.5000000e-01
  8.8817842e-16 -9.2000000e-01 -3.0000000e-02  4.1000000e-01
  2.1000000e-01 -6.9000000e-01  4.5000000e-01 -8.3000000e-01
  8.0000000e-01 -3.4000000e-01  7.8000000e-01  2.0000000e-02
 -3.4000000e-01 -7.3000000e-01  2.6000000e-01 -9.2000000e-01
  8.9000000e-01  2.4000000e-01  7.9000000e-01 -4.4000000e-01
 -9.7000000e-01 -1.1000000e-01  7.0000000e-02 -7.0000000e-02
 -1.1000000e-01 -7.3000000e-01  8.7000000e-01  9.7000000e-01
  4.9000000e-01 -8.3000000e-01 -5.6000000e-01  8.1000000e-01
  9.6000000e-01 -6.4000000e-01 -2.3000000e-01  7.5000000e-01
  1.5000000e-01 -2.2000000e-01 -5.3000000e-01 -5.6000000e-01
  1.3000000e-01  2.9000000e-01  1.1000000e-01 -9.4000000e-01
  8.9000000e-01  5.1000000e-01  3.4000000e-01  5.3000000e-01
  4.5000000e-01 -8.9000000e-01  5.1000000e-01  9.6000000e-01
 -9.1000000e-01 -5.2000000e-01  7.4000000e-01  7.0000000e-01
 -9.8000000e-01  3.0000000e-02 -6.4000000e-01 -1.4000000e-01
 -7.2000000e-01  7.0000000e-01 -7.7000000e-01 -9.0000000e-02
  4.1000000e-01  2.7000000e-01  5.3000000e-01 -2.9000000e-01
 -1.4000000e-01 -9.4000000e-01 -2.0000000e-02  1.6000000e-01
  3.7000000e-01  6.6000000e-01  3.0000000e-01 -3.0000000e-02
 -2.4000000e-01 -9.6000000e-01 -3.3000000e-01 -5.0000000e-01
 -6.9000000e-01 -4.0000000e-01 -9.5000000e-01  4.3000000e-01
  1.2000000e-01  9.9000000e-01][-0.61 -0.74 -0.7  -0.86 -0.83 -0.08  0.82  0.57  0.13  0.13 -0.84  0.91
  0.82  0.67 -0.45  0.65 -0.46  0.09 -0.54  0.84  0.24  0.9   0.88  0.86
 -0.75 -0.43  0.24 -0.66  0.1   0.07  0.82 -0.55 -0.15 -0.57 -0.47 -0.07
  0.87  0.08  0.92 -0.27 -0.13 -0.5   0.53  0.32 -0.89  0.78 -0.87  0.99
  0.13 -0.34 -0.49 -0.91 -0.96  0.19  0.59 -0.48 -0.29 -0.7   0.52  0.1
 -0.41  0.41  0.27  0.89 -0.22 -0.69 -0.48 -0.63 -0.63  0.59 -0.66 -0.67
 -0.55 -0.13  0.75  0.25  0.4   0.88 -0.62  0.49 -0.45  0.59  0.44  0.97
 -0.67  0.53  0.31 -0.96 -0.7   0.68][-0.04  0.37 -0.22  0.64 -0.63 -0.31  0.32 -0.8  -0.25  0.58  0.36  0.67
  0.84 -0.61  0.21 -0.55  0.79 -0.48  0.49 -1.   -0.54 -0.57 -0.96  0.14
  0.98  0.2  -0.58 -0.49  0.91  0.05 -0.87  0.98  0.17  0.1  -0.51  0.55
 -0.03  0.34 -0.61  0.36 -0.08  0.53  0.94  0.54  0.05  0.71  0.17 -0.17
  0.65  0.31  0.6   0.15  0.05 -0.46  0.4   0.77  0.95 -0.5  -0.23  0.37
 -0.68 -0.01 -0.33 -0.72  0.47 -0.4   0.04 -0.71 -0.26  0.87  0.57  0.55
  0.63  0.05 -0.03 -0.05 -0.43  0.08 -0.44  0.55 -0.81 -0.65 -0.01  0.51
  0.62 -0.04 -0.49 -0.33 -0.05 -0.58][-0.08  0.52 -0.87  0.95  0.92 -0.01  0.99 -0.13 -0.66 -0.16  0.65 -0.68
  0.63  0.02 -0.46 -0.4   0.22  0.22  0.43 -0.79  0.68  0.94  0.38 -0.16
  0.77  0.38 -0.92 -0.16 -0.9  -0.62 -0.14  0.63 -0.32 -0.35 -0.52  0.93
 -0.57 -0.71  0.46  0.31  0.92  0.21  0.4   0.96 -0.96  0.79  0.07  0.17
  0.41  0.16 -0.77  0.87 -0.58 -0.34  0.58 -0.48 -0.3   0.72 -0.2   0.28
 -0.09 -0.72  0.67  0.8  -0.62  0.19  0.38 -0.07  0.72 -0.99 -0.87 -0.11
 -0.59  0.02 -0.61  0.6   0.87  0.55 -0.85 -0.5   0.47 -0.72  0.52  0.42
  0.48  0.62  0.34 -0.77 -0.42 -0.28][ 0.28  0.92 -0.95 -0.17  0.79  0.03  0.67  0.42 -0.01 -0.19 -0.6   0.91
  0.96  0.87  0.04  0.59 -0.6  -0.35 -0.58 -0.2  -0.48  0.9  -0.83  0.41
  0.17  0.05 -0.54 -0.42  0.11  0.72  0.51 -0.58  0.04 -0.96  0.55  0.98
 -0.07  0.68  0.68  0.75  0.87 -0.42  0.96 -0.22 -0.91 -0.23  0.41 -0.34
  0.66 -0.89  0.95  0.08  0.25 -0.3  -0.11 -0.3   0.57  0.15 -0.16  0.82
  0.39 -0.23  0.7   0.99 -0.43  0.74  0.29  0.71  0.86  0.34  0.19  0.48
 -0.84 -0.25  0.75 -0.78 -0.23  0.08 -0.39 -0.67  0.97  0.64  0.47 -0.72
  0.48  0.22 -0.65  0.12  0.54  0.12][ 3.4000000e-01  7.5000000e-01  3.6000000e-01  8.8817842e-16
 -3.9000000e-01 -4.4000000e-01  5.2000000e-01  6.8000000e-01
 -6.9000000e-01 -1.6000000e-01  5.1000000e-01  8.8000000e-01
  5.8000000e-01  3.8000000e-01  2.8000000e-01 -2.9000000e-01
 -7.3000000e-01 -3.0000000e-02  1.2000000e-01  3.6000000e-01
 -6.7000000e-01 -2.9000000e-01  5.5000000e-01 -3.2000000e-01
  1.7000000e-01  2.5000000e-01  4.8000000e-01 -9.8000000e-01
  1.7000000e-01  3.3000000e-01  4.0000000e-01  3.9000000e-01
  2.6000000e-01  7.2000000e-01 -5.2000000e-01 -9.4000000e-01
 -7.7000000e-01  1.8000000e-01  6.6000000e-01 -5.0000000e-02
  8.0000000e-01 -5.0000000e-01 -7.0000000e-01 -4.6000000e-01
  9.1000000e-01  3.9000000e-01  4.4000000e-01  2.9000000e-01
  9.0000000e-02 -3.1000000e-01  9.7000000e-01 -2.4000000e-01
 -4.8000000e-01  2.5000000e-01  1.0000000e-01 -9.2000000e-01
  8.7000000e-01  4.8000000e-01 -1.9000000e-01  3.6000000e-01
  7.3000000e-01 -3.4000000e-01  9.3000000e-01 -3.3000000e-01
 -7.2000000e-01 -5.7000000e-01 -3.3000000e-01 -2.7000000e-01
 -7.6000000e-01  8.7000000e-01  1.6000000e-01  9.8000000e-01
  8.0000000e-01 -4.4000000e-01  7.1000000e-01 -4.4000000e-01
  7.8000000e-01 -6.9000000e-01  5.7000000e-01 -2.7000000e-01
 -3.0000000e-01  1.5000000e-01  3.5000000e-01  9.4000000e-01
 -5.5000000e-01  2.7000000e-01 -9.8000000e-01 -4.7000000e-01
  5.1000000e-01  5.9000000e-01][ 0.94  0.93  0.46  0.15 -0.44 -0.5   0.47  0.72 -0.41 -0.86  0.64  0.31
 -0.89  0.43  0.35  0.98 -0.27 -0.56  0.48 -0.35  0.4  -0.2  -0.77 -0.77
 -0.88 -0.19  0.83  0.35 -0.87 -0.79 -0.52  0.86  0.99 -0.92  0.45 -0.98
 -0.27 -1.    0.99 -0.49 -0.7  -0.34  0.77 -0.54  0.24  0.83 -1.   -0.24
  0.64  0.59  0.14 -0.16  0.2  -0.06 -0.22 -0.98  0.91 -0.68 -0.77 -0.55
 -0.67 -0.55 -0.81  0.57 -0.76  0.71 -0.98 -0.99 -0.4  -0.62  0.2  -0.97
 -0.15 -0.18  0.12  0.31  0.07 -0.43 -0.05 -0.84  0.76 -0.89  0.12  0.79
  0.24 -0.32 -0.97  0.92 -0.71 -0.17][-0.84  -0.89   0.46   0.15  -0.6    0.1    0.47   0.72  -0.41  -0.86
  0.64   0.31   0.5   -0.74   0.36   0.16   0.62  -0.81   0.48   0.66
 -0.4   -0.2   -0.08   0.8   -0.88   0.31   0.6    0.02  -0.4   -0.79
  0.1    0.86  -0.88   0.41   0.45  -0.24   0.95  -1.     0.99  -0.05
 -0.7   -0.34  -0.27  -0.54   0.24   0.83  -1.    -0.85   0.64   0.59
  0.14   0.26  -0.78  -0.51  -0.22   0.2    0.91   0.46   0.43  -0.55
 -0.76  -0.55  -0.81   0.57   0.41   0.71  -0.58   0.23  -0.65  -0.48
  0.2   -0.97  -0.15  -0.03  -0.21  -0.58   0.07   0.08  -0.777  0.59
  0.76  -0.24   0.12  -0.19   0.08  -0.22  -0.88  -0.18  -0.24  -0.96 ][-0.84  -0.89   0.46   0.15  -0.44   0.1   -0.29   0.72  -0.68  -0.38
  0.64   0.96  -0.89  -0.74   0.36   0.98  -0.27  -0.81   0.48   0.66
  0.4   -0.2   -0.08  -0.77  -0.88   0.31   0.6    0.35  -0.4    0.5
 -0.52   0.86   0.99  -0.92   0.45  -0.24   0.95  -1.     0.01  -0.49
 -0.7    0.75  -0.27  -0.54   0.24   0.83  -0.3   -0.85   0.64   0.59
  0.78  -0.16  -0.78  -0.51   0.286  0.2    0.63  -0.68  -0.77  -0.55
 -0.76  -0.55  -0.81  -0.23  -0.76   0.71  -0.58  -0.99  -0.4   -0.62
  0.39   0.06  -0.64  -0.03   0.12  -0.58   0.96  -0.43  -0.05  -0.84
  0.76  -0.89   0.12   0.79   0.08  -0.22  -0.97  -0.18  -0.71  -0.17 ][ 0.94  -0.89   0.46   0.15  -0.6    0.1    1.434  0.29  -0.68  -0.86
  0.81   0.31  -0.89  -0.74   0.35   0.98  -0.27  -0.81  -0.83  -0.35
 -0.4   -0.2   -0.08  -0.77  -0.88  -0.19   0.6    0.02  -0.87   0.5
  0.1    0.86  -0.88   0.41   0.45  -0.98   0.95  -1.     0.99  -0.49
 -0.7   -0.34   0.77  -0.54   0.24   0.83  -0.3   -0.85   0.97   0.59
  0.78   0.26   0.2   -0.06  -0.22  -0.98   0.63  -0.68   0.43  -0.55
 -0.67   0.62  -0.37   0.57   0.41   0.15  -0.58   0.23  -0.65  -0.62
  0.2    0.06  -0.15  -0.18  -0.21   0.31   0.96  -0.43  -0.32   0.59
 -0.42  -0.89   0.12   0.79   0.08  -0.22  -0.97  -0.18  -0.24  -0.17 ][-0.84  -0.89   0.86  -0.61  -0.784 -0.5   -0.29   0.72  -0.68  -0.38
  0.81   0.31   0.5   -0.74   0.36   0.98  -0.27  -0.81  -0.83   0.66
 -0.4   -0.68  -0.77   0.8   -0.88  -0.19   0.83   0.02  -0.4    0.5
  0.1    0.86  -0.88   0.41   0.45  -0.98   0.95  -0.27   0.99  -0.49
 -0.7    0.75  -0.27  -0.54  -0.86   0.51  -1.    -0.24   0.97   0.59
  0.78   0.26  -0.78  -0.06  -0.22  -0.98   0.91  -0.68   0.43  -0.45
 -0.76   0.62  -0.81  -0.23   0.41   0.15  -0.58  -0.99  -0.4   -0.62
  0.2    0.06  -0.15  -0.03  -0.21  -0.58   0.96   0.08  -0.05  -0.84
  0.76  -0.24   0.12  -0.19   0.08  -0.22  -0.88  -0.18  -0.71  -0.96 ][ 0.94 -0.89  0.46 -0.61 -0.44 -0.5   0.47  0.29 -0.41 -0.86  0.81  0.96
  0.5   0.43  0.35  0.98 -0.27 -0.81 -0.83 -0.35 -0.4  -0.2  -0.08  0.8
 -0.3  -0.19  0.6   0.35 -0.87  0.5  -0.52 -0.37  0.99  0.41  0.45  0.37
  0.95 -1.    0.01 -0.49  0.92 -0.34 -0.27  0.85  0.24  0.83 -0.3  -0.85
  0.64  0.59  0.14  0.26  0.2  -0.51  0.42  0.2   0.63 -0.68 -0.77 -0.55
 -0.76 -0.55 -0.81 -0.23  0.41  0.15 -0.58 -0.99 -0.65 -0.48  0.39  0.06
 -0.15 -0.03 -0.21  0.31  0.07 -0.43 -0.05 -0.84 -0.42 -0.24 -0.23  0.79
  0.24 -0.22 -0.97  0.92 -0.24 -0.17][ 0.667 -0.89   0.46   0.15  -0.44   0.1   -0.29   0.72  -0.41  -0.86
  0.64   0.96   0.5   -0.74   0.35   0.98   0.62  -0.56   0.48  -0.35
 -0.4   -0.2   -0.08  -0.77  -0.3    0.31   0.83   0.02  -0.87   0.5
 -0.52   0.86  -0.88  -0.92  -0.57  -0.24   0.95  -0.27   0.01  -0.49
  0.92   0.75  -0.27  -0.54   0.24   0.51  -1.    -0.85   0.97   0.59
  0.78   0.26   0.2   -0.06   0.42  -0.98   0.63  -0.68   0.43  -0.45
 -0.76   0.62  -0.81   0.57  -0.76   0.71  -0.58   0.23  -0.4   -0.62
  0.39  -0.97  -0.64  -0.18   0.12   0.31   0.96  -0.43  -0.32   0.59
  0.76  -0.89  -0.23  -0.19   0.08  -0.32  -0.97   0.92  -0.24  -0.17 ][-0.84   0.93   0.46  -0.61  -0.44  -0.5   -0.29   0.29  -0.68  -0.38
  0.81   0.96   0.5   -0.74   0.35   0.16  -0.27  -0.56   0.48  -0.35
  0.4   -0.68  -0.08  -0.77  -0.3   -0.19   0.6    0.02  -0.4    0.5
  0.616  0.86  -0.88  -0.92  -0.57  -0.24  -0.27  -1.     0.99  -0.05
  0.92   0.75  -0.27  -0.54  -0.86   0.51  -0.3   -0.24   0.97   0.23
  0.14  -0.16  -0.78  -0.51  -0.22   0.2    0.63  -0.68  -0.77  -0.45
 -0.76  -0.55  -0.37   0.57   0.41   0.15  -0.98   0.23  -0.65  -0.62
  0.39  -0.97  -0.64  -0.18   0.12   0.31   0.96  -0.43  -0.32   0.59
  0.76  -0.24   0.12  -0.19   0.24  -0.22  -0.97  -0.18  -0.24  -0.96 ][-0.84  -0.89   0.46   0.15  -0.6   -0.5    0.47   0.72  -0.41  -0.38
  0.64   0.96   0.5    0.43   0.36   0.16   0.62  -0.81   0.48  -0.35
 -0.4   -0.68  -0.08  -0.77  -0.3   -0.19   0.83  -0.182 -0.4    0.5
  0.1    0.86   0.99   0.41   0.45  -0.98   0.95  -1.     0.01  -0.05
  0.92   0.75   0.77   0.85  -0.86   0.83  -1.    -0.24   0.97   0.59
  0.78  -0.16   0.2   -0.51  -0.22   0.2    0.91   0.46  -0.77  -0.45
 -0.76   0.62  -0.81   0.57  -0.76   0.15  -0.58   0.23  -0.4   -0.48
  0.39  -0.97  -0.15  -0.18  -0.21   0.31   0.96   0.08  -0.32  -0.84
  0.76  -0.89   0.12   0.79   0.08  -0.22  -0.97   0.92  -0.71  -0.17 ][ 0.94   0.93   0.46   0.15  -0.44   0.1   -0.29   0.72  -0.68  -0.38
  0.81   0.96   0.5   -0.74   0.36   0.16  -0.27  -0.56  -0.83  -0.35
 -0.4   -0.2   -0.77   0.8   -0.3    0.375  0.6    0.35  -0.4    0.5
 -0.52  -0.37  -0.88   0.41   0.45  -0.24   0.95  -1.     0.99  -0.05
 -0.7    0.75  -0.27  -0.54  -0.86   0.83  -0.3   -0.85   0.97   0.59
  0.78  -0.16   0.2   -0.51  -0.22   0.2    0.91  -0.68   0.43  -0.55
 -0.67  -0.55  -0.81   0.57   0.41   0.71  -0.58   0.23  -0.4   -0.62
  0.39  -0.97  -0.15  -0.03   0.12   0.31   0.96  -0.43  -0.05  -0.84
 -0.42  -0.24  -0.23   0.79   0.24  -0.32  -0.88  -0.18  -0.24  -0.96 ][-0.84  -0.89   0.86   0.15  -0.6    0.1   -0.29   0.29  -0.68  -0.86
  0.64   0.96   0.5    0.43   0.36   0.326 -0.27  -0.56   0.48  -0.35
 -0.4   -0.2   -0.08  -0.77  -0.88  -0.19   0.6    0.02  -0.87   0.5
 -0.52   0.86  -0.88   0.41   0.45  -0.24  -0.27  -0.27   0.99  -0.05
  0.92   0.75  -0.27  -0.54   0.24   0.83  -1.    -0.24   0.64   0.59
  0.78  -0.16  -0.78  -0.51  -0.22   0.2    0.63   0.46   0.43  -0.45
 -0.76  -0.55  -0.37   0.57   0.41   0.71  -0.98  -0.99  -0.65  -0.62
  0.2   -0.97  -0.64  -0.18  -0.21   0.31   0.96   0.08  -0.32   0.59
  0.76  -0.24   0.12   0.79   0.08  -0.32  -0.97   0.92  -0.24  -0.17 ][-0.84  -0.89   0.86  -0.61  -0.44  -0.5    0.47   0.72  -0.41  -0.86
  0.81   0.96   0.5    0.43   0.35   0.98   0.62  -0.81  -0.83  -0.35
  0.4   -0.68  -0.08  -0.77  -0.3   -0.19   0.6    0.35  -0.182 -0.79
  0.1   -0.37  -0.88  -0.92  -0.57  -0.24   0.95  -0.27   0.99  -0.05
 -0.7   -0.34  -0.27   0.85   0.24   0.51  -0.3   -0.85   0.64   0.23
  0.14  -0.16  -0.78  -0.51   0.42  -0.98   0.63  -0.68   0.43  -0.55
 -0.67   0.62  -0.81  -0.23  -0.76   0.15  -0.58   0.23  -0.65  -0.62
  0.39   0.06  -0.64  -0.03   0.12   0.31   0.07  -0.43  -0.05  -0.84
 -0.42  -0.24   0.12   0.79   0.08  -0.32  -0.97   0.92  -0.24  -0.17 ][ 0.94   0.93   0.86  -0.61  -0.6   -0.5   -0.29   0.72  -0.68  -0.38
  0.81   0.31  -0.89   0.43   0.35   0.16   0.62  -0.56  -0.83  -0.35
  0.4   -0.68  -0.08  -0.77  -0.88   0.31   0.6    0.02  -0.4    0.5
  0.1   -0.37   0.99  -0.92   0.45  -0.98  -0.27  -1.     0.99  -0.05
  0.92  -0.34  -0.27  -0.54   0.24   0.83  -1.    -0.85   0.64   0.59
  0.78  -0.16  -0.78  -0.51  -0.22   0.2    0.91   0.46  -0.994 -0.55
 -0.67  -0.55  -0.37  -0.23  -0.76   0.15  -0.58  -0.99  -0.65  -0.62
  0.2   -0.97  -0.64  -0.18   0.12   0.31   0.96  -0.43  -0.32   0.59
  0.76  -0.89  -0.23   0.79   0.08  -0.22  -0.97   0.92  -0.71  -0.96 ][-0.84   0.93   0.86  -0.61  -0.44   0.1    0.47   0.72  -0.41  -0.38
  0.81   0.96  -0.89  -0.74   0.36   0.16   0.62  -0.81   0.48  -0.35
 -0.4   -0.2   -0.77   0.8   -0.3   -0.19   0.83   0.02  -0.4   -0.79
  0.1    0.86  -0.88   0.41  -0.57  -0.24  -0.27  -1.     0.99  -0.49
 -0.7    0.75   0.77   0.85  -0.86   0.83  -1.    -0.24   0.97   0.23
  0.78   0.26  -0.78  -0.06  -0.22  -0.98   0.91  -0.68   0.43  -0.45
 -0.76  -0.55  -0.81  -0.23  -0.76   0.71  -0.58  -0.99  -0.65  -0.62
  0.2   -0.97  -0.15  -0.03   0.12  -0.58   0.07  -0.43  -0.32   0.59
 -0.42  -0.89   0.12   0.447  0.08  -0.32  -0.97  -0.18  -0.71  -0.17 ][ 0.94   0.93   0.86  -0.61  -0.44  -0.5    0.47   0.72  -0.68  -0.86
  0.64   0.31  -0.89   0.43   0.36   0.98   0.62  -0.56   0.48   0.66
  0.4   -0.68  -0.08  -0.77  -0.88  -0.19   0.83   0.35  -0.87  -0.79
 -0.52   0.86  -0.396 -0.92  -0.57  -0.24   0.95  -1.     0.99  -0.49
 -0.7   -0.34   0.77  -0.54  -0.86   0.51  -0.3   -0.85   0.64   0.23
  0.78  -0.16  -0.78  -0.51  -0.22  -0.98   0.63   0.46   0.43  -0.55
 -0.67  -0.55  -0.37   0.57   0.41   0.15  -0.98  -0.99  -0.4   -0.48
  0.39   0.06  -0.15  -0.18   0.12  -0.58   0.96   0.08  -0.05   0.59
  0.76  -0.24  -0.23   0.79   0.24  -0.32  -0.88  -0.18  -0.71  -0.96 ][-0.84   0.93   0.46   0.15  -0.44  -0.5   -0.29   0.72  -0.41  -0.86
  0.81   0.96   0.5    0.43   0.36   0.16   0.62  -0.81  -0.83   0.66
  0.4   -0.68  -0.77   0.8   -0.88   0.31   0.6    0.02  -0.4   -0.79
 -0.52  -0.37   0.99  -0.92  -0.57  -0.24   0.95  -0.27   0.01  -0.05
 -0.7    0.75   0.77   0.85   0.24   0.83  -0.3   -0.85   0.64   0.59
  0.14   0.26   0.2   -0.51  -0.22   0.2    0.63  -0.68   0.43  -0.45
 -0.76   0.62  -0.81   0.57  -0.76   0.71  -0.98  -0.99  -0.4   -0.62
  0.39  -0.97  -0.64  -0.03   0.12   0.31   0.96  -1.157 -0.32   0.59
 -0.42  -0.24   0.12  -0.19   0.08  -0.22  -0.97   0.92  -0.24  -0.96 ][-0.84   0.93   0.46  -0.61  -0.44  -0.5   -0.29   0.29  -0.68  -0.38
  0.81   0.96   0.5    0.43   0.36   0.16  -0.27  -0.81  -1.189 -0.35
  0.4   -0.2   -0.08   0.8   -0.88  -0.19   0.6    0.02  -0.4    0.5
 -0.52   0.86   0.99   0.41   0.45  -0.24  -0.27  -1.     0.01  -0.05
 -0.7   -0.34   0.77  -0.54  -0.86   0.83  -1.    -0.85   0.64   0.23
  0.78   0.26   0.2   -0.06   0.42  -0.98   0.91  -0.68   0.43  -0.45
 -0.76   0.62  -0.81   0.57   0.41   0.71  -0.98   0.23  -0.4   -0.48
  0.2   -0.97  -0.15  -0.03  -0.21   0.31   0.07  -0.43  -0.32   0.59
  0.76  -0.89   0.12  -0.19   0.08  -0.22  -0.88   0.92  -0.24  -0.17 ][ 0.94   0.93   0.46   0.15  -0.44   0.1   -0.29   0.29  -0.41  -0.38
  0.81   0.31   0.5    0.43   0.35   0.16  -0.27  -0.56  -0.83  -0.35
 -0.4   -0.2   -0.77  -0.77  -0.88  -0.19   0.83   0.35  -0.4   -0.79
  0.1   -0.37   0.99   0.41  -0.57  -0.98   0.95  -1.     0.01  -0.49
 -0.7    0.75  -0.27  -0.54  -0.86   0.51  -1.    -0.85   0.97   0.23
  0.14  -0.16  -0.78  -0.06   0.42  -0.98   0.63  -0.68   0.43  -0.45
 -0.76   0.62  -0.37  -0.23  -0.76   0.15  -0.98   0.23  -0.65  -0.62
  0.39   0.06  -0.64  -0.03  -0.21  -0.58   0.96  -0.43  -0.32   0.59
 -0.42  -0.89  -0.23   0.79   0.694 -0.22  -0.97   0.92  -0.24  -0.96 ][ 0.94  -0.89   0.86  -0.61  -0.6   -0.5   -0.29   0.72  -0.41  -0.86
  0.81   0.31  -0.89   0.43   0.35   0.16  -0.27  -0.81   0.48   0.66
 -0.4   -0.68  -0.08  -0.77  -0.3   -0.19   0.6    0.02  -0.4    0.5
  0.1    0.86   0.99  -0.92  -0.57  -0.24  -0.27  -0.27   0.99  -0.49
 -0.7    0.75   0.77  -0.54   0.24   0.51  -0.3   -0.24   0.97   0.23
  0.14  -0.16  -0.78  -0.51   0.42  -0.98   0.91   0.46   0.43  -0.55
 -0.67   0.62  -0.81   0.57  -0.76   0.71  -0.58  -0.99  -0.4   -0.48
  0.39  -0.97  -0.15  -0.18  -0.21   0.31   0.07   0.08  -0.32  -0.84
 -0.42  -0.89   0.12   0.79   0.24  -0.22  -0.88   0.92  -0.453 -0.17 ][-0.84  -0.89   0.46   0.15  -0.6   -0.5    0.47   0.29  -0.41  -0.38
  0.81   0.96   0.5   -0.74   0.36   0.16  -0.27  -0.56  -0.83  -0.35
 -0.4   -0.2   -0.77   0.8   -0.3   -0.19   0.83   0.02  -0.87  -0.79
  0.1    0.86   0.99   0.41   0.45  -0.98  -0.27  -0.27   0.01  -0.49
  0.92  -0.34  -0.27  -0.54   0.24   0.83  -1.    -0.85   0.97   0.23
  0.14  -0.16  -0.78  -0.51   0.42  -0.98   0.91  -0.68  -0.77  -0.55
 -0.67   0.62  -0.37  -0.23   0.41   0.15  -0.58   0.23  -0.65  -0.48
  0.2    0.06  -0.64  -0.03  -0.21  -0.58   0.96  -0.43  -0.32   0.59
  0.76  -0.24   0.12  -0.19   0.08  -0.22  -0.88   0.92  -1.193 -0.96 ][-0.84   0.93   0.46  -0.61  -0.6   -0.5   -0.29   0.29  -0.41  -0.38
  0.64   0.31   0.5    0.43   0.35   0.98   0.62  -0.56  -0.83   0.66
  0.4   -0.68  -0.77   0.8   -0.3    0.31   0.83   0.35  -0.4    0.5
 -0.52   0.86   0.99  -0.92   0.45  -0.24   0.95  -0.27   0.99  -0.49
 -0.7   -0.34   0.77  -0.54   0.24   0.83  -0.3   -0.85   0.97   0.23
  0.78   0.26   0.2   -0.06   0.42  -0.98   0.63   0.46   0.43  -0.55
 -0.76   0.62  -1.198 -0.23  -0.76   0.71  -0.98  -0.99  -0.4   -0.62
  0.2    0.06  -0.64  -0.18   0.12   0.31   0.96  -0.43  -0.32  -0.84
  0.76  -0.24  -0.23   0.79   0.08  -0.32  -0.97  -0.18  -0.71  -0.17 ][ 0.94   0.93   0.46   0.15  -0.44   0.1   -0.29   0.72  -0.68  -0.38
  0.81   0.96  -0.89   0.43   0.36   0.98  -0.27  -0.81   0.48  -0.35
  0.4   -0.68  -0.77  -0.77  -0.88  -0.19   0.83   0.35  -0.87   0.5
 -0.52   0.86  -0.88  -0.92   0.45  -0.24   0.578 -1.     0.01  -0.49
  0.92  -0.34  -0.27   0.85  -0.86   0.51  -1.    -0.85   0.97   0.59
  0.14  -0.16   0.2   -0.51   0.42   0.2    0.91  -0.68  -0.77  -0.55
 -0.67   0.62  -0.37  -0.23  -0.76   0.15  -0.58   0.23  -0.65  -0.62
  0.39  -0.97  -0.15  -0.18  -0.21  -0.58   0.07  -0.43  -0.05   0.59
 -0.42  -0.24  -0.23   0.79   0.24  -0.32  -0.97  -0.18  -0.71  -0.96 ][-0.84   0.93   0.46  -0.61  -0.6   -0.5    0.47   0.72  -0.41  -0.86
  0.81   0.31   0.5   -0.74   0.36   0.98   0.62  -0.81  -0.83  -0.35
 -0.4   -0.68  -0.77  -0.77  -0.3   -0.19   0.6    0.02  -0.87  -0.79
  0.1   -0.37   0.99   0.41   0.45  -0.98  -0.27  -0.27   0.99  -0.49
  0.92   0.75  -0.27   0.85   0.24   0.83  -0.3   -0.24   0.97   0.59
  0.14  -0.16  -0.78  -0.51   0.42   0.2    0.91  -0.68   0.43   0.154
 -0.67   0.62  -0.81   0.57   0.41   0.15  -0.58   0.23  -0.4   -0.62
  0.2    0.06  -0.64  -0.18   0.12  -0.58   0.07  -0.43  -0.05  -0.84
 -0.42  -0.89   0.12  -0.19   0.08  -0.22  -0.88   0.92  -0.71  -0.96 ][-0.84  -0.89   0.46  -0.61  -0.44  -0.5   -0.29   0.29  -0.68  -0.86
  0.81   0.31  -0.89  -0.74   0.35   0.16  -0.27  -0.56  -0.83  -0.35
  0.4   -0.2   -0.08   0.8   -0.3   -0.19   0.6    0.35  -0.4    0.5
 -0.711  0.86   0.99   0.41  -0.57  -0.98  -0.27  -1.     0.99  -0.05
  0.92   0.75   0.77   0.85  -0.86   0.83  -1.    -0.24   0.64   0.23
  0.78   0.26  -0.78  -0.51  -0.22  -0.98   0.91  -0.68   0.43  -0.55
 -0.76  -0.55  -0.37   0.57   0.41   0.15  -0.58  -0.99  -0.4   -0.62
  0.39   0.06  -0.15  -0.18   0.12   0.31   0.07  -0.43  -0.32   0.59
  0.76  -0.89   0.12  -0.19   0.24  -0.22  -0.88   0.92  -0.24  -0.96 ][-0.84   0.93   0.46  -0.61  -0.44   0.1    0.47   0.72  -0.41  -0.86
  0.81   0.96  -0.89   0.43   0.36  -0.554  0.62  -0.56   0.48   0.66
 -0.4   -0.2   -0.77   0.8   -0.88   0.31   0.83   0.02  -0.87   0.5
 -0.52   0.86   0.99   0.41  -0.57  -0.98   0.95  -1.     0.01  -0.49
  0.92   0.75  -0.27   0.85  -0.86   0.83  -1.    -0.24   0.64   0.59
  0.78  -0.16  -0.78  -0.51  -0.22  -0.98   0.91   0.46  -0.77  -0.55
 -0.67  -0.55  -0.37  -0.23  -0.76   0.15  -0.58  -0.99  -0.4   -0.62
  0.39   0.06  -0.64  -0.18  -0.21  -0.58   0.07   0.08  -0.05   0.59
 -0.42  -0.24  -0.23  -0.19   0.08  -0.22  -0.88  -0.18  -0.71  -0.17 ][-0.84 -0.89  0.46 -0.61 -0.44 -0.5   0.47  0.72 -0.41 -0.86  0.64  0.31
 -0.89  0.43  0.36  0.98  0.62 -0.56 -0.83  0.66 -0.4  -0.68 -0.08 -0.77
 -0.88  0.31  0.6   0.35 -0.4  -0.79  0.1  -0.37 -0.88  0.41 -0.57 -0.98
  0.95 -1.    0.01 -0.49  0.92  0.75 -0.27  0.85 -0.86  0.51 -1.   -0.85
  0.64  0.23  0.14 -0.16  0.2  -0.51  0.42 -0.98  0.91  0.46 -0.77 -0.45
 -0.76  0.62 -0.81 -0.23 -0.76  0.15 -0.98  0.23 -0.4  -0.48  0.39 -0.97
 -0.15 -0.03 -0.21  0.31  0.07 -0.43 -0.32  0.59  0.76 -0.24  0.12  0.79
  0.03 -0.22 -0.97 -0.18 -0.71 -0.17][-0.84   0.93   0.86  -0.61  -0.44  -0.5    0.47   0.72  -0.41  -0.86
  0.81   0.31   0.5    0.43   0.36   0.98   0.62  -0.56  -0.83   0.66
  0.4   -0.68  -0.77   0.8   -0.88  -0.19   0.6    0.02  -0.87  -0.79
  0.1   -0.37  -0.88   0.41   0.45  -0.24  -0.27  -1.     0.99  -0.49
 -0.7   -0.34  -0.27   0.85  -0.86   0.83  -0.3    0.237  0.97   0.23
  0.14  -0.16   0.2   -0.51   0.42  -0.98   0.91  -0.68  -0.77  -0.45
 -0.76   0.62  -0.37  -0.23   0.41   0.15  -0.98  -0.99  -0.4   -0.62
  0.2   -0.97  -0.64  -0.03  -0.21   0.31   0.07  -0.43  -0.32  -0.84
 -0.42  -0.24  -0.23  -0.19   0.24  -0.32  -0.88  -0.18  -0.24  -0.96 ][-0.84  -0.89   0.86   0.15  -0.6    0.1   -0.29   0.29  -0.68  -0.38
  0.81   0.31  -0.89  -0.74   0.36   0.16  -0.27  -0.81  -0.83  -0.35
  0.4   -0.2   -0.77  -0.77  -0.3   -0.19   0.6    0.02  -0.87  -0.79
  0.1   -0.37   0.99   0.41  -0.57  -0.24  -0.27  -0.27   0.01  -0.05
  0.92  -0.34   0.77   0.85   0.24   0.51  -1.    -0.24   0.64   0.23
  0.14   0.131  0.2   -0.51  -0.22  -0.98   0.91  -0.68  -0.77  -0.55
 -0.67  -0.55  -0.37   0.57  -0.76   0.71  -0.58   0.23  -0.4   -0.62
  0.2   -0.97  -0.64  -0.18  -0.21   0.31   0.07   0.08  -0.32   0.59
  0.76  -0.89  -0.23   0.79   0.24  -0.32  -0.97  -0.18  -0.24  -0.17 ][ 0.94  -0.89   0.244  0.15  -0.44  -0.5   -0.29   0.72  -0.41  -0.38
  0.64   0.96   0.5    0.43   0.35   0.98   0.62  -0.56   0.48   0.66
 -0.4   -0.68  -0.08   0.8   -0.3    0.31   0.6    0.35  -0.4   -0.79
  0.1   -0.37   0.99   0.41  -0.57  -0.98  -0.27  -0.27   0.01  -0.49
  0.92  -0.34  -0.27   0.85   0.24   0.51  -0.3   -0.24   0.97   0.59
  0.78  -0.16  -0.78  -0.06   0.42   0.2    0.63  -0.68  -0.77  -0.45
 -0.67  -0.55  -0.37   0.57   0.41   0.15  -0.58   0.23  -0.65  -0.62
  0.39  -0.97  -0.15  -0.18   0.12   0.31   0.07   0.08  -0.32   0.59
 -0.42  -0.89   0.12  -0.19   0.08  -0.32  -0.97   0.92  -0.24  -0.17 ][ 0.94   0.93   0.46  -0.61  -0.6    0.1   -0.29   0.72  -0.41  -0.38
  0.64   0.31  -0.89  -0.74   0.35   0.16   0.62  -0.81   0.48   0.66
  0.4   -0.2   -0.77   0.8   -0.3   -0.19   0.83   0.02  -0.87   0.5
  0.1   -0.37   0.99   0.41  -0.57  -0.98   0.95  -1.     0.01  -0.49
  0.92   0.75   0.77   0.85   0.24   0.83  -1.     0.751  0.64   0.59
  0.14   0.26  -0.78  -0.51   0.42  -0.98   0.91   0.46  -0.77  -0.55
 -0.67   0.62  -0.37  -0.23   0.41   0.15  -0.58   0.23  -0.4   -0.48
  0.39  -0.97  -0.15  -0.03   0.12   0.31   0.07   0.08  -0.32  -0.84
 -0.42  -0.89   0.12   0.79   0.24  -0.32  -0.97  -0.18  -0.71  -0.17 ][ 0.94   0.93   0.86   0.15  -0.44   0.1   -0.29   0.72  -0.68  -0.86
  0.64   0.96  -0.89  -0.74   0.36   0.16  -0.27  -0.56   0.48   0.66
 -0.4   -0.68  -0.77  -0.77  -0.88  -0.19   0.6    0.35  -0.87  -0.79
 -0.52   0.86   0.99  -0.92   0.45  -0.98   0.95  -1.     0.99  -0.49
  0.92  -0.34   0.77  -0.54   0.24   0.51  -0.3   -0.24   0.64   0.59
  0.14   0.26   0.2   -0.51  -0.22   0.2    0.63  -0.68  -0.77  -0.45
 -0.76   0.62  -0.37  -0.23  -0.76   0.71  -0.98   0.23  -0.65  -0.48
  0.2   -0.97  -0.64  -0.03  -0.21   0.31   0.07   0.08  -0.32  -0.84
 -0.515 -0.24   0.12  -0.19   0.08  -0.22  -0.97  -0.18  -0.71  -0.96 ][ 0.94   0.93   0.46  -0.61  -0.44   0.1   -0.29   0.29  -0.41  -0.38
  0.64   0.96   0.5    0.43   0.35   0.16  -0.27  -0.56   0.48   0.66
  0.4   -0.68  -0.77  -0.77  -0.88   0.31   0.83   0.02  -0.87   0.5
 -0.52  -0.37  -0.88  -0.92  -0.57  -0.98  -0.27  -1.     0.01  -0.05
 -0.7    0.75  -0.27  -0.54   0.24   0.83  -0.3   -0.85   0.64   0.59
  0.78  -0.16   0.2   -0.06   0.42   0.2    0.91  -0.68  -0.77  -0.55
 -0.67   0.62  -0.81   0.57  -0.76   0.15  -0.58  -0.99  -0.4   -0.62
  0.2    0.06  -0.64   0.683  0.12  -0.58   0.96  -0.43  -0.05  -0.84
 -0.42  -0.24  -0.23   0.79   0.08  -0.32  -0.88   0.92  -0.24  -0.17 ][ 0.94  -0.89   0.86   0.15  -0.6    0.1   -0.29   0.29  -0.41  -0.86
  0.64   0.31   0.5   -0.74   0.36   0.98  -0.27  -0.56  -0.83  -0.35
  0.4   -0.2   -0.08   0.8   -0.3    0.31   0.83   0.02  -0.87   0.5
 -0.52   0.86   0.99   0.41   0.45  -0.24  -0.566 -0.27   0.99  -0.05
  0.92  -0.34   0.77  -0.54  -0.86   0.51  -0.3   -0.85   0.64   0.59
  0.14   0.26   0.2   -0.51   0.42   0.2    0.63  -0.68   0.43  -0.55
 -0.76  -0.55  -0.81   0.57  -0.76   0.15  -0.98   0.23  -0.65  -0.48
  0.39   0.06  -0.64  -0.03   0.12  -0.58   0.96  -0.43  -0.32   0.59
 -0.42  -0.24  -0.23  -0.19   0.08  -0.32  -0.97   0.92  -0.71  -0.17 ][-0.84   0.93   0.86  -0.61  -0.6    0.1   -0.29   0.72  -0.41  -0.38
  0.64   0.96   0.5    0.43   0.36   0.16  -0.27  -0.81  -0.83   0.66
  0.4   -0.68  -0.77   0.8   -0.88  -0.19   0.6    0.35  -0.4    0.5
  0.1    0.86  -0.88  -0.92   0.45  -0.24  -0.27  -0.27   0.01  -0.49
  0.92  -0.34   0.77   0.85   0.24   0.51  -0.3   -0.24   0.97   0.59
  0.14  -0.16   0.2   -0.51  -0.22  -0.98   0.63   0.46  -0.77  -0.45
 -0.76  -0.55  -0.37   0.57   0.41   0.71  -0.58  -0.99  -0.65  -0.48
  0.2    0.06  -0.15  -0.03  -0.21   0.31   0.07   0.08  -0.05   0.59
 -0.42  -0.89  -0.23   0.79   0.24  -0.32  -0.97  -0.521 -0.71  -0.96 ][-0.84   0.93   0.86   0.15  -0.44   0.1    0.47   0.72  -0.729 -0.86
  0.81   0.96   0.5    0.43   0.35   0.98  -0.27  -0.56  -0.83  -0.35
 -0.4   -0.68  -0.08   0.8   -0.88  -0.19   0.6    0.02  -0.87   0.5
 -0.52   0.86  -0.88   0.41  -0.57  -0.24   0.95  -1.     0.99  -0.49
 -0.7    0.75   0.77  -0.54   0.24   0.83  -1.    -0.85   0.64   0.23
  0.14  -0.16   0.2   -0.06  -0.22  -0.98   0.63   0.46  -0.77  -0.45
 -0.76  -0.55  -0.37   0.57  -0.76   0.15  -0.98   0.23  -0.65  -0.48
  0.39  -0.97  -0.64  -0.03   0.12  -0.58   0.07   0.08  -0.32  -0.84
  0.76  -0.24   0.12  -0.19   0.24  -0.22  -0.97   0.92  -0.24  -0.17 ][-0.84  0.93  0.86  0.15 -0.44 -0.5   0.47  0.29 -0.68 -0.86  0.64  0.96
  0.5   0.43  0.36  0.98 -0.27 -0.56 -0.83  0.66  0.4  -0.68 -0.77 -0.77
 -0.3   0.31  0.83  0.02 -0.4  -0.79 -0.52  0.86 -0.88  0.41 -0.61 -0.98
 -0.27 -1.    0.99 -0.49  0.92 -0.34  0.77 -0.54  0.24  0.83 -0.3  -0.85
  0.97  0.59  0.14  0.26 -0.78 -0.51  0.42 -0.98  0.63  0.46 -0.77 -0.45
 -0.76  0.62 -0.37  0.57 -0.76  0.15 -0.98 -0.99 -0.4  -0.62  0.39 -0.97
 -0.64 -0.03  0.12 -0.58  0.96  0.08 -0.05  0.59  0.76 -0.89  0.12  0.79
  0.08 -0.32 -0.88 -0.18 -0.71 -0.96][ 0.94 -0.89  0.46 -0.61 -0.6   0.1   0.47  0.72 -0.41 -0.86  0.64  0.96
  0.5  -0.74  0.36  0.98  0.62 -0.81 -0.83 -0.35 -0.4  -0.68 -0.08  0.8
 -0.88  0.31  0.6   0.35 -0.87  0.5   0.1   0.86  0.99  0.41  0.45 -0.24
  0.95 -1.    0.99 -0.49 -0.7  -0.34 -0.27 -0.54 -0.86  0.51 -0.3  -0.85
  0.64  0.23  0.14  0.26  0.2  -0.06 -0.22  0.2   0.63 -0.68  0.43 -0.55
 -0.67  0.62 -0.81  0.57  0.41  0.71 -0.98  0.23 -0.04 -0.48  0.39  0.06
 -0.64 -0.03  0.12  0.31  0.96  0.08 -0.05  0.59 -0.42 -0.24  0.12  0.79
  0.08 -0.22 -0.97 -0.18 -0.71 -0.17][ 0.94   0.93   0.46   0.15  -0.44  -0.5    0.47   0.72  -0.68  -0.38
  0.64   0.96  -0.89  -0.74   0.36   0.16   0.62  -0.56   0.48   0.66
 -0.4   -0.68  -0.08  -0.77  -0.88  -0.19   0.6    0.02   0.058 -0.79
 -0.52   0.86  -0.88   0.41   0.45  -0.98  -0.27  -1.     0.99  -0.49
 -0.7   -0.34   0.77  -0.54  -0.86   0.83  -0.3   -0.85   0.64   0.59
  0.14   0.26   0.2   -0.51  -0.22   0.2    0.63  -0.68   0.43  -0.55
 -0.76   0.62  -0.37   0.57  -0.76   0.15  -0.58  -0.99  -0.65  -0.48
  0.39   0.06  -0.64  -0.03   0.12  -0.58   0.07  -0.43  -0.32  -0.84
 -0.42  -0.89   0.12   0.79   0.08  -0.22  -0.88   0.92  -0.71  -0.17 ][-0.84  -0.89   0.46   0.15  -0.44   0.1    0.47   0.29  -0.41  -0.38
  0.81   0.31   0.5   -0.74   0.35   0.98  -0.27  -0.81  -0.83   0.66
  0.4   -0.68  -0.77   0.8   -0.3   -0.19   0.6    0.35  -0.87   0.5
 -0.52  -0.37   0.99  -0.92  -0.57  -0.24  -0.27  -0.27   0.99  -0.05
 -0.7    0.75   0.77  -0.54  -0.86   0.51  -0.3   -0.85   1.805  0.23
  0.78   0.26  -0.78  -0.51  -0.22   0.2    0.63  -0.68  -0.77  -0.45
 -0.67   0.62  -0.81   0.57   0.41   0.15  -0.98   0.23  -0.4   -0.62
  0.39   0.06  -0.64  -0.18   0.12  -0.58   0.07  -0.43  -0.32   0.59
 -0.42  -0.89   0.12  -0.19   0.24  -0.32  -0.97   0.92  -0.71  -0.17 ][-0.84  -0.89   0.86  -0.61  -0.44   0.1   -0.29   0.72  -0.68  -0.38
  0.81   0.31  -0.89   0.43   0.36   0.16   0.62  -0.81   0.48  -0.35
 -0.4   -0.68  -0.08   0.8   -0.3   -0.19   0.83   0.35  -0.4   -0.79
 -0.52   0.86   0.99   0.41  -0.57  -0.24   0.95  -0.27   0.01  -0.05
  0.92   0.75   0.77   0.85  -0.86   0.83  -0.3   -0.85   0.64   0.369
  0.14  -0.16   0.2   -0.06   0.42  -0.98   0.91   0.46   0.43  -0.55
 -0.76   0.62  -0.37  -0.23  -0.76   0.71  -0.98  -0.99  -0.4   -0.62
  0.2    0.06  -0.15  -0.03   0.12  -0.58   0.96   0.08  -0.32  -0.84
 -0.42  -0.89  -0.23  -0.19   0.08  -0.22  -0.88   0.92  -0.71  -0.17 ][-0.84  -0.89   0.86   0.15  -0.6    0.1    0.47   0.72  -0.41  -0.38
  0.64   0.31  -0.89   0.43  -0.072  0.16   0.62  -0.56   0.48  -0.35
  0.4   -0.68  -0.77  -0.77  -0.88   0.31   0.83   0.02  -0.87   0.5
  0.1   -0.37  -0.88   0.41   0.45  -0.24   0.95  -1.     0.99  -0.05
  0.92   0.75   0.77  -0.54   0.24   0.51  -0.3   -0.85   0.97   0.59
  0.14  -0.16   0.2   -0.06  -0.22  -0.98   0.91  -0.68  -0.77  -0.45
 -0.76  -0.55  -0.37   0.57   0.41   0.15  -0.98  -0.99  -0.65  -0.48
  0.2    0.06  -0.64  -0.18  -0.21   0.31   0.07  -0.43  -0.32   0.59
 -0.42  -0.89   0.12   0.79   0.24  -0.32  -0.88  -0.18  -0.71  -0.96 ][ 0.94  -0.89   0.86   0.15  -0.44   0.1    0.47   0.29  -0.41  -0.38
  0.81   0.96   0.5   -0.74   0.35   0.98   0.62  -0.81   0.48   0.66
 -0.4   -0.2   -0.08  -0.77  -1.108  0.31   0.83   0.35  -0.4    0.5
  0.1   -0.37   0.99   0.41  -0.57  -0.98  -0.27  -1.     0.01  -0.49
  0.92   0.75  -0.27  -0.54  -0.86   0.51  -1.    -0.24   0.64   0.23
  0.14   0.26   0.2   -0.51   0.42   0.2    0.63  -0.68  -0.77  -0.55
 -0.76   0.62  -0.37  -0.23  -0.76   0.71  -0.98   0.23  -0.4   -0.48
  0.39   0.06  -0.15  -0.03   0.12  -0.58   0.96   0.08  -0.32  -0.84
  0.76  -0.89  -0.23   0.79   0.08  -0.32  -0.88   0.92  -0.71  -0.17 ][-0.84  -0.89   0.86  -0.61  -0.44   0.1   -0.29   0.29  -0.68  -0.86
  0.81   0.31  -0.89   0.43   0.35   0.98   0.62  -0.81  -0.83  -0.35
  0.4   -0.2   -0.77  -0.77  -0.88   0.31   0.6    0.388 -0.87  -0.79
 -0.52   0.86   0.99   0.41  -0.57  -0.98  -0.27  -1.     0.99  -0.05
 -0.7   -0.34  -0.27  -0.54  -0.86   0.51  -1.    -0.85   0.97   0.59
  0.14  -0.16  -0.78  -0.51   0.42  -0.98   0.91   0.46   0.43  -0.45
 -0.76  -0.55  -0.81   0.57   0.41   0.15  -0.58   0.23  -0.4   -0.48
  0.2    0.06  -0.15  -0.18   0.12  -0.58   0.07  -0.43  -0.32  -0.84
  0.76  -0.89   0.12   0.79   0.24  -0.22  -0.88   0.92  -0.71  -0.17 ][-0.84   0.93   0.86  -0.61  -0.6    0.1    0.47   0.29  -0.68  -0.86
  0.64   0.96  -0.89  -0.74   0.35   0.98  -0.27  -0.56   0.48   0.66
  0.4   -0.2   -0.08  -0.77  -0.3    0.31   0.83   0.02  -0.87   0.5
 -0.52  -0.37   0.99   0.41  -0.57  -0.24  -0.27  -1.     0.99  -0.49
  0.92  -0.34  -0.27   0.85  -0.86   0.83  -1.    -0.24   0.97   0.59
  0.14   0.26  -0.78  -0.51   0.42  -0.98   0.91   0.46  -0.77  -0.55
 -0.76  -0.55  -0.37  -0.23   0.41   0.71  -0.58   0.23  -0.65  -0.62
  0.2   -0.97  -0.15  -0.03  -0.21  -0.58   0.96  -0.43  -0.05  -0.84
 -0.42  -0.24   0.12  -0.19   0.08  -0.22  -0.672  0.92  -0.71  -0.17 ][-0.84   0.93   0.86   0.15  -0.6   -0.5    0.47   0.72  -0.41  -0.86
  0.64   0.31  -0.89   0.43   0.36   0.98   0.62  -0.81   0.48  -0.35
 -0.4   -0.68  -0.08   0.8   -0.3   -0.19   0.83   0.35  -1.671 -0.79
 -0.52   0.86   0.99   0.41  -0.57  -0.98   0.95  -0.27   0.99  -0.05
 -0.7    0.75   0.77  -0.54  -0.86   0.51  -1.    -0.85   0.64   0.59
  0.78   0.26   0.2   -0.51   0.42  -0.98   0.63  -0.68  -0.77  -0.55
 -0.67   0.62  -0.37  -0.23   0.41   0.71  -0.58  -0.99  -0.4   -0.48
  0.39   0.06  -0.15  -0.03  -0.21  -0.58   0.96  -0.43  -0.32  -0.84
  0.76  -0.24   0.12  -0.19   0.24  -0.22  -0.88  -0.18  -0.71  -0.96 ][-0.84   0.93   0.86  -0.61  -0.44   0.1    0.47   0.72  -0.41  -0.38
  0.64   0.31  -0.89  -0.74   0.35   0.98  -0.27  -0.81   0.48   0.66
 -0.4   -0.2   -0.77   0.8   -0.88   0.31   0.6    0.02  -0.87   0.5
 -0.545 -0.37   0.99   0.41   0.45  -0.24   0.95  -1.     0.01  -0.49
  0.92  -0.34  -0.27   0.85  -0.86   0.83  -0.3   -0.85   0.97   0.59
  0.14   0.26  -0.78  -0.06   0.42   0.2    0.91   0.46  -0.77  -0.55
 -0.76  -0.55  -0.81  -0.23   0.41   0.15  -0.98  -0.99  -0.65  -0.62
  0.2    0.06  -0.15  -0.03   0.12  -0.58   0.07  -0.43  -0.05  -0.84
 -0.42  -0.24  -0.23  -0.19   0.24  -0.22  -0.97   0.92  -0.71  -0.96 ][ 0.94  -0.89   0.86  -0.61  -0.44  -0.5    0.47   0.29  -0.68  -0.86
  0.64   0.31   0.5    0.43   0.35   0.98   0.62  -0.411  0.48   0.66
 -0.4   -0.68  -0.77  -0.77  -0.3   -0.19   0.83   0.02  -0.87  -0.79
  0.1   -0.37   0.99   0.41  -0.57  -0.24   0.95  -0.27   0.01  -0.05
  0.92   0.75   0.77   0.85  -0.86   0.83  -1.    -0.85   0.97   0.59
  0.78   0.26  -0.78  -0.51   0.42   0.2    0.91  -0.68   0.43  -0.45
 -0.67  -0.55  -0.81   0.57  -0.76   0.71  -0.98  -0.99  -0.65  -0.48
  0.39  -0.97  -0.15  -0.18  -0.21   0.31   0.96   0.08  -0.05  -0.84
 -0.42  -0.24  -0.23   0.79   0.08  -0.22  -0.88  -0.18  -0.71  -0.17 ][ 0.94  -0.89   0.86   0.15  -0.44  -0.5    0.47   0.72  -0.68  -0.38
  0.81   0.31  -0.89  -0.74   0.35   0.98   0.62  -0.56   0.48  -0.35
  0.4   -0.68  -0.77  -0.77  -0.3    0.31   0.6    0.02  -0.4    0.5
  0.1    0.86   0.99   0.41  -0.57  -0.98  -0.27  -1.     0.99  -0.05
  0.92  -0.34  -0.27  -0.54   0.24   0.51  -1.    -0.24   0.64   0.59
  0.14   0.564  0.2   -0.06   0.42  -0.98   0.91  -0.68  -0.77  -0.45
 -0.67  -0.55  -0.81  -0.23   0.41   0.15  -0.58   0.23  -0.65  -0.48
  0.2   -0.97  -0.64  -0.18  -0.21   0.31   0.07   0.08  -0.05   0.59
 -0.42  -0.24  -0.23   0.79   0.24  -0.22  -0.88   0.92  -0.24  -0.96 ][ 0.94  -0.89   0.46  -0.61  -0.6    0.1    0.47   0.72  -0.41  -0.86
  0.64   0.31  -0.89   0.43   0.35   0.16  -0.27  -0.81   0.48   0.66
  0.4   -0.2   -0.08  -0.77  -0.88  -0.19   0.6    0.02  -0.4   -0.79
  0.1   -0.37   0.99   0.41   0.45  -0.98   0.95  -1.     0.99  -0.49
 -0.7    0.75   0.77  -0.54   0.24   0.51  -1.    -0.85   0.64   0.59
  0.14  -0.16  -0.78  -0.51  -0.22   0.2    0.63   0.46   0.43  -0.45
 -0.76   0.62  -0.81   0.57  -0.76   0.15  -0.98  -0.99  -0.65  -0.62
  0.2   -0.97  -0.15  -0.18   1.114 -0.58   0.96  -0.43  -0.05   0.59
  0.76  -0.24  -0.23  -0.19   0.24  -0.22  -0.97  -0.18  -0.71  -0.96 ][-0.84  -0.89   0.86   0.15  -0.6    0.1    0.47   0.29  -0.68  -0.86
  0.81   0.31   0.5   -0.74   0.35   0.16   0.62  -0.56   0.48  -0.35
  0.4   -0.2   -0.08  -0.77  -0.88  -0.19   0.6    0.35  -0.4   -0.79
  0.1    0.86  -0.88  -0.92   0.45  -0.98  -0.27  -1.     0.01  -0.49
  0.92   0.75  -0.27  -0.54  -0.86   0.51  -0.3   -0.85   0.97   0.59
  0.78  -0.16  -0.78  -0.06   0.42  -0.98   0.63  -0.68  -0.77  -0.55
 -0.76   0.62  -0.37   0.57   0.41   0.309 -0.58  -0.99  -0.4   -0.48
  0.39  -0.97  -0.64  -0.03   0.12  -0.58   0.96  -0.43  -0.05  -0.84
  0.76  -0.89   0.12  -0.19   0.08  -0.32  -0.97   0.92  -0.24  -0.96 ][ 0.94   0.93   0.86   0.15  -0.44   0.1    0.47   0.29  -0.68  -1.268
  0.81   0.31  -0.89   0.43   0.36   0.98  -0.27  -0.81  -0.83  -0.35
 -0.4   -0.2   -0.77   0.8   -0.3    0.31   0.6    0.02  -0.87  -0.79
  0.1    0.86   0.99  -0.92   0.45  -0.24  -0.27  -0.27   0.01  -0.05
  0.92  -0.34  -0.27  -0.54   0.24   0.83  -0.3   -0.24   0.64   0.23
  0.14   0.26  -0.78  -0.06   0.42  -0.98   0.63   0.46   0.43  -0.45
 -0.67  -0.55  -0.81   0.57   0.41   0.71  -0.58   0.23  -0.4   -0.48
  0.2    0.06  -0.64  -0.03  -0.21   0.31   0.96   0.08  -0.05  -0.84
  0.76  -0.24  -0.23  -0.19   0.08  -0.22  -0.97  -0.18  -0.71  -0.96 ][ 0.94   0.93   0.46   0.15  -0.6   -0.5    0.47   0.72  -0.41  -0.86
  0.64   0.96  -0.89  -0.74   0.35   0.98  -0.27  -0.81   0.48  -0.35
  0.4   -0.68  -0.77  -0.77  -0.3   -0.19   0.6    0.02  -0.4    0.5
  0.1   -0.37  -0.88   0.41  -0.57  -0.24   0.95  -1.     0.99  -0.05
 -0.7    0.75   0.77  -0.54   0.24   0.83  -0.3   -0.24   0.97   0.23
  0.78  -0.16  -0.78  -0.06   0.42   0.2    0.91  -0.68  -0.77  -0.55
 -0.67   0.62  -0.81  -0.23  -1.408  0.71  -0.58   0.23  -0.65  -0.48
  0.39  -0.97  -0.64  -0.18   0.12  -0.58   0.96  -0.43  -0.32  -0.84
  0.76  -0.89  -0.23   0.79   0.08  -0.32  -0.88   0.92  -0.71  -0.96 ][-0.84  -0.89   0.46   0.15  -0.44  -0.5    0.47   0.29  -0.41  -0.38
  0.81   0.96   0.5   -0.74   0.35   0.16  -0.27  -0.81   0.48  -0.35
 -0.4   -0.2   -0.08  -0.77  -0.88   0.31   0.83   0.02  -0.4    0.5
  0.1   -0.37   0.99   0.41   0.45  -0.24   0.95  -1.     0.99  -0.785
 -0.7    0.75  -0.27   0.85  -0.86   0.83  -1.    -0.24   0.64   0.23
  0.14  -0.16   0.2   -0.51   0.42  -0.98   0.91  -0.68   0.43  -0.55
 -0.76  -0.55  -0.81   0.57  -0.76   0.15  -0.58  -0.99  -0.65  -0.48
  0.39   0.06  -0.15  -0.18  -0.21  -0.58   0.07   0.08  -0.05  -0.84
 -0.42  -0.24  -0.23   0.79   0.08  -0.22  -0.88  -0.18  -0.24  -0.17 ][-0.84  0.93  0.46  0.15 -0.44  0.1  -0.29  0.29 -0.68 -0.38  0.81  0.31
  0.5  -0.12  0.35  0.16  0.62 -0.81 -0.83 -0.35 -0.4  -0.68 -0.77 -0.77
 -0.88 -0.19  0.83  0.02 -0.87 -0.79  0.1  -0.37  0.99  0.41 -0.57 -0.24
  0.95 -1.    0.01 -0.49 -0.7   0.75 -0.27 -0.54  0.24  0.83 -1.   -0.24
  0.97  0.23  0.78 -0.16 -0.78 -0.06 -0.22 -0.98  0.63 -0.68  0.43 -0.45
 -0.76 -0.55 -0.81 -0.23  0.41  0.71 -0.58 -0.99 -0.4  -0.62  0.39 -0.97
 -0.15 -0.03 -0.21 -0.58  0.96 -0.43 -0.05  0.59  0.76 -0.24 -0.23  0.79
  0.24 -0.22 -0.97  0.92 -0.24 -0.96][ 0.94 -0.89  0.86  0.15 -0.44 -0.5   0.47  0.72 -0.41 -0.86  0.64  0.31
 -0.89  0.43  0.35  0.98 -0.27 -0.56 -0.83  0.66  0.4  -0.2  -0.77 -0.77
 -0.88  0.31  0.83  0.35 -0.4  -0.79  0.1   0.86  0.99  0.41 -0.57 -0.98
 -0.27 -1.    0.99 -0.49  0.92 -0.34 -0.27 -0.54 -0.86  0.83 -0.3  -0.85
  0.64  0.59  0.78  0.26 -0.78 -0.51 -0.22  0.2   0.63  0.46  0.43 -0.45
 -0.67 -0.55 -0.81 -0.23  0.41  0.15 -0.58  0.23 -0.4  -0.48  0.2  -0.97
 -0.15 -0.03  0.12 -0.58  0.96  0.08 -0.05  0.59  0.76 -0.89 -0.23 -0.19
  0.08 -0.22 -0.88 -0.18 -0.24 -1.12][ 0.94  -0.89   0.46   0.15  -0.44  -0.5   -0.29   0.72  -0.41  -0.86
  0.64   0.96   0.5   -1.706  0.36   0.98   0.62  -0.56  -0.83  -0.35
 -0.4   -0.2   -0.77   0.8   -0.3   -0.19   0.6    0.02  -0.4    0.5
  0.1    0.86   0.99  -0.92  -0.57  -0.98   0.95  -1.     0.01  -0.49
  0.92   0.75  -0.27   0.85  -0.86   0.51  -0.3   -0.24   0.97   0.23
  0.78   0.26   0.2   -0.51   0.42   0.2    0.91   0.46  -0.77  -0.45
 -0.76  -0.55  -0.81   0.57  -0.76   0.15  -0.58   0.23  -0.65  -0.48
  0.2    0.06  -0.64  -0.03   0.12   0.31   0.07   0.08  -0.32   0.59
 -0.42  -0.24  -0.23   0.79   0.24  -0.32  -0.97  -0.18  -0.24  -0.17 ]