[-0.84   0.93   0.46  -0.61  -0.44   0.1    0.436  0.29  -0.68  -0.38
  0.81   0.31   0.5    0.43   0.35   0.16  -0.27  -0.81   0.48  -0.35
  0.4   -0.2   -0.77   0.8   -0.3   -0.19   0.83   0.02  -0.4    1.25
 -0.912  0.86   0.99  -0.002  0.45  -0.98   0.95  -1.     0.01  -0.49
  0.92  -0.34   0.77  -1.29  -0.86   0.83  -1.    -0.85   0.64   0.59
  0.78   0.26  -0.78  -0.51   1.395  0.2    0.91   0.46   0.43  -0.55
 -1.38   0.62  -0.37   0.57   0.41   0.15  -0.98   0.23  -0.4   -1.265
  0.2   -0.97   0.242 -0.03  -0.21   0.879  0.07  -0.43  -0.32   0.59
 -0.42  -0.89  -0.76  -0.19  -0.662 -0.32  -0.97   0.92  -0.24  -0.17 ][-2.301e+00  9.300e-01  4.600e-01 -6.100e-01 -6.000e-01  1.000e-01
  4.360e-01  2.900e-01 -6.800e-01 -3.800e-01  8.100e-01  9.600e-01
  5.000e-01  4.300e-01  3.500e-01  1.600e-01 -2.700e-01 -8.100e-01
  4.800e-01 -3.500e-01  4.000e-01 -2.000e-01 -7.700e-01  8.000e-01
 -3.000e-01 -1.900e-01  8.300e-01  2.000e-02 -4.000e-01  5.000e-01
 -9.120e-01  8.600e-01  9.900e-01 -2.000e-03  4.500e-01 -9.800e-01
  9.500e-01 -1.000e+00  8.480e-01 -4.900e-01  9.200e-01 -3.400e-01
  7.700e-01 -1.290e+00 -8.600e-01  8.300e-01 -1.000e+00 -8.500e-01
 -2.500e-02  5.900e-01  7.800e-01  2.600e-01 -7.800e-01 -5.100e-01
  4.200e-01 -9.800e-01  9.100e-01  4.600e-01  4.300e-01 -5.500e-01
 -1.380e+00  6.200e-01 -3.700e-01  5.700e-01  4.100e-01  7.100e-01
 -9.800e-01  2.300e-01 -4.000e-01 -1.265e+00  9.080e-01 -9.700e-01
  2.420e-01 -3.000e-02 -2.100e-01  8.790e-01  7.000e-02 -4.300e-01
 -3.200e-01  5.900e-01 -4.200e-01 -8.900e-01 -1.170e+00 -1.900e-01
  2.580e-01 -3.200e-01 -1.415e+00  9.200e-01 -2.400e-01 -5.440e-01][-0.84   0.93   0.46  -0.61  -0.44  -0.863 -0.29   0.29  -0.68  -0.38
  0.64   0.31   0.5    0.43   0.35   0.16  -0.27  -0.81   0.48  -0.35
  0.4    0.667 -0.77  -0.77  -0.3   -0.19   0.83   0.02  -0.4    0.5
  0.1    0.86   0.99  -0.002 -0.429 -0.24   0.95  -1.763  0.01  -0.49
  0.92  -0.34   0.77   0.85  -0.86   0.83  -1.    -0.85   0.64   0.59
  0.14   0.26  -0.78  -0.51   0.42  -0.98   0.91   0.46  -0.061 -0.55
 -1.38   0.62  -0.37   0.57   0.41   0.71  -0.58   0.23  -0.4   -1.265
  0.2   -0.97  -0.15  -0.03  -0.21   0.31   0.07  -0.43  -0.32   0.59
 -0.42  -0.89   0.12  -0.19   0.08  -0.22  -0.939  0.92  -0.71  -0.544][-0.84   0.93   0.336 -0.61  -0.6   -0.863  0.436  0.29  -0.68  -0.38
  0.64   0.31   0.5    0.43   0.35   0.16  -1.252 -0.81   0.48  -0.35
  0.4   -0.2   -0.675 -0.77  -0.3   -0.19   0.83   0.02  -0.4    0.5
 -0.912  0.86   0.99  -0.002  0.45  -0.98   0.95  -1.     0.01  -0.49
  0.92  -0.34  -0.15   0.85  -0.86   0.83  -1.    -0.85   0.063  0.59
  0.14   0.26  -0.78  -0.51   0.42   0.2    0.91   0.46   0.43  -0.55
 -0.67   0.62  -0.37   0.57   0.41  -0.171 -0.58   0.23  -0.4   -0.48
  0.2   -0.97  -0.857 -0.03  -0.21   0.31   0.07  -0.43  -0.32   0.59
 -0.42  -0.89   0.12  -0.19   0.08  -0.22  -0.939  0.92  -0.24  -0.544][-1.731  0.93  -0.501 -0.61  -0.44  -0.863 -0.29   0.29  -0.68  -0.38
  0.64   0.31   0.5    0.43   0.35   0.16  -0.27  -0.81   0.48  -0.35
  0.4    0.667 -0.77  -0.77  -0.3   -0.19   0.83   0.02  -0.4    0.5
 -0.52   0.86   0.99  -0.002  0.45  -0.98   0.95  -1.     0.01  -0.49
  0.92  -0.34   0.77   0.85  -0.86   0.83  -1.    -0.85   0.063  0.59
  0.165  0.26  -0.78  -0.51   0.42  -0.98   0.91   0.46  -0.061  0.133
 -0.67  -0.297 -0.37   0.57   0.41   0.71  -0.98   0.23  -0.4   -0.48
  0.908 -0.97  -0.15  -0.03  -0.21   0.31   0.07  -0.43  -0.32   0.59
 -0.42  -0.89  -0.76  -0.19   0.701 -0.22  -0.97   0.92  -0.24  -0.544][-0.84   0.93   0.336 -0.61  -0.44  -0.863 -0.29   0.29  -0.771 -0.38
  0.64   0.31   0.5    0.43   0.35   0.16   0.364 -0.81   0.48  -0.35
  0.4   -0.353 -0.77  -0.77  -0.3   -0.19   0.83   0.02  -0.4    0.5
  0.045  0.86   0.99  -0.002  0.45  -0.98   0.95  -1.     0.01  -0.49
  0.92  -0.34   0.77   0.85  -1.325  0.83  -1.    -0.85   0.063  0.59
  0.14   0.26  -0.78  -0.51   0.42  -0.98   0.91   0.46  -0.061  0.133
 -1.38   0.62  -0.81   0.57   0.41   0.15  -0.98   0.23  -0.4   -1.265
  0.2   -0.97  -0.857 -0.03  -0.21   0.879  0.07  -0.43  -0.32   0.59
 -0.42  -0.89  -0.76  -0.19   0.701 -0.32  -1.402  0.92  -0.24  -0.544][-0.84   0.93  -0.501 -0.61  -0.44   0.1   -0.29   0.29  -0.764 -0.38
  0.64   0.31  -0.89   0.43   0.35   0.16  -0.27  -0.81   0.48  -0.35
  0.4   -0.982 -0.675  1.458 -0.3   -0.19   0.83   0.02  -0.4    0.5
 -0.912  0.86   0.99  -0.002  0.45  -0.24   0.95  -1.     0.01  -0.49
  0.92  -0.34   0.77   0.85  -0.86   0.604 -1.    -0.85   0.64   0.59
  0.78   0.26  -0.78  -0.51   0.42   0.2    0.91   0.46  -0.061  0.133
 -0.67   0.62  -0.81   0.57   0.41   0.71  -0.58   0.23  -0.4   -1.265
  0.2   -0.97  -0.15  -0.03  -0.21   0.31   0.07  -0.43  -0.32   0.59
 -0.42  -0.89  -1.056 -0.19   0.08  -0.32  -0.97   0.92  -0.24  -0.544][-2.301e+00  9.300e-01  4.600e-01 -6.100e-01 -4.400e-01  1.000e-01
  4.360e-01  2.900e-01 -6.800e-01 -3.800e-01  8.100e-01  9.600e-01
  5.000e-01  4.300e-01  3.500e-01  1.600e-01 -2.700e-01 -8.100e-01
  4.800e-01 -3.500e-01  4.000e-01 -5.550e-01 -7.700e-01 -7.700e-01
 -3.000e-01 -1.900e-01  8.300e-01  2.000e-02 -4.000e-01  5.000e-01
 -9.120e-01  8.600e-01  9.900e-01 -2.000e-03  4.500e-01 -9.800e-01
  9.500e-01 -1.000e+00  8.480e-01 -4.900e-01  9.200e-01 -3.400e-01
  7.700e-01 -1.290e+00 -8.600e-01  8.300e-01 -1.000e+00 -1.430e-01
  6.400e-01  5.900e-01  7.800e-01  2.600e-01 -7.800e-01 -5.100e-01
  4.200e-01  2.000e-01  9.100e-01  4.600e-01  4.300e-01 -5.500e-01
 -1.380e+00  6.200e-01 -3.700e-01  5.700e-01  4.100e-01  7.100e-01
 -9.800e-01  2.300e-01 -4.000e-01 -4.800e-01  9.080e-01 -9.700e-01
 -1.500e-01 -3.000e-02 -2.100e-01  8.790e-01  7.000e-02 -4.300e-01
 -3.200e-01  5.900e-01 -4.200e-01 -8.900e-01  9.460e-01 -1.900e-01
  7.010e-01 -3.200e-01 -9.700e-01  9.200e-01 -2.400e-01 -5.440e-01][-0.84   0.93   0.46  -0.61  -0.44   0.1    0.436  0.29  -0.68  -0.38
  0.64   0.31   0.5    0.43   0.35   0.16  -0.27  -0.81   0.48  -0.35
  0.4    0.667 -0.77  -0.77  -0.3   -0.19   0.83   0.02  -0.4    0.402
  0.1    0.86   0.99  -0.002  0.45  -0.24   0.95  -1.     0.01  -0.49
  0.92  -0.34  -0.15  -1.29  -0.86   0.83  -1.    -0.85   0.64   0.59
  0.78   0.26  -0.78  -0.51   0.42  -0.98   0.91   0.46   0.43  -0.55
 -1.38   0.62  -0.81   0.57   0.41   0.71  -0.98   0.23  -0.4   -0.48
  0.2   -0.97   0.242 -0.03  -0.21   0.879  0.07  -0.43  -0.32   0.59
 -0.42  -1.457 -0.76  -0.19   0.258 -0.22  -0.97   0.92  -0.24  -0.544][-0.84   0.93   0.46  -0.61  -0.44   0.1   -0.29   0.29  -0.771 -0.38
  0.64   0.31   0.5    0.43   0.35   0.16  -0.27  -0.81   0.48  -0.35
  0.4   -0.2   -0.77  -0.77  -0.3   -0.19   0.83   0.02  -0.4    0.5
 -0.392  0.86   0.99  -0.002 -0.429 -0.98   0.95  -1.     0.01  -0.49
  0.92  -0.34   0.77   0.85  -0.86   0.83  -1.    -0.85   0.64   0.59
  0.78   0.26  -0.78  -0.51   0.42   0.2    0.91   0.46   0.43  -0.55
 -1.38   0.62  -0.81   0.57   0.41   0.15  -0.98   0.23  -0.4   -1.265
  0.908 -0.97   0.242 -0.03  -0.21   0.879  0.07  -0.43  -0.32   0.59
 -0.42  -0.89  -0.76  -0.19   0.701 -0.32  -1.847  0.92  -0.24  -0.17 ][-0.84   0.93   0.336 -0.61  -0.44  -0.863 -0.29   0.29  -0.771 -0.38
  0.64   0.31  -0.89   0.43   0.35   0.16   0.364 -0.81   0.48  -0.35
  0.4   -0.353 -0.77   0.8   -0.3   -0.19   0.83   0.02  -0.4    0.5
  0.045  0.86   0.99  -0.002  0.45  -0.98   0.95  -1.     0.01  -0.49
  0.92  -0.34   0.77   0.85  -1.325  0.83  -1.    -0.85   0.063  0.59
  0.14   0.26  -0.78  -0.51   0.42  -0.98   0.91   0.46  -0.061  0.133
 -0.76   0.62  -0.81   0.57   0.41   0.15  -0.58   0.23  -0.4   -0.48
  0.2   -0.97  -0.857 -0.03  -0.21   0.31   0.07  -0.43  -0.32   0.59
 -0.42  -0.89  -0.76  -0.19   0.701 -0.32  -0.97   0.92  -0.24  -0.544][-1.731  0.93   0.46  -0.61  -0.44   0.1   -0.29   0.29  -0.771 -0.38
  0.64   0.31  -0.89   0.43   0.35   0.16   0.364 -0.81   0.48  -0.35
  0.4   -0.555 -0.675  1.458 -0.3   -0.19   0.83   0.02  -0.4    0.5
 -0.52   0.86   0.99  -0.002  0.45  -0.24   0.95  -1.     0.01  -0.49
  0.92  -0.34   0.77   0.85  -0.86   0.83  -1.    -0.85   0.256  0.59
  0.78   0.26  -0.78  -0.51   0.42   0.2    0.91   1.055  0.43  -0.982
 -0.67   0.62  -0.37   0.57   0.41   0.71  -0.58   0.23  -0.4   -0.48
  0.2   -0.97  -0.15  -0.03  -0.21   0.31   0.07  -0.43  -0.32   0.59
 -0.42  -0.89   0.946 -0.19   0.701 -0.22  -0.97   0.92  -0.24  -0.17 ][-0.84   0.93   0.336 -0.61  -0.6   -0.863 -0.29   0.29  -0.68  -0.38
  0.64   0.31   0.5    0.43   0.35   0.16   0.364 -0.81   0.48  -0.35
  0.4   -0.2   -0.77  -0.77  -0.3   -0.19   0.83   0.02  -0.4    0.5
 -0.52   0.86   0.99  -0.002  0.45  -0.98   0.95  -1.     0.01  -0.49
  0.92  -0.34  -0.15   0.85  -0.86   0.83  -1.    -0.85   0.063  0.59
  0.14   0.26  -0.78  -0.51   0.42  -0.98   0.91   0.46   0.43  -1.29
 -0.67  -0.297 -0.37   0.57   0.41   0.71  -0.98   0.23  -0.4   -0.48
  0.2   -0.97  -0.15  -0.03  -0.21   0.31   0.07  -0.43  -0.32   0.59
 -0.42  -0.89  -0.76  -0.19   0.08  -0.22  -0.939  0.92  -0.24  -0.544][-1.731  0.93   0.46  -0.61  -0.44  -0.863  0.294  0.29  -0.771 -0.38
  0.438  0.96   0.5    0.43   0.35   0.16   0.364 -0.81   0.48  -0.35
  0.4   -0.555 -0.77  -0.77  -0.3   -0.19   0.83   0.02  -0.4    0.5
  0.1    0.86   0.99  -0.002  0.45  -0.98   0.95  -1.     0.01  -0.49
  0.92  -0.34  -0.15   0.85  -0.86   0.83  -1.    -0.85   0.64   0.59
  0.78   0.26  -0.78  -0.51   0.42   0.2    0.462  0.46   0.43  -0.982
 -0.76   0.62  -0.81   0.57   0.41   0.71  -1.401  0.23  -0.4   -0.48
  0.2   -0.97  -0.15  -0.03  -0.21   0.31   0.07  -0.43  -0.218  0.59
 -0.42  -0.89  -1.056 -0.19   0.258 -0.22  -0.939  0.92  -0.24  -0.544][-0.84   0.93   0.46  -0.61  -0.6   -0.863 -0.29   0.29  -0.68  -0.38
  0.64   0.31  -0.89   0.43   0.35   0.16   0.364 -0.81   1.259 -0.35
  0.4   -0.353 -0.77   0.8   -0.3   -0.19   0.83   0.02  -0.4    1.25
 -0.912  0.86   0.096 -0.002  0.45  -0.98   0.95  -1.     0.01  -0.49
  0.92  -0.34   0.77   0.85  -1.325  0.83  -1.    -0.85   0.063  0.59
  0.14   0.26  -0.78  -0.51   0.42  -0.98   0.91   0.46   0.43  -0.55
 -0.76   0.62  -0.81   0.57   0.41   0.15  -0.58  -0.493 -0.4   -0.48
  0.2   -0.97   0.242 -0.03   0.008  0.31   0.07  -0.43  -0.218  0.59
 -0.42  -0.486 -0.76  -0.19   0.08  -0.32  -0.97   0.92  -0.24  -0.544][-0.84   0.93   0.46  -0.61  -0.6    0.1    0.294  0.29  -0.68  -0.38
  0.438  0.31   0.5    0.43   0.35   0.16   0.62  -0.81   0.48  -0.35
  0.4   -0.2   -0.77   0.8   -0.3   -0.19   0.83   0.02  -0.4    0.5
  0.1    0.86   1.05  -0.002  0.45  -0.24   0.95  -1.     0.01  -0.49
  0.92  -0.34  -0.15   0.85  -0.86   0.83  -1.    -1.076  0.64   0.59
  0.78   0.26  -0.78  -0.51   0.42  -0.98   0.91   0.46   0.43  -0.982
 -0.67   0.62  -0.81   0.57   0.41   0.15  -0.58   0.23  -0.4   -0.48
  0.908 -0.97  -0.15  -0.03  -0.21   0.31   0.07  -0.43  -0.218  0.59
 -0.42  -0.89  -1.056 -0.19  -0.662 -0.22  -0.939  0.92  -0.71  -0.17 ][-0.84   0.93   0.336 -0.61  -0.6   -0.863 -0.29   0.29  -0.68  -0.38
  0.438  0.96   0.5    0.43   0.35   0.16   0.364 -0.81   0.48  -0.35
  0.4   -0.2   -0.77  -0.77  -0.3   -0.19   0.83   0.02  -0.4    0.5
  0.1    0.86   0.99  -0.002  0.45  -0.24   0.95  -1.     0.01  -0.49
  0.92  -0.34  -0.15   0.85  -0.86   0.83  -1.    -1.548  0.231  0.59
  0.14   0.26  -1.766 -0.51   0.42  -0.98   0.91   0.46   0.43  -0.55
 -0.67   0.62  -0.37   0.57   0.41   0.71  -0.58   0.23  -0.4   -0.48
  0.2   -0.97  -0.857 -0.03  -0.21   0.31   0.07  -0.43  -0.218  0.59
 -0.42  -0.89   0.12  -0.19   0.08  -0.22  -0.939  0.404 -0.71  -0.544][-0.84   0.93   0.336 -0.61  -0.44  -0.863 -0.29   0.29  -0.771 -0.38
  0.64   0.31  -0.89   0.43   0.35   0.16   0.364 -0.81   0.48  -0.35
  0.4    0.667 -0.77   0.8   -0.3   -0.19   0.83   0.02  -0.4    0.5
  0.045  0.86   0.99  -0.002  0.45  -0.98   0.95  -1.     0.01  -0.49
  0.92  -0.34   0.77   0.85  -1.325  0.83  -1.    -0.85   0.64   0.59
  0.14   0.26  -0.78  -0.51   0.42  -0.98   0.91   0.46  -0.061  0.133
 -0.76   0.62  -0.81   0.57   0.41   0.71  -0.98   0.23  -0.4   -0.48
  0.2   -0.97  -0.15  -0.03  -0.21   0.879  0.07   0.087 -0.32   0.59
 -0.42  -0.89  -0.76  -0.19   0.701 -0.32  -0.97   0.92  -0.24  -0.544][-0.84   0.93   0.336 -0.61  -0.44  -0.863 -0.29   0.29  -0.764 -0.38
  0.64   0.31   0.5    0.43   0.35   0.16  -0.27  -0.81   0.48  -0.35
  0.4   -0.353 -0.77   0.927 -0.3   -0.19   0.83   0.02  -0.4    0.5
 -0.52   0.86   0.99  -0.002  0.45  -0.24   0.95  -1.     0.01  -0.49
  0.92  -0.34   0.77   0.85  -0.86   0.83  -1.    -0.85   0.063  0.59
  0.78   0.26  -0.78  -0.51   0.42  -0.98   0.91   0.46  -0.061 -0.982
 -1.38   0.62  -0.81   0.57   0.41   0.15  -0.58   0.23  -0.4   -0.48
  0.2   -0.97  -1.09  -0.03  -0.21   0.31   0.07  -0.43   0.182  0.59
 -0.42  -0.89  -0.76  -0.19   0.701 -0.32  -0.97   0.92  -0.71  -0.544][-2.301e+00  9.300e-01  3.360e-01 -6.100e-01 -6.000e-01 -8.630e-01
  4.360e-01  2.900e-01 -6.800e-01  6.160e-01  6.400e-01  3.100e-01
  5.000e-01  4.300e-01  3.500e-01  1.600e-01  3.640e-01 -8.100e-01
  6.550e-01 -3.500e-01  4.000e-01 -2.000e-01 -7.700e-01 -7.700e-01
 -3.000e-01 -1.900e-01  8.300e-01  2.000e-02 -4.000e-01  5.000e-01
  1.000e-01  8.600e-01  9.900e-01 -2.000e-03  4.500e-01 -2.400e-01
  9.500e-01 -1.000e+00  1.000e-02 -4.900e-01  9.200e-01 -3.400e-01
  7.700e-01  8.500e-01 -8.600e-01  8.300e-01 -1.000e+00 -1.548e+00
  6.300e-02  5.900e-01  7.800e-01  2.600e-01 -7.800e-01 -5.100e-01
  4.200e-01 -9.800e-01  9.100e-01  4.600e-01  4.300e-01 -5.500e-01
 -1.380e+00  6.200e-01 -3.700e-01  5.700e-01  4.100e-01  7.100e-01
 -5.800e-01  2.300e-01 -4.000e-01 -4.800e-01  2.000e-01 -9.700e-01
 -1.500e-01 -3.000e-02 -2.100e-01  8.790e-01  7.000e-02  4.070e-01
 -3.200e-01  5.900e-01 -4.200e-01 -8.900e-01  1.200e-01 -1.900e-01
  8.000e-02 -3.200e-01 -9.700e-01  9.200e-01 -7.100e-01 -1.700e-01][-0.84   0.93   0.46  -0.61  -0.44  -0.863 -0.29   0.29  -0.68  -0.38
  0.64   0.31   0.5    0.43   0.35  -0.242  0.364 -0.81   0.48  -0.35
  0.4    0.667 -0.77  -0.77  -0.3   -0.19   0.83   0.02  -0.4    0.5
  0.045  0.86   0.99  -0.002 -0.429 -0.24   0.95  -1.763  0.01  -0.49
  0.92  -0.34   0.77   0.85  -1.325  0.83  -1.    -0.85   0.64   0.59
  0.14   0.26  -0.78  -0.51   0.42  -0.98   0.91   0.46  -0.061  0.133
 -1.38   0.62  -0.81   0.57   0.41   0.71  -0.58   0.23  -0.4   -0.48
  0.2   -0.97  -0.15  -0.03  -0.21   0.879  0.07   0.087 -0.32   0.59
 -0.42  -0.89  -0.76  -0.19   0.701 -0.22  -0.939  0.92  -0.71  -0.544][-1.731  0.93  -0.501 -0.61  -0.44  -0.863 -0.29   0.29  -0.764 -0.38
  0.64   0.31   0.5    0.43   0.35   0.16  -0.27  -0.81   0.48  -0.35
  0.4    0.667 -0.77   1.458 -0.3   -0.19   0.83   0.02  -0.4    0.5
 -0.912  0.86   0.99  -0.002  0.45  -0.24   0.95  -1.     0.01  -0.49
  0.92  -0.34   0.77   0.85  -0.86   0.83  -1.    -0.85   0.063  0.59
  0.165  0.26  -0.78  -0.51   0.42   0.2    0.91   0.46  -0.061  0.133
 -0.67   0.62  -0.81   0.57   0.41   0.71  -0.98  -0.159 -0.4   -1.265
  0.2   -0.97  -0.15  -0.03  -0.21   0.31   0.07  -0.43  -0.32   0.59
 -0.42  -0.89  -1.056 -0.19   0.701 -0.22  -0.97   0.92  -0.24  -0.544][-2.301e+00  9.300e-01  3.360e-01 -6.100e-01 -6.000e-01 -8.630e-01
  4.360e-01  2.900e-01 -6.800e-01 -3.800e-01  6.400e-01  3.100e-01
  5.000e-01  4.300e-01  3.500e-01  1.600e-01  3.640e-01 -8.100e-01
  6.550e-01 -3.500e-01  4.000e-01 -2.000e-01 -6.750e-01 -7.700e-01
 -3.000e-01 -1.900e-01  8.300e-01  2.000e-02 -4.000e-01  5.000e-01
 -9.120e-01  8.600e-01  9.900e-01 -2.000e-03  4.500e-01 -2.400e-01
  9.500e-01 -1.000e+00  1.000e-02 -4.900e-01  9.200e-01 -3.400e-01
  7.700e-01  8.500e-01 -8.600e-01  8.300e-01 -1.000e+00 -8.500e-01
  6.300e-02  5.900e-01  1.400e-01  2.600e-01 -7.800e-01 -5.100e-01
  4.200e-01  2.000e-01  9.100e-01  4.600e-01  4.300e-01 -5.500e-01
 -1.380e+00  6.200e-01 -3.700e-01  5.700e-01  4.100e-01  7.100e-01
 -5.800e-01  2.300e-01 -4.000e-01 -4.800e-01  2.000e-01 -9.700e-01
 -1.500e-01 -3.000e-02 -5.780e-01  3.100e-01  7.000e-02  4.070e-01
 -3.200e-01  5.900e-01 -4.200e-01 -8.900e-01  1.200e-01 -1.900e-01
  8.000e-02 -3.200e-01 -9.390e-01  9.200e-01 -2.400e-01 -1.700e-01][-2.301e+00  9.300e-01  4.600e-01 -6.100e-01 -6.000e-01 -8.630e-01
  4.360e-01  2.900e-01 -6.800e-01 -3.800e-01  8.100e-01  9.600e-01
  5.000e-01  4.300e-01  3.500e-01  1.600e-01  3.640e-01 -8.100e-01
  6.550e-01 -3.500e-01  4.000e-01 -2.000e-01 -7.700e-01  8.000e-01
 -3.000e-01 -1.900e-01  8.300e-01  2.000e-02 -4.000e-01  5.000e-01
 -9.120e-01  8.600e-01  9.900e-01 -2.000e-03  4.500e-01 -9.800e-01
  9.500e-01 -1.000e+00  8.480e-01 -4.900e-01  9.200e-01 -3.400e-01
  7.700e-01  8.500e-01 -8.600e-01  8.300e-01 -1.000e+00 -1.548e+00
 -2.500e-02  5.900e-01  7.800e-01  2.600e-01 -7.800e-01 -5.100e-01
  4.200e-01 -9.800e-01  9.100e-01  4.600e-01  4.300e-01 -5.500e-01
 -1.380e+00  6.200e-01 -3.700e-01  5.700e-01  4.100e-01  7.100e-01
 -9.800e-01  2.300e-01 -4.000e-01 -1.265e+00  9.080e-01 -9.700e-01
  2.420e-01 -3.000e-02 -2.100e-01  8.790e-01  7.000e-02  4.800e-01
 -3.200e-01  5.900e-01 -4.200e-01 -8.900e-01 -1.170e+00 -1.900e-01
  2.580e-01 -3.200e-01 -9.700e-01  9.200e-01 -7.100e-01 -1.700e-01][-0.84   0.93  -0.501 -0.61  -0.6   -0.863 -0.29   0.29  -0.764  0.616
  0.64   0.31   0.5    0.43   0.35   0.16  -0.27  -0.81   0.48  -0.35
  0.4   -0.982 -0.77  -0.77  -0.3   -0.19   0.83   0.02  -0.4    0.5
  0.1    0.86   0.99  -0.002  0.45  -0.24   0.95  -1.     0.01  -0.592
  0.92  -0.34   0.77   0.85  -0.86   0.604 -1.    -1.548  0.063  0.59
  0.78   0.26  -0.78  -0.51   0.42  -0.98   0.91   0.46   0.43  -0.55
 -0.67   0.62  -0.81   0.57   0.41   0.71  -0.58   0.23  -0.4   -0.48
  0.2   -0.97  -0.15  -0.03  -0.21   0.31   0.07  -0.43  -0.32   0.59
 -0.42  -0.89  -1.056 -0.19   0.08  -0.32  -0.97   0.92  -0.24  -0.544][-0.84   0.93   0.46  -0.61  -0.44   0.1    0.436  0.29  -0.68  -0.38
  0.64   0.31   0.5    0.43   0.35   0.16   0.364 -0.81   0.48  -0.35
  0.4   -0.555 -0.77   0.8   -0.3   -0.19   0.83   0.02  -0.4    0.5
 -0.912  0.86   0.096 -0.002  0.45  -0.98   0.95  -1.    -0.755 -0.49
  0.92  -0.34   0.77   0.85  -0.86   0.83  -1.    -0.143  0.64   0.59
  0.78   0.26  -0.78  -0.51   0.42  -0.98   0.91   0.46   0.43  -0.55
 -1.38   0.62  -0.37   0.57   0.41   0.71  -0.58   0.23  -0.4   -0.48
  0.908 -0.97   0.242 -0.03   0.008  0.879  0.07  -0.43  -0.218  0.59
 -0.42  -0.486  0.946 -0.19   0.08  -0.32  -0.97   0.92  -0.24  -0.544][-1.731  0.93  -0.501 -0.61  -0.44  -0.863 -0.29   0.29  -0.68  -0.38
  0.81   0.31   0.5    0.43   0.35   0.16  -0.27  -0.81   0.48  -0.35
  0.4    0.667 -0.77  -0.77  -0.3   -0.778  0.83   0.02  -0.4    0.5
 -0.912  0.86   0.99  -0.002  0.45  -0.98   0.95  -1.     0.01  -0.49
  0.92  -0.34   0.77   0.85  -0.86   0.83  -1.    -0.85   0.063  0.59
  0.78   0.26  -0.78  -0.51   0.42  -0.98   0.91   0.46  -0.061 -0.55
 -1.38   0.62  -0.37   0.57   0.41   0.15  -0.98   0.23  -0.4   -0.48
  0.908 -0.97   0.242 -0.03  -0.21   0.879  0.07  -0.43  -0.32   0.59
 -0.42  -0.89  -0.76  -0.19   0.701 -0.22  -0.97   0.92  -0.24  -0.544][-0.84   0.93   0.46  -0.61  -0.6    0.1    0.436  0.29  -0.68  -0.38
  0.81   0.96   0.5    0.43   0.35   0.831  0.62  -0.81   0.48  -0.35
  0.4   -0.2   -0.77   0.8   -0.3   -0.19   0.83   0.02  -0.4    0.5
 -0.912  0.86   0.99  -0.002  0.45  -0.24   0.95  -1.     0.01  -0.49
  0.92  -0.34   0.77  -1.29  -0.86   0.83  -1.    -0.143  0.64   0.59
  0.78   0.26  -0.78  -0.51   0.42  -0.98   0.91   0.46   0.43  -0.982
 -0.67   0.62  -0.81   0.57   0.41   0.71  -0.98   0.23  -0.4   -0.48
  0.908 -0.97  -0.15  -0.03  -0.21   0.879  0.07  -0.43  -0.218  0.59
 -0.42  -0.89   0.946 -0.19  -0.662 -0.32  -0.97   0.92  -0.24  -0.544][-1.731  0.93   0.336 -0.61  -0.44  -0.863  0.294  0.29  -0.68  -0.38
  0.64   0.96   0.5    0.43   0.35   0.16   0.364 -0.81   0.48  -0.35
  0.4   -0.2   -0.77  -0.77  -0.3   -0.19   0.83   0.02  -0.4    0.5
 -0.912  0.86   0.99  -0.002  0.45  -0.98   0.95  -1.     0.01  -0.49
  0.92  -0.34  -0.15   0.85  -0.86   0.83  -1.    -0.85   0.64   0.59
  0.78   0.26  -0.78  -0.51   0.42   0.2    0.91   0.46   0.43  -0.55
 -0.76   0.62  -0.81   0.57   0.41   0.71  -1.401  0.23  -0.4   -0.48
  0.2   -0.97  -0.857 -0.03  -0.21   0.31   0.07  -0.43  -0.218  0.59
 -0.42  -0.89  -1.056 -0.19   0.08  -0.22  -0.939  0.284 -0.24  -0.544][-0.84   0.93   0.336 -0.61  -0.6   -0.863 -0.29   0.29  -0.68  -0.38
  0.64   0.96   0.5    0.43   0.35   0.16   0.364 -0.81   0.655 -0.35
  0.4   -0.2   -0.77  -0.77  -0.3   -0.19   0.83   0.02  -0.4    0.5
  0.1    0.86   0.99  -0.002  0.45   0.397  0.95  -1.     0.01  -0.49
  0.92  -0.34   0.77   0.85  -0.86   0.83  -1.    -1.548  0.231  0.59
  0.14   0.26  -0.78  -0.51   0.42  -0.98   0.91   0.46   0.43  -0.55
 -0.67   0.62  -0.37   0.57   0.41   0.71  -0.58   0.23  -0.4   -0.48
  0.2   -0.97  -0.857 -0.03  -0.21   0.879  0.07  -0.43  -0.32   0.59
 -0.42  -0.89   0.12  -0.19   0.08  -0.32  -0.97   0.92  -0.71  -0.544][-0.84   0.93   0.336 -0.61  -0.44  -0.863 -0.29   0.29  -0.771 -0.38
  0.64   0.31  -0.89   0.43   0.35   0.16   0.364 -0.81   0.48  -0.35
  0.291 -0.353 -0.77  -0.77  -0.3   -0.19   0.83   0.02  -0.4    0.5
  0.045  0.86   0.99  -0.002  0.45  -0.98   0.95  -1.     0.01  -0.49
  0.92  -0.34   0.77   0.85  -1.325  0.83  -1.    -0.85   0.063  0.59
  0.14   0.26  -0.78  -0.51   0.42  -0.98   0.91   0.46  -0.061  0.133
 -1.38   0.62  -0.81   0.57   0.41   0.15  -0.58   0.23  -0.4   -1.265
  0.2   -0.97  -0.857 -0.03  -0.21   0.879  0.07  -0.43  -0.32   0.59
 -0.42  -0.89  -0.76  -0.19   0.701 -0.32  -1.402  0.92  -0.24  -0.544][-0.84   0.93   0.46  -0.61  -0.44  -0.863 -0.29   0.29  -0.764 -0.38
  0.64   0.31   0.5    0.43   0.35   0.16  -0.27  -0.81   0.48  -0.35
  0.4   -0.353 -0.77   0.927 -0.3   -0.19   0.83   0.02  -0.4    0.5
  0.1    0.86   0.99  -0.002  0.45  -0.24   0.95  -1.763  0.01  -0.49
  0.92  -0.34   0.77   0.85  -0.86   0.83  -1.    -0.85   0.063  0.59
  0.14   0.26  -0.78  -0.51   0.42  -0.98   0.91   0.46  -0.061 -0.982
 -1.38   0.62  -0.37   0.57   0.41   0.71  -0.58   0.23  -0.4   -1.265
  0.2   -0.97  -0.15  -0.03   0.085  0.31   0.07  -0.43  -0.32   0.59
 -0.42  -0.89  -0.76  -0.19   0.08  -0.22  -0.97   0.92  -0.71  -0.544][-0.84   0.93   0.46  -0.61  -0.6    0.1   -0.29   0.29  -0.68  -0.38
  0.81   0.31   0.5    0.43   0.35   0.16  -0.27  -0.81   0.48  -0.35
  0.4   -0.982 -0.675  1.458 -0.3   -0.19   0.83   0.02  -0.4    0.5
 -0.912  0.86   0.99  -0.002  0.45  -0.98   0.95  -1.     0.01  -0.49
  0.92   0.27   0.77   0.85  -0.86   0.604 -1.    -0.85   0.64   0.59
  0.78   0.26  -0.78  -0.51   0.42  -0.98   0.91   0.46   0.43  -0.55
 -1.38   0.62  -0.37   0.57   0.41   0.71  -0.98   0.23  -0.4   -1.265
  0.908 -0.97  -0.15  -0.03  -0.21   0.879  0.07  -0.43  -0.32   0.59
 -0.42  -0.89  -1.17  -0.19   0.08  -0.32  -1.415  0.92  -0.24  -0.544][-2.301e+00  9.300e-01  4.600e-01 -6.100e-01 -6.000e-01  1.000e-01
 -2.900e-01  2.900e-01 -7.710e-01 -3.800e-01  8.100e-01  9.600e-01
  5.000e-01  4.300e-01  3.500e-01  1.600e-01  3.640e-01 -8.100e-01
  4.800e-01 -3.500e-01  4.000e-01 -3.530e-01 -7.700e-01  8.000e-01
 -3.000e-01 -1.900e-01  8.300e-01  2.000e-02 -4.000e-01  5.000e-01
  4.500e-02  8.600e-01  9.900e-01 -2.000e-03  4.500e-01 -9.800e-01
  9.500e-01 -1.000e+00  1.000e-02 -4.900e-01  9.200e-01 -3.900e-02
  7.700e-01 -1.290e+00 -8.600e-01  8.300e-01 -1.000e+00 -8.500e-01
 -2.500e-02  5.900e-01  1.400e-01  2.600e-01 -7.800e-01 -5.100e-01
  4.200e-01 -9.800e-01  9.100e-01  4.600e-01 -6.100e-02 -5.500e-01
 -7.600e-01  6.200e-01 -8.100e-01  5.700e-01  4.100e-01  7.100e-01
 -9.800e-01  2.300e-01 -4.000e-01 -4.800e-01  9.080e-01 -9.700e-01
 -8.570e-01 -3.000e-02 -2.100e-01  3.100e-01  7.000e-02 -4.300e-01
 -3.200e-01  5.900e-01 -4.200e-01 -8.900e-01 -1.170e+00 -1.900e-01
  2.580e-01 -3.200e-01 -1.415e+00  9.200e-01 -2.400e-01 -5.440e-01][-0.84   0.93   0.336 -0.61  -0.44   0.1   -0.29   0.29  -0.771 -0.38
  0.64   0.31  -0.89   0.43   0.35   0.16  -0.27  -0.81   0.48  -0.35
  0.4    0.667 -0.77   0.8   -0.3   -0.19   0.83   0.02  -0.4    0.5
  0.045  0.86   0.99  -0.002  0.45  -0.24   0.95  -1.     0.01  -0.49
  0.92  -0.34  -0.15  -1.29  -0.86   0.83  -1.    -0.85   0.64   0.59
  0.14   0.26  -0.78  -0.51   0.42  -0.98   0.91   0.46  -0.061 -0.55
 -1.38   0.62  -0.81   0.57   0.41   0.71  -0.98   0.23  -0.4   -0.48
  0.2   -0.97   0.242 -0.03  -0.21   0.879  0.07  -0.43  -0.32   0.59
 -0.42  -0.89  -0.76  -0.962  0.258 -0.22  -0.97   0.92  -0.24  -0.544][-2.301e+00  9.300e-01  3.360e-01 -6.100e-01 -4.400e-01 -8.630e-01
  4.360e-01  2.900e-01 -6.800e-01 -3.800e-01  4.380e-01  9.600e-01
  5.000e-01  4.300e-01  3.500e-01  1.600e-01 -2.700e-01 -8.100e-01
  4.800e-01 -3.500e-01  4.000e-01 -2.000e-01 -7.700e-01 -7.700e-01
 -3.000e-01 -1.900e-01  8.300e-01  2.000e-02 -4.000e-01  5.000e-01
 -9.120e-01  8.600e-01  9.900e-01 -2.000e-03  4.500e-01 -9.800e-01
  9.500e-01 -1.000e+00  8.480e-01 -4.900e-01  9.200e-01 -3.400e-01
 -1.500e-01 -1.290e+00 -8.600e-01  8.300e-01 -1.000e+00 -1.430e-01
  2.310e-01  5.900e-01  1.400e-01  2.600e-01 -7.800e-01 -5.100e-01
  4.200e-01  2.000e-01  9.100e-01  4.600e-01  4.300e-01 -5.500e-01
 -6.700e-01  6.200e-01 -3.700e-01  5.700e-01  4.100e-01  7.100e-01
 -5.800e-01  2.300e-01 -4.000e-01 -4.800e-01  2.000e-01 -9.700e-01
 -8.570e-01 -3.000e-02 -2.100e-01  8.790e-01  7.000e-02 -4.300e-01
 -2.180e-01  5.900e-01 -4.200e-01 -8.900e-01  9.460e-01 -2.280e-01
  7.010e-01 -2.200e-01 -9.700e-01  4.040e-01 -2.400e-01 -5.440e-01][-2.301e+00  9.300e-01  3.360e-01 -6.100e-01 -6.000e-01 -8.630e-01
  4.360e-01  2.900e-01 -6.800e-01 -1.000e+00  6.400e-01  3.100e-01
  5.000e-01  4.300e-01  3.500e-01  1.600e-01 -1.252e+00 -8.100e-01
  6.550e-01 -3.500e-01  4.000e-01 -2.000e-01 -7.700e-01 -7.700e-01
 -3.000e-01 -1.900e-01  8.300e-01  2.000e-02 -4.000e-01  5.000e-01
  1.000e-01  8.600e-01  9.900e-01 -2.000e-03  4.500e-01 -2.400e-01
  9.500e-01 -1.000e+00  1.000e-02 -4.900e-01  9.200e-01 -3.400e-01
  7.700e-01  8.500e-01 -8.600e-01  8.300e-01 -1.000e+00 -1.548e+00
  6.300e-02  5.900e-01  1.400e-01  2.600e-01 -7.800e-01 -5.100e-01
  4.200e-01 -9.800e-01  9.100e-01  4.600e-01  4.300e-01 -5.500e-01
 -6.700e-01  6.200e-01 -3.700e-01  5.700e-01  4.100e-01  7.100e-01
 -5.800e-01  2.300e-01 -4.000e-01 -4.800e-01  2.000e-01 -9.700e-01
 -8.570e-01 -3.000e-02 -2.100e-01  8.790e-01  7.000e-02 -4.300e-01
 -3.200e-01  5.900e-01 -4.200e-01 -8.900e-01  1.200e-01 -1.900e-01
  8.000e-02 -2.200e-01 -9.700e-01  9.200e-01 -2.400e-01 -1.700e-01][-0.84   0.93   0.336 -0.61  -0.6   -0.863 -0.29   0.29  -0.68  -0.38
  0.64   0.31   0.5    0.43   0.35   0.16  -1.252 -0.81   0.48  -0.35
  0.4   -0.353 -0.77  -0.77  -0.3   -0.19   0.83   0.02  -0.4    0.5
 -0.912  0.86   0.99  -0.002  0.45  -0.24   0.95  -1.     0.01  -0.49
  0.92  -0.34  -0.15   0.85  -0.86   0.83  -0.032 -0.85   0.063  0.59
  0.14   0.26  -0.78  -0.51   0.42  -0.98   0.91   0.46  -0.061 -0.55
 -0.67   0.62  -0.81   0.57   0.41  -0.171 -0.58   0.23  -0.4   -0.48
  0.2   -0.97  -0.857 -0.03  -0.21   0.31   0.07  -0.43  -0.32   0.59
 -0.42  -0.89  -0.76  -0.19   0.701 -0.32  -0.97   0.92  -0.24  -0.544][-0.84   0.93   0.336 -0.61  -0.6   -0.863 -0.29   0.29  -0.68  -0.38
  0.81   0.31   0.5    0.43   0.35   0.16   0.364 -0.81   0.48  -0.35
  0.4   -0.2   -0.77  -0.77  -0.3   -0.19   0.83   0.02  -0.4    1.25
 -0.912  0.86   0.99  -0.002  0.45  -0.24   0.95  -1.     0.01  -0.49
  0.92  -0.34  -0.15  -1.29  -0.86   0.83  -1.    -1.548  0.231  0.59
  0.78   0.26  -1.766 -0.51   1.395  0.2    0.91   0.46   0.43  -0.55
 -0.67   0.62  -0.37   0.57   0.41   0.15  -0.58   0.23  -0.4   -0.48
  0.2   -0.97  -0.857 -0.406 -0.21   0.31   0.07  -0.43  -0.32   0.59
 -0.42  -0.89   0.12  -0.19   0.08  -0.22  -0.97   0.92  -0.71  -0.17 ][-0.84   0.93   0.46  -0.61  -0.44   0.1    0.436  0.29  -0.68  -0.38
  0.64   0.31  -0.89   0.43   0.35   0.16  -0.27  -0.81   0.48  -0.35
  0.4   -0.982 -0.675 -0.77  -0.3   -0.19   0.83   0.02  -0.4    0.402
  0.1    0.86   0.99  -0.002  0.45  -0.24   0.95  -1.     0.01  -0.49
  0.92  -0.34   0.77  -1.29  -0.86   0.83  -1.    -0.85   0.64   0.59
  0.78   0.26  -0.78  -0.51   0.42  -0.98   0.91   0.46   0.43   0.133
 -0.67   0.62  -0.81   0.57   1.21   0.71  -0.98   0.23  -0.4   -1.265
  0.2   -0.97   0.242 -0.03  -0.21   0.879  0.07  -0.43  -0.32   0.59
 -0.42  -0.89  -1.056 -0.19   0.258 -0.32  -0.97   0.92  -0.24  -0.544][-0.84   0.93   0.336 -0.61  -0.6    0.1    0.294  0.29  -0.68   0.616
  0.438  0.31   0.5    0.43   0.35   0.16   0.364 -0.81   0.655 -0.35
  0.4   -0.2   -0.77   0.8   -0.3   -0.19   0.83   0.02  -0.4    0.5
  0.1    0.86   1.05  -0.002  0.45  -0.24   0.95  -1.     0.01  -0.49
  0.92  -0.34   0.77   0.85  -0.86   0.83  -1.    -1.076  0.64   0.59
  0.78   0.26  -1.09  -0.51   0.42  -0.98   0.91   0.46   0.43  -0.55
 -0.67   0.62  -0.37   0.57   0.41   0.15  -0.58   0.23  -0.4   -0.48
  0.2   -0.97  -0.15  -0.03  -0.21   0.879  0.07   0.407 -0.218  0.59
 -0.42  -0.89   0.12  -0.19   0.08  -0.32  -0.97   0.92  -0.71  -0.17 ][-0.84   0.93  -0.501 -0.61  -0.44  -0.863 -0.29   0.29  -0.68  -0.38
  0.438  0.96  -0.89   0.43   0.35   0.16  -0.27  -0.81   0.48  -0.35
  0.4   -0.982 -0.675  1.458 -0.3   -0.19   0.83   0.02  -0.4    0.5
 -0.912  0.86   0.99  -0.002  0.45  -0.24   0.95  -1.     0.01  -0.49
  0.92  -0.34   0.77   0.85  -0.86   0.83  -1.    -0.85   0.64   0.59
  0.14   0.26  -1.766 -0.51   0.42  -0.98   0.91   0.46  -0.061 -0.55
 -0.67   0.62  -0.81   0.57   0.41   0.71  -0.58   0.23  -0.4   -1.265
  0.2   -0.908 -0.857 -0.03  -0.21   0.31   0.07  -0.43  -0.218  0.59
 -0.42  -0.89   0.12  -0.19   0.08  -0.22  -0.939  0.404 -0.71  -0.544][-2.301e+00  9.300e-01 -5.010e-01 -6.100e-01 -4.400e-01 -8.630e-01
 -2.900e-01  2.900e-01 -6.800e-01 -3.800e-01  6.400e-01  3.100e-01
  5.000e-01  4.300e-01  3.500e-01  1.600e-01 -2.700e-01 -8.100e-01
  4.800e-01 -3.500e-01  4.000e-01 -5.550e-01 -7.700e-01 -7.700e-01
 -3.000e-01 -1.900e-01  8.300e-01  2.000e-02 -4.000e-01  5.000e-01
 -5.200e-01  8.600e-01  9.900e-01 -2.000e-03  4.500e-01 -9.800e-01
  9.500e-01 -1.000e+00  8.480e-01 -4.900e-01  9.200e-01 -3.400e-01
  7.700e-01  8.500e-01 -8.600e-01  8.300e-01 -1.000e+00 -8.500e-01
  6.400e-01  5.900e-01  1.650e-01  2.600e-01 -7.800e-01 -5.100e-01
  4.200e-01  2.000e-01  9.100e-01  4.600e-01  4.300e-01 -5.500e-01
 -6.700e-01 -2.970e-01 -3.700e-01  5.700e-01  4.100e-01  7.100e-01
 -9.800e-01  2.300e-01 -4.000e-01 -4.800e-01  9.080e-01 -9.700e-01
 -1.500e-01 -3.000e-02 -2.100e-01  3.100e-01  7.000e-02 -4.300e-01
 -3.200e-01  5.900e-01 -4.200e-01 -8.900e-01 -1.660e-01 -1.900e-01
  7.010e-01 -2.200e-01 -9.700e-01  9.200e-01 -2.400e-01 -5.440e-01][-2.301e+00  9.300e-01  4.600e-01 -6.100e-01 -6.000e-01  1.000e-01
  4.360e-01  2.900e-01 -6.800e-01  6.160e-01  6.400e-01  3.100e-01
  5.000e-01  4.300e-01  3.500e-01  1.600e-01 -2.700e-01 -8.100e-01
  6.550e-01 -3.500e-01  4.000e-01 -5.550e-01 -7.700e-01 -7.700e-01
 -3.000e-01 -1.900e-01  8.300e-01  2.000e-02 -4.000e-01  5.000e-01
 -9.120e-01  8.600e-01  9.900e-01 -2.000e-03  4.500e-01 -2.400e-01
  9.500e-01 -1.000e+00  1.000e-02 -4.900e-01  9.200e-01 -3.400e-01
  7.700e-01  8.500e-01 -8.600e-01  8.300e-01 -1.000e+00 -1.548e+00
  6.400e-01  5.900e-01  7.800e-01  2.600e-01 -7.800e-01 -5.100e-01
  4.200e-01 -9.800e-01  9.100e-01  4.600e-01  4.300e-01 -5.500e-01
 -1.380e+00  6.200e-01 -3.700e-01  5.700e-01  4.100e-01  7.100e-01
 -9.800e-01  2.300e-01 -4.000e-01 -4.800e-01  9.080e-01 -9.700e-01
 -1.500e-01 -3.000e-02 -2.100e-01  8.790e-01  7.000e-02 -4.300e-01
 -3.200e-01  5.900e-01 -4.200e-01 -8.900e-01  1.200e-01 -1.900e-01
  7.010e-01 -3.200e-01 -9.700e-01  9.200e-01 -9.120e-01 -1.700e-01][-0.84   0.93   0.336 -0.61  -0.6   -0.863 -0.29   0.29  -0.68   0.616
  0.64  -0.04   0.5    0.43   0.35   0.16   0.364 -0.81   0.48  -0.35
  0.4   -0.353 -0.77  -0.77  -0.3   -0.19   0.83   0.02  -0.4    0.5
  0.045  0.86   0.99  -0.002  0.45  -0.24   0.95  -1.     0.01  -0.49
  0.92  -0.34   0.77   0.85  -0.86   0.83  -1.    -1.548  0.063  0.59
  0.14   0.26  -0.78  -0.51   0.42  -0.98   0.91   0.46   0.43  -0.55
 -1.38   0.62  -0.81   0.57   0.41   0.71  -0.58   0.23  -0.4   -0.48
  0.2   -0.97  -0.857 -0.03  -0.21   0.879  0.07   0.407 -0.32   0.59
 -0.42  -0.89   0.12  -0.19   0.701 -0.32  -0.97   0.92  -0.71  -0.17 ][-0.84   0.675  0.46  -0.61  -0.44  -0.863  0.436  0.29  -0.68  -0.38
  0.81   0.31   0.5    0.43   0.35   0.16  -0.27  -0.81   0.48  -0.35
  0.4    0.667 -0.77  -0.77  -0.3   -0.19   0.83   0.02  -0.4    0.5
  0.1    0.86   0.99  -0.002 -0.429 -0.24   0.95  -1.763  0.01  -0.49
  0.92  -0.34   0.77   0.85  -0.86   0.83  -1.    -0.85   0.64   0.59
  0.14   0.26  -0.78  -0.51   1.395 -0.98   0.91   0.46   0.43  -0.55
 -1.38   0.62  -0.37   0.57   0.41   0.15  -0.98   0.23  -0.4   -1.265
  0.2   -0.97  -0.15  -0.03  -0.21   0.879  0.07  -0.43  -0.32   0.59
 -0.42  -0.89   0.12  -0.19   0.08  -0.32  -0.939  0.92  -0.24  -0.544][-2.301e+00  9.300e-01  3.360e-01 -6.100e-01 -6.000e-01 -8.630e-01
  4.360e-01  2.900e-01 -6.800e-01 -3.800e-01  3.990e-01  9.600e-01
  5.000e-01  4.300e-01  3.500e-01  1.600e-01  3.640e-01 -8.100e-01
  4.800e-01 -3.500e-01  4.000e-01 -2.000e-01 -7.700e-01  8.000e-01
 -3.000e-01 -1.900e-01  8.300e-01  2.000e-02 -4.000e-01  5.000e-01
 -9.120e-01  8.600e-01  9.900e-01 -2.000e-03  4.500e-01 -2.400e-01
  9.500e-01 -1.000e+00  8.480e-01 -4.900e-01  9.200e-01 -3.400e-01
 -1.500e-01  8.500e-01 -8.600e-01  8.300e-01 -1.000e+00 -8.500e-01
 -2.500e-02  5.900e-01  1.400e-01  2.600e-01 -7.800e-01 -5.100e-01
  4.200e-01 -9.800e-01  9.100e-01  4.600e-01  4.300e-01 -5.500e-01
 -6.700e-01  6.200e-01 -3.700e-01  5.700e-01  4.100e-01  7.100e-01
 -9.800e-01  2.300e-01 -4.000e-01 -4.800e-01  2.000e-01 -9.700e-01
  2.420e-01 -3.000e-02 -2.100e-01  3.100e-01  7.000e-02 -4.300e-01
 -2.180e-01  5.900e-01 -4.200e-01 -8.900e-01  1.200e-01 -1.900e-01
  8.000e-02 -3.200e-01 -1.415e+00  9.200e-01 -7.100e-01 -5.440e-01][-2.301e+00  9.300e-01  3.360e-01 -6.100e-01 -6.000e-01 -8.630e-01
  4.360e-01  2.900e-01 -6.800e-01 -3.800e-01  8.100e-01  3.100e-01
  5.000e-01  4.300e-01  3.500e-01  1.600e-01  3.640e-01 -8.100e-01
  6.550e-01 -3.500e-01  4.000e-01 -2.000e-01 -7.700e-01  8.000e-01
 -3.000e-01 -1.900e-01  8.300e-01  2.000e-02 -4.000e-01  5.000e-01
  1.000e-01  8.600e-01  9.900e-01 -2.000e-03  4.500e-01 -9.800e-01
  9.500e-01 -1.000e+00  1.000e-02 -4.900e-01  9.200e-01 -3.400e-01
  7.700e-01 -1.290e+00 -8.600e-01  8.300e-01 -1.000e+00 -8.500e-01
  6.300e-02  5.900e-01  7.800e-01  2.600e-01 -7.800e-01 -5.100e-01
  4.200e-01 -9.800e-01  9.100e-01  4.600e-01  4.300e-01 -5.500e-01
 -1.380e+00  6.200e-01 -3.700e-01  5.700e-01  4.100e-01  7.100e-01
 -9.800e-01  2.300e-01 -4.000e-01 -1.265e+00  2.000e-01 -9.700e-01
  2.420e-01 -3.000e-02 -2.100e-01  8.790e-01  7.000e-02  4.070e-01
 -3.200e-01  5.900e-01 -4.200e-01  7.700e-02 -7.600e-01 -1.900e-01
 -6.620e-01 -3.200e-01 -9.700e-01  9.200e-01 -2.400e-01 -1.700e-01][-0.84   0.93   0.336 -0.61  -0.6   -0.863  0.436  0.29  -0.68   0.616
  0.64   0.31   0.5    0.43   0.35   0.16   0.364 -0.81   0.48  -0.35
  0.4   -0.2   -0.675 -0.77  -0.3   -0.19   0.83   0.02  -0.4    0.5
 -0.912  0.86   0.99  -0.002  0.45  -0.24   0.95  -1.     0.01  -0.49
  0.92  -0.34   0.77   0.85  -0.86   0.83  -1.    -0.85   0.063  0.59
  0.78   0.26  -0.78  -0.51   0.42  -0.98   0.91   0.46   0.43  -0.55
 -1.38   0.62  -0.37   0.57   0.41  -0.171 -0.58   0.23  -0.4   -0.48
  0.2   -0.97  -0.857 -0.03  -0.21   0.879  0.07  -0.43  -0.32   0.59
 -0.42  -0.89   0.12  -0.19   0.35  -0.32  -0.97   0.92  -0.24  -0.17 ][-0.84   0.93   0.46  -0.61  -0.44  -0.863 -0.29   0.29  -0.771 -0.38
  0.64   0.31  -0.89   0.43   0.35  -0.6    0.364 -0.81   0.48  -0.35
  0.4   -0.353 -0.77   1.458 -0.3   -0.19   0.83   0.02  -0.4    1.25
 -0.52   0.86   0.096 -0.002  0.45  -0.98   0.95  -1.     0.01  -0.49
  0.92  -0.34   0.77   0.85  -0.86   0.83  -1.    -0.85   0.256  0.59
  0.14   0.26  -0.78  -0.51   0.42  -0.98   0.91   0.46   0.43  -0.55
 -0.76   0.62  -0.81   0.57   0.41   0.71  -0.58   0.23  -0.4   -0.48
  0.2   -0.97   0.242 -0.03  -0.21   0.31   0.07  -0.43  -0.32   0.59
 -0.42  -0.486 -0.76  -0.19   0.701 -0.22  -0.97   0.92  -0.24  -0.544][-0.84   0.93   0.336 -0.61  -0.6   -0.863 -0.29   0.29  -0.771 -0.38
  0.64   0.31   0.5    0.43  -0.408  0.16   0.364 -0.81   0.48  -0.35
  0.4   -0.2   -0.77  -0.77  -0.3   -0.19   0.83   0.02  -0.4    0.5
  0.1    0.86   0.99  -0.002  0.45  -0.98   0.95  -1.     0.01  -0.49
  0.92  -0.34   0.77   0.85  -0.86   0.83  -1.    -0.85   0.063  0.59
  0.78   0.26  -0.78  -0.51   0.42  -0.98   0.91   0.46   0.43   0.133
 -0.76   0.62  -0.37   0.57   0.41   0.71  -0.58   0.23  -0.4   -0.48
  0.2   -0.97  -0.857 -0.03  -0.21   0.879  0.07   0.407 -0.32   0.59
 -0.42  -0.89   0.12  -0.19   0.701 -0.32  -0.97   0.92  -0.24  -0.17 ][-0.84   0.93   0.336 -0.61  -0.44  -0.863 -0.29   0.29  -0.68  -0.38
  0.64   0.31   0.5    0.43   0.35   0.16   0.364 -0.81   0.48  -0.35
  0.4   -0.2   -0.77   0.8   -0.3   -0.19   0.83   0.02  -0.4    0.5
 -0.52   0.86   0.99  -0.002  0.45  -0.98   0.997 -1.     0.01  -0.49
  0.92  -0.34   0.77   0.85  -0.86   0.83  -1.    -0.85   0.063  0.59
  0.14   0.26  -0.78  -0.51   0.42  -0.98   0.91   0.46  -0.061 -1.29
 -0.76  -0.297 -0.37   0.57   0.41   0.71  -0.98   0.23  -0.4   -0.48
  0.2   -0.97  -0.15  -0.03  -0.21   0.31   0.07  -0.43  -0.32   0.59
 -0.42  -0.89  -0.76  -0.19   0.701 -0.32  -0.939  0.92  -0.24  -0.544][-2.301e+00  9.300e-01  3.360e-01 -6.100e-01 -4.400e-01 -8.630e-01
 -2.900e-01  2.900e-01 -7.710e-01 -3.800e-01  3.860e-01  3.100e-01
  5.000e-01  4.300e-01  3.500e-01  1.600e-01 -2.700e-01 -8.100e-01
  4.800e-01 -3.500e-01  4.000e-01 -2.000e-01 -7.700e-01 -7.700e-01
 -3.000e-01 -1.900e-01  8.300e-01  2.000e-02 -4.000e-01  5.000e-01
  4.500e-02  8.600e-01  9.900e-01 -2.000e-03  4.500e-01 -9.800e-01
  9.500e-01 -1.000e+00  8.480e-01 -4.900e-01  9.200e-01 -3.400e-01
  7.700e-01  8.500e-01 -8.600e-01  8.300e-01 -1.000e+00 -8.500e-01
 -2.500e-02  5.900e-01  7.800e-01  2.600e-01 -7.800e-01 -5.100e-01
  4.200e-01 -9.800e-01  9.100e-01  4.600e-01  4.300e-01 -5.500e-01
 -1.380e+00  6.200e-01 -8.100e-01  5.700e-01  4.100e-01  7.100e-01
 -9.800e-01  2.300e-01 -4.000e-01 -1.265e+00  9.080e-01 -9.700e-01
  2.420e-01 -3.000e-02 -2.100e-01  8.790e-01  7.000e-02 -4.300e-01
 -3.200e-01  5.900e-01 -4.200e-01 -8.900e-01 -7.600e-01 -1.900e-01
  7.010e-01 -3.200e-01 -1.402e+00  9.200e-01 -2.400e-01 -5.440e-01][-2.301e+00  9.300e-01  4.600e-01 -6.100e-01 -4.400e-01  1.000e-01
  4.360e-01  2.900e-01 -6.800e-01 -3.800e-01  8.100e-01  3.100e-01
  5.000e-01  4.300e-01  3.500e-01  1.600e-01 -2.700e-01 -8.100e-01
  4.800e-01 -3.500e-01  4.000e-01 -2.000e-01 -7.700e-01  8.000e-01
 -3.000e-01 -1.900e-01  8.300e-01  2.000e-02 -4.000e-01  1.250e+00
 -9.120e-01  8.600e-01  9.900e-01 -2.000e-03  4.500e-01 -9.800e-01
  9.500e-01 -1.000e+00  8.480e-01 -4.900e-01  9.200e-01 -3.400e-01
  7.700e-01 -1.290e+00 -8.600e-01  8.300e-01 -1.000e+00 -8.500e-01
 -2.500e-02  5.900e-01  7.800e-01  2.600e-01 -7.800e-01 -5.100e-01
  4.200e-01  2.000e-01  9.100e-01  4.600e-01  4.300e-01 -5.500e-01
 -1.380e+00  6.200e-01 -3.700e-01  5.700e-01  4.100e-01  1.500e-01
 -9.800e-01  2.300e-01 -4.000e-01 -1.265e+00  2.000e-01 -9.700e-01
  2.420e-01 -3.000e-02 -2.100e-01  8.790e-01  7.000e-02 -4.300e-01
 -3.200e-01  5.900e-01 -4.200e-01 -8.900e-01 -7.600e-01 -1.900e-01
  2.580e-01 -3.200e-01 -1.190e+00  9.200e-01 -2.400e-01 -5.440e-01][-0.84   0.93   0.336 -0.61  -0.44   0.1   -0.29   0.29  -0.764 -0.38
  0.64   0.31   0.5    0.43   0.35   0.16  -0.432 -0.81   0.48  -0.35
  0.4   -0.353 -0.675  1.458 -0.3   -0.19   0.83   0.02  -0.4    0.5
 -0.912  0.86   0.99  -0.002  0.45  -0.24   0.95  -1.     0.01  -0.49
  0.92  -0.34   0.77   0.85  -0.86   0.83  -1.    -0.85   0.64   0.59
  0.78   0.26  -0.78  -0.51   0.42  -0.98   0.91   0.46  -0.061  0.133
 -0.67   0.62  -0.81   0.57   0.41   0.15  -0.58   0.23  -0.4   -1.265
  0.2   -0.97  -1.09  -0.03  -0.21   0.31   0.07  -0.43  -0.32   0.59
 -0.42  -0.89  -0.76  -0.19   0.701 -0.32  -0.97   0.92  -0.71  -0.544][-0.84   0.93   0.46  -0.61  -0.44   0.1    0.436  0.29  -0.771 -0.38
  0.64   0.31  -0.89   0.43   0.35   0.16   0.364 -0.81   0.48  -0.35
  0.4   -0.555 -0.675 -0.77  -0.3   -0.19   0.83   0.02  -0.4    0.5
 -0.52   0.86   0.99  -0.002  1.046 -0.24   0.95  -1.     0.01  -0.49
  0.92  -0.34   0.77   0.85  -0.86   0.83  -1.    -0.85   0.256  0.59
  0.14   0.26  -0.78  -0.51   0.42   0.2    0.91   1.055  0.43  -0.55
 -0.67   0.62  -0.37   0.57   0.41   0.71  -0.58   0.23  -0.4   -0.48
  0.2   -0.97  -0.857 -0.03  -0.21   0.31   0.07  -0.43  -0.32   0.59
 -0.42  -0.89   0.946 -0.19   0.701 -0.22  -0.939  0.92  -0.24  -0.17 ][-1.731  0.93   0.46  -0.61  -0.6    0.1   -0.29   0.29  -0.68   0.616
  0.64   0.31  -0.89   0.43   0.35   0.16   0.364 -0.81   0.48  -0.35
  0.4   -0.555 -0.675  1.458 -0.3   -0.19   0.83   0.933 -0.4    0.5
  0.1    0.86   0.99  -0.002  0.45  -0.24   0.95  -1.     0.01  -0.49
  0.92  -0.34   0.77   0.85  -0.86   0.83  -1.    -1.548  0.256  0.59
  0.78   0.26  -0.78  -0.51   0.42   0.2    0.91   1.055  0.43  -0.982
 -1.38   0.62  -0.37   0.57   0.41   0.71  -0.58   0.23  -0.4   -0.48
  0.2   -0.97  -0.15  -0.03  -0.21   0.879  0.07  -0.43  -0.32   0.59
 -0.42  -0.89   0.12  -0.19   0.701 -0.22  -0.97   0.92  -0.24  -0.17 ][-2.301e+00  9.300e-01  4.600e-01 -6.100e-01 -6.000e-01 -8.630e-01
  4.360e-01 -5.240e-01 -6.800e-01 -3.800e-01  4.380e-01  3.100e-01
  5.000e-01  4.300e-01  3.500e-01  1.600e-01  3.640e-01 -8.100e-01
  6.550e-01 -3.500e-01  4.000e-01 -2.000e-01 -7.700e-01 -7.700e-01
 -3.000e-01 -1.900e-01  8.300e-01  2.000e-02 -4.000e-01  5.000e-01
  1.000e-01  8.600e-01  9.900e-01 -2.000e-03  4.500e-01 -2.400e-01
  9.500e-01 -1.000e+00  1.000e-02 -4.900e-01  9.200e-01 -3.400e-01
 -1.500e-01  8.500e-01 -8.600e-01  8.300e-01 -1.000e+00 -1.548e+00
  6.300e-02  5.900e-01  7.800e-01  2.600e-01 -7.800e-01 -5.100e-01
  4.200e-01  2.000e-01  4.620e-01  4.600e-01  4.300e-01 -9.820e-01
 -1.380e+00  6.200e-01 -8.100e-01  5.700e-01  4.100e-01  7.100e-01
 -5.800e-01  2.300e-01 -4.000e-01 -4.800e-01  2.000e-01 -9.700e-01
 -1.500e-01 -3.000e-02 -2.100e-01  8.790e-01  7.000e-02 -4.300e-01
 -3.200e-01  5.900e-01 -4.200e-01 -8.900e-01 -1.056e+00 -1.900e-01
  8.000e-02 -2.200e-01 -9.700e-01  9.200e-01 -7.100e-01 -5.440e-01][-1.731  0.93   0.46  -0.61  -0.44  -0.863  0.294  0.29  -0.771 -0.38
  0.438  0.96   0.5    0.43   0.35   0.16   0.364 -0.81   1.252 -0.35
  0.4   -0.2   -0.77  -0.77  -0.3   -0.19   0.83   0.02  -0.4    0.5
 -0.912  0.86   0.99  -0.002  0.45  -0.98   0.95  -1.     0.01  -0.49
  0.92  -0.34   0.77   0.85  -0.86   0.83  -1.    -0.85   0.64   0.59
  0.78   0.26  -0.78  -0.51   0.42   0.2    0.91   0.46   0.43  -0.982
 -0.76   0.62  -0.81   0.57   0.41   0.71  -1.401  0.23  -0.4   -1.265
  0.2   -0.97   0.242 -0.03  -0.21   0.31   0.07  -0.43  -0.218  0.59
 -0.42  -0.89  -1.056 -0.19  -0.662 -0.22  -0.939  0.92  -0.24  -0.544][-0.84   0.93   0.46  -0.61  -0.44  -0.863  0.436  0.29  -0.68  -0.38
  0.64   0.31  -0.89   0.43   0.35   0.16  -0.27  -0.81   0.48  -0.35
  0.4   -0.353 -0.77   0.8   -0.3   -0.19   0.83   0.02  -0.4    0.5
  0.045  0.86   0.99  -0.002  0.45  -0.98   0.95  -1.     0.01  -0.49
  0.92  -0.34   0.77   0.85  -1.325  0.83  -1.    -0.85   0.64   0.59
  0.14   0.26  -0.78  -0.51   0.42  -0.98   0.91   0.46   0.43  -0.55
 -0.76   0.62  -0.81   0.528  0.41   0.15  -0.98   0.23  -0.4   -0.48
  0.2   -0.97   0.242 -0.03  -0.21   0.31   0.07  -0.43  -0.32   0.59
 -0.42  -0.89  -0.76  -0.19  -0.662 -0.32  -0.97   0.92  -0.24  -0.544][-0.84   0.93   0.46  -0.61  -0.44   0.1    0.436  0.29  -0.68   0.241
  0.81   0.31   0.5    0.43   0.35   0.16  -0.27  -0.81   0.48  -0.35
  0.4   -0.2   -0.77   0.8   -0.3   -0.19   0.83   0.02  -0.4    0.5
 -0.912  0.86   0.99  -0.002  0.45  -0.24   0.95  -1.     0.01  -0.49
  0.92  -0.34  -0.15  -1.29  -0.86   0.83  -1.    -0.85   0.64   0.59
  0.78   0.26  -0.78  -0.51   0.42  -0.98   0.91   0.46   0.43  -0.982
 -1.38   0.62  -0.81   0.57   0.41   0.15  -0.98   0.23  -0.4   -1.265
  0.908 -0.97  -0.15  -0.03  -0.21   0.31   0.07  -0.43  -0.218  0.59
 -0.42  -0.89  -0.76  -0.19  -0.662 -0.22  -0.939  0.92  -0.71  -0.17 ][-0.84   0.93   0.46  -0.61  -0.44   0.1   -0.29   0.29  -0.771 -0.38
  0.64   0.31   0.5    0.43   0.35   0.16  -0.27  -0.81   0.48  -0.35
  0.4   -0.2   -0.77   1.458 -0.3   -0.19   0.83   0.02  -0.4    1.25
 -0.52   0.86   0.99  -0.002  0.45  -0.98   0.95  -1.     0.01  -0.49
  0.908 -0.34   0.77  -1.29  -0.86   0.83  -1.    -0.85   0.64   0.59
  0.78   0.26  -0.78  -0.51   0.42   0.2    0.91   0.46   0.43  -0.982
 -1.38   0.62  -0.37   0.57   0.41   0.15  -0.58   0.23  -0.4   -1.265
  0.2   -0.97  -0.15  -0.03  -0.21   0.31   0.07  -0.43  -0.32   0.59
 -0.42  -0.89  -0.76  -0.19  -0.662 -0.22  -0.97   0.92  -0.24  -0.17 ][-0.84   0.93   0.336 -0.61  -0.6   -0.863 -0.29   0.29  -0.68  -0.38
  0.64   0.31  -0.89   0.43   0.35   0.16  -1.252 -0.81   0.48  -0.35
  0.4   -0.982 -0.675 -0.77  -0.3   -0.19   0.83   0.02  -0.4    0.5
 -0.912  0.86   0.99  -0.002  0.45  -0.24   0.95  -1.     0.01  -0.49
  0.92  -0.34   0.77   0.85  -0.86   0.83  -0.882 -0.85   0.063  0.59
  0.14   0.26  -0.78  -0.51   0.42   0.2    0.91   0.46  -0.061 -0.55
 -0.67   0.62  -0.37   0.57   0.41   0.71  -0.58   0.23  -0.4   -1.265
  0.2   -0.97  -0.15  -0.03  -0.21   0.31   0.07  -0.43  -0.32   0.59
 -0.42  -0.89  -1.056 -0.19   0.08  -0.22  -0.97   0.92  -0.24  -0.544][-2.301e+00  9.300e-01  3.360e-01 -6.100e-01 -4.400e-01 -8.630e-01
 -2.900e-01  2.900e-01 -6.800e-01 -3.800e-01  6.400e-01  3.100e-01
  5.000e-01  4.300e-01  3.500e-01  1.600e-01  3.640e-01 -8.100e-01
  6.550e-01 -3.500e-01  4.000e-01  6.670e-01 -7.700e-01 -7.700e-01
 -3.000e-01 -1.900e-01  8.300e-01  2.000e-02 -4.000e-01  5.000e-01
  1.000e-01  8.600e-01  9.900e-01 -2.000e-03 -4.290e-01 -2.400e-01
  9.500e-01 -1.000e+00  1.000e-02 -4.900e-01  9.200e-01 -3.400e-01
  7.700e-01  8.500e-01 -8.600e-01  8.300e-01 -1.000e+00 -8.500e-01
  6.400e-01  5.900e-01  1.400e-01  2.600e-01 -7.800e-01 -5.100e-01
  4.200e-01 -9.800e-01  9.100e-01  4.600e-01  4.300e-01 -5.500e-01
 -1.380e+00  6.200e-01 -3.700e-01  5.700e-01  4.100e-01  7.100e-01
 -5.800e-01  2.300e-01 -4.000e-01 -1.265e+00  2.000e-01 -9.700e-01
 -1.500e-01  2.670e-01 -2.100e-01  3.100e-01  7.000e-02  4.070e-01
 -3.200e-01  5.900e-01 -4.200e-01 -8.900e-01  1.200e-01 -1.900e-01
  8.000e-02 -2.200e-01 -9.700e-01  9.200e-01 -7.100e-01 -1.700e-01][-0.84   0.93  -0.501 -0.61  -0.44  -0.863 -0.29   0.29  -0.771 -0.38
  0.64   0.31   0.5    0.43   0.35   0.16  -0.27  -0.81   0.48  -0.35
  0.4   -0.353 -0.77   0.8   -0.3   -0.19   0.83   0.02  -0.4    0.5
  0.045  0.86   0.99  -0.002  0.45  -0.98   0.95  -1.     0.01  -0.49
  0.92  -0.34   0.77   0.85  -1.325  0.83  -1.    -0.633  0.063  0.59
  0.14   0.26  -0.78  -0.51   0.42  -0.98   0.91   0.46  -0.061  0.133
 -0.67  -0.297 -0.81   0.57   0.41   0.71  -0.98   0.23  -0.4   -0.48
  0.2   -0.97  -0.857 -0.03  -0.21   0.31   0.07  -0.43  -0.32   0.59
 -0.42  -0.89  -0.76  -0.19   0.701 -0.32  -0.97   0.92  -0.24  -0.544][-0.84   0.93   0.336 -0.61  -0.44  -0.863 -0.29   0.29  -0.771 -0.38
  0.64   0.31   0.5    0.43   0.35   0.16   0.364 -0.81   0.48  -0.35
  0.4   -0.2   -0.77  -0.77  -0.3   -0.19   0.83   0.02  -0.4    0.5
  0.1    0.86   0.99  -0.002  0.45  -0.98   0.95  -1.     0.01  -0.49
  0.92  -0.34   0.77   0.85  -0.86   0.83  -1.    -1.548  0.063  0.59
  0.78   0.26  -0.78  -0.51   0.42  -0.98   0.91   0.46  -0.061 -0.55
 -1.38   0.62  -0.37   0.57   0.41   0.15  -0.58   0.23  -0.4   -0.48
  0.2   -0.97  -0.857 -0.03  -0.21   0.31   0.07   0.407 -0.32   0.073
 -0.42  -0.89  -0.76  -0.19   0.08  -0.32  -0.97   0.92  -0.71  -0.544][-2.301e+00  9.300e-01  4.600e-01 -6.100e-01 -4.400e-01 -8.630e-01
  4.360e-01  2.900e-01 -6.800e-01  6.160e-01  6.400e-01  3.100e-01
  5.000e-01  4.300e-01  3.500e-01  1.600e-01  3.640e-01 -8.100e-01
  6.550e-01 -3.500e-01  4.000e-01 -2.000e-01 -7.700e-01 -7.700e-01
 -3.000e-01 -1.900e-01  8.300e-01  2.000e-02 -4.000e-01  4.020e-01
  1.000e-01  8.600e-01  9.900e-01 -2.000e-03  4.500e-01 -2.400e-01
  9.500e-01 -1.000e+00  1.000e-02 -4.900e-01  9.200e-01 -3.400e-01
 -1.500e-01 -1.290e+00 -8.600e-01  8.300e-01 -1.000e+00 -1.548e+00
  6.300e-02  5.900e-01  7.800e-01  2.600e-01 -7.800e-01 -5.100e-01
  4.200e-01 -9.800e-01  9.100e-01  4.600e-01  4.300e-01 -5.500e-01
 -1.380e+00  6.200e-01 -3.700e-01  5.700e-01  4.100e-01  7.100e-01
 -5.800e-01  2.300e-01 -4.000e-01 -4.800e-01  2.000e-01 -9.700e-01
 -1.500e-01 -3.000e-02 -2.100e-01  8.790e-01  7.000e-02 -4.300e-01
 -3.200e-01  5.900e-01 -4.200e-01 -8.900e-01 -6.370e-01 -1.900e-01
  8.000e-02 -3.200e-01 -9.700e-01  9.200e-01 -7.100e-01 -5.440e-01][-0.84   0.93   0.46  -0.61  -0.44   0.1   -0.29   0.29  -0.771 -0.38
  0.64   0.31   0.5    0.43   0.35   0.16  -0.27  -0.81   0.48  -0.35
  0.4   -0.982 -0.77  -0.77  -0.3   -0.19   0.83   0.02  -0.4    0.5
 -0.392  0.86   0.99  -0.002  0.45  -0.24   0.95  -1.     0.01  -0.49
  0.92  -0.34   0.77   0.85  -0.86   0.604 -1.    -0.85   0.64   0.59
  0.78   0.26  -0.78  -0.51   0.42   0.2    0.91   0.46  -0.061 -0.55
 -0.67   0.62  -0.81   0.57   0.41   0.163 -0.58   0.23  -0.4   -1.265
  0.2   -0.97  -0.15  -0.03  -0.21   0.31   0.07  -0.43  -0.32   0.59
 -0.42  -0.89  -1.056 -0.19   0.08  -0.32  -0.97   0.92  -0.24  -0.544][-0.84   0.93   0.46  -0.61  -0.44   0.1   -0.29   0.29  -0.68  -0.38
  0.81   0.31   0.5    0.43   0.35   0.16  -0.27  -0.81   0.48  -0.35
  0.4   -0.2   -0.77  -0.77  -0.3   -0.19   0.83   0.02  -0.4    0.5
  0.045  0.86   0.99  -0.002  0.45  -0.98   0.95  -1.     0.01  -0.49
  0.92  -0.34   0.77   0.85  -0.86   0.83  -1.    -0.85   0.063  0.59
  0.14   0.26  -0.78  -1.133  0.42   0.2    0.91   0.46  -0.061  0.133
 -1.38   0.62  -0.81   0.57   0.41   0.15  -0.98   0.23  -0.4   -1.265
  0.2   -0.97  -0.857 -0.03  -0.21   0.879  0.07  -0.43  -0.32   0.59
 -0.42  -0.89  -0.76  -0.19   0.701 -0.32  -1.402  0.92  -0.24  -0.17 ][-0.84   0.93   0.46  -0.61  -0.6    0.1   -0.29   0.29  -0.68  -0.38
  0.64   0.31   0.5    0.43   0.35   0.16   0.364 -0.81   1.259 -0.025
  0.4   -0.2   -0.77   0.8   -0.3   -0.19   0.83   0.02  -0.4    1.25
 -0.912  0.86   0.99  -0.002  0.45  -0.98   0.95  -1.     0.01  -0.49
  0.92  -0.34   0.77  -1.29  -0.86   0.83  -1.    -0.85   0.063  0.59
  0.14   0.26  -0.78  -0.51   0.42   0.2    0.91   0.46   0.43  -0.55
 -0.76   0.62  -0.37   0.57   0.41   0.15  -0.98  -0.493 -0.4   -1.265
  0.2   -0.97   0.242 -0.03   0.008  0.31   0.07  -0.43  -0.32   0.59
 -0.42  -0.89  -0.76  -0.19  -0.662 -0.32  -0.97   0.92  -0.24  -0.17 ][-0.84   0.93   0.336 -0.61  -0.6   -0.863 -0.29   0.29  -0.68  -0.38
  0.64   0.31   0.5    0.43   0.35   0.16  -0.27  -0.81   0.48  -0.612
  0.4   -0.353 -0.77   0.927 -0.3   -0.19   0.83   0.02  -0.4    0.5
  0.1    0.86   0.99  -0.002  0.45  -0.24   0.95  -1.     0.01  -0.49
  0.92  -0.34  -0.15   0.85  -0.86   0.83  -1.    -1.548  0.231  0.59
  0.14   0.26  -0.78  -0.51   0.42  -0.98   0.91   0.46  -0.061 -0.55
 -1.38   0.62  -0.37   0.57   0.41   0.71  -0.58   0.23  -0.4   -0.48
  0.2   -0.97  -0.857 -0.03  -0.21   0.31   0.07  -0.43  -0.218  0.59
 -0.42  -0.89   0.12  -0.19   0.08  -0.32  -0.97   0.404 -0.71  -0.544][-0.84   0.93   0.336 -0.61  -0.44   0.1    0.436  0.29  -0.68   0.616
  0.64   0.31   0.5    0.43   0.35   0.16   0.364 -0.81   0.48  -0.35
  0.626 -0.2   -0.77  -0.77  -0.3   -0.19   0.83   0.02  -0.4    0.5
  0.1    0.86   0.99  -0.002  0.45  -0.24   0.95  -1.     0.01  -0.49
  0.92  -0.34   0.77   0.85  -0.86   0.83  -1.    -0.85   0.64   0.59
  0.78   0.26  -0.78  -0.51   0.42  -0.98   0.91   0.46   0.43  -0.55
 -1.38   0.62  -0.37   0.57   0.41   0.15  -0.58   0.23  -0.4   -0.48
  0.2   -0.97   0.242 -0.03  -0.21   0.879  0.07  -0.43  -0.32   0.59
 -0.42  -0.89  -0.76  -0.19   0.08  -0.32  -0.97   0.92  -0.71  -0.17 ][-0.84   0.93   0.46  -0.61  -0.44   0.1    0.436  0.29  -0.68  -0.38
  0.81   0.31   0.5    0.43   0.35   0.16  -0.27  -0.81   0.48  -0.35
  0.4   -0.555 -0.77   0.8   -0.3   -0.19   0.83   0.02  -0.4    0.5
 -0.912  0.86   0.99  -0.002  0.45  -0.98   0.95  -1.     0.01  -0.49
  0.92  -0.34   0.77  -1.29  -0.86   0.83  -1.    -0.143  0.64   0.59
  0.78   0.26  -0.78  -0.51   0.42   0.2    0.91   0.46   0.43  -0.55
 -1.38   0.62  -0.37   0.57   0.41   0.71  -0.98   0.23  -0.4   -1.265
  0.908 -0.97  -0.15  -0.03  -0.21   0.879  0.07  -0.43  -0.32   0.59
 -0.42  -0.89   1.716 -0.19   0.701 -0.32  -0.97   0.92  -0.24  -0.17 ][-0.84   0.93   0.46  -0.61  -0.44   0.1    0.436  0.29  -0.68  -0.38
  0.64   0.31   0.5    0.43   0.35   0.16  -0.27  -0.81   0.48  -0.35
  0.4   -0.2   -0.77  -0.77  -0.3   -0.19   0.83   0.02  -0.4    0.5
 -0.392  0.86   0.99  -0.002 -1.026 -0.98   0.95  -1.     0.01  -0.49
  0.92  -0.34   0.77  -1.29  -0.86   0.83  -1.    -0.85   0.64   0.59
  0.78   0.26  -0.78  -0.51   1.395  0.2    0.91   0.46   0.43  -0.55
 -1.38   0.62  -0.81   0.57   0.41   0.15  -0.98   0.23  -0.4   -1.265
  0.2   -0.97   0.242 -0.03  -0.21   0.879  0.07  -0.43  -0.32   0.59
 -0.42  -0.89  -0.76  -0.19  -0.662 -0.32  -1.847  0.92  -0.24  -0.17 ][-2.301e+00  9.300e-01  3.360e-01 -6.100e-01 -6.000e-01 -8.630e-01
  4.360e-01  2.900e-01 -6.800e-01  6.160e-01  8.100e-01  3.100e-01
  5.000e-01  4.300e-01  3.500e-01  1.600e-01  3.640e-01 -8.100e-01
  4.800e-01 -3.500e-01  4.000e-01 -2.000e-01 -7.700e-01 -7.700e-01
 -3.000e-01 -1.900e-01  8.300e-01  2.000e-02 -4.000e-01  5.000e-01
  1.000e-01  8.600e-01  9.900e-01 -2.000e-03  4.500e-01 -2.400e-01
  9.500e-01 -1.000e+00  8.480e-01 -4.900e-01  9.200e-01 -3.400e-01
  7.700e-01 -1.290e+00 -8.600e-01  8.300e-01 -1.000e+00 -1.548e+00
 -2.500e-02  5.900e-01  7.800e-01  2.600e-01 -7.800e-01 -5.100e-01
  4.200e-01 -9.800e-01  9.100e-01  4.600e-01  4.300e-01 -5.500e-01
 -1.380e+00  6.200e-01 -3.700e-01  5.700e-01  4.100e-01  7.100e-01
 -9.800e-01  2.300e-01 -4.000e-01 -1.265e+00  9.080e-01 -9.700e-01
  2.420e-01 -3.000e-02 -2.100e-01  2.520e-01  7.000e-02 -4.300e-01
 -3.200e-01  5.900e-01 -4.200e-01 -8.900e-01  1.200e-01 -1.900e-01
  2.580e-01 -3.200e-01 -9.700e-01  9.200e-01 -2.400e-01 -1.700e-01]