[-1.79   0.93   0.46  -0.61   0.095  0.1    0.436  1.034 -0.68  -0.38
  0.802  0.31   0.5    0.43   0.35   0.16  -0.27  -0.81  -0.259 -0.35
  0.626 -0.2   -0.77  -0.77  -0.181 -0.19   0.83   0.02  -0.4    0.5
  0.1    0.86   0.342 -0.034  0.45  -1.355  1.483 -1.     0.01  -0.49
  0.545 -0.34   0.923 -1.29  -2.191  0.83  -1.381 -0.983  0.64   0.59
  1.112  1.06  -1.274 -0.51   0.42  -1.054  0.91   0.46   0.43  -0.55
 -3.266  0.62  -0.81   0.57   0.41   0.15  -0.98   0.23  -0.4   -1.265
  0.257 -0.97  -1.02  -0.03  -0.749  1.376  0.07  -0.865 -0.32   0.59
 -0.42  -1.457 -1.021 -0.19   0.846 -0.415 -2.082  0.92  -0.634 -0.764][-1.79   0.93   0.46  -0.61   0.144  0.151  0.436  0.29  -0.68  -0.38
  0.802  0.104 -0.196  0.43   0.35   0.16  -0.27  -0.81  -0.259 -0.35
  0.626 -0.2   -1.511 -0.77  -0.181 -0.19   0.83   0.02  -0.4    0.5
  0.1    0.86   0.342 -0.034  0.969 -0.98   1.483 -1.     0.01  -0.49
  1.509 -0.34   0.923 -1.29  -2.191  0.83  -1.381 -0.983  0.64   1.438
  2.017  1.06  -1.274 -0.51   0.42  -1.517  0.91   0.46   1.355 -0.203
 -1.38   0.62  -1.184  0.57   0.41   0.15  -0.98   0.23  -0.4   -1.265
  0.257 -0.97  -1.02  -0.03  -0.21   0.879  0.07  -0.865 -0.32   0.59
 -0.42  -1.457 -1.021 -0.19   0.846 -0.415 -2.082  0.92  -1.066 -0.511][-1.79   0.93   0.46  -0.61   0.144  0.151  0.436  0.29  -0.68  -0.38
  0.802  0.104  0.5    0.43   0.35   0.16   1.162 -0.81  -0.311 -0.35
  0.626 -0.2   -0.77  -0.77  -0.181 -0.19   0.83   0.02  -0.4    0.5
  0.1    0.86   0.342 -0.034  0.45  -1.355  1.483 -1.     0.01  -0.49
  1.509 -0.34   0.923 -1.29  -1.325  0.83  -1.381 -0.983  0.64   0.59
  1.112  1.06  -1.274 -0.51   0.42  -0.98   0.91   0.46   0.43  -0.55
 -1.38   0.62  -0.575  0.57   0.41   0.15  -0.98   0.23  -0.4   -1.265
  0.257 -0.97  -1.02  -0.503 -0.21   0.879  0.07  -0.865 -0.32   0.59
 -0.42  -1.457 -1.021 -0.19   0.846 -0.415 -2.082  0.92  -1.066 -0.511][-1.79   0.93   0.46  -0.61   0.095  0.151  0.436  0.29  -0.68  -0.38
  0.802  0.104 -0.196  0.43   0.35   0.16  -0.27  -0.81  -0.259 -0.35
  0.626 -0.2   -1.511 -0.77  -0.181 -0.19   1.435  0.02  -0.4    0.5
  0.1    0.86   0.342 -0.034  0.969 -1.355  1.483 -1.     0.01  -0.49
  1.518 -0.34   0.923 -1.29  -1.325  0.83  -1.003 -1.948  0.64   1.438
  2.017  1.06  -1.274 -0.51   0.42  -1.054  0.91   0.46   1.355 -0.203
 -1.38   0.62  -0.81   0.899  0.41   0.15  -1.288  0.23  -0.4   -1.265
  0.2   -0.97  -1.02  -0.03   0.585  0.879  0.07  -0.865 -0.32   0.59
 -0.42  -1.457 -1.021 -0.19   0.846 -0.415 -2.082  0.92  -0.634 -0.511][-1.79   0.93   0.46  -0.61   0.095  0.151  0.436  0.29  -0.68  -0.38
  0.802  0.104  0.5    0.43   0.35   0.16   1.162 -0.81  -0.259 -0.35
  0.626 -0.2   -0.77  -0.77  -0.181 -0.19   0.83   0.02  -0.4    0.5
  0.1    0.86   0.342 -0.034  0.45  -1.355  1.305 -1.     0.01  -0.49
  0.545 -0.34   0.923 -1.29  -1.325  0.83  -1.381 -0.983  0.64   0.59
  2.017  1.06  -1.274 -0.51   0.42  -1.054  0.91   0.46   1.355 -0.203
 -1.38   0.62  -0.81   0.899  0.41   0.15  -0.98   0.23  -0.4   -1.265
  0.2   -0.97  -1.02  -0.03   0.585  1.376  0.07  -0.43  -0.32   0.59
 -0.046 -1.457 -1.021 -0.19   0.846 -0.415 -2.082  0.92  -0.634 -0.764][-1.79   0.93   0.46  -0.61   0.144  0.1    0.436  0.29  -0.68  -0.38
  0.802  0.104  0.5    0.43   0.35   0.16  -0.27  -0.54  -0.259 -1.088
  0.626 -0.2   -1.511 -0.77  -0.181 -0.19   0.83   0.02  -0.4    0.5
  0.1    0.86   0.342 -0.034  0.45  -0.98   1.483 -1.     0.01  -0.49
  1.518 -0.34   0.923 -1.29  -1.325  0.83  -1.381 -0.983  0.64   0.59
  2.017  1.06  -1.274 -0.51   0.42  -1.517  0.91   0.46   1.355 -0.203
 -1.38   0.62  -0.81   0.57   0.41   0.15  -0.98   0.23  -1.259 -1.265
  0.2   -0.97  -1.02  -0.03  -0.21   1.376  0.07  -0.865 -0.32   0.59
 -0.42  -1.457 -1.021 -0.19   0.846 -0.415 -2.082  0.92  -0.634 -0.511][-1.79   0.93   0.46  -0.61   0.144  0.151  0.436  0.29  -0.68  -0.38
  1.266  0.104 -0.196  0.43   0.35   0.16  -0.27  -0.81  -0.494 -0.35
  0.626 -0.2   -1.511 -0.77  -0.181 -0.19   0.83  -0.026 -0.4    0.5
  0.1    0.86   0.342 -0.034  1.185 -0.98   1.305 -1.     0.01  -0.49
  0.545 -0.34   0.923 -1.29  -2.191  0.83  -1.381 -0.983  0.64   1.438
  1.112  1.06  -1.274 -0.51   0.42  -1.054  0.91   0.46   1.355 -0.55
 -2.286  0.62  -0.575  0.57   0.41   0.15  -1.288  0.23  -0.4   -1.265
  0.2   -0.97  -1.02  -0.503 -0.21   0.879  0.07  -0.43  -0.32   0.59
 -0.42  -1.457 -1.021 -0.19   0.846 -0.415 -2.082  0.92  -1.066 -0.511][-1.79   0.93   0.46  -0.61   0.144  0.151  0.436  0.29  -0.68  -0.38
  0.802  0.104  0.5    0.43   0.35   0.16  -0.27  -0.81  -0.494 -0.35
  0.626 -0.2   -0.77  -0.77  -0.181 -0.19   0.83   0.02  -0.4    0.5
  0.1    0.86   0.342 -0.034  0.969 -0.98   1.483 -1.     0.01  -0.49
  1.509 -0.34   0.923 -1.29  -2.191  0.83  -1.381 -0.983  0.64   1.438
  1.112  1.06  -1.274 -0.918  0.42  -0.98   0.91   0.46   1.355 -0.55
 -1.38   0.62  -0.575  0.57   0.41   0.15  -1.288  0.23  -0.4   -1.265
  0.257 -0.97  -1.02  -0.503 -0.21   0.879  0.07  -0.865 -0.32   0.59
 -0.42  -1.457 -1.021 -0.19   0.846 -0.415 -2.082  0.92  -1.066 -0.511][-1.79   0.93   0.46  -0.61   0.144  0.1    0.436  0.29  -0.68  -0.38
  1.266  0.104  0.5    0.43   0.35   0.16   1.162 -0.81  -0.494 -0.35
  0.626 -1.11  -0.77  -0.77  -0.181 -0.19   0.83   0.02  -0.4    0.5
  0.1    0.86   0.342 -0.034  0.969 -0.98   1.305 -1.     0.01  -0.49
  2.121 -0.34   0.923 -1.29  -1.325  0.83  -1.003 -0.983  0.64   0.71
  2.017  1.06  -1.274 -0.51   0.42  -0.98   0.91   1.324  0.43  -0.55
 -1.38   0.984 -0.575  0.57   0.41   0.15  -0.98   0.23  -0.4   -1.265
  0.2   -0.97  -1.02  -0.03  -0.21   0.879  0.07  -0.865 -0.32   0.59
 -0.42  -1.457 -1.021 -0.19   0.846 -0.099 -2.082  0.92  -0.634 -0.764][-1.79   0.93   0.46  -0.61   0.144  0.151  0.436  0.29  -0.68  -0.38
  1.266  0.104  0.5    0.43   0.35   0.16  -0.27  -0.81  -0.494 -0.35
  0.626 -0.2   -0.77  -0.77  -0.181 -0.19   0.83  -0.026 -0.4    0.5
  0.1    0.86   0.342 -0.034  1.185 -1.355  1.305 -1.    -0.682 -0.49
  0.545 -0.34   0.923 -1.29  -1.325  0.83  -1.381 -0.983  0.64   0.59
  2.017  1.06  -1.274 -0.51   0.42  -1.054  0.91   0.46   1.355 -0.55
 -1.38   0.62  -0.575  0.899  0.41   0.15  -1.288  0.23  -0.4   -1.265
  0.2   -0.97  -1.02  -0.503 -0.21   1.376  0.07  -0.43  -0.32   0.59
 -0.046 -1.457 -1.021 -0.19   0.846 -0.415 -2.082  0.92  -1.066 -0.764][-1.79   0.93   0.46  -0.61   0.144  0.1    0.436  1.034 -0.68  -0.38
  1.266  0.31   0.5    0.43   0.35   0.724  1.162 -0.81  -0.494 -0.201
  0.626 -0.2   -0.77  -0.77  -0.181 -0.19   0.83   0.02  -0.4    0.5
  0.1    0.86   0.342 -0.034  0.45  -1.355  1.305 -1.     0.01  -0.49
  1.518 -0.34   0.923 -1.29  -2.191  1.218 -1.381 -1.948  0.64   0.59
  2.017  1.06  -1.274 -0.51   0.42  -1.054  0.91   0.46   0.43  -0.55
 -2.286  0.62  -0.81   0.57   0.41   0.15  -0.98   0.23  -0.4   -1.265
  0.257 -0.97  -1.02  -0.03  -0.21   0.879  0.07  -0.865 -0.32   0.59
 -0.42  -1.457 -1.021 -0.19   0.846 -0.415 -2.082  0.92  -1.066 -0.511][-1.79   0.93   0.46  -0.61   0.101  0.151  0.436  0.29  -0.68  -0.38
  0.802  0.31   0.5    0.43   0.35   0.16  -1.13  -0.81  -0.259 -0.35
  0.626 -0.2   -1.511 -0.77  -0.181 -0.19   0.83   0.02  -0.4    0.5
  0.1    0.86   0.342 -0.808  0.45  -1.355  1.483 -0.512  0.01  -0.49
  0.545 -0.34   0.923 -1.29  -2.191  0.83  -1.381 -0.983  0.64   0.59
  2.017  1.06  -1.274 -0.51   0.42  -1.054  0.91   0.46   0.43  -0.55
 -1.38   0.984 -0.81   0.57   0.41   0.15  -0.98   0.23  -0.357 -1.265
  0.257 -0.97  -1.486 -0.03  -0.21   0.879  0.07  -0.865 -0.32   0.59
 -0.42  -1.457 -1.021 -0.19   0.846 -0.415 -2.082  0.92  -0.634 -0.511][-1.790e+00  9.300e-01  4.600e-01 -6.100e-01  9.500e-02  1.000e-01
  4.360e-01  2.900e-01 -6.800e-01 -3.800e-01  8.020e-01  3.100e-01
 -1.960e-01  4.300e-01  3.500e-01  1.600e-01 -2.700e-01 -8.100e-01
 -4.940e-01 -3.500e-01  6.260e-01 -2.000e-01 -1.511e+00 -7.700e-01
 -1.810e-01 -1.900e-01  8.300e-01  2.000e-02 -4.000e-01  5.000e-01
  1.650e-01  8.600e-01  3.420e-01 -2.000e-03  4.500e-01 -9.800e-01
  1.483e+00 -1.000e+00  1.000e-02 -4.900e-01  1.518e+00 -3.400e-01
  9.230e-01 -1.290e+00 -1.717e+00  8.300e-01 -1.003e+00 -9.830e-01
  6.400e-01  1.438e+00  1.112e+00  1.060e+00 -1.989e+00 -5.100e-01
  4.200e-01 -9.800e-01  9.100e-01  4.600e-01  1.355e+00 -2.030e-01
 -1.380e+00  6.200e-01 -5.750e-01  5.700e-01  4.100e-01  1.500e-01
 -9.800e-01  2.300e-01 -7.110e-01 -1.265e+00  2.570e-01 -9.700e-01
 -1.020e+00 -3.000e-02 -2.100e-01  8.790e-01  7.000e-02 -8.650e-01
 -3.200e-01  5.900e-01 -4.200e-01 -1.457e+00 -1.021e+00 -1.900e-01
  5.070e-01 -4.150e-01 -2.082e+00  9.200e-01 -1.066e+00 -5.110e-01][-1.79   0.93   0.46  -0.61   0.101  0.151  0.436  1.034 -0.68  -0.38
  0.802  0.31   0.5    0.43   0.35   0.16  -0.27  -0.81  -0.259 -0.35
  0.626 -0.2   -0.77  -0.77  -0.181 -0.19   0.83   0.02  -0.4    0.5
  0.1    0.86   0.342 -0.808  0.45  -1.355  1.483 -1.     0.01  -0.49
  0.545 -0.34   0.923 -1.29  -2.191  0.83  -1.381 -0.983  0.64   0.59
  2.017  1.06  -1.274 -0.51   0.42  -1.054  0.91   0.46   0.43  -0.55
 -1.38   0.62  -0.81   0.57   0.41  -0.633 -0.98   0.23  -0.357 -1.265
  0.257 -0.97  -1.02  -0.03  -0.21   1.376  0.07  -0.865 -0.32   0.59
 -0.42  -1.457 -1.021 -0.19   0.846 -0.415 -2.082  0.92  -0.634 -0.511][-1.79   0.93   0.46  -0.61   0.095  0.151  0.436  0.29  -0.68  -0.38
  0.802  0.31  -0.196  0.43   0.35   0.16   1.162 -0.81  -0.878 -0.35
  0.626 -0.2   -1.511 -0.77  -0.181 -0.19   0.83   0.02  -0.4    0.5
  0.1    0.86   0.342 -0.034  0.45  -0.98   1.483 -1.     0.01  -0.49
  1.509 -0.34   0.923 -1.29  -1.717  0.83  -1.381 -0.983  0.64   1.438
  1.112  1.06  -1.274 -0.51   0.42  -1.054  0.91   0.46   0.741 -0.55
 -1.38   0.62  -1.036  0.57   0.41   0.15  -1.288  0.23  -0.4   -1.265
  0.257 -0.97  -1.02  -0.503 -0.21   0.879  0.07  -0.865 -0.32   0.59
 -0.42  -1.457 -1.021 -0.19   0.846 -0.415 -2.082  0.92  -1.066 -0.511][-1.790e+00  9.300e-01  4.600e-01 -6.100e-01  9.500e-02  1.510e-01
  4.360e-01  2.900e-01 -6.800e-01 -3.800e-01  8.020e-01  3.100e-01
 -1.960e-01  4.300e-01  3.500e-01  1.600e-01  1.162e+00 -8.100e-01
 -4.940e-01 -3.500e-01  6.260e-01 -2.000e-01 -7.700e-01 -7.700e-01
 -1.810e-01 -1.900e-01  8.300e-01  2.000e-02 -4.000e-01  5.000e-01
 -9.120e-01  8.600e-01  3.420e-01 -2.000e-03  9.690e-01 -9.800e-01
  1.483e+00 -1.000e+00  1.000e-02 -4.900e-01  2.121e+00 -3.400e-01
  9.230e-01 -1.290e+00 -1.717e+00  8.300e-01 -1.381e+00 -9.830e-01
  6.400e-01  5.900e-01  2.017e+00  1.060e+00 -1.274e+00 -5.100e-01
  4.200e-01 -9.800e-01  9.100e-01  1.032e+00  4.300e-01 -5.500e-01
 -1.380e+00  6.200e-01 -5.750e-01  5.700e-01  4.100e-01  1.500e-01
 -1.288e+00  2.300e-01 -4.000e-01 -1.265e+00  2.000e-01 -9.700e-01
 -1.020e+00  4.860e-01 -2.100e-01  8.790e-01  7.000e-02 -8.650e-01
 -3.200e-01  5.900e-01 -4.200e-01 -1.457e+00 -1.021e+00 -1.900e-01
  5.070e-01 -4.150e-01 -2.082e+00  9.200e-01 -6.340e-01 -5.110e-01][-1.79   0.93   0.46  -0.61   0.144  0.151  0.436  0.29  -0.68  -0.38
  0.802  0.104  0.5    0.43   0.35   0.16   1.162 -0.81  -0.494 -0.35
  0.626 -0.2   -0.77  -0.77  -0.181 -0.19   0.83   0.02  -0.4    0.5
 -0.912  0.86   0.342 -0.034  0.45  -0.98   1.483 -1.     0.01  -0.49
  2.121 -0.34   0.923 -1.29  -1.325  0.83  -1.381 -0.983  0.64   0.59
  2.017  1.06  -1.274 -0.51   0.42  -1.054  0.91   0.46   0.43  -0.55
 -1.38   0.62  -0.575  0.899  0.41   0.15  -1.288  0.23  -0.4   -1.265
  0.2   -0.97  -1.649 -0.378 -0.21   0.879  0.07  -0.865 -0.32   0.59
 -0.42  -1.457 -1.021 -0.19   0.507 -0.415 -2.082  0.92  -0.634 -0.764][-1.79   0.93   0.46  -0.61   0.095  0.1    0.436  0.29  -0.68  -0.38
  0.802  0.31   0.5    0.43   0.35   0.16  -0.27  -0.54  -0.494 -0.35
  0.626 -0.2   -1.511 -0.77  -0.181 -0.19   0.83   0.02  -0.4    0.5
  0.165  0.86   0.342 -0.034  0.45  -0.98   1.483 -1.     0.01  -0.49
  1.518 -0.34   0.923 -1.29  -2.191  0.83  -1.381 -0.983  0.64   0.59
  1.112  1.06  -1.274 -0.51   0.42  -0.98   0.91   0.46   1.355 -0.203
 -1.38   0.62  -0.575  0.57   0.41   0.15  -0.98   0.23  -0.711 -1.265
  0.2   -0.97  -1.02  -0.03  -0.21   0.879  0.07  -0.865 -0.32   0.59
 -0.42  -1.457 -1.021  0.094  0.507 -0.415 -2.082  0.92  -0.634 -0.511][-1.79   0.93   0.46  -0.61   0.144  0.151  0.436  0.29  -0.68  -0.38
  1.266  0.104  0.5    0.43   0.35   0.16  -0.27  -0.81  -0.494 -0.35
  0.626 -0.2   -1.511 -0.77  -0.181 -0.19   0.83  -0.026  0.074  0.5
  0.1    0.86   0.342 -0.808  0.45  -1.355  1.305 -0.512  0.01  -0.49
  0.545 -0.34   0.923 -1.29  -2.191  0.83  -1.381 -0.983  0.64   1.438
  1.112  1.06  -1.274 -0.51   0.42  -1.054  0.91   0.46   0.43  -0.55
 -1.38   0.62  -0.81   0.57   0.41   0.15  -0.98   0.23  -0.357 -1.265
  0.2   -0.97  -1.02  -0.03  -0.21   0.879  0.07  -0.865 -0.32   0.59
 -0.42  -1.457 -1.021 -0.19   0.846 -0.415 -2.082  0.92  -1.066 -0.511][-1.79   0.93   0.46  -0.61   0.095  0.151  0.436  0.29  -0.68  -0.38
  0.802  0.104 -0.196  0.43   0.35   0.16  -0.27  -0.81  -0.494 -0.35
  0.626 -0.2   -1.511 -0.77  -0.181 -0.19   0.83   0.02  -0.4    0.5
 -0.912  0.86   0.342 -0.034  0.969 -0.98   1.483 -1.     0.01  -0.49
  1.518 -0.34   0.923 -1.29  -2.191  0.83  -1.003 -1.948  0.64   1.438
  2.017  1.06  -1.274 -0.51   0.42  -0.98   0.91   1.324  1.355 -0.55
 -1.38   0.62  -1.036  0.57   0.41   0.15  -1.288  0.23  -1.259 -1.265
  0.2   -0.97  -1.02  -0.503 -0.21   0.879  0.07  -0.865 -0.32   0.59
 -0.42  -1.457 -1.021 -0.19   0.846 -0.397 -2.082  0.92  -1.066 -0.511][-1.79   0.93   0.46  -0.61   0.095  0.151  0.436  0.29  -0.68  -0.38
  0.802  0.31  -0.196  0.43   0.35   0.16   1.162 -0.81  -0.311 -0.35
  0.626 -0.2   -1.511 -0.77  -0.181 -0.19   0.83   0.02  -0.4    0.5
  0.1    0.86   0.342 -0.382  0.45  -1.355  1.483 -1.     0.01  -0.49
  1.509 -0.34   0.923 -1.29  -1.717  0.83  -1.381 -0.983  0.64   0.59
  1.112  1.06  -1.274 -0.51   0.42  -1.054  0.91   0.46   0.43  -0.55
 -1.38   0.62  -0.575  0.57   0.41   0.15  -0.98   0.23  -0.4   -1.265
  0.257 -0.97  -1.02  -0.503 -0.21   0.879  0.07  -0.865 -0.32   0.59
 -0.42  -1.457 -1.021 -0.19   0.846 -0.415 -2.082  0.92  -1.066 -0.511][-1.790e+00  9.300e-01  2.410e-01 -6.100e-01  9.500e-02  1.000e-01
  4.360e-01  1.034e+00 -6.800e-01 -3.800e-01  8.020e-01  3.100e-01
 -1.960e-01  4.300e-01  3.500e-01  1.600e-01 -2.700e-01 -8.100e-01
 -2.590e-01 -3.500e-01  6.260e-01 -2.000e-01 -7.700e-01 -7.700e-01
 -1.810e-01 -1.900e-01  8.300e-01  2.000e-02 -4.000e-01  5.000e-01
 -9.120e-01  8.600e-01  3.420e-01 -2.000e-03  9.690e-01 -9.800e-01
  1.483e+00 -1.000e+00  1.000e-02 -4.900e-01  2.121e+00 -3.400e-01
  9.230e-01 -1.290e+00 -1.717e+00  8.300e-01 -1.381e+00 -9.830e-01
  6.400e-01  5.900e-01  1.112e+00  1.060e+00 -1.274e+00 -5.100e-01
  4.200e-01 -1.054e+00  9.100e-01  4.600e-01  4.300e-01 -5.500e-01
 -1.380e+00  6.200e-01 -5.750e-01  5.700e-01  4.100e-01  1.500e-01
 -9.800e-01  2.300e-01 -4.000e-01 -1.265e+00  2.000e-01 -9.700e-01
 -1.020e+00 -3.000e-02 -2.100e-01  8.790e-01  7.000e-02 -8.650e-01
 -3.200e-01  5.900e-01 -4.200e-01 -1.457e+00 -1.021e+00 -1.900e-01
  8.460e-01 -4.150e-01 -2.082e+00  9.200e-01 -6.340e-01 -7.640e-01][-1.79   0.108  0.46  -0.61   0.095  0.151  0.436  0.29  -0.68  -0.38
  0.802  0.104 -0.196  0.43   0.35   0.16  -0.27  -0.81  -0.259 -0.35
  0.626 -0.2   -1.511 -0.77  -0.181 -0.19   1.435  0.02  -0.4    0.5
  0.1    0.86   0.342 -0.034  0.969 -0.98   1.483 -1.     0.01  -0.49
  1.518 -0.34   0.923 -1.29  -1.325  0.83  -1.003 -1.948  0.64   1.438
  2.017  1.06  -1.274 -0.51   0.42  -0.98   0.91   1.324  1.355 -0.55
 -1.38   0.62  -0.81   0.57   0.41   0.15  -1.288  0.23  -1.259 -1.265
  0.2   -0.97  -1.02  -0.503 -0.21   0.879  0.07  -0.865 -0.32   0.59
 -0.42  -1.457 -1.021 -0.19   0.846 -0.415 -2.082  0.92  -0.634 -0.511][-2.721  0.93   0.46  -0.61   0.144  0.1    0.436  0.29  -0.68  -0.38
  0.802  0.104  0.5    0.43   0.35   0.16  -0.27  -0.54  -0.259 -0.35
  0.626 -0.2   -1.511 -0.77  -0.181 -0.19   0.83   0.02  -0.4    0.5
  0.1    0.86   0.342 -0.034  0.969 -0.98   1.483 -1.     0.01  -0.49
  1.518 -0.34   0.923 -1.29  -2.191  0.83  -1.381 -0.983  0.64   0.59
  2.017  1.06  -1.274 -0.51   0.42  -1.517  0.91   0.46   1.355 -0.203
 -1.38   0.62  -0.81   0.57   0.41   0.15  -0.98   0.23  -1.259 -1.265
  0.257 -0.97  -1.02  -0.03  -0.21   0.879  0.07  -0.865 -0.32   0.59
 -0.42  -1.457 -1.021 -0.19   0.846 -0.415 -2.082  0.92  -0.634 -0.511][-1.79   0.93   0.46  -0.61   0.095  0.151  0.436  0.29  -0.68  -0.38
  0.802  0.104 -0.196 -0.332  0.35   0.16  -0.27  -0.81  -0.259 -0.35
  0.626 -0.2   -0.77  -0.77  -0.181 -0.19   0.83   0.02  -0.4    0.5
  0.1    0.86   0.342 -0.034  0.45  -0.98   1.483 -1.     0.01  -0.49
  1.518 -0.34   0.923 -1.29  -2.191  0.83  -1.003 -0.983  0.64   1.438
  2.017  1.06  -1.274 -0.51   0.42  -0.98   0.91   0.46   1.355 -0.55
 -3.266  0.62  -0.81   0.57   0.41   0.15  -1.288  0.23  -0.4   -1.265
  0.2   -0.97  -1.02  -0.503 -0.749  0.879  0.07  -0.865 -0.32   0.59
 -0.42  -1.457 -1.021 -0.19   0.846 -0.397 -2.082  0.92  -1.066 -0.511][-1.79   0.93   0.46  -0.61   0.095  0.1    0.436  0.29  -0.68  -0.38
  0.802  0.31  -0.196  0.43   0.35   0.16  -0.27  -0.81  -0.494 -0.35
  0.626 -0.2   -1.511 -0.77  -0.181 -0.19   0.83   0.02  -0.4    0.5
 -0.912  0.86   0.342  0.141  0.45  -0.98   1.483 -1.     0.01  -0.49
  1.518 -0.34   0.923 -1.29  -1.717  0.83  -1.003 -1.948  0.64   1.438
  2.017  1.06  -1.274 -0.51   0.42  -0.98   0.91   0.46   1.355 -0.203
 -1.38   0.62  -1.036  0.57   0.41   0.15  -1.288  0.23  -1.259 -1.265
  0.257 -0.97  -1.02  -0.03  -0.21   0.879  0.07  -0.865 -0.32   0.59
 -0.42  -1.457 -1.021 -0.19   0.507 -0.415 -2.082  0.92  -1.066 -0.511][-1.79   0.93   0.46  -0.61   0.101  0.1    0.436  0.688 -0.68  -0.38
  0.802  0.104  0.5    0.43   0.35   0.16  -1.13  -0.81  -0.259 -0.35
  0.626 -0.2   -0.77  -0.77  -0.181 -0.19   0.83   0.02  -0.4    0.5
  0.1    0.86   0.342 -0.034  0.969 -0.98   1.483 -0.512  0.01  -0.49
  0.545 -0.34   0.923 -1.29  -2.191  0.83  -1.003 -0.983  0.64   0.59
  2.017  1.06  -1.274 -0.51   0.42  -0.98   0.91   1.324  0.43  -0.55
 -1.38   0.984 -0.575  0.57   0.41   0.15  -0.98   0.23  -0.4   -1.265
  0.257 -0.97  -1.02  -0.03  -0.21   0.879  0.07  -0.865 -0.32   0.59
 -0.42  -1.457 -1.021 -0.19   0.846 -0.099 -2.082  0.92  -0.634 -0.764][-1.79   0.93   0.46  -0.61   0.144  0.151  0.436  0.29  -0.68  -0.38
  0.802  0.104  0.5    0.43   0.35   0.16  -0.27  -0.81  -0.494 -0.35
  0.626 -0.2   -0.77  -0.77  -0.181 -0.19   0.83   0.02  -0.4    0.5
  0.1    0.86   0.342 -0.034  0.45  -0.98   1.483 -1.     0.01  -0.49
  1.509 -0.34   0.923 -1.29  -1.325  0.83  -1.381 -0.983  0.64   1.438
  1.112  1.06  -1.274 -0.918  0.42  -1.054  0.91   0.46   1.355 -0.55
 -1.38   0.62  -0.575  0.899  0.41   0.15  -1.288  0.23  -0.4   -2.026
  0.2   -0.97  -1.02  -0.503 -0.21   0.879  0.07  -0.865 -0.32   0.59
 -0.42  -1.457 -1.021 -0.19   0.846 -0.415 -2.082  0.92  -1.066 -0.511][-1.79000000e+00  9.30000000e-01  4.60000000e-01 -6.10000000e-01
  1.44000000e-01  1.51000000e-01  4.36000000e-01  2.90000000e-01
 -6.80000000e-01 -3.80000000e-01  8.02000000e-01  1.04000000e-01
  5.00000000e-01  4.30000000e-01  3.50000000e-01  1.60000000e-01
 -2.70000000e-01 -8.10000000e-01 -2.59000000e-01 -3.50000000e-01
  6.26000000e-01 -2.00000000e-01 -7.70000000e-01 -7.70000000e-01
 -1.81000000e-01  1.05471187e-15  8.30000000e-01  2.00000000e-02
 -4.00000000e-01  5.00000000e-01  1.00000000e-01  8.60000000e-01
  3.42000000e-01 -3.40000000e-02  9.69000000e-01 -9.80000000e-01
  1.48300000e+00 -1.00000000e+00  1.00000000e-02 -4.90000000e-01
  1.50900000e+00 -3.40000000e-01  9.23000000e-01 -1.29000000e+00
 -2.19100000e+00  8.30000000e-01 -1.38100000e+00 -9.83000000e-01
  6.40000000e-01  1.43800000e+00  1.11200000e+00  1.06000000e+00
 -1.27400000e+00 -5.10000000e-01  4.20000000e-01 -9.80000000e-01
  9.10000000e-01  4.60000000e-01  4.30000000e-01 -5.50000000e-01
 -3.26600000e+00  6.20000000e-01 -5.75000000e-01  5.70000000e-01
  4.10000000e-01  1.50000000e-01 -1.28800000e+00  2.30000000e-01
 -4.00000000e-01 -1.26500000e+00  2.57000000e-01 -9.70000000e-01
 -1.02000000e+00 -5.03000000e-01 -7.49000000e-01  1.37600000e+00
  7.00000000e-02 -8.65000000e-01 -3.20000000e-01  5.90000000e-01
 -4.20000000e-01 -1.45700000e+00 -1.02100000e+00 -1.90000000e-01
  8.46000000e-01 -4.15000000e-01 -2.08200000e+00  9.20000000e-01
 -1.06600000e+00 -5.11000000e-01][-1.79   0.93   0.46  -0.61   0.095  0.151  0.436  0.29  -0.68  -0.38
  0.802  0.31  -0.196  0.43   0.35   0.16   1.162 -0.81  -0.494 -0.35
  0.626 -0.2   -1.511 -0.77  -0.181 -0.19   0.83   0.02  -0.4    0.5
  0.1    0.86   0.342 -0.034  0.969 -0.98   1.483 -1.     0.01  -0.49
  2.121 -0.34   0.923 -1.29  -2.191  0.83  -1.381 -1.609  0.64   1.438
  2.017  1.06  -1.274 -0.51   0.42  -0.98   0.91   0.46   0.43  -0.203
 -1.38   0.62  -0.575  0.57   0.41   0.15  -0.98   0.23  -0.4   -1.265
  0.257 -0.97  -1.02   0.486 -0.21   0.879  0.07  -0.865 -0.32   0.59
 -0.42  -1.457 -1.021 -0.19   0.507 -0.415 -2.082  0.92  -1.066 -0.511][-1.79   0.93   0.46  -0.61   0.095  0.151  0.436  0.29  -0.68  -0.38
  0.802  0.104 -0.196  0.43   0.35   0.16  -0.27  -0.81  -0.494 -0.35
  0.626 -0.2   -1.511 -0.77  -0.181 -0.19   0.83  -0.026 -0.4    0.5
  0.1    0.86   0.342 -0.034  0.969 -0.98   1.483 -1.     0.01  -0.49
  1.518 -0.34   0.923 -1.29  -1.325  0.83  -1.381 -0.983  0.64   1.438
  1.112  1.06  -1.274 -0.51   0.42  -1.054  0.91   0.62   1.355 -0.55
 -2.286  0.62  -0.81   0.57   0.41   0.15  -1.288  0.23  -0.4   -1.265
  0.2   -0.97  -1.02  -0.03  -0.21   0.879  0.07  -0.865 -0.32   0.59
 -0.42  -1.457 -1.021 -0.19   0.846 -0.415 -2.082  0.92  -1.066 -0.511][-1.79   0.93   0.46  -0.61   0.095  0.1    0.436  0.29  -0.68  -0.38
  0.802  0.104  0.5    0.43   0.35   0.16  -0.27  -0.81  -0.259 -0.35
  0.626 -0.2   -1.511 -0.77  -0.181 -0.19   0.83  -0.026  0.074  0.5
  0.1    0.86   0.342 -0.034  0.45  -1.355  1.483 -0.512  0.01  -0.49
  0.545 -0.34   0.923 -1.29  -2.191  0.83  -1.381 -0.983  0.64   1.438
  1.112  1.06  -1.274 -0.51   0.42  -1.054  0.91   0.46   0.43  -0.55
 -3.266  0.62  -0.81   0.57   0.41   0.15  -0.98   0.59  -0.357 -1.265
  0.257 -0.97  -1.02  -0.03  -0.749  0.879  0.07  -0.865 -0.32   0.59
 -0.42  -1.457 -1.021 -0.19   0.846 -0.415 -2.082  0.92  -1.066 -0.511][-1.79   0.93   0.46  -0.61   0.144  0.1    0.436  0.29  -0.68  -0.38
  0.802  0.104  0.5    0.43   0.35   0.16  -0.27  -0.54  -0.494 -1.088
  0.626 -0.2   -1.511 -0.77  -0.181 -0.19   0.83   0.02  -0.4    0.5
 -0.548  0.86   0.342 -0.034  0.45  -0.98   1.483 -1.     0.01  -0.49
  1.518 -0.34   0.923 -1.29  -2.191  0.83  -1.381 -0.983  0.64   0.59
  2.017  1.06  -1.274 -0.51   0.42  -0.98   0.91   0.46   1.355 -0.55
 -1.38   0.62  -0.81   0.57   0.41   0.15  -0.98   0.23  -0.4   -1.265
  0.2   -0.97  -1.02  -0.03  -0.21   1.376  0.07  -0.865 -0.32   0.59
 -0.42  -1.457 -1.021 -0.19   0.846 -0.415 -2.082  0.92  -0.634 -0.511][-1.79   0.93   0.46  -0.61   0.095  0.1    0.436  0.29  -0.68  -0.38
  0.802  0.104 -0.196  0.43   0.35   0.16  -0.27  -0.81  -0.259 -1.668
  0.626 -0.2   -1.511 -0.77  -0.181 -0.19   0.83   0.02  -0.4    0.5
  0.1    0.86   0.342 -0.034  0.45  -0.98   1.483 -1.     0.01  -0.49
  1.518 -0.34   0.923 -1.29  -1.717  0.83  -1.003 -0.983  0.64   1.438
  2.017  1.06  -1.989 -0.51   0.42  -1.517  0.91   0.46   1.355 -0.203
 -1.38   0.62  -0.575  0.57   0.41   0.15  -0.98   0.23  -1.259 -1.265
  0.2   -0.97  -1.02  -0.03  -0.21   0.879  0.07  -0.865 -0.32   0.59
 -0.42  -1.457 -1.021 -0.19   0.846 -0.415 -2.082  0.92  -1.066 -0.511][-1.79   0.93   0.46  -0.61   0.095  0.151  0.436  1.034 -0.68  -0.38
  0.802  0.104  0.5    0.43   0.35   0.16  -0.27  -0.81  -0.259 -0.35
  0.626 -0.2   -0.77  -0.179 -0.181 -0.19   1.435  0.02  -0.4    0.5
  0.1    0.86   0.342 -0.808  0.45  -1.355  1.483 -1.     0.01  -0.49
  0.545 -0.34   0.923 -1.29  -1.325  0.83  -1.003 -1.948  0.64   0.59
  2.017  1.06  -1.274 -0.51   0.42  -1.054  0.91   0.46   0.43  -0.55
 -1.38   0.62  -0.81   0.899  0.41   0.15  -1.288  0.23  -0.4   -1.265
  0.257 -0.97  -1.02  -0.03  -0.21   0.879  0.07  -0.865 -0.32   0.59
 -0.42  -1.457 -1.021 -0.19   0.846 -0.415 -2.082  0.92  -0.634 -0.511][-1.79   0.93   0.46  -0.61   0.095  0.151  0.436  1.034 -0.68  -0.38
  0.802  0.104  0.5    0.43   0.35   0.16  -0.27  -0.81  -0.259 -0.35
  0.626 -0.2   -1.511 -0.77  -0.181 -0.19   1.435  0.02  -0.4    0.5
  0.1    0.86   0.342 -0.034  0.45  -1.355  1.483 -1.     0.01  -0.49
  1.518 -0.34   0.923 -1.29  -1.325  0.83  -1.381 -1.948  0.64   1.438
  2.017  1.06  -1.274 -0.51   0.42  -1.054  0.91   0.46   1.355 -0.55
 -1.38   0.62  -0.81   0.899  0.41   0.15  -0.98   0.23  -0.357 -1.265
  0.2   -0.97  -1.02   0.406 -0.21   1.376  0.07  -0.865 -0.32   0.59
 -0.42  -1.457 -1.021 -0.19   0.846 -0.415 -2.082  0.92  -0.634 -0.511][-1.79   0.93   0.46  -0.61   0.144  0.151  0.436  0.29  -0.68  -0.38
  0.802  0.31   0.5    0.43   0.35   0.16  -0.27  -0.81  -0.494 -0.35
  0.626 -0.2   -1.511 -0.77  -0.181 -0.19   0.83  -0.026 -0.4    0.5
  0.1    0.86   0.342 -0.034  1.185 -0.98   1.305 -1.     0.01  -0.947
  0.545 -0.34   0.923 -1.29  -2.191  0.83  -1.381 -0.983  0.64   0.59
  1.112  1.06  -1.274 -0.51   0.42  -1.054  0.91   0.46   1.355 -0.55
 -3.266  0.62  -0.575  0.57   0.41   0.15  -0.98   0.23  -0.4   -1.265
  0.257 -0.97  -1.02  -0.03  -0.21   0.879  0.07  -0.865 -0.32   0.59
 -0.42  -1.457 -1.021 -0.19   0.846 -0.415 -2.082  0.92  -0.634 -0.764][-1.79   0.93   0.46  -0.61   0.144  0.151  0.436  0.299 -0.68  -0.38
  1.266  0.104  0.5    0.43   0.35   0.16  -0.27  -0.81  -0.311 -0.35
  0.626 -0.2   -0.77  -0.77  -0.181 -0.19   0.83   0.02  -0.4    0.5
  0.1    0.86   0.342 -0.034  0.45  -1.355  1.483 -1.     0.01  -0.49
  1.509 -0.34   0.923 -1.29  -1.325  0.83  -1.381 -0.983  0.64   0.59
  1.112  1.06  -1.274 -0.51   0.42  -0.98   0.91   0.46   0.43  -0.55
 -1.38   0.62  -0.575  0.57   0.41   0.15  -0.98   0.23  -0.4   -1.265
  0.257 -0.97  -1.02  -0.503 -0.21   1.376  0.07  -0.43  -0.32   0.59
 -0.42  -1.457 -1.021 -0.19   0.846 -0.415 -2.082  0.92  -1.066 -0.511][-1.79   0.93   0.46  -0.61   0.101  0.151  0.436  0.29  -0.68  -0.38
  0.802  0.104  0.5    0.43   0.35   0.16  -0.27  -0.81  -0.259 -0.35
  0.626 -0.2   -0.77  -0.77  -0.603 -0.19   0.83   0.02  -0.4    0.5
  0.1    0.86   0.342 -0.808  0.45  -1.355  1.483 -1.     0.01  -0.49
  0.545 -0.34   0.923 -1.29  -2.191  0.83  -1.381 -0.983  0.64   0.59
  2.017  1.06  -1.274 -0.51   0.42  -1.054  0.91   0.46   0.43  -0.55
 -1.38   0.62  -0.81   0.57   0.41  -0.633 -0.98   0.23  -0.357 -1.265
  0.2   -0.97  -1.02  -0.03  -0.21   1.376  0.07  -0.43  -0.32   0.59
 -0.046 -1.457 -1.021 -0.19   0.846 -0.415 -2.082  0.92  -0.634 -0.764][-1.078  0.93   0.46  -0.61   0.095  0.151  0.436  0.29  -0.68  -0.38
  0.802  0.104 -0.196  0.43   0.35   0.16   1.162 -0.81  -0.494 -0.35
  0.626 -0.2   -0.77  -0.77  -0.181 -0.19   0.83   0.02  -0.4    0.5
 -0.912  0.86   0.342 -0.034  0.45  -1.355  1.483 -1.     0.01  -0.49
  1.509 -0.34   0.923 -1.29  -1.325  0.83  -1.381 -0.983  0.64   1.438
  1.112  1.06  -1.274 -0.51   0.42  -0.98   0.91   0.46   1.355 -0.55
 -1.38   0.62  -0.575  0.57   0.41   0.15  -0.98   0.23  -0.4   -1.265
  0.257 -0.97  -1.02  -0.503 -0.21   0.879  0.07  -0.865 -0.32   0.59
 -0.42  -1.457 -1.021 -0.19   0.846 -0.415 -2.082  0.92  -1.066 -0.511][-1.79   0.93   0.46  -0.61   0.144  0.151  0.436  0.29  -0.68  -0.38
  0.802  0.31   0.5    0.43   0.35   0.16   1.162 -0.81  -0.494  0.635
  0.626 -0.2   -1.511 -0.77  -0.181 -0.19   0.83   0.02  -0.4    0.5
  0.1    0.86   0.342 -0.034  0.969 -0.98   1.483 -1.     0.01  -0.49
  1.509 -0.34   0.923 -1.29  -2.191  0.83  -1.381 -0.983  0.64   1.438
  1.112  1.06  -1.274 -0.51   0.42  -0.98   0.91   0.46   1.355 -0.55
 -1.38   0.62  -1.036  0.57   0.41   0.15  -1.288  0.23  -0.4   -1.265
  0.257 -0.97  -1.02  -0.503 -0.21   0.879  0.07  -0.865 -0.32   0.59
 -0.42  -1.457 -1.021 -0.19   0.846 -0.415 -2.082  0.92  -1.066 -0.511][-1.79   0.93   0.46  -0.61   0.144  0.151  0.436  0.29  -0.68  -0.38
  0.802  0.104  0.5    0.43   0.35   0.16  -0.27  -0.81  -0.494 -0.35
  0.626 -0.2   -0.77  -0.77  -0.181 -0.19   0.83   0.02  -0.4    0.5
  0.1    0.86   0.457 -0.034  0.969 -0.98   1.483 -1.    -0.682 -0.49
  0.545 -0.34   0.923 -1.29  -2.191  0.83  -1.381 -0.983  0.64   1.438
  2.017  1.06  -1.274 -0.51   0.42  -1.054  0.91   0.46   1.355 -0.55
 -1.38   0.62  -0.575  0.57   0.41   0.15  -1.288  0.23  -0.4   -1.265
  0.2   -0.97  -1.02  -0.503 -0.21   0.879  0.07  -0.865 -0.32   0.59
 -0.42  -1.457 -1.021 -0.19   0.846 -0.415 -2.082  0.92  -1.066 -0.511][-1.79   0.93   0.46  -0.61   0.144  0.1    0.436  0.29  -0.68  -0.38
  0.802  0.104  0.5    0.43   0.35   0.16  -0.27  -0.81  -0.494 -1.088
  0.626 -0.2   -1.511 -0.77  -0.181 -0.19   0.83   0.02  -0.4    0.5
  0.1    0.86   0.342 -0.034  1.185 -0.98   1.305 -1.     0.01   0.256
  1.518 -0.34   0.923 -1.29  -2.191  0.83  -1.381 -0.983  0.64   0.59
  1.112  1.06  -1.274 -0.51   0.42  -1.054  0.91   0.46   1.355 -0.203
 -2.286  0.62  -0.81   0.57   0.41   0.15  -0.98   0.23  -0.4   -1.265
  0.2   -0.97  -1.02  -0.503 -0.21   1.376  0.07  -0.865 -0.32   0.59
 -0.42  -1.457 -1.021 -0.19   0.846 -0.415 -2.082  0.92  -1.066 -0.511][-1.790e+00  9.300e-01  4.600e-01 -6.100e-01  1.440e-01  1.000e-01
  4.360e-01  2.900e-01 -6.800e-01 -3.800e-01  8.020e-01  3.100e-01
 -1.960e-01  4.300e-01  3.500e-01  1.600e-01 -2.700e-01 -8.100e-01
 -4.940e-01 -3.500e-01  6.260e-01 -2.000e-01 -1.511e+00 -7.700e-01
 -1.810e-01 -1.900e-01  8.300e-01  2.000e-02 -4.000e-01 -1.500e-02
  1.650e-01  8.600e-01  3.420e-01 -2.000e-03  4.500e-01 -9.800e-01
  1.483e+00 -1.000e+00  1.000e-02 -4.900e-01  1.509e+00 -3.400e-01
  9.230e-01 -1.290e+00 -2.191e+00  8.300e-01 -1.381e+00 -9.830e-01
  6.400e-01  1.438e+00  1.112e+00  1.060e+00 -1.274e+00 -5.100e-01
  4.200e-01 -1.517e+00  9.100e-01  4.600e-01  1.355e+00 -2.030e-01
 -1.380e+00  6.200e-01 -1.184e+00  5.700e-01  4.100e-01  1.500e-01
 -9.800e-01  2.300e-01 -4.000e-01 -1.265e+00  2.570e-01 -9.700e-01
 -1.020e+00 -3.000e-02 -2.100e-01  8.790e-01  7.000e-02 -8.650e-01
 -3.200e-01  5.900e-01 -4.200e-01 -1.457e+00 -1.021e+00 -1.900e-01
  8.460e-01 -4.150e-01 -2.082e+00  9.200e-01 -1.066e+00 -5.110e-01][-1.79   0.93   0.46  -0.61   0.095  0.151  0.436  0.29  -0.68  -0.38
  0.802  0.31  -0.196  0.43   0.35   0.528  1.162 -0.81  -0.878 -0.35
  0.626 -0.2   -0.77  -0.77  -0.181 -0.19   0.83   0.02  -0.4    0.5
  0.1    0.86   0.342 -0.034  0.969 -0.98   1.483 -1.     0.01  -0.49
  1.509 -0.34   0.923 -1.29  -1.717  0.83  -1.381 -0.983  0.64   1.438
  1.112  1.06  -1.274 -0.918  0.42  -0.98   0.91   0.46   0.741 -0.55
 -1.38   0.62  -1.036  0.57   0.41   0.15  -1.288  0.23  -0.4   -1.265
  0.257 -0.97  -1.02  -0.503 -0.21   0.879  0.07  -0.865 -0.32   0.59
 -0.42  -1.457 -1.021 -0.19   0.846 -0.415 -2.082  0.92  -1.066 -0.511][-1.79   0.93   0.46  -0.61   0.095  0.151  0.436  1.034 -0.68  -0.38
  0.802  0.31   0.5    0.43   0.35   0.16  -0.27  -0.81  -0.878 -0.35
  0.626 -0.2   -1.511 -0.77  -0.181 -0.19   0.83   0.02  -0.4    0.5
  0.1    0.86   0.342 -0.034  0.45  -0.98   1.483 -1.     0.01  -0.49
  0.545 -0.34   0.923 -1.29  -2.191  0.83  -1.381 -0.983  0.64   0.59
  0.707  1.06  -1.274 -0.51   0.42  -1.054  0.91   0.46   0.43  -0.55
 -1.38   0.62  -0.81   0.57   0.41   0.15  -0.98   0.23  -0.4   -1.265
  0.257 -0.97  -1.02  -0.503 -0.21   0.879  0.07  -0.865 -0.32   0.59
 -0.42  -1.457 -1.021 -0.19   0.846 -0.415 -2.082  0.92  -1.066 -0.511][-1.79   0.93   0.46  -0.61   0.095  0.1    0.436  1.034 -0.68  -0.38
  0.802 -0.348  0.5    0.43   0.35   0.16  -0.27  -0.81  -0.259 -0.35
  0.626 -0.2   -0.77  -0.77  -0.181 -0.19   0.83   0.02  -0.4    0.5
  0.1    0.86   0.342 -0.034  0.45  -1.355  1.305 -1.     0.01  -0.49
  1.518 -0.34   0.923 -1.29  -2.191  0.83  -1.381 -0.983  0.64   0.59
  2.017  1.06  -1.274 -0.51   0.42  -1.054  0.91   0.46   0.43  -0.55
 -2.286  0.62  -0.81   0.57   0.41   0.15  -0.98   0.23  -0.4   -1.265
  0.257 -0.97  -1.02  -0.03  -0.749  0.879  0.07  -0.865 -0.32   0.59
 -0.42  -1.457 -1.021 -0.19   0.846 -0.415 -2.082  0.92  -1.066 -0.511][-1.79   0.93   0.46  -0.61   0.095  0.151  0.436  0.29  -0.68  -0.38
  0.802  0.104  0.5    0.43   0.35   0.16   1.162 -0.81  -0.494 -0.35
  0.626 -0.2   -0.77   0.15  -0.181 -0.19   0.83   0.02  -0.4    0.5
  0.1    0.86   0.342 -0.034  0.45  -1.355  1.305 -1.     0.01  -0.49
  2.121 -0.34   0.923 -1.29  -1.325  0.83  -1.381 -0.983  0.64   0.71
  2.017  1.06  -1.274 -0.51   0.42  -1.054  0.91   0.46   1.355 -0.55
 -1.38   0.984 -0.81   0.899  0.41   0.15  -0.98   0.23  -0.4   -1.265
  0.2   -0.97  -1.02  -0.03   0.585  0.879  0.07  -0.865 -0.32   0.59
 -0.42  -1.457 -1.021 -0.19   0.846 -0.415 -2.082  0.92  -0.634 -0.764][-1.79   0.93   0.46  -0.61   0.144  0.151  0.436  0.29  -0.68  -0.38
  0.802  0.31   0.5    0.43   0.35   0.16  -1.13  -0.81  -0.494 -0.35
  0.626 -0.2   -2.354 -0.77  -0.181 -0.19   0.83  -0.026 -0.4    0.5
  0.1    0.86   0.342 -0.808  0.45  -1.355  1.305 -0.512  0.01  -0.49
  0.545 -0.34   0.923 -1.29  -2.191  0.83  -1.381 -0.983  0.64   1.438
  1.112  1.06  -1.274 -0.51   0.42  -1.054  0.91   0.46   0.43  -0.55
 -1.38   0.62  -0.81   0.57   0.41   0.15  -0.98   0.23  -0.357 -1.265
  0.2   -0.97  -1.02  -0.03  -0.21   0.879  0.07  -0.865 -0.32   0.59
 -0.42  -1.457 -1.021 -0.19   0.846 -0.415 -2.082  0.92  -0.634 -0.511][-1.790e+00  9.300e-01  4.600e-01 -6.100e-01  1.440e-01  1.510e-01
  4.360e-01  2.900e-01 -6.800e-01 -3.800e-01  8.020e-01  3.100e-01
 -1.960e-01  4.300e-01  3.500e-01  1.600e-01  1.162e+00 -5.400e-01
 -2.590e-01 -1.088e+00  6.260e-01 -2.000e-01 -1.511e+00 -7.700e-01
 -1.810e-01 -1.900e-01  8.300e-01  2.000e-02 -4.000e-01  5.000e-01
  1.000e-01  8.600e-01  3.420e-01 -2.000e-03  4.500e-01 -9.800e-01
  1.483e+00 -1.000e+00  1.000e-02 -4.900e-01  2.121e+00 -3.400e-01
  9.230e-01 -1.290e+00 -1.325e+00  8.300e-01 -1.381e+00 -9.830e-01
  6.400e-01  5.900e-01  1.944e+00  1.060e+00 -1.274e+00 -5.100e-01
  4.200e-01 -9.800e-01  9.100e-01  1.032e+00  1.355e+00 -5.500e-01
 -1.380e+00  6.200e-01 -5.750e-01  5.700e-01  4.100e-01  1.500e-01
 -9.800e-01  2.300e-01 -1.259e+00 -1.265e+00  2.000e-01 -9.700e-01
 -1.020e+00 -3.000e-02 -2.100e-01  1.376e+00  7.000e-02 -8.650e-01
 -3.200e-01  5.900e-01 -4.200e-01 -1.457e+00 -1.021e+00 -1.900e-01
  8.460e-01 -4.150e-01 -2.082e+00  9.200e-01 -6.340e-01 -5.110e-01][-1.79   0.93   0.46  -0.61   0.144  0.151  0.436  0.29  -0.68  -0.38
  0.802  0.104  0.5    0.43   0.35   0.16  -0.27  -0.81  -0.311 -0.35
  0.626 -0.2   -0.77  -0.77  -0.181 -0.19   0.262  0.02  -0.4    0.5
  0.1    0.86   0.342 -0.034  0.969 -0.98   1.483 -1.     0.01  -0.49
  1.509 -0.34   0.923 -1.29  -2.191  0.83  -1.381 -0.983  0.64   0.59
  1.112  1.06  -1.274 -0.51   0.42  -0.98   0.91   0.46   0.43  -0.55
 -1.38   0.62  -0.575  0.57   0.41   0.15  -0.98   0.23  -0.4   -1.265
  0.257 -0.97  -1.02  -0.503 -0.21   0.879  0.07  -0.865 -0.32   0.59
 -0.42  -1.457 -1.021 -0.19   0.846 -0.415 -2.082  0.92  -1.066 -0.511][-1.79   0.93   0.46  -0.61   0.095  0.151  0.436  0.29  -0.68  -0.38
  0.802  0.104 -0.196  0.43   0.35   0.16  -0.27  -0.81  -0.494 -0.35
  0.626 -0.729 -0.77  -0.77  -0.181 -0.19   1.435  0.02  -0.4    0.5
  0.1    0.86   0.342 -0.034  1.185 -1.355  1.483 -1.     0.01  -0.49
  0.545 -0.34   0.923 -1.29  -1.325  0.83  -1.381 -0.983  0.64   0.59
  2.017  1.06  -1.274 -0.51   0.42  -1.054  0.91   0.46   1.355 -0.55
 -1.38   0.62  -0.81   0.899  0.41   0.15  -1.288  0.23  -0.4   -1.265
  0.2   -0.97  -1.02  -0.03   0.585  1.376  0.07  -0.865 -0.32   0.59
 -0.42  -1.457 -1.021 -0.19   0.846 -0.415 -2.082  0.92  -1.066 -0.764][-1.790e+00  9.300e-01  4.600e-01 -6.100e-01  1.440e-01  1.000e-01
  4.360e-01  2.900e-01 -6.800e-01 -3.800e-01  8.020e-01  3.100e-01
 -1.960e-01  4.300e-01  3.500e-01  1.600e-01 -2.700e-01 -5.400e-01
 -4.940e-01 -1.088e+00  6.260e-01 -2.000e-01 -7.700e-01 -7.700e-01
 -1.810e-01 -1.900e-01  8.300e-01  2.000e-02  3.700e-01  5.000e-01
 -9.120e-01  8.600e-01  3.420e-01 -2.000e-03  4.500e-01 -9.800e-01
  1.483e+00 -1.000e+00  1.000e-02 -4.900e-01  2.121e+00 -3.400e-01
  9.230e-01 -1.290e+00 -1.717e+00  8.300e-01 -1.381e+00 -9.830e-01
  6.400e-01  5.900e-01  2.017e+00  1.060e+00 -1.274e+00 -5.100e-01
  4.200e-01 -1.517e+00  9.100e-01  1.032e+00  1.355e+00 -5.500e-01
 -1.380e+00  6.200e-01 -8.100e-01  5.700e-01  4.100e-01  1.500e-01
 -9.800e-01  2.300e-01 -1.259e+00 -1.265e+00  2.000e-01 -9.700e-01
 -1.020e+00 -3.000e-02 -2.100e-01  8.790e-01  7.000e-02 -8.650e-01
 -3.200e-01  5.900e-01 -4.200e-01 -1.457e+00 -1.021e+00 -1.900e-01
  8.460e-01 -4.150e-01 -2.082e+00  9.200e-01 -6.340e-01 -5.110e-01][-1.79   0.93   0.46  -0.61   0.144  0.151  0.436  0.29  -0.68  -0.38
  0.802  0.104  0.5    0.43   0.35   0.16   1.162 -0.81  -0.311 -0.35
  0.626 -0.2   -1.511 -0.77  -0.181 -0.19   0.83   0.02  -0.4    0.5
  0.1    0.86   0.342 -0.034  0.45  -1.355  1.483 -1.     0.01  -0.49
  1.518 -0.34   0.923 -1.29  -1.325  0.83  -1.381 -0.983  0.64   0.59
  1.112  1.06  -1.274 -0.51   0.42  -0.98   0.91   0.46   1.111 -0.55
 -1.38   0.62  -0.81   0.57   0.41   0.15  -0.98   0.23  -0.4   -1.265
  0.2   -0.97  -1.02  -0.503 -0.21   1.376  0.07  -0.865 -0.32   0.59
 -0.42  -1.457 -1.021 -0.19   0.846 -0.415 -2.082  0.92  -0.634 -0.511][-1.79   0.93   0.46  -0.61   0.144  0.1    0.436  1.034 -0.68  -0.38
  0.802  0.31   0.5    0.43   0.35   0.16   1.162 -0.81  -0.494 -0.201
  0.626 -0.2   -0.77  -0.77  -0.181 -0.19   0.83   0.02  -0.4    0.5
  0.1    0.86   0.342 -0.034  0.45  -1.355  1.305 -1.     0.01  -0.49
  1.518 -0.34  -0.036 -1.29  -2.191  0.83  -1.381 -1.948  0.64   0.59
  2.017  1.06  -1.274 -0.51   0.42  -1.054  0.91   0.46   0.43  -0.55
 -3.266  0.62  -0.81   0.57   0.41   0.15  -0.98   0.23  -0.4   -1.265
  0.257 -0.97  -1.02  -0.03  -0.21   1.376  0.07  -0.865 -0.32   0.59
 -0.42  -1.457 -1.021 -0.19   0.846 -0.415 -2.082  0.92  -1.066 -0.511][-1.790e+00  9.300e-01  4.600e-01 -6.100e-01  9.500e-02  1.510e-01
  4.360e-01  2.900e-01 -6.800e-01 -3.800e-01  8.020e-01  3.100e-01
 -1.960e-01  4.300e-01  3.500e-01  1.600e-01  1.162e+00 -8.100e-01
 -2.590e-01 -3.500e-01  6.260e-01 -2.000e-01 -1.511e+00 -7.700e-01
 -1.810e-01 -1.900e-01  8.300e-01  2.000e-02 -4.000e-01  5.000e-01
  1.000e-01  8.600e-01  3.420e-01 -2.000e-03  4.500e-01 -1.355e+00
  1.305e+00 -1.000e+00  1.000e-02 -4.900e-01  1.518e+00 -3.400e-01
  9.230e-01 -1.290e+00 -1.325e+00  8.300e-01 -1.381e+00 -9.830e-01
  6.400e-01  5.900e-01  1.112e+00  1.060e+00 -1.989e+00 -5.100e-01
  4.200e-01 -9.800e-01  9.100e-01  4.600e-01  1.355e+00 -2.030e-01
 -1.380e+00  6.200e-01  1.120e-01  5.700e-01  4.100e-01  1.500e-01
 -9.800e-01  2.300e-01 -4.000e-01 -1.265e+00  2.570e-01 -9.700e-01
 -1.020e+00 -3.000e-02  5.850e-01  1.376e+00  7.000e-02 -4.300e-01
 -3.200e-01  5.900e-01 -4.200e-01 -1.457e+00 -1.021e+00 -1.900e-01
  8.460e-01 -4.150e-01 -2.082e+00  9.200e-01 -1.066e+00 -7.640e-01][-1.79   0.93   0.46  -0.61   0.095  0.1    0.436  1.034 -0.68  -0.38
  0.802  0.104  0.5    0.43   0.35   0.16  -0.27  -0.81  -0.494 -0.35
  0.626 -0.2   -0.77  -0.77  -0.181 -0.19   0.83   0.02  -0.4    0.5
  0.1    0.86   0.342 -0.034  0.969 -1.355  1.483 -1.     0.01  -0.49
  0.545 -0.34   0.923 -1.29  -2.191  0.83  -0.797 -0.983  0.64   1.438
  1.112  1.06  -1.274 -0.918  0.42  -0.98   0.91   0.46   1.355 -0.55
 -1.38   0.62  -0.575  0.57   0.41   0.15  -1.288  0.23  -0.4   -1.265
  0.257 -0.97  -1.02  -0.503 -0.749  1.376  0.07  -0.865 -0.32   0.59
 -0.42  -1.457 -1.021 -0.19   0.846 -0.415 -2.082  0.92  -1.066 -0.511][-1.79   0.93   0.46  -0.61   0.101  0.151  0.436  0.29  -0.68  -0.38
  0.802  0.31  -0.196  0.43   0.35   0.16  -0.27  -0.81  -0.494 -0.35
  0.626 -0.2   -1.511 -0.77  -0.181 -0.19   0.83   0.02  -0.4    0.5
 -0.912  0.86   0.342 -0.034  0.45  -1.355  1.483 -1.     0.01  -0.49
  0.545 -0.34   0.923 -1.29  -2.191  0.83  -1.381 -0.983 -0.341  1.438
  2.017  1.06  -1.274 -0.51   0.42  -1.054  0.91   1.324  1.355 -0.55
 -1.38   0.984 -1.036  0.57   0.41   0.15  -1.288  0.23  -1.259 -1.265
  0.257 -0.97  -1.486 -0.503 -0.21   0.879  0.07  -0.865 -0.32   0.59
 -0.42  -1.457 -1.021 -0.19   0.846 -0.415 -2.082  0.92  -0.634 -0.511][-1.79   0.93   0.46  -0.61   0.144  0.151  0.436  0.29  -0.68  -0.38
  0.802  0.104  0.5    0.43   0.35   0.16  -0.27  -0.54  -0.259 -0.088
  0.626 -0.2   -1.511 -0.77  -0.181 -0.19   1.435  0.02  -0.4    0.5
  0.1    0.86   0.342 -0.034  0.969 -1.355  1.483 -1.     0.01  -0.49
  1.518 -0.34   0.923 -1.29  -1.325  0.83  -1.003 -0.983  0.64   0.59
  2.017  1.06  -1.274 -0.51   0.42  -1.517  0.91   0.46   1.355 -0.203
 -1.38   0.62  -0.81   0.899  0.41   0.15  -1.288  0.23  -1.259 -1.265
  0.2   -0.97  -1.02  -0.03  -0.21   0.879  0.07  -0.865 -0.32   0.59
 -0.42  -1.457 -1.021 -0.19   0.846 -0.415 -2.082  0.92  -0.634 -0.511][-1.79   0.93   0.46  -0.61   0.144  0.151  0.436  0.29  -0.68  -0.38
  0.802  0.104  0.5    0.43   0.35   0.16   1.162 -0.54  -0.494 -0.35
  0.626 -0.2   -0.77  -0.77  -0.181 -0.19   0.83   0.02  -0.4    0.5
  0.1    0.86   0.342 -0.034  0.45  -0.98   1.483 -1.     0.01  -0.49
  1.518 -0.34   0.923 -1.29  -1.325  0.83  -1.381 -0.983  0.64   0.59
  2.017  1.06  -1.274 -0.51   0.42  -1.517  0.91   0.312  0.43  -0.55
 -1.38   0.62  -0.81   0.57   0.41   0.15  -1.288  0.23  -0.4   -1.265
  0.2   -0.97  -1.02  -0.378 -0.21   1.376  0.07  -0.865 -0.32   0.59
 -0.42  -1.457 -1.021 -0.19   0.846 -0.415 -2.082  0.92  -0.634 -0.764][-1.79   0.93   0.46  -0.61   0.144  0.151  0.436  0.534 -0.68  -0.38
  0.802  0.104 -0.196  0.43   0.35   0.16  -0.27  -0.81  -0.494 -0.35
  0.626 -0.2   -1.511 -0.77  -0.181 -0.19   0.83   0.02  -0.4    0.5
 -0.912  0.86   0.342 -0.034  0.969 -0.98   1.483 -1.     0.01  -0.49
  1.518 -0.34   0.923 -1.29  -2.191  0.83  -1.003 -0.983  0.64   1.438
  2.017  1.06  -1.274 -0.51   0.42  -0.98   0.91   0.46   1.355 -0.203
 -1.38   0.62  -1.184  0.57   0.41   0.15  -1.288  0.23  -1.259 -1.265
  0.2   -0.97  -1.02  -0.503 -0.21   0.879  0.07  -0.865 -0.32   0.59
 -0.42  -1.457 -1.021 -0.19   0.846 -0.397 -2.082  0.92  -1.066 -0.511][-1.79   0.93   0.46  -0.61   0.144  0.151  0.436  1.034 -0.68  -0.38
  1.266  0.31   0.5    0.43   0.35   0.16   1.162 -0.81  -0.494 -0.35
  0.626 -0.2   -0.77  -0.77  -0.664 -0.19   0.83   0.02  -0.4    0.5
  0.1    0.86   0.342 -0.034  0.45  -1.355  1.483 -1.     0.01  -0.49
  1.518 -0.34   0.923 -1.29  -2.191  1.218 -1.381 -1.948  0.64   0.59
  1.112  1.06  -1.274 -0.51   0.42  -1.054  0.91   0.46   0.43  -0.55
 -2.286  0.62  -0.81   0.57   0.41   0.15  -0.98   0.23  -0.4   -1.265
  0.257 -0.97  -1.02  -0.503 -0.21   0.879  0.07  -0.865 -0.32   0.59
 -0.42  -1.457 -1.021 -0.19   0.846 -0.415 -2.082  0.92  -1.066 -0.511][-1.79   0.93   0.46  -0.61   0.144  0.151  0.436  0.29  -0.68  -0.38
  0.802  0.104  0.5    0.43   0.35   0.16   1.162 -0.81  -0.259 -0.35
  0.626 -0.2   -0.77  -0.77  -0.181 -0.19   0.83   0.664 -0.4    0.5
  0.1    0.86   0.342 -0.034  0.969 -0.98   1.305 -1.     0.01  -0.49
  1.509 -0.34   0.923 -1.29  -1.325  0.83  -1.381 -0.983  0.64   0.59
  1.112  1.06  -1.274 -0.51   0.42  -0.98   0.91   0.46   1.355 -0.55
 -1.38   0.62  -0.575  0.57   0.41   0.15  -0.98   0.23  -0.4   -1.265
  0.2   -0.97  -1.02  -0.03  -0.21   1.376  0.07  -0.865 -0.32   0.59
 -0.42  -1.457 -1.021 -0.19   0.846 -0.415 -2.082  0.92  -1.066 -0.511][-1.79   0.93   0.46  -0.61   0.144  0.151  0.436  0.29  -0.68  -0.38
  1.266  0.104 -0.196  0.43   0.35   0.16  -0.27  -0.81  -0.494 -0.35
  0.626 -0.2   -1.511 -0.77  -0.181 -0.19   0.83   0.02  -0.4    0.5
  0.1    0.86   0.342 -0.034  0.969 -0.98   1.305 -1.     0.01  -0.49
  0.545 -0.34   0.923 -1.29  -2.191  0.83  -1.003 -0.983  0.64   1.438
  1.112  1.06  -1.274 -0.51   0.42  -0.98   0.91   1.324  1.355 -0.55
 -1.38   0.984 -0.575  0.57   0.41   0.15  -0.98   0.23  -0.4   -1.265
  0.2   -0.369 -1.02  -0.03  -0.21   0.879  0.07  -0.43  -0.32   0.59
 -0.42  -1.457 -1.021 -0.19   0.846 -0.099 -2.082  0.92  -0.634 -0.511][-1.79   0.93   0.46  -0.61   0.144  0.151  0.436  1.034 -0.68  -0.38
  1.266  0.104  0.5    0.43   0.35   0.16  -0.27  -0.81  -0.494 -0.35
  0.626 -0.2   -0.77  -0.77  -0.181 -0.19   0.83   0.02  -0.4    0.5
  0.1    0.86   0.342 -0.034  0.45  -1.355  1.393 -1.     0.01  -0.49
  0.545 -0.34   0.923 -1.29  -2.191  1.218 -1.381 -0.983  0.64   0.59
  2.017  1.06  -1.274 -0.51   0.42  -1.054  0.91   0.46   0.43  -0.55
 -1.38   0.62  -0.81   0.57   0.41   0.15  -0.98   0.23  -0.4   -1.265
  0.257 -0.97  -1.02  -0.503 -0.21   0.879  0.07  -0.865 -0.32   0.59
 -0.42  -1.457 -1.021 -0.19   0.846 -0.415 -2.082  0.92  -1.066 -0.511][-1.79   0.93   0.46  -0.61   0.101  0.151  0.436  0.29  -0.68  -0.38
  0.802  0.104  0.5    0.43   0.35   0.16  -0.27  -0.81  -0.259 -0.35
  0.626 -0.2   -1.511 -1.552 -0.181 -0.19   0.83   0.02  -0.4    0.5
  0.1    0.86   0.342 -0.808  0.45  -1.355  1.483 -1.     0.01  -0.49
  0.545 -0.34   0.923 -1.29  -1.325  0.83  -1.381 -1.948  0.64   1.438
  2.017  1.06  -1.274 -0.51   0.42  -1.054  0.91   0.46   1.355 -0.203
 -1.38   0.62  -0.81   0.899  0.41   0.15  -0.98   0.23  -0.4   -1.265
  0.257 -0.97  -1.02  -0.03   0.585  1.376  0.07  -0.865 -0.32   0.59
 -0.42  -1.457 -1.021 -0.19   0.846 -0.415 -2.082  0.92  -0.634 -0.511][-1.79   0.93   0.46  -0.61   0.144  0.151  0.436  0.29  -0.68  -0.38
  0.802  0.104  0.5    0.43   0.35   0.16   1.162 -0.81  -0.156 -0.35
  0.626 -0.2   -1.511 -0.77  -0.181 -0.19   0.83   0.02  -0.4    0.5
  0.1    0.86   0.342 -0.034  0.969 -0.98   1.483 -1.     0.01  -0.49
  1.509 -0.34   0.923 -1.29  -2.191  0.83  -1.381 -1.948  0.64   0.59
  2.017  1.06  -1.274 -0.51   0.42  -0.98   0.91   0.46   1.355 -0.55
 -1.38   0.62  -0.575  0.57   0.41   0.15  -1.288  0.23  -0.4   -1.265
  0.2   -0.97  -1.02  -0.503 -0.21   0.879  0.07  -0.865 -0.32   0.59
 -0.42  -1.457 -1.021 -0.19   0.846 -0.415 -2.082  0.92  -1.066 -0.511][-1.79   0.93   0.46  -0.61   0.144  0.1    0.436  0.29  -0.68  -0.38
  1.266  0.31   0.5    0.43   0.35   0.16  -0.27  -0.54  -0.494 -0.35
  0.626 -0.2   -1.511 -0.77  -0.181 -0.19   0.83   0.02   0.074  0.5
  0.165  0.86   0.342 -0.034  0.45  -1.355  1.483 -1.     0.01  -0.49
  0.545 -0.34   0.923 -1.29  -2.191  0.83  -1.381 -0.983  0.64   0.59
  1.112  1.06  -1.274 -0.51   0.42  -0.98   0.91   0.46   0.43  -0.203
 -1.38   0.62  -0.81   0.57   0.41   0.15  -0.98   0.23  -0.357 -1.265
  0.2   -0.97  -1.02  -0.03  -0.21   0.879  0.07  -0.865 -0.32   0.59
 -0.42  -1.457 -1.021  0.094  0.846 -0.415 -2.082  1.621 -1.066 -0.511][-1.79   0.93   0.46  -0.61   0.095  0.151  0.436  0.29  -0.68  -0.38
  0.802  0.104  0.5    0.43   0.35   0.16  -0.27  -0.81  -0.259 -0.35
  0.626 -0.2   -0.77  -0.77  -0.181 -0.19   0.83   0.02  -0.4    0.5
  0.1    0.86   0.342 -0.034  0.45  -1.355  1.483 -1.     0.01  -0.49
  1.509 -0.34   0.923 -1.29  -2.191  0.83  -1.381 -0.983  0.64   0.59
  1.112  1.06  -1.274 -0.918  0.42  -0.98   0.91   0.46   1.355 -0.55
 -3.266  0.62  -0.81   0.57   0.41   0.15  -0.98   0.23  -0.4   -1.265
  0.257 -0.97  -1.02  -0.03  -0.749  1.376  0.07  -0.865 -0.32   0.59
 -0.42  -1.457 -1.021 -0.19   0.846 -0.386 -2.082  0.92  -0.634 -0.511][-1.79   0.93   0.46  -0.61   0.144  0.151  0.436  0.29  -0.68  -0.38
  0.802  0.104 -0.196  0.43   0.35   0.16  -0.27  -0.81  -0.259 -0.35
  0.626 -0.2   -1.511 -0.77  -0.181 -0.19   1.435  0.02  -0.4    0.5
  0.1    0.86   0.342 -0.034  0.969 -1.355  1.483 -1.     0.01  -0.49
  1.518 -0.34   0.923 -1.29  -1.325  0.83  -1.003 -1.948  0.64   1.438
  2.017  1.06  -1.274 -0.51   0.42  -1.517  0.91   0.46   1.355 -0.203
 -1.38   0.62  -0.81   0.57   0.41   0.15  -0.98   0.23  -0.4   -1.265
  0.257 -0.673 -1.02  -0.03   0.585  0.879  0.07  -0.865 -0.32   0.59
 -0.42  -1.457 -1.021 -0.19   0.846 -0.415 -2.082  0.92  -1.066 -0.511][-1.79   0.93   0.46  -0.61   0.095  0.151  0.436  0.29  -0.68  -0.38
  1.266  0.104 -0.196  0.43   0.35   0.16  -0.27  -0.81  -0.878 -0.35
  0.626 -0.2   -1.511 -0.77  -0.181 -0.19   0.83   0.02  -0.4    0.135
  0.1    0.86   0.342 -0.034  0.45  -0.98   1.483 -1.     0.01  -0.49
  1.509 -0.34   0.923 -1.29  -2.191  0.83  -1.381 -0.983  0.64   1.438
  1.112  1.06  -1.274 -0.51   0.42  -1.054  0.91   0.46   0.43  -0.55
 -1.38   0.62  -1.036  0.57   0.41   0.15  -1.288  0.23  -0.357 -1.265
  0.2   -0.97  -1.02  -0.03  -0.21   0.879  0.07  -0.865 -0.32   0.59
 -0.42  -1.457 -1.021 -0.19   0.846 -0.415 -2.082  0.92  -1.066 -0.511][-1.79   0.93   0.46  -0.61   0.095  0.151  0.436  0.29  -0.68  -0.38
  0.802  0.104 -0.196  0.43   0.35   0.16  -0.27  -0.81  -0.259 -0.35
  0.626 -0.2   -1.511 -0.77  -0.181 -0.19   0.83   0.02  -0.674  0.5
  0.1    0.86   0.342 -0.034  0.969 -0.98   1.483 -1.     0.01  -0.49
  1.509 -0.34   0.923 -1.29  -2.191  0.83  -1.003 -1.948  0.64   1.438
  2.017  1.06  -1.274 -0.51   0.42  -1.517  0.91   0.46   1.355 -0.203
 -1.38   0.62  -0.81   0.899  0.41   0.15  -1.288  0.23  -0.4   -1.265
  0.2   -0.97  -1.02  -0.03  -0.21   0.879  0.07  -0.865 -0.32   0.59
 -0.42  -1.457 -1.021 -0.19   0.846 -0.415 -2.082  0.92  -1.066 -0.511][-1.79   0.93   0.46  -0.61   0.095  0.151  0.436  0.29  -0.68  -0.38
  0.802  0.104 -0.196  0.43   0.35   0.16  -0.27  -0.81  -0.494 -0.35
  0.626 -0.2   -1.511 -0.77  -0.181 -0.19   0.83   0.02  -0.4    0.5
  0.1    0.86   0.342 -0.034  0.969 -0.98   1.483 -1.     0.01  -0.49
  1.518 -0.34   0.923 -1.29  -2.191  0.83  -1.003 -0.983  0.64   1.438
  2.017  1.06  -1.274 -0.51   0.42  -1.517  0.91   1.324  1.355 -0.203
 -1.38   0.62  -0.384  0.57   0.41   0.15  -1.288  0.23  -0.4   -1.265
  0.2   -0.97  -1.02  -0.03  -0.21   0.879  0.07  -0.865 -0.32   0.59
 -0.42  -1.457 -1.021 -0.19   0.846 -0.415 -2.082  0.92  -1.066 -0.511][-1.79   0.93   0.46  -0.61   0.144  0.151  0.436  0.29  -0.68  -0.792
  0.802  0.104 -0.196  0.43   0.35   0.16   1.162 -0.81  -0.259 -0.35
  0.626 -0.2   -1.511 -0.77  -0.181 -0.19   0.83   0.02  -0.4    0.5
  0.1    0.86   0.342 -0.034  0.45  -0.98   1.305 -1.     0.01  -0.49
  1.509 -0.34   0.923 -1.29  -1.325  0.83  -1.381 -0.983  0.64   0.59
  2.017  1.06  -1.274 -0.51   0.42  -1.517  0.91   0.46   1.355 -0.203
 -1.38   0.62  -0.81   0.57   0.41   0.15  -0.98   0.23  -0.4   -1.265
  0.2   -0.97  -1.02  -0.03  -0.21   1.376  0.07  -0.865 -0.32   0.59
 -0.42  -1.457 -1.021 -0.19   0.846 -0.415 -2.082  0.92  -0.634 -0.764][-1.79   0.93   0.46  -0.61   0.144  0.1    1.048  0.29  -0.68  -0.38
  0.802  0.104  0.5    0.43   0.35   0.16   1.162 -0.54  -0.259 -1.088
  0.626 -0.2   -0.77  -0.77  -0.181 -0.19   0.83   0.02  -0.4    0.5
  0.1    0.86   0.342 -0.034  0.45  -0.98   1.483 -1.     0.01  -0.49
  1.518 -0.34   0.923 -1.29  -1.325  0.83  -1.381 -0.983  0.64   0.59
  1.112  1.06  -1.274 -0.51   0.42  -1.517  0.91   0.46   0.43  -0.203
 -1.38   0.62  -0.81   0.57   0.41   0.15  -0.98   0.23  -1.259 -1.265
  0.2   -0.97  -1.02  -0.03  -0.21   0.879  0.07  -0.865 -0.32   0.59
 -0.42  -1.457 -1.021 -0.19   0.846 -0.415 -2.082  0.92  -1.066 -0.511]