[-0.84   0.93   0.46  -0.61  -0.6    0.1    0.436  0.29  -0.68   0.616
  0.64   0.31   0.5    0.43   0.35   0.16   0.364 -0.81   0.48  -0.35
  0.4   -0.2   -0.77  -0.77  -0.3   -0.19   0.83   0.02  -0.4    0.5
 -0.912  0.86   0.99  -0.002  0.45  -0.98   0.95  -1.     0.459 -0.49
  0.92  -0.34   0.77   0.85  -0.86   0.83  -1.    -1.548  0.64   0.05
  0.78   0.26  -0.78  -0.51   0.42  -0.98   0.91   0.46   1.355 -0.55
 -0.76   0.62  -0.81   0.528  0.41   0.149 -0.98   0.23  -0.4   -1.265
  0.2   -0.97  -0.15  -0.03  -0.21   0.879  0.07  -0.43  -0.32   0.59
 -0.42  -0.89  -0.76  -0.48   0.08  -0.22  -0.97   0.92  -0.24  -0.544][-0.84   0.93   0.336 -0.61   0.144  0.1    0.436  0.29  -0.771 -0.38
  0.81   0.31   0.5    0.43   0.35   0.16  -0.27  -0.81   0.48  -0.35
  0.4   -0.2   -0.77  -0.77  -0.3   -0.19   0.83   0.02  -0.4    0.5
  0.1    0.86   0.99  -0.002  0.45  -0.98   0.95  -1.     0.01  -0.49
  0.92  -0.34   0.77   0.85  -1.325  0.83  -1.    -1.548  0.64   0.59
  0.78   0.26  -0.78  -0.51  -0.456 -0.98   0.91   0.46   0.43  -0.55
 -1.38   0.62  -0.81   0.57   0.41   0.15  -1.439  0.23  -0.4   -0.48
  0.2   -0.97  -0.15  -0.03  -0.21   0.879  0.07  -0.43  -0.32   0.59
 -0.42  -1.457 -0.76  -0.19  -0.747 -0.415 -1.402  0.92  -0.24  -0.544][-1.24   0.93   0.46  -0.61  -0.6    0.1    0.436  0.29  -0.68   0.616
  0.64   0.31   0.5    0.43   0.35   0.16   0.364 -0.81   0.48  -0.35
  0.4   -0.2   -0.77  -0.77  -0.3   -0.19   0.83   0.02  -1.07   0.5
 -0.912  0.86   0.99  -0.002  0.45  -0.98   0.95  -1.     0.459 -0.49
  0.545 -0.34   0.77   0.85  -0.86   0.83  -1.    -1.548  0.64   0.59
  0.78   0.26  -0.78  -0.51   0.42  -0.98   0.91   0.46   1.355 -0.55
 -1.38   0.62  -0.81   0.528  0.41   0.15  -0.98   0.23  -0.4   -1.265
  0.2   -0.97  -0.15  -0.03  -0.21   0.879  0.07  -0.43  -0.32   0.59
 -0.42  -0.89  -0.76  -0.48   0.08  -0.32  -0.97   0.92  -0.24  -0.17 ][-0.84   0.93   0.46  -0.61  -0.6    0.1    0.436  0.29  -0.771 -0.38
  0.64   0.31   0.5    0.43   0.35   0.16   0.364 -0.81   0.48  -0.35
  0.4   -0.2   -0.77  -0.77  -0.181 -0.19   0.83   0.02  -0.4    0.5
  0.1    0.86   0.99  -0.002  0.45  -0.24   0.95  -1.     0.01  -0.49
  0.92  -0.34   0.77  -1.29  -0.86   0.83  -1.    -1.548  0.64   0.59
  0.78   0.26  -0.78  -0.51   0.42  -0.98   0.91   0.46   0.43  -0.55
 -0.76   0.62  -0.81   0.57   0.41   0.15  -0.58   0.23  -0.4   -0.48
  0.2   -0.97  -0.15  -0.03  -0.21   0.879  0.07  -0.43  -0.32   0.59
 -0.42  -0.89  -0.76  -0.19   0.08  -0.32  -1.652  0.92  -0.24  -0.544][-0.84   0.93   0.336 -0.61  -0.6    0.1   -0.29   0.29  -0.771 -0.38
  0.64   0.31   0.5    0.43   0.35   0.16   0.364 -0.81   0.48  -0.35
  0.4   -0.2   -0.77  -0.77  -0.3   -0.19   0.83   0.02  -0.4    0.5
  0.1    0.86   0.99  -0.002  0.45  -0.24   0.95  -1.     0.01  -0.49
  0.92  -0.34   0.77  -1.29  -0.86   0.83  -1.    -0.85   0.64   0.59
  0.78   0.26  -0.78  -0.51   0.42  -0.98   0.91   0.46   0.43  -0.55
 -0.76   0.574 -0.81   0.57   0.41   0.15  -0.98   0.23  -0.4   -1.265
  0.2   -0.97   0.242 -0.406 -0.21   0.879  0.07  -0.43  -0.32   0.59
 -0.42  -1.457 -0.76  -0.19  -0.747 -0.32  -0.435  0.92  -0.24  -0.17 ][-0.84   1.242  0.336 -0.61  -0.44   0.1   -0.29   0.29  -0.68  -0.38
  0.64   0.31   0.5    0.43   0.35   0.16  -0.27  -0.81   0.48  -0.35
  0.4   -0.2   -0.77  -0.77  -0.3   -0.19   0.83   0.02  -0.4    1.25
 -0.912  0.86   0.99  -0.002  0.45  -0.781  0.95  -1.     0.01  -0.66
  0.92  -0.34  -0.15  -1.29  -0.86   0.83  -0.527 -1.548  0.063  0.05
  0.78   0.26  -0.78  -0.51   0.42  -0.98   0.91   0.024  0.43  -0.55
 -1.38   0.62  -0.37   0.57   0.41   0.15  -0.58   0.23  -0.4   -1.265
  0.2   -0.97  -0.15  -0.03  -0.21   0.252  0.07  -0.43  -1.077  0.59
 -0.42  -0.89  -0.76  -0.19   0.08  -0.22  -1.402  0.92  -0.24  -0.544][-0.84   0.93   0.336 -0.61  -0.6    0.1   -0.29   0.29  -0.771 -0.38
  1.168  0.31   0.5    0.43   0.35   0.16   0.364 -0.81   0.48  -0.35
  0.4   -0.2   -0.77  -0.77  -0.181 -0.19   0.83   0.02  -0.4    0.5
 -0.912  0.86   0.99  -0.002  0.45  -0.98   0.95  -1.     0.01  -0.49
  0.92  -0.34   0.77  -1.29  -1.325  0.83  -1.    -0.85   0.64   0.59
  1.112  0.26  -0.78  -0.51   0.42  -1.704  0.91   0.46   0.43  -0.55
 -0.76   0.574 -0.81   0.57   0.41   0.15  -0.98   0.23  -0.4   -0.48
  0.2   -0.97   0.242 -0.406 -0.21   0.879  0.07  -0.43  -0.32   0.59
 -0.42  -0.89  -0.76  -0.19  -0.747 -0.32  -0.97   0.92  -0.24  -0.17 ][-0.84   0.93   0.46  -0.61  -0.44  -0.863  0.436  0.29  -0.771 -0.38
  0.81   0.31   0.5    0.43   0.35   0.16   0.364 -0.81   0.48  -0.35
  0.4   -0.2   -0.77  -0.77  -0.3   -0.19   0.83   0.02  -0.4    0.5
  0.1    0.86   0.99  -0.002  0.45  -0.98   1.062 -1.     0.01  -0.49
  0.92  -0.34   0.77   0.85  -0.86   0.83  -1.    -1.548  0.64   0.59
  0.14   0.26  -0.78  -1.436  0.42  -0.98   0.91   0.46   1.355 -0.55
 -1.38   0.62  -0.81   0.57   0.41   0.15  -0.58   0.23  -0.4   -1.265
  0.2   -0.97  -0.15  -0.03  -0.21   0.78   0.07  -0.43  -0.32   0.59
 -0.42  -0.89  -0.76  -0.19   0.08  -0.415 -0.97   0.92  -0.71  -0.544][-0.84   0.93   0.336 -0.61  -0.44  -0.863 -0.29   0.29  -0.68   0.616
  0.81   1.184  0.5    0.43   0.35   0.16  -0.27  -0.81   0.48  -0.35
  0.626 -0.2   -0.77  -0.77  -0.3   -0.19   0.83   0.02  -0.4    0.5
  0.1    0.86   0.99  -0.002  0.45  -0.98   1.754 -1.     0.01  -0.49
  0.92  -0.34   0.77  -1.29  -0.86   0.83  -1.    -1.548  0.64   0.59
  0.78   0.26  -0.78  -0.51   0.42  -0.98   0.91   0.46   0.43  -0.55
 -1.38   0.62  -0.37   0.57   0.41   0.15  -0.98   0.23  -0.4   -1.265
  0.2   -0.97  -0.15  -0.03  -0.21   0.879  0.07  -0.43  -0.32   0.59
 -0.42  -1.457 -0.76  -0.19   0.08  -0.415 -1.402  0.92  -0.71  -0.544][-0.84   0.93   0.336 -0.61  -0.6    1.023 -0.193  0.29  -0.771 -0.38
  0.64   0.31   0.5    0.43   0.35   0.16   0.364 -0.81  -0.494 -0.35
  0.4   -0.2   -0.77  -0.77  -0.181 -0.19   0.83   0.02  -1.07   0.5
 -0.912  0.86   0.99  -0.002  0.45  -0.98   0.95  -1.     0.459 -0.49
  0.92  -0.34   0.77  -1.29  -1.325  0.83  -1.    -1.548  0.64   0.59
  0.14   0.26  -0.78  -0.51   0.42  -0.98   0.91   0.46   1.355 -0.55
 -0.76   0.574 -0.81   0.57   0.41   0.15  -0.58   0.23  -0.4   -1.265
  0.2   -0.97  -0.15  -0.03  -0.21   0.879  0.07   0.407 -0.32   0.59
 -0.42  -0.89  -0.76  -0.48   0.701 -0.22  -0.97   0.92  -0.71  -0.17 ][-0.84   1.242  0.336 -0.61  -0.44   0.1   -0.29   0.29  -0.68  -0.38
  0.64   0.31   0.5    0.43   0.35   0.16  -0.27  -0.81   0.48  -0.35
  0.4   -0.2   -0.77  -0.77  -0.3   -0.19   0.83   0.02  -0.4    0.5
 -0.912  0.86   0.99  -0.002  0.45  -0.98   1.811 -1.     0.01  -0.49
  0.92  -0.34  -0.15   0.85  -0.86   0.83  -1.    -1.548  0.063  0.05
  0.78   0.26  -0.78  -0.51   0.42  -0.98   0.91   0.024  0.43  -0.55
 -1.38   0.62  -0.37   0.57   0.41   0.15  -0.58   0.23  -0.4   -1.265
  0.908 -0.97  -0.15  -0.03  -0.21   0.879  0.07  -0.43  -0.32   0.59
 -0.42  -0.89  -0.76  -0.19   0.08  -0.32  -0.97   0.92  -0.24  -0.17 ][-0.84   0.93   0.336 -0.61  -0.44  -0.863 -0.29   0.29  -0.68   0.616
  0.81   0.31   0.5    0.43   0.35   0.16   0.364 -0.81   0.48  -0.35
  0.626 -0.353 -0.77  -0.77  -0.3   -0.19   0.83   0.02  -0.4    0.5
  0.1    0.86   1.039 -0.002  0.45  -0.98   1.754 -1.     0.01  -0.49
  0.92  -0.34   0.77   0.85  -0.86   0.83  -1.    -1.548  0.64   0.59
  0.78   0.26  -0.78  -0.51   0.42  -1.704  0.91   0.46  -0.061 -0.55
 -1.38   0.62  -0.37   0.57   0.41   0.15  -0.98   0.23  -0.4   -0.48
  0.2   -0.97  -0.15  -0.03  -0.21   0.879  0.07  -0.43  -0.32   0.59
 -0.42  -0.89  -0.76  -0.48   0.701 -0.32  -0.97   0.92  -0.71  -0.544][-0.84   0.93   0.46  -0.61  -0.44   1.023 -0.29   0.29  -0.771 -0.38
  0.64   0.31   0.5    0.43   0.35   0.16   0.364 -0.81   0.48  -0.35
  0.4   -0.2   -0.77  -0.77  -0.3   -0.19   0.83   0.02  -0.4    1.25
 -0.912  0.86   0.99  -0.002  0.45  -0.24   0.95  -1.     0.01  -0.49
  0.92  -0.34   0.77   0.85  -0.86   0.83  -1.    -0.85   0.64   0.59
  0.78   0.26  -0.78  -0.51   0.42  -0.98   0.91   0.46   0.43  -0.55
 -0.76   0.574 -0.37   0.57   0.41   0.407 -0.98   0.23  -0.4   -1.265
  0.2   -0.97  -0.15  -0.03  -0.21   0.879  0.07   0.407  0.484  0.59
 -0.42  -1.457 -0.76  -0.19   0.08  -0.22  -0.97   0.92  -0.24  -0.544][-0.84   0.93   0.46  -0.61   0.144 -0.863  0.436  0.29  -0.771 -0.38
  0.81   0.31   0.5    0.43   0.35   0.16   0.41  -0.81   0.48  -0.35
  0.4   -0.2   -0.77  -0.77  -0.3   -0.19   0.83   0.02  -0.4    0.5
  0.1    0.86   0.99  -0.002  0.45  -0.98   0.95  -1.     0.01  -0.49
  0.92  -0.34   0.77   0.85  -0.86   0.83  -1.    -0.85   0.64   0.59
  0.14   0.26  -0.78  -1.436  0.42  -0.98   0.91   0.46   0.43  -0.55
 -1.38   0.62  -0.81   0.57   0.41   0.15  -0.58   0.23  -0.4   -1.265
  0.2   -0.97  -0.15  -0.03  -0.21   0.78   0.07  -0.43  -0.32   0.59
 -0.42  -0.89  -0.76  -0.19   0.08  -0.415 -1.402  0.92  -0.24  -0.544][-0.84   0.93   0.46  -0.61   0.144  0.1    0.436  0.29  -0.68   0.616
  0.64   0.31   1.159  0.43   0.35   0.16   0.364 -0.81   0.48  -0.35
  0.4   -0.2   -0.77  -0.77  -0.3   -0.19   0.83   0.02  -0.4    0.5
  0.1    0.86   0.99  -0.002  0.45  -0.98   0.95  -1.     0.459 -0.49
  0.545 -0.34   0.77   0.85  -1.325  0.83  -1.    -1.548  0.64   0.59
  0.78   0.26  -1.461 -0.51   0.42  -0.98   0.91   0.46   1.355 -0.55
 -1.38   0.62  -0.81   0.528  0.41   0.15  -1.439  0.23  -0.4   -1.265
  0.2   -0.97  -0.15  -0.03  -0.21   0.879  0.07  -0.43  -0.32   0.59
 -0.42  -0.89  -0.76  -0.19   0.08  -0.32  -0.97   0.92  -0.24  -0.544][-0.84   0.93  -0.501 -0.61  -0.6   -0.863 -0.29   0.29  -0.764 -0.38
  0.64   0.31   0.5    1.364  0.35   0.16  -0.27  -0.421  0.48  -0.35
  0.4   -0.2   -0.77  -0.77  -0.3   -0.19   0.83   0.02  -0.4    0.5
 -0.912  0.86   0.99  -0.002  0.45  -0.98   0.95  -1.     0.01  -0.66
  0.92  -0.34  -0.15   0.85  -0.86   0.83  -1.    -1.548  0.063  0.59
  0.14   0.26  -0.78  -0.51   0.42  -0.98   0.91   0.46   0.43  -0.55
 -1.38  -0.297 -0.37   0.57   0.41   0.71  -0.98   0.23  -0.4   -0.48
  0.2   -0.97  -0.15  -0.03  -0.21   0.879  0.07  -0.43  -0.32   0.59
 -0.42  -1.522 -0.76  -0.19   0.701 -0.22  -0.97   0.92  -0.24  -0.544][-0.84   0.93   0.336 -0.61  -0.6    0.1    0.436  0.29  -0.68  -0.38
  0.64   0.31   0.5    0.43   0.35   0.16  -0.27  -0.81  -0.494 -0.35
  0.4   -0.2   -0.77  -0.77  -0.181 -0.19   0.83   0.02  -1.07   0.5
  0.1    0.86   0.99  -0.002  0.45  -0.98   0.95  -1.     0.459 -0.49
  0.92  -0.34   0.77  -1.29  -1.325  0.83  -1.    -1.548  0.64   0.59
  0.78   0.26  -0.78  -0.51   0.42  -0.98   0.91   0.46   0.43  -0.55
 -0.76   0.574 -0.81   0.57   0.41   0.15  -0.98   0.23  -0.4   -1.265
  0.908 -0.97  -0.614 -0.03  -0.21   0.879  0.07  -0.43  -0.32   0.59
 -0.42  -0.89  -0.76  -0.19   0.701 -0.32  -0.97   0.92  -0.24  -0.17 ][-0.84   0.93   0.336 -0.61   0.144  0.1    0.436  0.29  -0.68  -0.38
  0.64   0.31   1.159  0.43   0.35   0.16  -0.27  -0.81   0.48  -0.35
  0.4   -0.2   -0.77  -0.77  -0.3   -0.19   0.83   0.02  -0.4    0.5
  0.1    0.86   0.99  -0.002  0.45  -0.98   0.95  -1.     0.459 -0.49
  0.545 -0.34   0.77   0.85  -1.325  0.83  -1.    -1.548  0.64   0.59
  0.78   0.26  -0.78  -0.51   0.42  -0.8    0.91   0.46   0.43  -0.55
 -1.38   0.62  -0.81   0.57   0.41   0.15  -1.439  0.23  -0.4   -1.265
  0.2   -0.97  -0.15  -0.03  -0.21   0.879  0.07  -0.43  -0.32   0.59
 -0.42  -0.89  -0.76  -0.19   0.701 -0.32  -0.97   0.92  -0.24  -0.544][-0.84   0.93  -0.501 -0.61  -0.6    0.1    0.436  0.29  -0.483 -0.38
  0.64   0.31   0.5    0.43   0.35   0.16  -0.27  -0.81   0.48  -0.35
  0.4   -0.2   -0.77  -0.77  -0.3   -0.19   0.83   0.02  -0.4    0.5
  0.1    0.86   0.99  -0.002  0.45  -0.98   0.95  -1.     0.01  -0.49
  0.545 -0.34   0.77   0.85  -1.325  0.83  -1.    -0.85   0.64   0.59
  0.78   0.26  -0.78  -0.51   0.42  -0.8    0.91   0.46   0.43  -0.55
 -1.38   0.62  -0.81   0.57   0.41   0.15  -0.825  0.23  -0.4   -1.265
  0.908 -0.97  -0.15  -0.03  -0.21   0.879  0.07  -0.43  -0.32   0.59
 -0.42  -0.89   0.12  -0.19   0.08  -0.32  -1.305  0.92  -0.24  -0.544][-0.84   0.93   0.336 -0.61  -0.6    0.1    0.436  0.29  -0.68  -0.38
  0.64   0.31   0.5    0.43   0.35   0.16  -0.27  -0.81  -0.494 -0.35
  0.4   -0.2   -0.77  -0.77  -0.3   -0.19   0.83   0.02  -1.07   0.5
  0.1    0.86   0.99  -0.002  0.45  -0.98   0.95  -1.     0.459 -0.49
  0.545 -0.34  -0.15   0.85  -0.86   0.83  -1.    -1.548  0.64   0.59
  0.78   0.26  -0.78  -0.51   0.42  -0.98   0.91   0.46   0.43  -0.55
 -1.38   0.62  -0.37   0.57   0.41   0.15  -0.98   0.23  -0.4   -1.265
  0.908 -0.97  -0.15  -0.03  -0.21   0.879  0.07  -0.43  -0.32   0.59
 -0.42  -0.89  -0.76  -0.19   0.701 -0.32  -0.97   0.92  -0.24  -0.17 ][-0.84   0.93   0.336 -0.61  -0.6    0.1   -0.29   0.29  -0.771 -0.38
  0.64   0.31   0.5    0.43   0.35   0.16  -0.27  -0.81  -0.494  0.524
  0.4   -0.2   -0.77  -0.77  -0.3   -0.19   0.83   0.02  -1.07   0.5
  0.1    0.86   0.99  -0.002  0.45  -0.24   0.95  -1.     0.01  -0.49
  0.92  -0.34   0.77   0.85  -0.86   0.83  -1.    -1.548  0.64   0.59
  0.78   0.26  -0.78  -0.51   0.42  -0.98   0.91   0.46   0.43  -0.55
 -0.76   0.574 -0.81   0.57   0.41   0.15  -0.98   0.23  -0.4   -1.265
  0.2   -0.97   0.242 -0.03  -0.21   0.879  0.07  -0.43  -0.32   0.59
 -0.42  -1.457 -0.76  -0.19  -0.747 -0.32  -0.435  0.92  -0.24  -0.17 ][-0.84   0.93   0.46  -0.61  -0.6    0.1    0.436  0.29  -0.771  0.616
  0.64   0.31   0.5    0.43   0.35   0.16   0.364 -0.81   0.48  -0.35
  0.4   -0.2   -0.77  -0.423 -0.3   -0.19   0.83   0.02  -0.4    0.5
  0.1    0.86   0.99  -0.002  0.45  -0.24   0.95  -1.     0.01  -0.49
  0.545 -0.34   0.77   0.85  -0.86   0.83  -1.    -1.548  0.64   0.59
  0.78   0.26  -0.78  -0.51   0.42  -0.98   0.91   0.46   0.43  -0.55
 -0.76   0.62  -0.81   0.57   0.41   0.15  -0.58   0.23  -0.4   -0.48
  0.2   -0.97  -0.15  -0.03  -0.21   0.879  0.07  -0.43  -0.32   0.59
 -0.42  -0.89  -0.76  -0.19   0.08  -0.32  -0.97   0.92  -0.24  -0.544][-0.84   0.93   0.46  -0.61  -0.6    0.1    0.436  0.29  -0.68  -0.38
  0.64   0.31   1.159  0.43   0.35   0.16   0.364 -0.81  -0.494 -0.35
  0.4   -0.2   -0.77  -0.77  -0.3   -0.19   0.83   0.02  -0.4    0.5
  0.1    0.86   0.99  -0.002  0.45  -0.98   0.95  -1.     0.459 -0.49
  0.545 -0.34   0.77   0.85  -1.325  0.83  -1.    -1.548  0.64   0.59
  0.78   0.26  -1.274 -0.51   0.42  -0.98   0.91   0.46   1.355 -0.55
 -1.38   0.62  -0.37   0.57   0.41   0.15  -0.98   0.23  -0.4   -1.265
  0.908 -0.97  -0.15  -0.03  -0.21   0.879  0.07  -0.43  -0.32   0.59
 -0.42  -0.89  -0.76  -0.19   0.08  -0.32  -0.97   0.92  -0.24  -0.17 ][-0.84   0.93   0.46  -0.61   0.144  0.1    0.436  0.29  -0.68   0.616
  0.64   0.31   0.5    0.43   0.35   0.16   0.364 -0.81   0.48  -0.35
  0.4   -0.2   -0.77  -0.77  -0.3   -0.19   0.83   0.02  -0.4    0.5
 -0.912  0.86   0.99  -0.002  0.45  -0.98   0.95  -1.     0.459 -0.49
  0.545 -0.34   0.77   0.85  -1.325  0.83  -1.    -1.548  0.64   0.59
  0.78   0.26  -0.78  -0.51   0.42  -0.8    0.91   0.46   1.355 -0.55
 -1.38   0.62  -0.81   0.57   0.41   0.15  -1.439  0.23  -0.4   -1.265
  0.2   -0.97  -0.15  -0.03  -0.21   0.879  0.07  -0.43  -0.408  0.59
 -0.42  -0.89  -0.76  -0.19   0.701 -0.32  -0.97   0.92  -0.24  -0.544][-0.84   0.93  -0.501 -0.61  -0.6    0.1    0.436  0.29  -0.764 -0.38
  0.64   0.31   0.5    0.43   0.35   0.16  -0.27  -0.421  0.48  -0.35
  0.4   -0.2   -0.77  -0.77  -0.3   -0.19   0.83   0.02  -0.4    0.5
  0.1    0.86   0.99  -0.002  0.45  -0.98   0.95  -1.     0.01  -0.49
  0.92  -0.525  0.77   0.85  -0.86   0.83  -1.    -1.548  0.063  0.59
  0.78   0.26  -0.78  -0.51  -0.456 -0.98   0.91   0.46   0.43  -0.55
 -1.38  -0.297 -0.37   0.57   0.41   0.71  -0.98   0.23  -0.4   -0.48
  0.2   -0.97  -0.15  -0.03  -0.21   0.879  0.07  -0.43  -0.32   0.59
 -0.42  -1.522 -0.76  -0.19  -0.747 -0.415 -1.402  0.92  -0.24  -0.544][-0.84   0.93   0.336 -0.61  -0.6   -0.863  0.436  0.29  -0.68   0.616
  0.64   0.31   0.5    0.43   0.35   0.16   0.364 -0.81   0.48  -0.35
  0.626 -0.353 -0.77  -0.77  -0.3   -0.19   0.83   0.02  -0.4    0.5
  0.1    0.86   1.039 -0.002  0.45  -0.98   1.754 -1.     0.459 -0.49
  0.545 -0.34  -0.15   0.85  -0.86   0.83  -1.    -1.548  0.64   0.59
  0.78   0.26  -0.78  -0.51   0.42  -0.98   0.91   0.46  -0.061 -0.55
 -1.38   0.62  -0.37   1.228  0.41   0.15  -0.98   0.23  -0.4   -0.48
  0.2   -0.97  -0.15  -0.03  -0.21   0.879  0.07  -0.43  -0.32   0.59
 -0.42  -0.89  -0.76  -0.48   0.701 -0.32  -0.97   0.92  -0.24  -0.544][-0.84   0.93   0.622 -0.61  -0.6   -0.863 -0.29   0.29  -0.764 -0.38
  0.81   0.31   0.5    1.364  0.35   0.16  -0.27  -0.81   0.48  -0.35
  0.4   -0.2   -0.77  -0.77  -0.3   -0.19   0.83   0.02  -0.4    0.5
 -0.912  0.86   0.99  -0.002  0.45  -0.98   0.95  -1.     0.01  -0.49
  0.92  -0.34  -0.15   0.85  -0.86   0.83  -1.    -1.548  0.063  0.59
  0.14   0.26  -0.78  -0.51   0.42  -0.98   0.91   0.46   0.43  -0.55
 -1.38   0.62  -0.37   0.57   0.41   0.15  -0.98   0.23  -0.4   -0.48
  0.2   -0.97  -0.15  -0.03  -0.21   0.879  0.07  -0.43  -0.32   0.59
 -0.42  -1.457 -0.76  -0.19   0.08  -0.22  -0.97   0.92  -0.24  -0.544][-0.84   0.93   0.336 -0.61  -0.6    0.1    0.436  0.29  -0.68  -0.38
  0.64   0.31   0.5    0.43   0.35   0.16  -0.27  -0.81  -0.494 -0.35
  0.4   -0.2   -0.77  -0.77  -0.181 -0.19   0.83   0.02  -0.4    0.5
  0.1    0.86   0.99  -0.002  0.45  -0.24   0.95  -1.     0.01  -0.49
  0.92  -0.34  -0.15   0.85  -0.86   0.83  -0.174 -1.548  0.64   0.59
  0.78   0.26  -0.78  -0.51   0.42  -0.98   0.91   0.46   0.43  -0.55
 -0.76   0.62  -0.37   0.57   0.41   0.15  -0.58   0.23  -0.4   -0.48
  0.2   -0.97  -0.15  -0.03  -0.21   0.879  0.07  -0.43  -0.32   0.59
 -0.42  -0.89  -0.76  -0.19   0.08  -0.32  -0.97   0.92  -0.24  -0.544][-0.84   0.93   0.46  -0.61  -0.6    0.1    0.436  0.29  -0.68   0.616
  0.64   0.31   0.5    0.43   0.35   0.16   0.364 -0.81   0.48  -0.35
  0.4   -0.2   -0.77  -0.77  -0.3   -0.19   0.83   0.02  -0.4    0.5
  0.1    0.86   0.99  -0.002  0.45  -0.98   0.95  -1.     0.459 -0.49
  0.92  -0.34   0.77   0.692 -0.86   0.83  -1.    -1.548  0.64   0.05
  0.78   0.26  -0.78  -0.51  -0.456 -0.98   0.91   0.46   0.43  -0.55
 -1.38   0.62  -0.81   0.57   0.41   0.149 -1.439  0.23  -0.4   -0.48
  0.2   -0.97  -0.15  -0.03  -0.21   0.879  0.07  -0.43  -0.32   0.59
 -0.42  -1.457 -0.76  -0.19   0.08  -0.22  -0.97   0.92  -0.24  -0.544][-0.84   0.93   0.336 -0.61   0.144  0.1    0.436  0.29  -0.771 -0.38
  0.81   0.31   0.5    0.43   0.35   0.16  -0.27  -0.81   0.48  -0.35
  0.4   -0.2   -0.77  -0.77  -0.3   -0.19   0.83   0.02  -0.4    0.5
  0.1    0.86   0.99  -0.002  0.45  -0.98   0.95  -1.     0.01  -0.49
  0.92  -0.34   0.77   0.85  -1.325  0.83  -1.    -1.548  0.64   0.59
  1.112  0.26  -0.78  -0.51   0.42  -1.704  0.91   0.46   0.43  -0.55
 -0.76   0.574 -0.81   0.57   0.41   0.15  -0.98   0.23  -0.4   -0.48
  0.2   -0.97  -0.15  -0.03  -0.87   0.879  0.07  -0.43  -0.32   0.59
 -0.42  -0.89  -0.76  -0.19  -0.747 -0.415 -1.402  0.92  -0.24  -0.17 ][-8.400e-01  9.300e-01  4.600e-01 -6.100e-01 -4.400e-01 -8.630e-01
  4.360e-01  2.900e-01 -7.710e-01  6.160e-01  6.400e-01  3.100e-01
  5.000e-01  4.300e-01  3.500e-01  1.600e-01 -2.700e-01 -8.100e-01
  4.800e-01 -3.500e-01  6.260e-01 -2.000e-01 -7.700e-01 -7.700e-01
 -1.810e-01 -1.900e-01  8.300e-01  2.000e-02 -4.000e-01  5.000e-01
  1.000e-01  8.600e-01  9.900e-01 -2.000e-03  4.500e-01 -2.400e-01
  1.754e+00 -1.000e+00  1.000e-02 -4.900e-01  9.200e-01 -3.400e-01
  7.700e-01 -1.290e+00 -8.600e-01  8.300e-01 -1.000e+00 -1.548e+00
  6.400e-01  5.900e-01  7.800e-01  2.600e-01 -7.800e-01 -5.100e-01
  4.200e-01 -9.800e-01  9.100e-01  4.600e-01  4.300e-01 -5.500e-01
 -1.380e+00  6.200e-01 -1.000e-03  5.700e-01  4.100e-01  1.500e-01
 -9.800e-01  2.300e-01 -4.000e-01 -4.800e-01  2.000e-01 -9.700e-01
 -1.500e-01 -3.000e-02 -2.100e-01  8.790e-01  7.000e-02 -4.300e-01
 -3.200e-01  5.900e-01 -4.200e-01 -8.900e-01 -7.600e-01 -1.900e-01
  8.000e-02 -4.150e-01 -1.652e+00  9.200e-01 -2.400e-01 -5.440e-01][-0.84   0.93   0.336 -0.61  -0.6    0.1    0.436  0.29  -0.68  -0.38
  0.64   0.31   0.5    0.43   0.35   0.16  -0.27  -0.81   0.48  -0.35
  0.4   -0.2   -0.77  -0.77  -0.3   -0.19   0.83   0.02  -1.07   0.5
  0.1    0.86   0.99  -0.002  0.45  -0.98   0.95  -1.     0.01  -0.49
  0.545 -0.34  -0.15   0.85  -0.86   0.83  -1.    -1.548  0.64   0.59
  0.78   0.26  -0.78  -0.51   0.42  -0.98   0.91   0.46   0.43  -0.55
 -1.38   0.62  -0.37   0.57   0.41   0.15  -0.98   0.747 -0.4   -0.48
  0.908 -0.97  -0.15  -0.03  -0.21   0.879  0.07  -0.43  -0.32   0.59
 -0.42  -1.457 -0.76  -0.19  -0.747 -0.32  -1.402  0.92  -0.24  -0.544][-0.84   0.93   0.336 -0.61   0.144  0.1    0.436  0.29  -0.68  -0.38
  0.64   0.31   0.5    0.43   0.35   0.16  -0.27  -0.81   0.48  -0.35
  0.4   -0.2   -0.77  -0.77  -0.3   -0.19   0.83   0.02  -1.07   0.5
  0.1    0.86   0.99  -0.002  0.45  -0.98   0.95  -1.     0.459 -0.49
  0.545 -0.34  -0.15   0.85  -1.325  0.83  -1.    -1.548  0.64   0.59
  0.78   0.26  -0.78  -0.51   0.42  -0.8    0.91   0.46   0.43  -0.55
 -1.38   0.62  -0.37   0.57   0.41   0.324 -1.439  0.23  -0.4   -1.265
  0.2   -0.97  -0.15  -0.03  -0.21   0.879  0.07  -0.43  -0.32   0.59
 -0.42  -0.89  -0.76  -0.19   0.701 -0.32  -0.97   0.92  -0.24  -0.544][-0.84   0.93   0.46  -0.61  -0.6   -0.863  0.436  0.29  -0.68  -0.38
  0.81   0.31   0.5    0.43   0.35   0.16  -0.27  -0.81   0.48  -0.35
  0.626 -0.2   -0.77  -0.77  -0.181 -0.19   0.83   0.02  -0.4    0.5
  0.1    0.86   0.99  -0.002  0.45  -0.98   1.754 -1.     0.01  -0.49
  0.92  -0.34   0.77  -1.29  -0.86   0.83  -1.    -1.548  0.64   0.59
  0.78   0.26  -0.78  -0.51   0.42  -0.98   0.91   0.46   0.43  -0.55
 -1.38   0.62  -0.81   0.57   0.41   0.15  -0.58   0.23  -0.4   -0.48
  0.2   -0.97  -0.15  -0.03  -0.21   1.132  0.07  -0.43  -0.32   0.59
 -0.42  -0.89  -0.76  -0.19   0.08  -0.415 -1.402  0.92  -0.24  -0.544][-0.84   0.93   0.336 -0.61  -0.6    0.1   -0.29   0.29  -0.68  -0.38
  0.64   0.31   0.5    0.43   0.35   0.16   0.364 -0.81   0.48  -0.35
  0.4   -0.2   -0.77  -0.77  -0.3   -0.19   0.83   0.02  -0.4    1.25
 -0.912 -0.073  0.99  -0.002  0.45  -0.781  0.95  -1.     0.01  -0.49
  0.92  -0.34  -0.15  -1.29  -0.86   0.83  -0.527 -1.548  0.64   0.05
  0.78   0.26  -0.78  -0.51   0.42  -0.98   0.91   0.024  0.43  -0.55
 -0.76   0.574 -0.81   0.57   0.41   0.15  -0.58   0.23  -0.4   -1.265
  0.2   -0.97  -0.15  -0.03  -0.21   0.879  0.07  -0.43  -1.077  0.59
 -0.42  -1.457 -0.76  -0.19  -0.747 -0.22  -0.435  0.92  -0.24  -0.544][-0.84   1.242  0.336 -0.61  -0.6    1.023 -0.29   0.29  -0.771 -0.38
  0.64   0.31   0.5    0.43   0.35   0.16  -0.27  -0.81  -0.494 -0.35
  0.4   -0.2   -0.77  -0.77  -0.181 -0.19   0.83   0.02  -1.07   0.5
 -0.912  0.86   0.99  -0.002  0.45  -0.98   0.95  -1.     0.459 -0.66
  0.92  -0.34   0.77  -1.29  -1.325  0.83  -1.    -1.548  0.64   0.59
  0.14   0.26  -0.78  -0.51   0.42  -0.98   0.91   0.024  0.43  -0.55
 -1.38   0.62  -0.37   0.57   0.41   0.15  -0.58   0.23  -0.4   -1.265
  0.2   -0.97  -0.15  -0.03  -0.21   0.252  0.07   0.407 -0.791  0.59
 -0.42  -0.89  -0.76  -0.48   0.08  -0.22  -0.97   0.92  -0.71  -0.544][-0.84   0.93   0.336 -0.61   0.144 -0.863 -0.29   0.29  -0.68  -0.38
  0.81   0.31   0.5    0.43   0.35   0.16  -0.27  -0.81   0.48  -0.35
  0.4   -0.2   -0.77  -0.77  -0.3   -0.19   0.83   0.02  -0.4    0.5
  0.1    0.86   0.99  -0.002  0.45  -0.98   1.754 -1.     0.01  -0.49
  0.92  -0.34   0.77  -1.29  -0.86   0.83  -1.    -1.548  0.64   0.59
  0.78   0.26  -0.78  -0.51  -0.456 -0.366  0.91   0.46   0.43  -0.55
 -1.38   0.62  -0.37   0.57   0.41   0.15  -1.439  0.23  -0.4   -1.265
  0.2   -0.97  -0.15  -0.03  -0.21   0.879  0.07  -0.43  -0.32   0.59
 -0.42  -1.457 -0.76  -0.19  -0.747 -0.415 -1.402  0.92  -0.71  -0.544][-0.84   0.93   0.973 -0.61  -0.6    0.1    0.436  0.29  -0.771 -0.38
  0.81   0.31   0.5    0.43   0.35   0.16  -0.27  -0.81   0.48  -0.35
  0.4   -0.2   -0.77  -0.77  -0.3   -0.19   0.83   0.02  -1.07   0.5
  0.1    0.86   0.99  -0.002  0.45  -0.98   0.95  -1.     0.459 -0.49
  0.92  -0.34  -0.15   0.85  -1.325  0.83  -1.    -1.548  0.64   0.59
  0.78   0.26  -0.78  -0.51   0.42  -0.98   0.91   0.46   0.43  -0.55
 -1.38   0.62  -0.81   0.57   0.41   0.15  -0.98   0.23  -0.4   -1.265
  0.908 -0.97  -0.15  -0.03  -0.21   0.879  0.07  -0.43  -0.32   0.59
 -0.42  -0.89  -0.76  -0.19   0.701 -0.32  -1.402  0.92  -0.24  -0.17 ][-0.84   0.93   0.336 -0.61  -0.6    0.1    0.436  0.29  -0.68  -0.38
  1.168  0.31   0.5    0.43   0.35   0.16   0.364 -0.81   0.48  -0.35
  0.4   -0.2   -0.77  -0.77  -0.181 -0.19   0.83   0.02  -0.4    0.5
  0.1    0.86   0.99  -0.002  0.45  -0.98   0.95  -1.     0.01  -0.49
  0.92  -0.34   0.77  -1.29  -1.325  0.83  -1.    -1.548  0.64   0.59
  1.112  0.26  -0.78  -0.51   0.42  -0.98   0.91   0.46   0.43  -0.55
 -0.76   0.574 -0.81   0.57   0.41   0.15  -0.98   0.23  -0.4   -0.48
  0.908 -0.97  -1.02  -0.03  -0.21   0.879  0.07  -0.43  -0.32   0.59
 -0.42  -0.89  -0.76  -0.19   0.701 -0.32  -0.97   0.92  -0.24  -0.17 ][-0.84   0.93   0.336 -0.61  -0.6    0.1    0.436  0.29  -0.771 -0.38
  0.81   0.31   0.5    0.43   0.35   0.16  -0.27  -0.81   0.48  -0.35
  0.4   -0.2   -0.77  -0.77  -0.3   -0.19   0.83   0.02  -1.07   0.5
  0.1    0.86   0.99  -0.002  0.45  -0.98   0.95  -1.     0.459 -0.49
  0.545 -0.34  -0.15   0.85  -1.612  0.83  -1.    -1.548  0.64   0.59
  0.78   0.26  -0.78  -0.51   0.42  -0.98   0.91   0.46   0.43  -0.55
 -1.38   0.62  -0.37   0.57   0.41   0.15  -0.98   0.23  -0.4   -1.265
  0.2   -0.97  -0.15  -0.03  -0.21   0.879  0.07  -0.43  -0.32   0.59
 -0.42  -1.457 -0.76  -0.19  -0.747 -0.415 -1.402  0.92  -0.24  -0.17 ][-0.84   0.93   0.336 -0.61   0.144  0.1    0.436  0.29  -0.771 -0.38
  0.64   0.31   0.5    0.43   0.35   0.16  -0.27  -0.81   0.48  -0.35
  0.4   -0.2   -0.77  -0.77  -0.3   -0.19   0.83   0.02  -0.4    0.5
  0.1    0.86   0.99  -0.002  0.45  -0.98   0.95  -1.     0.459 -0.49
  0.92  -0.34  -0.15   0.85  -1.325  0.83  -1.    -1.548  0.64   0.59
  0.78   0.26  -0.78  -0.51   0.42  -0.98   0.91   0.46   0.43  -0.55
 -1.38   0.62  -0.81   0.57   0.41   0.15  -1.439  0.23  -0.4   -0.48
  0.2   -0.97  -0.15  -0.03  -0.21   0.879  0.07  -0.611 -0.32   0.59
 -0.42  -1.457 -0.76  -0.19  -0.747 -0.32  -0.97   0.92  -0.24  -0.17 ][-0.84   0.93   0.336 -0.61  -0.6    0.1    0.436  0.29  -0.68   0.616
  0.64   0.31   0.5    0.43   0.35   0.16   0.364 -0.81   0.48  -0.35
  0.4   -0.2   -0.77  -0.77  -0.3   -0.19   0.83   0.02  -1.07   0.5
 -0.912  0.86   0.99  -0.002  0.45  -0.98   0.95  -1.     0.459 -0.49
  0.545 -0.34   0.77   0.85  -0.86   0.83  -1.    -1.548  0.64   0.59
  0.78   0.26  -0.78  -0.51   0.42  -0.98   0.91   0.46   1.355 -0.55
 -1.38  -0.077 -0.81   0.57   0.41   0.15  -0.98   0.23  -0.4   -1.265
  0.908 -0.97  -0.15  -0.03  -0.21   0.879  0.07  -0.43  -0.32   0.59
 -0.42  -0.89  -0.76  -0.48   0.701 -0.32  -0.97   0.92  -0.24  -0.17 ][-0.84   0.93   0.336 -0.61  -0.6    0.1   -0.29   0.29  -0.68  -0.38
  1.168  0.31   1.159  0.43   0.35   0.16   0.364 -0.81   0.48  -0.35
  0.4   -0.2   -0.77  -0.77  -0.181 -0.19   0.83   0.02  -0.4    0.5
 -0.912  0.86   0.99  -0.002  0.45  -0.98   0.95  -1.     0.459 -0.49
  0.545 -0.34   0.77  -1.29  -1.325  0.83  -1.    -0.85   0.64   0.59
  0.78   0.26  -0.78  -0.51   0.42  -1.704  0.91   0.46   0.43  -0.55
 -1.38   0.574 -0.81   0.57  -0.344  0.15  -0.98   0.23  -0.4   -0.48
  0.2   -0.97  -0.15  -0.406 -0.21   0.879  0.07  -0.43  -0.32   0.59
 -0.42  -0.89  -0.76  -0.19   0.701 -0.32  -0.97   0.92  -0.24  -0.17 ][-0.84   0.93   0.336 -0.61  -0.44   0.1   -0.29   0.29  -0.68   0.616
  0.64   1.184  0.5    0.43   0.35   0.16  -0.27  -0.81   0.48  -0.35
  0.626 -0.2   -0.77  -0.77  -0.181 -0.19   0.83   0.02  -0.4    0.5
  0.1    0.86   0.99  -0.002  0.45  -0.24   0.95  -1.     0.01  -0.49
  0.92  -0.34   0.77  -1.29  -0.86   0.83  -1.    -1.548  0.64   0.59
  0.78   0.26  -0.78  -0.51   0.42  -0.98   0.91   0.46   0.43  -0.55
 -0.76   0.62  -0.37   0.57   0.572  0.15  -0.98   0.23  -0.4   -1.265
  0.2   -0.97  -0.15  -0.03  -0.21   0.879  0.07  -0.43  -0.32   0.59
 -0.42  -0.89  -0.76  -0.19   0.08  -0.32  -1.652  0.92  -0.24  -0.544][-0.84   0.93   0.336 -0.61  -0.6    0.1   -0.29   0.29  -0.771  0.616
  1.168  0.31   0.5    0.43   0.35   0.16   0.364 -0.719  0.48  -0.35
  0.4   -0.2   -0.77  -0.77  -0.3   -0.19   0.83   0.02  -0.4    0.5
 -0.912  0.86   0.99  -0.002  0.45  -0.98   0.95  -1.     0.459 -0.49
  0.92  -0.34   0.77  -1.29  -1.325  0.83  -1.    -0.85   0.64   0.59
  1.112  0.26  -0.78  -0.51   0.42  -1.704  0.91   0.46   0.43  -0.55
 -0.76   0.574 -0.81   0.528  0.41   0.149 -0.98   0.23  -0.4   -0.48
  0.2   -0.97  -0.15  -0.03  -0.21   0.879  0.07  -0.43  -0.32   0.59
 -0.42  -0.89  -0.76  -0.48   0.08  -0.22  -0.97   0.92  -0.24  -0.544][-0.84   0.93   0.46  -0.61  -0.6    0.1    0.436  0.29  -0.68   0.616
  0.64   0.31   0.5    0.43   0.35   0.16  -0.27  -0.81  -0.494 -0.35
  0.4   -0.2   -0.77  -0.77  -0.3   -0.19   0.83  -0.774 -0.4    0.5
 -0.912  0.86   0.99  -0.002  0.45  -0.98   0.95  -1.     0.459 -0.49
  0.92  -0.34   0.77   0.85  -0.86   0.83  -1.    -1.548  0.64   0.59
  0.78   0.26  -0.78  -0.51   0.42  -0.98   0.91   0.46   0.43  -0.55
 -0.76   0.62  -0.81   0.57   0.41   0.15  -0.98   0.23  -0.4   -1.265
  0.908 -0.97  -0.15  -0.03  -0.21   0.879  0.07  -0.43  -0.32   0.59
 -0.42  -0.89  -0.76  -0.48   0.701 -0.32  -0.97   0.92  -0.24  -0.17 ][-0.84   1.242  0.46  -0.61  -0.44   0.1   -0.29   0.29  -0.68   0.616
  0.64   0.31   0.5    0.43   0.35   0.16  -0.27  -0.81   0.48  -0.35
  0.4   -0.2   -0.77  -0.77  -0.3   -0.19   0.83   0.02  -0.4    0.5
 -0.912  0.86   0.99  -0.002  0.45  -0.781  0.95  -1.     0.459 -0.49
  0.545 -0.34  -0.15  -1.29  -0.86   0.83  -1.    -1.548  0.64   0.59
  0.78   0.26  -0.78  -0.51   0.42  -0.98   0.91   0.46   1.355 -0.55
 -1.38   0.62  -0.65   0.528  0.41   0.15  -0.98   0.23  -0.4   -1.265
  0.2   -0.97  -0.15  -0.03  -0.21   0.879  0.07  -0.43  -1.077  0.59
 -0.42  -0.89  -0.76  -0.48   0.08  -0.22  -0.97   0.92  -0.24  -0.544][-0.84   0.93   0.336 -0.61  -0.6    0.1    0.436  0.29  -0.771 -0.38
  1.168  0.31   0.5    0.43   0.35   0.16   0.364 -0.81   0.48  -0.35
  0.4   -0.2   -0.77  -0.77  -0.3   -0.19   0.83   0.02  -0.4    0.5
 -0.912  0.86   0.99  -0.002  0.45  -0.98   0.95  -1.     0.459 -0.49
  0.92  -0.34   0.77   0.85  -1.325  0.83  -1.    -0.85   0.64   0.05
  1.112  0.26  -0.78  -0.51   0.42  -0.98   0.91   0.46   0.43  -0.863
 -0.76   0.62  -0.81   0.528  0.41   0.149 -0.98   0.23  -0.4   -1.265
  0.2   -0.97  -0.15  -0.406 -0.21   0.879  0.07  -0.43  -0.32   0.59
 -0.42  -0.89  -0.76  -0.48  -0.747 -0.22  -0.97   0.92  -0.24  -0.544][-0.84   1.242  0.336 -0.61  -0.44   0.1    0.436  0.29  -0.68  -0.38
  0.64   0.31   0.5    0.43   0.35   0.16  -0.27  -0.81   0.48  -0.35
  0.4   -0.2   -0.77  -0.77  -0.3   -0.19   0.83   0.02  -1.07   0.5
 -0.912  0.86   0.99  -0.002  0.45  -0.781  0.95  -1.     0.459 -0.66
  0.545 -0.34  -0.15  -1.29  -0.86   0.83  -0.527 -1.548  0.64   0.05
  0.78   0.26  -0.78  -0.51   0.42  -0.98   0.91   0.024  0.43  -0.55
 -1.38   0.62  -0.37   0.57   0.41   0.15  -0.98   0.23  -0.4   -1.265
  0.908 -0.97  -0.15   0.369 -0.21   0.252  0.07  -0.43  -0.32   0.59
 -0.42  -0.89  -0.76  -0.19   0.701 -0.22  -1.402  0.92  -0.24  -0.544][-0.84   0.93   0.46  -0.61   0.144  0.1    0.436  0.29  -0.771 -0.38
  0.64   0.31   0.5    0.43   0.35   0.16   0.364 -0.81   0.48  -0.35
  0.4   -0.2   -0.77  -0.77  -0.3   -0.19   0.83   0.02  -0.4    0.5
  0.1    0.86   0.99  -0.002  0.45  -0.98   0.95  -1.     0.01  -0.49
  0.92  -0.34   0.77   0.85  -0.86   0.83  -1.    -1.548  0.64   0.59
  0.78   0.26  -0.78  -0.51  -0.456 -0.98   0.91   0.46   0.43  -0.55
 -0.76   0.62  -0.81   0.57   0.41   0.15  -0.58   0.23  -0.4   -0.48
  0.2   -0.97  -0.15  -0.03  -0.21   0.879  0.07  -0.43  -0.32   0.59
 -0.42  -0.89  -0.76  -0.19   0.08  -0.486 -1.652  0.92  -0.24  -0.544][-0.84   0.93   0.336 -0.61  -0.6    0.1    0.436  0.29  -0.771 -0.38
  0.64   0.31   0.5    0.43   0.35   0.16  -0.27  -0.81  -0.494 -0.35
  0.4   -0.2   -0.77  -0.77  -0.3   -0.19   0.83   0.02  -0.4    0.5
  0.1    0.86   0.99  -0.002  0.45  -0.98   0.95  -1.     0.01  -0.49
  0.92  -0.34  -0.15   0.85  -0.86   0.83  -1.    -1.548  0.64   0.59
  0.78   0.26  -0.78  -0.51   0.42  -0.98   0.91   0.46   0.43  -0.55
 -0.76   0.62  -0.37   0.57   0.41   0.15  -0.98   0.23  -0.4   -1.265
  0.2   -0.97   0.242 -0.406 -0.21   0.879  0.07  -0.376 -0.32   0.59
 -0.42  -0.89  -0.76  -0.19   0.701 -0.32  -0.97   0.92  -0.24  -0.17 ][-0.84   0.93   0.46  -0.61  -0.6    0.1    0.436  0.29  -0.771 -0.38
  0.64   0.31   0.5    0.43   0.35   0.16   0.364 -0.81   0.48  -0.35
  0.4   -0.2   -0.77  -0.77  -0.181 -0.19   0.83   0.02  -1.07   0.5
 -0.912  0.86   0.99  -0.002  0.45  -0.24   0.95  -1.     0.459 -0.49
  0.92  -0.34   0.77  -1.29  -0.86   0.83  -1.645 -1.548  0.64   0.59
  0.78   0.26  -0.78  -0.51   0.42  -0.98   0.91   0.46   1.355 -0.55
 -1.38   0.62  -0.81   0.528  0.41   0.15  -0.58   0.23  -0.4   -1.265
  0.2   -0.97  -0.15  -0.03  -0.21   0.879  0.07  -0.43  -0.32   0.59
 -0.42  -0.89  -0.76  -0.19   0.08  -0.32  -0.97   0.92  -0.24  -0.544][-0.84   0.93   0.46  -0.61  -0.6    0.1    0.436  0.29  -0.68  -0.925
  0.64   0.31   0.5    0.43   0.35   0.16   0.364 -0.81   0.48  -0.35
  0.4   -0.2   -0.77  -0.77  -0.3   -0.19   0.83   0.02  -0.4    0.5
 -0.912  0.86   0.99  -0.002  0.45  -0.98   0.95  -1.     0.01  -0.66
  0.92  -0.34  -0.15   0.85  -0.86   0.83  -1.    -1.548  0.063  0.05
  0.78   0.26  -0.78  -0.51   0.42  -0.98   0.91   0.024  0.43  -0.55
 -1.38   0.62  -0.81   0.528  0.41   0.149 -0.58   0.23  -0.4   -1.265
  0.2   -0.97  -0.15  -0.03  -0.21   0.252  0.07  -0.43  -1.077  0.59
 -0.42  -0.89  -0.76  -0.19   0.08  -0.22  -0.97   0.92  -0.24  -0.544][-0.84   0.93   0.336 -0.61  -0.44   0.1   -0.29   0.29  -0.68  -0.38
  0.64   0.31   0.5    0.43   0.35   0.16   0.364 -0.81  -0.494 -0.35
  0.4   -0.2   -0.77  -0.77  -0.3   -0.19   0.83   0.02  -1.07   1.25
 -0.912  0.86   0.99  -0.002  0.45  -0.781  0.95  -1.     0.459 -0.49
  0.92  -0.34   0.77  -1.29  -1.325  0.83  -1.    -1.548  0.063  0.59
  0.78   0.26  -0.78  -0.51   0.42  -0.98   0.91   0.024  0.43  -0.55
 -0.76   0.574 -0.37   0.57   0.41   0.15  -0.58   0.23  -0.4   -1.265
  0.2   -0.97  -0.15  -0.03  -0.21   0.252  0.07  -0.43  -0.32   0.59
 -0.42  -0.89  -0.76  -0.19   0.08  -0.22  -1.402  0.92  -0.24  -0.381][-0.84   0.93   0.336 -0.61  -0.6    0.1   -0.29   0.29  -0.771 -0.38
  0.64   0.31   0.5    0.43   0.35   0.16   0.364 -0.81   0.48  -0.35
  0.4   -0.2   -0.77  -0.77  -0.3   -0.19   0.83   0.02  -1.07   0.5
  0.1    0.86   0.99  -0.002  0.45  -0.24   0.95  -1.     0.01  -0.49
  0.545 -0.34   0.77  -1.29  -0.86   0.83  -1.    -0.85   0.64   0.59
  0.78   0.26  -1.075 -0.51   0.42  -0.98   0.91   0.46   1.355 -0.55
 -1.38   0.574 -0.81   0.528  0.41   0.15  -0.98   0.23  -0.4   -1.265
  0.2   -0.97  -0.15  -0.406 -0.21   0.879  0.07  -0.43  -0.32   0.59
 -0.42  -0.89  -0.76  -0.48  -0.747 -0.32  -0.97   0.92  -0.24  -0.17 ][-0.84   0.93   0.336 -0.61  -0.6    0.1    0.436  0.29  -0.68  -0.38
  0.64   0.31   0.5    0.43   0.35   0.16   0.364 -0.81   0.48  -0.35
  0.4   -0.2   -0.77  -0.77  -1.289 -0.19   0.83   0.02  -1.07   0.5
  0.1    0.86   0.99  -0.002  0.45  -0.98   0.95  -1.     0.459 -0.49
  0.92  -0.34   0.77   0.85  -0.86   0.83  -1.    -1.548  0.64   0.59
  0.78   0.26  -0.78  -0.51   0.42  -0.98   0.91   0.46   0.43  -0.55
 -1.38   0.62  -0.37   0.57   0.41   0.15  -0.98   0.23  -0.4   -1.265
  0.2   -0.97  -0.15  -0.03  -0.21   0.879  0.07  -0.43  -0.32   0.59
 -0.42  -0.89  -0.76  -0.19   0.701 -0.32  -1.652  0.92  -0.24  -0.17 ][-0.84   0.93   0.336 -0.61   0.144 -0.863 -0.29   0.29  -0.771  0.616
  0.81   0.31   0.5    0.43   0.35   0.16   0.364 -0.81   0.48  -0.35
 -0.534 -0.353 -0.77  -0.77  -0.3   -0.19   0.83   0.02  -0.4    0.5
  0.1    0.86   0.99  -0.002  0.45  -0.98   0.95  -1.     0.01  -0.49
  0.92  -0.34   0.77   0.85  -1.325  0.83  -1.    -1.548  0.64   0.59
  0.78   0.26  -0.78  -0.51  -0.456 -0.98   0.91   0.46   0.43  -0.55
 -1.38   0.62  -0.37   0.57   0.41   0.15  -1.439  0.23  -0.4   -0.48
  0.2   -0.97  -0.15  -0.03  -0.21   0.879  0.07  -0.43  -0.32   0.59
 -0.42  -1.457 -0.76  -0.19   0.701 -0.32  -0.97   0.92  -0.24  -0.544][-1.24   0.93   0.46  -0.61  -0.6    0.1    0.436  0.29  -0.771  0.616
  0.64   0.31   0.5    0.43   0.35   0.16   0.364 -0.81   0.48  -0.35
  0.4   -0.2   -0.77  -0.77  -0.181 -0.19   0.83   0.02  -0.4    0.5
 -0.912  0.86   0.99  -0.002  0.45  -0.24   0.95  -1.     0.459 -0.49
  0.545 -0.34   0.77  -1.29  -0.86   0.83  -1.    -1.548  0.64   0.59
  0.78   0.26  -0.78  -0.51   0.42  -0.98   0.91   0.46   0.43  -0.55
 -1.38   0.62  -0.81   0.57   0.41   0.15  -0.98   0.23  -0.4   -1.265
  0.2   -0.97  -0.15  -0.03  -0.21   0.879  0.07  -0.43  -0.545  0.59
 -0.42  -0.89  -0.76  -0.19   0.08  -0.32  -0.97   0.92  -0.24  -0.17 ][-1.24   0.93  -0.501 -0.61  -0.6    0.1   -0.29   0.29  -0.764 -0.38
  0.64   0.31   0.5    0.43   0.35   0.16  -0.27  -0.81  -0.092 -0.35
  0.4   -0.2   -0.77  -0.77  -0.3   -0.19   0.83   0.02  -0.4    0.5
 -0.912  0.86   0.99  -0.002  0.45  -0.98   0.95  -1.     0.459 -0.49
  0.545 -0.34   0.77   0.85  -0.86   0.83  -1.    -1.548  0.64   0.59
  0.78   0.26  -0.78  -0.51   0.42  -0.98   0.91   0.46   0.43  -0.55
 -1.38  -0.297 -0.81   0.528  0.41   0.15  -0.98   0.23  -0.4   -1.265
  0.2   -0.97  -0.15  -0.03  -0.21   0.879  0.07  -0.43  -0.32   0.59
 -0.42  -0.89  -0.76  -0.19   0.08  -0.32  -0.97   0.92  -0.24  -0.544][-1.24   0.93   0.336 -0.61  -0.6    0.1    0.436  0.29  -0.68   0.616
  0.64   0.31   0.015  0.43   0.35   0.16  -0.27  -0.81  -0.494 -0.35
  0.4   -0.2   -0.77  -0.77  -0.3   -0.19   0.83   0.02  -1.07   0.5
 -0.912  0.86   0.99  -0.002  0.45  -0.98   0.95  -1.     0.459 -0.49
  0.545 -0.34   0.77   0.85  -0.86   0.83  -1.    -1.548  0.64   0.59
  0.78   0.26  -0.78  -0.51   0.42  -0.98   0.91   0.46   0.43  -0.55
 -1.38   0.62  -0.81   0.528  0.41   0.15  -0.98   0.23  -0.4   -1.265
  0.2   -0.97  -0.15  -0.03  -0.21   0.879  0.07  -0.43  -0.32   0.59
 -0.42  -0.89  -0.76  -0.19   0.701 -0.32  -0.97   0.92  -0.24  -0.17 ][-1.24   0.93   0.46  -0.61   0.144 -0.863  0.436  0.29  -0.68  -0.38
  0.64   0.31   0.5    0.43   0.35   0.16   0.364 -0.81   0.48  -0.35
  0.4   -0.2   -0.77  -0.77  -0.3   -0.19   0.83   0.02  -0.4    0.5
  0.1    0.86   0.99  -0.002  0.45  -0.98   0.95  -1.     0.459 -0.49
  0.92  -0.34   0.77   0.85  -0.86   0.83  -1.    -1.548  0.64   0.59
  0.78   0.26  -0.78  -1.436  0.42  -0.98   0.91   0.46   0.43  -1.286
 -1.38   0.62  -0.81   0.57   0.41   0.15  -0.58   0.23  -0.4   -1.265
  0.2   -0.97  -0.15  -0.03  -0.21   0.78   0.07  -0.43  -0.32   0.59
 -0.42  -0.89  -0.76  -0.48   0.08  -0.415 -0.97   0.92  -0.24  -0.544][-0.84   0.93   0.336 -0.61  -0.6    0.1    0.436  0.29  -0.771 -0.38
  0.64   0.31   0.5    0.43   0.35   0.16  -0.27  -0.81  -0.494 -0.35
  0.4   -0.2   -0.77  -0.77  -0.3   -0.19   0.298  0.02  -1.07   0.5
  0.1    0.86   0.99  -0.002  0.45  -0.24   0.95  -1.     0.459 -0.49
  0.545 -0.34  -0.15   0.85  -0.86   0.83  -1.    -1.548  0.64   0.59
  0.78   0.26  -0.78  -0.51   0.42  -0.98   0.91   0.46   0.43  -0.55
 -1.38   0.62  -0.81   0.57   0.41   0.15  -0.98   0.23  -0.4   -1.265
  0.908 -0.97   0.242 -0.03  -0.21   0.879  0.07  -0.43  -0.32   0.59
 -0.42  -0.89  -0.76  -0.19   0.701 -0.32  -0.97   0.92  -0.24  -0.17 ][-0.84   0.93   0.46  -0.61  -0.6    0.1   -0.806  0.29  -0.771 -0.38
  0.64   0.31   0.5    0.43   0.35   0.16   0.364 -0.81   0.48  -0.35
  0.4   -0.2   -0.77  -0.77  -0.181 -0.19   0.83   0.02  -0.4    0.5
  0.1    0.86   0.99  -0.002  0.45  -0.24   0.95  -1.     0.01  -0.49
  0.92  -0.34   0.77  -1.29  -0.86   0.83  -1.    -0.85   0.64   0.59
  0.78   0.26  -0.78  -0.51   0.42  -0.98   0.91   0.46   0.43  -0.55
 -0.76   0.62  -0.81   0.57   0.41   0.15  -0.58   0.23  -0.4   -0.48
  0.2   -0.97  -0.15  -0.406 -0.21   0.879  0.07  -0.43  -0.32   0.59
 -0.42  -0.89  -0.76  -0.19   0.08  -0.32  -1.652  0.92  -0.24  -0.544][-1.24   0.93   0.46  -0.61  -0.6    0.1    0.436  0.29  -0.68   0.616
  0.81   0.31   0.5    0.43   0.35   0.16  -0.27  -0.81   0.48  -0.35
  0.4   -0.2   -0.77  -0.77  -0.3   -0.19   0.83   0.02  -0.4    0.5
  0.1    0.86   0.99  -0.002  0.45  -0.98   0.95  -1.     0.01  -0.49
  0.92  -0.34   0.77   0.85  -0.86   0.83  -1.    -1.548  0.64   0.59
  0.78   0.121 -0.78  -0.51   0.42  -0.98   0.91   0.46   0.43  -0.55
 -1.38   0.62  -0.37   0.528  0.41   0.15  -0.98   0.23  -0.4   -1.265
  0.2   -0.97  -0.15  -0.03  -0.21   0.879  0.07  -0.43  -0.32   0.59
 -0.42  -1.457 -0.76  -0.19   0.08  -0.415 -1.402  0.92  -0.24  -0.17 ][-0.84   0.93   0.336 -0.61  -0.6   -0.863  0.436  0.29  -0.68  -0.38
  0.81   0.31   0.465  0.43   0.35   0.16  -0.27  -0.81   0.48  -0.35
  0.4   -0.2   -0.77  -0.77  -0.3   -0.19   0.83   0.02  -0.4    0.5
  0.1    0.86   0.99  -0.002  0.45  -0.98   1.754 -1.     0.01  -0.49
  0.545 -0.34  -0.15   0.85  -0.86   0.83  -1.    -1.548  0.64   0.59
  0.78   0.26  -0.78  -0.51   0.42  -0.98   0.91   0.46   0.43  -0.55
 -1.38   0.62  -0.37   0.57   0.41   0.15  -0.98   0.23  -0.4   -1.265
  0.908 -0.97  -0.15  -0.03  -0.21   0.879  0.07  -0.43  -0.32   0.59
 -0.42  -0.89  -0.76  -0.19   0.701 -0.415 -1.402  0.92  -0.71  -0.544][-0.84   1.242  0.336 -0.61  -0.44   0.1   -0.29   0.29  -0.68  -0.38
  0.64   0.31   0.5    0.43   0.35   0.16  -0.27  -0.81   0.48  -0.35
  0.4   -0.2   -0.77  -0.77  -0.3   -0.19   0.83   0.02  -0.4    1.25
 -0.912  0.86   0.99  -0.002  0.45  -0.98   1.811 -1.     0.01  -0.66
  0.92  -0.34  -0.15  -1.29  -0.86   0.83  -1.    -1.548  0.063  0.05
  0.78   0.26  -0.78  -0.51   0.42  -0.98   0.91   0.024  0.43  -0.55
 -1.38   0.684 -0.37   0.57   0.41   0.15  -0.58   0.23  -0.4   -1.265
  0.2   -0.97  -0.15  -0.03  -0.21   0.252  0.07  -0.43  -1.077  0.59
 -0.42  -0.89  -0.76  -0.19   0.08  -0.22  -1.402  0.92  -0.24  -0.17 ][-0.84   0.93   0.46  -0.61  -0.6    0.1    0.436  0.29  -0.68   0.616
  0.64   0.31   0.5    0.43   0.35   0.16   0.364 -0.81   0.48  -0.35
  0.4   -0.2   -0.77  -0.77  -0.3   -0.19   0.83   0.02  -0.4    0.5
 -0.912  0.86   0.99  -0.002  0.45  -0.98   0.95  -1.     0.459 -0.49
  0.92  -0.34   0.77   0.85  -1.325  0.83  -1.    -1.548  0.64   0.05
  0.78   0.26  -0.78  -0.51   0.42  -0.98   0.91   0.46   1.355 -0.55
 -1.38   0.62  -0.81   0.528  0.41   0.15  -1.439  0.23  -0.4   -1.265
  0.2   -0.97  -0.15  -0.03  -0.21   0.879  0.07  -0.43  -0.32   0.59
 -0.42  -0.89  -0.76  -0.19   0.08  -0.32  -0.97   0.92  -0.24  -0.544][-0.84   0.93   0.336 -0.61  -0.6   -0.863 -0.29   0.29  -0.68  -0.38
  0.64   0.31   0.5    0.43   0.35   0.16  -0.27  -0.81   0.48  -0.35
  0.626 -0.2   -0.77  -0.77  -0.3   -0.19   0.83   0.02  -0.4    0.5
  0.1    0.86   0.99  -0.002  0.45  -0.98   1.754 -1.     0.01  -0.49
  0.92  -0.34   0.77  -1.29  -0.86   0.83  -1.    -1.548  0.64   0.59
  0.78   0.26  -0.78  -0.51   0.42  -0.98   0.91   0.46   0.43  -0.55
 -0.76   0.62  -0.795  0.57   0.41   0.15  -0.98   0.23  -0.4   -1.265
  0.2   -0.97  -0.15  -0.406 -0.21   0.879  0.07  -0.43  -0.32   0.59
 -0.42  -1.457 -0.76  -0.19   0.08  -0.32  -0.435  0.92  -0.24  -0.544][-0.84   0.93   0.336 -0.61  -0.6    0.1   -0.29   0.29  -0.771 -0.38
  0.81   0.31   0.5    0.43   0.35   0.16   0.364 -0.81   0.48  -0.35
  0.4   -0.2   -0.77  -0.77  -0.3   -0.19   0.83   0.02  -0.4    0.5
  0.1    0.86   0.99  -0.002  0.45  -0.98   0.95  -1.     0.01  -0.49
  0.92  -0.34   0.77   0.85  -1.321  0.83  -1.    -0.85   0.64   0.59
  0.78   0.26  -0.78  -0.51  -0.456 -0.98   0.91   0.46   0.43  -0.55
 -0.76   0.62  -0.81   0.57   0.41   0.15  -1.439  0.23  -0.4   -0.48
  0.2   -0.97  -0.15  -0.406 -0.21   0.879  0.07  -0.43  -0.32   0.59
 -0.42  -1.457 -0.76  -0.19  -0.747 -0.415 -1.402  0.92  -0.24  -0.17 ][-0.84   0.93   0.336  0.069 -0.44  -0.863 -0.29   0.29  -0.771 -0.38
  0.81   0.31   0.5    0.43   0.35   0.16  -0.27  -0.81   0.48  -0.35
  0.626 -0.2   -0.77  -0.77  -0.3   -0.19   0.83   0.02  -0.4    0.5
  0.1    0.86   0.99  -0.002  0.45  -0.98   1.754 -1.     0.01  -0.49
  0.92  -0.34   0.77   0.85  -0.86   0.83  -1.    -1.548  0.64   0.59
  0.78   0.26  -0.78  -0.51   0.42  -0.98   0.91   0.46   0.43  -0.55
 -1.38   0.62  -0.81   0.57   0.41   0.15  -1.439  0.23  -0.4   -0.48
  0.2   -0.97  -0.15  -0.03  -0.21   0.879  0.07  -0.43  -0.32   0.59
 -0.42  -1.457 -0.76  -0.19   0.08  -0.415 -1.402  0.92  -0.71  -0.544][-0.84   0.93   0.336 -0.61  -0.6    0.1    0.436  0.29  -0.68  -0.38
  0.64   0.31   0.5    0.43   0.35   0.16  -0.27  -0.81  -0.494 -0.35
  0.4   -0.2   -0.77  -0.77  -0.3   -0.19   0.83   0.02  -1.07   0.5
  0.1    0.86   0.99  -0.002  0.45  -0.98   0.95  -1.     0.459 -0.49
  0.545 -0.34  -0.15   0.85  -1.325  0.83  -1.    -1.548  0.64   0.59
  0.78   0.26  -0.78  -0.51   0.42  -0.98   0.91   0.46   0.43  -0.55
 -1.38   0.62  -0.37   0.57   0.41   0.15  -0.98   0.23  -0.4   -1.265
  0.2   -0.97  -0.15  -0.03  -0.21   0.879  0.07  -0.43  -0.32   0.59
 -0.42  -1.835 -0.76  -0.19   0.701 -0.32  -0.97   0.92  -0.24  -0.544][-0.84   0.93   0.336 -0.61  -0.6   -0.863  0.436  0.29  -0.68  -0.38
  0.64   0.31   0.5    0.43   0.35   0.16  -0.27  -0.81   0.48  -0.35
  0.4   -0.2   -0.77  -0.77  -0.3   -0.19   0.83   0.02  -0.4    0.5
  0.1    0.86   0.945 -0.002  0.45  -0.98   1.062 -1.     0.459 -0.49
  0.545 -0.34   0.77   0.85  -0.86   0.83  -1.    -1.548  0.64   0.59
  0.14   0.26  -0.78  -0.51   0.42  -0.98   0.91   0.46   1.355 -0.55
 -1.38   0.62  -0.37   0.57   0.41   0.15  -0.58   0.23  -0.4   -1.265
  0.2   -0.97  -0.15  -0.03  -0.21   0.78   0.07  -0.43  -0.32   0.59
 -0.42  -0.89  -0.76  -0.19   0.701 -0.32  -0.97   0.92  -0.71  -0.544][-0.84   1.242  0.336 -0.61  -0.6    0.1   -0.29   0.29  -0.68  -0.38
  0.64   0.31   0.5    0.43   0.35   0.16  -0.27  -0.81   0.48  -0.35
  0.4   -0.2   -0.77  -0.77  -0.3   -0.19   0.83   0.02  -1.07   1.25
 -0.912  0.86   0.99  -0.002  0.45  -0.98   0.95  -1.     0.459 -0.66
  0.545 -0.34   0.77  -1.29  -0.86   0.83  -0.527 -1.548  0.64   0.59
  0.78   0.26  -0.78  -0.51   0.42  -0.98   0.91   0.46   0.43  -0.55
 -1.38   0.62  -0.37   0.528  0.41   0.15  -0.58   0.23  -0.4   -1.265
  0.2   -0.97  -0.15  -0.03  -0.21   0.252  0.07  -0.43  -1.077  0.59
 -0.42  -0.89  -0.76  -0.815  0.08  -0.32  -1.402  0.92  -0.24  -0.17 ][-1.24   0.93   0.336 -0.61  -0.6    0.1   -0.29   0.29  -0.771  0.616
  0.64   0.31   0.5    0.43   0.35   0.16   0.364 -0.81   0.48  -0.35
  0.4   -0.2   -0.77  -0.77  -0.3   -0.19   0.83   0.02  -1.219  0.5
  0.1    0.86   0.99  -0.002  0.45  -0.24   0.95  -1.     0.01  -0.49
  0.545 -0.34   0.77   0.85  -0.86   0.83  -1.    -1.548  0.64   0.59
  0.78   0.26  -0.78  -0.51   0.42  -0.98   0.91   0.46   0.43  -0.55
 -0.76   0.574 -0.81   0.57   0.41   0.15  -0.98   0.23  -0.4   -1.265
  0.2   -0.97  -0.15  -0.03  -0.21   0.879  0.07  -0.43  -0.32   0.59
 -0.42  -1.457 -0.76  -0.19   0.08  -0.32  -0.435  0.92  -0.24  -0.17 ][-0.84   0.93  -0.234 -0.61  -0.6    0.1    0.436  0.29  -0.68   0.616
  0.64   0.31   0.5    0.43   0.35   0.16   0.364 -0.81  -0.494 -0.35
  0.4   -0.2   -0.77  -0.77  -0.3   -0.19   0.83   0.02  -1.07   0.5
 -0.912  0.86   0.99  -0.002  0.45  -0.98   0.95  -1.     0.459 -0.49
  0.545 -0.34   0.77   0.85  -0.86   0.83  -1.    -1.548  0.64   0.05
  0.78   0.26  -0.78  -0.51   0.42  -0.98   0.91   0.46   0.43  -0.55
 -0.76   0.62  -0.37   0.57   0.41   0.149 -0.98   0.23  -0.4   -1.265
  0.2   -0.97  -0.15  -0.03  -0.21   0.879  0.07  -0.43  -0.32   0.59
 -0.42  -0.89  -0.76  -0.48   0.701 -0.22  -0.97   0.92  -0.24  -0.17 ]