[-0.13  0.25  0.65  0.59 -0.53  0.63  0.67  0.69 -0.14 -0.73 -0.54  0.6
 -0.67  0.33 -0.66  0.01 -0.12 -0.59 -0.6  -0.67 -0.12 -0.96  0.83 -0.45
  0.63 -0.24  0.86 -0.03  0.88  0.29 -0.09  0.78  0.01 -0.67 -0.37 -0.62
 -0.59  0.81 -0.59 -0.86 -0.83  0.83 -0.91  0.73  0.76  0.4  -0.23 -0.14
  0.21 -0.51  0.44  0.78 -0.16  0.18 -0.49 -0.97  0.04 -0.61 -0.66  0.44
  0.08  0.67  0.88  0.16 -0.44  0.5   0.43 -0.15 -0.7  -0.56 -0.65 -0.51
 -0.53 -0.92  0.76 -0.44 -0.04  0.52  0.7  -0.6  -0.32 -0.85 -0.1   0.15
 -0.2  -0.49 -0.51  0.69  0.03 -0.59][ 9.3000000e-01  6.2000000e-01 -9.4000000e-01 -2.5000000e-01
 -3.0000000e-01 -2.2000000e-01 -4.3000000e-01  2.8000000e-01
  8.1000000e-01 -8.4000000e-01  6.8000000e-01  6.2000000e-01
 -4.9000000e-01  3.4000000e-01  6.4000000e-01 -3.1000000e-01
 -9.8000000e-01 -1.8000000e-01 -5.4000000e-01  3.4000000e-01
  7.5000000e-01  7.3000000e-01 -4.1000000e-01 -8.0000000e-01
 -1.9000000e-01  3.0000000e-01  7.2000000e-01 -2.3000000e-01
 -1.4000000e-01  7.6000000e-01 -4.9000000e-01 -4.2000000e-01
  4.7000000e-01 -6.4000000e-01 -4.5000000e-01  9.6000000e-01
 -3.1000000e-01 -4.7000000e-01  8.8817842e-16  1.4000000e-01
  2.8000000e-01 -7.1000000e-01 -3.2000000e-01 -3.3000000e-01
 -4.4000000e-01  6.0000000e-01  3.5000000e-01  1.1000000e-01
 -7.3000000e-01  7.7000000e-01  6.7000000e-01 -2.2000000e-01
  3.4000000e-01 -5.5000000e-01  9.5000000e-01  6.6000000e-01
 -4.8000000e-01 -8.0000000e-02 -9.1000000e-01  4.6000000e-01
  5.3000000e-01 -3.0000000e-01  5.8000000e-01  1.8000000e-01
 -6.0000000e-02 -1.4000000e-01  4.7000000e-01 -3.7000000e-01
 -7.0000000e-01  1.9000000e-01  7.8000000e-01 -6.2000000e-01
 -6.0000000e-01  2.0000000e-02  1.4000000e-01 -8.7000000e-01
 -3.0000000e-01  5.9000000e-01 -3.3000000e-01 -7.8000000e-01
  7.2000000e-01 -1.8000000e-01 -8.3000000e-01 -6.4000000e-01
  7.2000000e-01  4.9000000e-01 -3.4000000e-01 -6.0000000e-02
 -8.4000000e-01  9.1000000e-01][-0.73 -0.95 -0.98 -0.94  0.38  0.03  0.54  0.51  0.01 -0.51 -0.78  0.26
  0.63  0.06  0.21  0.54  0.29 -0.51  0.2  -0.75  0.43 -0.63 -0.11  0.07
 -0.86 -0.71 -0.94  0.32 -0.76  0.54  0.16  0.76  0.76  0.86 -0.81  0.96
  0.78 -0.9   0.9   0.92 -0.73 -0.6   0.5   0.47 -0.07  0.82  0.19 -0.64
  0.76  0.98 -0.68  0.06  0.04  0.25  0.54  0.26  0.22 -0.93  0.95 -0.36
 -0.6   0.21 -0.8   0.18 -0.09 -0.67  0.62  0.11  0.21  0.18  0.51  0.53
  0.16 -0.81 -0.77 -0.69  0.13 -0.52 -0.43  0.65 -0.98 -0.75  0.5  -0.49
  0.23  0.62 -0.06  0.34 -0.11  0.77][ 0.7  -0.1   0.29 -0.27 -0.57  0.31 -0.26 -0.91 -0.28 -0.12 -0.12 -0.47
 -0.39 -0.97 -0.44  0.11 -0.26 -0.38 -0.51 -0.15  0.57 -0.39  0.31  0.61
 -0.42 -0.64 -0.98  0.95 -0.78  0.14  0.61  0.76  0.74  0.6   0.9   0.38
 -0.16  0.01  0.02 -0.6   0.41  0.17 -0.26 -0.45 -0.44 -0.98 -0.71 -0.62
  0.23  0.8   0.61  0.8   0.55  0.92  0.29 -0.63 -0.59  0.39 -0.52 -0.71
 -0.05  0.72 -0.5  -0.02 -0.08 -0.63 -0.44 -0.56 -0.04 -0.7  -1.   -0.83
  0.58 -0.01  0.44 -0.74  0.21 -0.52  0.68  0.66  0.72 -0.09  0.25 -0.08
  0.24 -0.4   0.27  0.62 -0.39 -0.83][ 0.61 -0.24 -0.23  0.81  0.94 -0.94  0.72  0.35  0.51  0.79  0.81 -0.52
 -0.31  0.42 -1.    0.63 -0.54 -0.61 -0.81 -0.51  0.59 -0.41 -0.74  0.71
 -0.72  0.71  0.34 -0.61 -0.53 -0.02  0.92 -0.97 -0.02  0.38 -0.71  0.65
  0.09  0.52  0.43 -0.93 -0.21 -0.19 -0.32  0.2  -0.32 -0.42 -0.56  0.62
  0.1  -0.92 -0.57 -0.09 -0.99  0.6   0.7   0.13  0.23  0.18  0.06 -0.47
  0.22  0.08  0.33  0.85  0.55 -0.75 -0.68  0.23 -0.68  0.77  0.04 -0.19
 -0.42 -0.5  -0.9   0.38  0.62  0.2  -0.21 -0.13  0.22 -0.56 -0.92 -0.86
 -0.12  0.73  0.61 -0.85  0.03 -0.92][-2.1000000e-01  3.0000000e-02 -6.9000000e-01 -3.1000000e-01
 -4.9000000e-01 -5.9000000e-01  2.4000000e-01 -8.7000000e-01
 -4.1000000e-01 -4.1000000e-01 -8.3000000e-01  1.3000000e-01
 -5.5000000e-01 -4.2000000e-01  1.1000000e-01 -7.3000000e-01
 -1.6000000e-01  8.8000000e-01 -1.1000000e-01 -2.2000000e-01
  4.6000000e-01  6.3000000e-01  8.7000000e-01 -8.6000000e-01
  8.5000000e-01  5.5000000e-01  3.2000000e-01 -2.0000000e-02
  9.3000000e-01  7.1000000e-01 -1.5000000e-01 -3.3000000e-01
 -8.4000000e-01 -7.8000000e-01  8.0000000e-02 -6.8000000e-01
  2.4000000e-01  9.3000000e-01 -3.1000000e-01 -3.0000000e-01
  1.7000000e-01  2.0000000e-02 -5.6000000e-01  8.2000000e-01
  6.9000000e-01 -5.4000000e-01 -5.3000000e-01 -3.5000000e-01
  3.0000000e-02 -2.0000000e-02  5.0000000e-02 -6.2000000e-01
 -6.9000000e-01  8.8817842e-16 -7.2000000e-01 -4.0000000e-01
 -7.2000000e-01  6.1000000e-01  9.7000000e-01 -6.3000000e-01
  4.8000000e-01 -4.3000000e-01  7.6000000e-01  8.4000000e-01
 -3.0000000e-01 -3.3000000e-01 -4.5000000e-01  9.6000000e-01
  3.8000000e-01  7.2000000e-01  9.8000000e-01  8.3000000e-01
 -1.9000000e-01 -3.8000000e-01 -8.1000000e-01  2.2000000e-01
 -4.3000000e-01 -3.3000000e-01 -8.2000000e-01 -1.0000000e-02
  6.4000000e-01  9.3000000e-01 -4.3000000e-01  6.5000000e-01
  6.0000000e-02 -1.0000000e+00 -5.8000000e-01 -8.3000000e-01
 -3.0000000e-02 -1.8000000e-01][ 0.9  -0.79  0.74 -0.45  0.36 -0.9   0.13 -0.82 -0.91  0.12 -0.76  0.53
 -0.44 -0.34 -0.79 -0.26 -0.06  0.54  0.55 -0.74 -0.68 -0.05  0.37 -0.76
 -0.03 -0.39 -0.06 -0.77  0.41 -0.17  0.21 -0.16 -0.9   0.19 -0.44  0.81
  0.09 -0.37  0.9   0.86 -0.33  0.57 -0.03  0.5  -0.96 -0.86 -0.04 -0.48
  0.46  0.53  0.92  0.77 -0.27  0.78 -0.69  0.02  0.17 -0.12  0.53  0.32
 -0.1   0.68 -0.55  0.3  -0.95 -0.51  0.53  0.75  0.14 -0.59  0.86 -0.71
 -0.2   0.71  0.03  0.77 -0.19  0.7  -0.44  0.04  0.69 -0.87  0.75  0.24
 -0.05  0.31  0.17  0.22  0.76 -0.16][-0.3  -0.11 -0.8  -0.16  0.83  0.57 -0.19 -0.84 -0.56 -0.37 -0.89 -0.15
 -0.42  0.89 -0.23  0.23 -0.59 -0.39 -0.44  0.61  0.57 -0.57 -0.76  0.95
  0.79  0.79  0.02  0.39  0.6  -0.64  0.59  0.06 -0.88 -0.76 -0.98 -0.45
  0.36  0.83  0.14 -0.52 -0.91 -0.55 -0.84 -0.17  0.29 -0.68  0.01  0.36
 -0.92  0.36 -0.19 -0.6  -0.69  0.1  -0.87 -0.76 -0.51  0.1  -0.01  0.27
 -0.53  0.98  0.96  0.77  0.36  0.85  0.15 -0.33 -0.39  0.04 -0.45 -0.99
 -0.06 -0.77  0.27  0.71 -0.09  0.59  0.81  0.08 -1.   -0.04  0.14  0.23
  0.25 -0.16  0.61 -0.23 -0.39  0.45][ 0.26 -0.21  0.11  0.13  0.59  0.4   0.51 -0.26 -0.94  0.36  0.58 -0.57
  0.29 -0.33  0.25  0.24  0.12  0.17 -0.67 -0.08 -0.43 -0.91  0.94  0.59
  0.64 -0.98  0.45 -0.44  0.21 -0.08  0.09  0.18  0.21 -0.59  0.88  0.44
 -0.48 -0.44  0.44  0.12 -0.66  0.41  0.3  -0.48 -0.95  0.49 -0.67  0.76
  0.62 -0.74 -0.13  0.17  0.83  0.77  0.16  0.14 -0.7  -0.18 -0.84  0.59
  0.21  0.12 -0.55  0.3   0.63  0.19 -0.72  0.93  0.94  0.86  0.72 -0.49
 -0.19  0.17 -0.95 -0.18  0.22 -0.17 -0.1  -0.55 -0.47  0.52  0.71  0.23
  0.7   0.11 -0.35  0.29 -0.84 -0.21][ 0.27  0.49  0.54 -0.3   0.18 -0.55  0.03 -0.4  -0.84  0.09  0.56  0.04
  0.01 -0.41  0.13 -0.79 -0.45 -0.07 -0.57 -0.07  0.98 -0.74 -0.43  0.62
  0.32 -0.11  0.99 -0.66 -0.35  0.15 -0.24  0.37  0.29  0.53  0.91 -0.44
  0.65 -0.89  0.01  0.11 -0.4   0.46 -0.05 -0.92  0.66  0.37  0.13  0.78
 -0.05  0.79 -0.64  0.45 -0.78 -0.22  0.04 -0.93  0.31 -0.98  0.19  0.75
  0.25 -0.52  0.92  0.5   0.29 -0.3   0.74 -0.93 -0.79 -0.94 -0.55 -0.9
  0.55  0.62  0.19 -0.82  0.05 -0.74  0.55 -0.44 -0.68  0.85 -0.33 -0.61
  0.64  0.77 -0.68 -0.21  0.25 -0.57][-5.0000000e-02  2.2000000e-01 -9.3000000e-01 -6.0000000e-02
 -5.9000000e-01 -4.0000000e-02 -1.5000000e-01 -2.9000000e-01
 -3.1000000e-01  9.9000000e-01  9.4000000e-01 -7.6000000e-01
  4.0000000e-01  5.5000000e-01  2.3000000e-01  7.5000000e-01
  3.1000000e-01  8.8000000e-01 -6.1000000e-01  3.8000000e-01
  8.8817842e-16  9.2000000e-01  8.6000000e-01 -9.0000000e-01
  3.2000000e-01 -9.3000000e-01 -6.1000000e-01 -1.2000000e-01
  9.4000000e-01  9.7000000e-01 -4.6000000e-01  9.4000000e-01
  5.9000000e-01  7.7000000e-01 -4.1000000e-01 -3.5000000e-01
 -1.8000000e-01 -1.8000000e-01 -6.7000000e-01 -9.8000000e-01
 -1.0000000e-01  4.0000000e-02  2.6000000e-01  2.0000000e-01
 -2.0000000e-01 -2.5000000e-01  6.6000000e-01 -8.3000000e-01
  2.7000000e-01 -5.5000000e-01 -4.0000000e-01  6.9000000e-01
 -9.0000000e-02 -1.4000000e-01 -4.0000000e-02 -6.5000000e-01
 -8.2000000e-01 -2.8000000e-01 -6.4000000e-01  2.7000000e-01
  6.3000000e-01 -6.8000000e-01 -2.0000000e-02  6.3000000e-01
  4.9000000e-01 -5.0000000e-01  2.0000000e-02  4.0000000e-01
  1.0000000e-02 -2.6000000e-01  7.8000000e-01  2.0000000e-02
 -2.7000000e-01  9.2000000e-01 -9.7000000e-01  7.1000000e-01
 -5.8000000e-01 -9.5000000e-01  3.9000000e-01 -4.2000000e-01
  9.3000000e-01  5.0000000e-02  7.9000000e-01  6.7000000e-01
  2.8000000e-01  4.5000000e-01  2.0000000e-01  7.9000000e-01
 -3.3000000e-01  1.0000000e-01][-8.1000000e-01 -4.9000000e-01 -7.3000000e-01  6.4000000e-01
 -3.8000000e-01  3.7000000e-01 -1.0000000e-02  8.4000000e-01
 -3.5000000e-01  5.8000000e-01  9.0000000e-01  7.0000000e-01
  2.9000000e-01 -9.1000000e-01  7.0000000e-02 -1.6000000e-01
  5.7000000e-01  8.2000000e-01 -1.9000000e-01 -7.0000000e-02
  3.9000000e-01  8.8000000e-01 -4.6000000e-01  5.9000000e-01
  9.8000000e-01 -3.8000000e-01 -4.8000000e-01  7.9000000e-01
  1.6000000e-01 -5.9000000e-01  3.7000000e-01 -3.0000000e-02
 -3.6000000e-01 -6.4000000e-01  1.8000000e-01  1.8000000e-01
 -7.2000000e-01 -2.4000000e-01 -2.9000000e-01  9.7000000e-01
  2.8000000e-01 -8.7000000e-01  6.3000000e-01 -7.8000000e-01
  6.8000000e-01 -8.6000000e-01 -8.1000000e-01 -2.8000000e-01
 -3.4000000e-01  3.2000000e-01  8.8000000e-01 -9.1000000e-01
  8.8817842e-16  1.2000000e-01 -6.0000000e-01  9.9000000e-01
  5.5000000e-01  3.4000000e-01 -9.4000000e-01 -5.8000000e-01
 -8.9000000e-01  9.0000000e-01  1.8000000e-01 -4.6000000e-01
  3.0000000e-02 -4.6000000e-01 -3.5000000e-01  1.5000000e-01
 -4.0000000e-02 -6.6000000e-01  4.3000000e-01 -3.5000000e-01
 -7.2000000e-01 -3.0000000e-01  5.7000000e-01  6.3000000e-01
 -4.9000000e-01 -3.4000000e-01 -8.3000000e-01  1.9000000e-01
 -7.2000000e-01 -9.0000000e-02  6.7000000e-01  6.1000000e-01
  2.8000000e-01 -6.6000000e-01 -4.9000000e-01 -4.4000000e-01
 -6.3000000e-01 -2.8000000e-01][-0.68  0.42  0.74  0.97  0.66 -0.44 -0.57 -0.62 -0.66  0.33  0.26 -0.58
  0.05  0.56  0.61 -0.54 -0.74 -0.76  0.87 -0.13  0.72  0.47  0.96 -0.16
 -0.68  0.3  -0.4  -0.34  0.21 -0.8   0.26 -0.38  0.94 -0.05 -0.52 -0.24
 -0.08 -0.58 -0.51  0.58  0.74  0.8   0.27 -0.75 -0.07 -0.39 -0.23  0.55
  0.57  0.03 -0.52  0.47 -0.65 -0.58  0.66 -0.66  0.65 -0.91  0.63  0.04
 -0.47  0.65 -0.85 -0.27  0.32 -0.57  0.68  0.28  0.48 -0.54  0.29 -0.9
  0.97 -0.57 -0.67 -0.76 -0.68 -0.3  -0.79  0.36  0.11  0.15 -0.4   0.67
 -0.03  0.35 -0.61 -0.77 -0.24  0.28][ 0.8  -0.08 -0.34 -0.8   0.03 -0.75 -0.61 -0.46 -0.53 -0.85  0.42  0.22
  0.09  0.57  0.86  0.47  0.03  0.87  0.46  0.29 -0.19 -0.06  0.08  0.44
  0.16  0.39 -0.29  0.39  0.65 -0.61 -0.78  0.8   0.16  0.85 -0.84 -0.89
  0.02 -0.7  -1.   -0.61 -0.84  0.14  0.2   0.94 -0.67  0.75 -0.81  0.05
 -0.84 -0.04  0.4   0.61 -0.84 -0.93 -0.45  0.2   0.06  0.65 -0.6   0.37
  0.67  0.98  0.16 -0.58 -0.43  0.57  0.39  0.77 -0.66 -0.3   0.17 -0.99
  0.26  0.36 -0.91  0.38  0.93 -0.99 -0.09 -0.71 -0.35  0.07 -0.6   0.61
  0.35 -0.39 -0.51 -0.04 -0.34 -0.71][ 7.8000000e-01  4.0000000e-02 -8.1000000e-01  4.7000000e-01
  3.2000000e-01  5.1000000e-01 -1.6000000e-01 -8.7000000e-01
 -6.7000000e-01 -5.0000000e-01 -5.7000000e-01  1.5000000e-01
 -2.4000000e-01  1.2000000e-01 -8.8000000e-01 -2.3000000e-01
 -6.1000000e-01 -2.1000000e-01  5.8000000e-01 -1.4000000e-01
 -9.4000000e-01 -1.1000000e-01  9.4000000e-01 -6.3000000e-01
  4.7000000e-01  5.3000000e-01  1.4000000e-01 -8.0000000e-01
 -2.5000000e-01  2.8000000e-01  3.1000000e-01 -2.2000000e-01
  6.4000000e-01 -2.5000000e-01 -7.9000000e-01 -1.4000000e-01
 -2.9000000e-01 -1.0000000e-02 -8.8000000e-01  8.2000000e-01
  5.5000000e-01 -5.0000000e-02 -4.8000000e-01  8.5000000e-01
 -9.8000000e-01  1.6000000e-01  7.9000000e-01  3.0000000e-02
  8.8817842e-16  4.7000000e-01 -6.9000000e-01 -7.6000000e-01
  1.5000000e-01  5.2000000e-01  7.8000000e-01 -1.9000000e-01
 -2.9000000e-01 -4.6000000e-01  4.1000000e-01  2.0000000e-02
  7.6000000e-01  7.0000000e-01 -8.5000000e-01 -1.6000000e-01
  3.0000000e-02  2.7000000e-01  8.6000000e-01 -1.0000000e+00
 -5.3000000e-01  7.8000000e-01 -9.7000000e-01  8.6000000e-01
 -4.0000000e-02  4.6000000e-01  5.9000000e-01 -3.5000000e-01
 -5.3000000e-01 -8.0000000e-01  1.6000000e-01  8.1000000e-01
 -6.5000000e-01 -8.1000000e-01 -7.3000000e-01 -3.8000000e-01
  2.7000000e-01 -1.7000000e-01 -9.0000000e-02  5.8000000e-01
  2.1000000e-01  5.4000000e-01][ 7.5000000e-01  4.4000000e-01 -7.0000000e-01  4.6000000e-01
  1.8000000e-01 -6.5000000e-01  8.1000000e-01  3.2000000e-01
  6.6000000e-01 -7.1000000e-01  5.2000000e-01 -1.0000000e+00
 -1.3000000e-01  4.9000000e-01  2.2000000e-01 -8.5000000e-01
 -4.0000000e-01  7.9000000e-01 -3.0000000e-02 -6.0000000e-01
 -9.2000000e-01 -5.4000000e-01 -6.5000000e-01 -3.5000000e-01
  7.3000000e-01  7.1000000e-01 -7.0000000e-02 -8.2000000e-01
  3.3000000e-01 -1.0000000e-01 -6.4000000e-01  6.8000000e-01
  7.6000000e-01 -9.9000000e-01  1.6000000e-01 -7.6000000e-01
 -1.5000000e-01  6.6000000e-01  7.0000000e-02 -7.3000000e-01
 -6.8000000e-01 -7.1000000e-01 -3.3000000e-01  6.1000000e-01
 -7.6000000e-01  8.5000000e-01  1.7000000e-01 -9.0000000e-02
 -8.9000000e-01 -8.7000000e-01  4.2000000e-01  9.3000000e-01
  4.6000000e-01  2.8000000e-01  1.3000000e-01  9.7000000e-01
 -4.0000000e-01  4.5000000e-01  6.3000000e-01  8.4000000e-01
  1.4000000e-01 -3.4000000e-01 -3.3000000e-01 -9.9000000e-01
  6.0000000e-02  3.7000000e-01 -2.3000000e-01  8.8817842e-16
  2.4000000e-01 -8.9000000e-01 -1.2000000e-01  8.0000000e-02
  1.6000000e-01  1.0000000e-02  4.0000000e-01 -6.1000000e-01
  7.9000000e-01 -5.0000000e-01 -8.9000000e-01  2.2000000e-01
  1.8000000e-01  8.1000000e-01  6.0000000e-02  2.0000000e-02
 -8.0000000e-02  6.4000000e-01  2.1000000e-01 -6.3000000e-01
 -4.7000000e-01  8.6000000e-01][-8.9000000e-01  9.9000000e-01  5.5000000e-01 -3.9000000e-01
  6.7000000e-01  9.5000000e-01 -8.0000000e-02  7.6000000e-01
  8.8000000e-01  7.2000000e-01 -1.0000000e-01  9.3000000e-01
 -4.3000000e-01  9.8000000e-01  5.3000000e-01  8.0000000e-01
  6.0000000e-01 -9.5000000e-01  4.7000000e-01  6.2000000e-01
 -7.8000000e-01 -8.2000000e-01  5.5000000e-01 -5.5000000e-01
  1.1000000e-01  8.4000000e-01 -6.5000000e-01 -9.7000000e-01
 -9.2000000e-01 -1.5000000e-01 -7.1000000e-01  7.1000000e-01
  3.0000000e-01  4.0000000e-02 -4.5000000e-01 -2.0000000e-02
 -5.6000000e-01  3.6000000e-01  6.9000000e-01 -2.9000000e-01
 -9.1000000e-01  4.2000000e-01  7.8000000e-01 -1.5000000e-01
 -9.0000000e-01 -4.2000000e-01 -5.3000000e-01 -4.5000000e-01
 -5.5000000e-01 -9.3000000e-01  2.4000000e-01 -5.0000000e-02
 -1.0000000e-02 -4.9000000e-01  2.6000000e-01  9.9000000e-01
  5.0000000e-02 -3.9000000e-01 -2.5000000e-01  4.9000000e-01
 -7.0000000e-01 -6.3000000e-01 -6.6000000e-01  9.4000000e-01
 -8.8000000e-01 -3.0000000e-01  9.9000000e-01  1.0000000e-01
  6.2000000e-01  3.0000000e-02  3.0000000e-02 -3.5000000e-01
  6.6000000e-01  2.2000000e-01  9.2000000e-01 -9.0000000e-02
 -1.0000000e+00  8.8817842e-16  6.2000000e-01  9.3000000e-01
 -1.8000000e-01 -9.0000000e-01 -1.1000000e-01  8.5000000e-01
 -1.1000000e-01  2.4000000e-01  1.5000000e-01  2.6000000e-01
 -9.0000000e-01 -4.3000000e-01][-0.64 -0.01 -0.54 -0.33  0.73  0.75  0.4  -0.52 -0.25 -0.34  0.3   0.7
  0.32  0.1   0.02 -0.17 -0.12 -0.95 -0.23  0.83  0.82  0.57 -0.36 -0.92
 -0.29  0.28  0.52  0.31  0.97  0.18 -0.64 -0.84  0.39 -0.08 -0.79  0.65
 -0.65  0.55 -0.71 -0.56 -0.04 -0.87 -0.72  0.59 -1.   -0.22 -0.84 -0.82
  0.95  0.68 -0.97 -0.32  0.78 -0.38 -0.39 -0.92 -0.55 -0.95  0.85 -0.47
 -0.53  0.22 -0.65  0.17  0.35  0.14 -0.88  0.29  0.93 -0.06  0.39  0.56
 -0.37 -0.7   0.76 -0.18  0.52 -0.41 -0.36  0.38  0.6  -0.79 -0.62  0.02
 -0.19  0.85 -0.44  0.72 -0.59 -0.3 ][ 0.57 -0.76 -0.49  0.56 -0.94  0.97 -0.94  0.73 -0.22 -0.25  0.91  0.23
  0.31 -0.58 -0.97 -0.85  0.55 -0.64 -0.03  0.2   0.74 -0.32 -0.91 -0.98
 -0.27  0.71 -0.5   0.14 -0.58  0.12  0.47  0.91 -0.95  0.68  0.67 -0.37
 -0.76  0.46 -0.64 -0.09  0.13  0.53  0.23  0.13 -0.02 -0.88  0.19 -0.54
 -0.27  0.86 -0.52 -0.01 -0.32 -0.19  0.18 -0.88 -0.44  0.06  0.8  -0.5
  0.15  0.24  0.51 -0.78 -0.55  0.23 -0.11 -0.47  0.11 -0.39 -0.6   0.54
 -0.75  0.83 -0.87 -0.92 -0.53  0.64  0.33 -0.07 -0.35 -0.94 -0.06 -0.64
 -0.19  0.85  0.8   0.99 -0.21 -0.91][ 1.5000000e-01 -7.5000000e-01  5.9000000e-01 -2.0000000e-01
  6.1000000e-01  4.8000000e-01 -7.0000000e-02 -8.9000000e-01
  9.1000000e-01 -2.1000000e-01 -9.4000000e-01 -3.2000000e-01
 -9.4000000e-01 -1.4000000e-01  7.3000000e-01  7.8000000e-01
 -3.4000000e-01  5.0000000e-01 -4.5000000e-01 -4.7000000e-01
 -1.9000000e-01  8.2000000e-01  7.8000000e-01  8.9000000e-01
  8.8817842e-16 -3.2000000e-01 -1.4000000e-01  9.2000000e-01
  2.0000000e-02 -2.0000000e-01  3.6000000e-01 -8.9000000e-01
  5.3000000e-01  3.1000000e-01 -9.5000000e-01 -5.4000000e-01
 -2.3000000e-01 -3.0000000e-01 -5.8000000e-01 -6.0000000e-01
  2.0000000e-02  1.7000000e-01  4.5000000e-01 -6.2000000e-01
  6.0000000e-02 -6.8000000e-01  9.5000000e-01  1.5000000e-01
  4.2000000e-01 -5.3000000e-01  9.1000000e-01  8.8817842e-16
  2.3000000e-01  4.1000000e-01 -6.9000000e-01  9.8000000e-01
 -4.2000000e-01  7.2000000e-01  3.9000000e-01 -3.0000000e-02
  8.6000000e-01 -8.4000000e-01  9.5000000e-01  3.4000000e-01
 -3.1000000e-01  3.6000000e-01  8.0000000e-02 -4.9000000e-01
 -2.1000000e-01  3.0000000e-02 -3.9000000e-01 -8.3000000e-01
  2.1000000e-01  5.2000000e-01 -7.9000000e-01  1.7000000e-01
 -2.2000000e-01  7.3000000e-01  1.5000000e-01  7.0000000e-02
 -4.0000000e-01 -3.3000000e-01  2.7000000e-01  5.7000000e-01
 -7.0000000e-01  1.1000000e-01  2.8000000e-01  4.4000000e-01
 -9.0000000e-01  8.3000000e-01][ 0.34  0.65 -0.04 -0.07  0.2   0.52 -0.59  0.14 -0.37  0.5  -0.58  0.33
 -0.87  0.86  0.45  0.09 -0.54  0.44  0.81  0.89 -0.56 -0.89  0.37  0.97
  0.3  -0.06  0.64 -0.95  0.45 -0.25 -0.12  0.79 -0.28 -0.13 -1.   -0.78
  0.08  0.66 -0.99  0.06  0.09 -0.97  0.66 -0.75  0.4  -0.78 -0.37 -0.45
 -0.16  0.62 -0.37 -0.03  0.52  0.88  0.57 -0.54 -0.11 -0.1  -0.71  0.55
  0.66 -0.2   0.53  0.67  0.94 -0.24  0.49 -0.09 -0.97  0.68  0.76 -0.16
 -0.65 -0.36  0.17  0.35  0.67 -0.83 -0.22 -0.72 -0.56  0.94  0.44 -0.29
  0.42  0.1   0.06  0.27 -0.95 -0.35][-0.87  0.4  -0.87  0.3  -0.54 -0.36 -0.86  0.84 -0.95  0.31 -0.03  0.97
 -0.14 -0.38  0.96 -0.09  0.48 -0.67 -0.14  0.59  0.19 -0.29 -0.4  -0.51
 -0.8  -0.06  0.99  0.92 -0.47 -0.64 -0.3   0.87  0.39 -0.05 -0.55  0.58
  0.08  0.62  0.66 -0.22 -0.13  0.31 -0.68  0.12 -0.11  0.38 -0.44 -0.88
 -0.23  0.71  0.13  0.49  0.25  0.33 -0.05  0.52  0.53 -0.98 -0.85  0.79
  0.41 -1.   -0.42  0.2  -0.17 -0.77  0.14  0.36 -0.53  0.52 -0.09 -0.56
 -0.68 -0.84  0.93  0.05 -0.28 -0.67  0.5  -0.4   0.29  0.81 -0.49  0.85
  0.67 -0.17 -0.8  -0.12 -0.83 -0.41][ 7.3000000e-01 -9.0000000e-01  7.3000000e-01  9.5000000e-01
  3.4000000e-01 -5.3000000e-01  8.1000000e-01 -5.1000000e-01
 -6.3000000e-01  6.3000000e-01  3.0000000e-01 -8.2000000e-01
 -9.2000000e-01  6.6000000e-01 -4.8000000e-01  5.9000000e-01
  9.1000000e-01  4.6000000e-01 -1.4000000e-01  3.9000000e-01
 -8.4000000e-01 -3.5000000e-01 -6.1000000e-01 -3.7000000e-01
 -8.0000000e-02 -1.4000000e-01  4.0000000e-01  1.8000000e-01
  6.2000000e-01  3.7000000e-01  5.7000000e-01 -4.2000000e-01
  8.2000000e-01 -9.6000000e-01  7.4000000e-01 -6.2000000e-01
  6.0000000e-02  8.4000000e-01 -3.7000000e-01 -5.0000000e-02
  4.0000000e-02 -9.3000000e-01 -8.3000000e-01  7.0000000e-01
 -5.4000000e-01 -7.8000000e-01 -1.0000000e+00  7.6000000e-01
  3.0000000e-02  5.5000000e-01 -3.4000000e-01  4.9000000e-01
  4.4000000e-01 -2.8000000e-01 -6.5000000e-01  9.0000000e-02
 -1.0000000e-01  1.1000000e-01  1.5000000e-01 -6.8000000e-01
  6.7000000e-01 -8.0000000e-02 -3.9000000e-01 -1.0000000e-01
 -5.7000000e-01  8.8817842e-16 -1.1000000e-01 -6.4000000e-01
 -3.4000000e-01  8.1000000e-01  9.1000000e-01  4.0000000e-01
  5.0000000e-01  5.6000000e-01 -2.0000000e-01  9.0000000e-02
 -8.4000000e-01  8.9000000e-01 -5.2000000e-01  4.8000000e-01
  2.1000000e-01  5.4000000e-01  2.0000000e-02  2.4000000e-01
  5.2000000e-01  6.4000000e-01  8.0000000e-01 -2.8000000e-01
  7.4000000e-01 -2.4000000e-01][-7.0000000e-01 -9.8000000e-01  7.1000000e-01 -1.0000000e-02
  5.3000000e-01  9.3000000e-01  8.8817842e-16 -2.0000000e-02
  4.0000000e-02 -1.1000000e-01 -5.1000000e-01 -4.0000000e-02
 -5.0000000e-02  6.0000000e-02 -6.3000000e-01  8.1000000e-01
  6.1000000e-01 -2.6000000e-01  8.4000000e-01 -8.4000000e-01
 -5.6000000e-01 -1.9000000e-01  2.8000000e-01  7.0000000e-01
 -9.9000000e-01  7.0000000e-02  7.3000000e-01  2.0000000e-02
  1.9000000e-01  6.0000000e-01  8.4000000e-01  7.7000000e-01
 -4.5000000e-01  4.2000000e-01 -3.0000000e-02 -3.7000000e-01
  5.2000000e-01 -6.5000000e-01 -7.9000000e-01 -9.0000000e-01
  4.1000000e-01  9.3000000e-01  5.6000000e-01  9.5000000e-01
  2.8000000e-01 -1.5000000e-01  5.3000000e-01 -9.6000000e-01
  1.4000000e-01  4.5000000e-01  4.0000000e-02  2.4000000e-01
 -9.4000000e-01  3.3000000e-01  4.9000000e-01  5.5000000e-01
 -6.0000000e-02  1.0000000e-02 -5.5000000e-01 -3.6000000e-01
 -7.3000000e-01  7.7000000e-01  2.5000000e-01 -3.0000000e-01
  5.5000000e-01  2.6000000e-01  9.6000000e-01  3.0000000e-01
  8.0000000e-01 -1.0000000e+00  7.7000000e-01  5.0000000e-02
 -3.5000000e-01 -1.3000000e-01 -8.3000000e-01  9.5000000e-01
  3.0000000e-02 -8.7000000e-01  8.7000000e-01  4.0000000e-01
 -4.5000000e-01  5.4000000e-01 -3.0000000e-01  6.1000000e-01
  7.0000000e-01 -7.3000000e-01 -5.1000000e-01 -8.9000000e-01
  1.0000000e-01  8.5000000e-01][ 3.4000000e-01  2.3000000e-01 -1.7000000e-01  6.5000000e-01
  8.8817842e-16 -9.2000000e-01 -3.0000000e-02  4.1000000e-01
  2.1000000e-01 -6.9000000e-01  4.5000000e-01 -8.3000000e-01
  8.0000000e-01 -3.4000000e-01  7.8000000e-01  2.0000000e-02
 -3.4000000e-01 -7.3000000e-01  2.6000000e-01 -9.2000000e-01
  8.9000000e-01  2.4000000e-01  7.9000000e-01 -4.4000000e-01
 -9.7000000e-01 -1.1000000e-01  7.0000000e-02 -7.0000000e-02
 -1.1000000e-01 -7.3000000e-01  8.7000000e-01  9.7000000e-01
  4.9000000e-01 -8.3000000e-01 -5.6000000e-01  8.1000000e-01
  9.6000000e-01 -6.4000000e-01 -2.3000000e-01  7.5000000e-01
  1.5000000e-01 -2.2000000e-01 -5.3000000e-01 -5.6000000e-01
  1.3000000e-01  2.9000000e-01  1.1000000e-01 -9.4000000e-01
  8.9000000e-01  5.1000000e-01  3.4000000e-01  5.3000000e-01
  4.5000000e-01 -8.9000000e-01  5.1000000e-01  9.6000000e-01
 -9.1000000e-01 -5.2000000e-01  7.4000000e-01  7.0000000e-01
 -9.8000000e-01  3.0000000e-02 -6.4000000e-01 -1.4000000e-01
 -7.2000000e-01  7.0000000e-01 -7.7000000e-01 -9.0000000e-02
  4.1000000e-01  2.7000000e-01  5.3000000e-01 -2.9000000e-01
 -1.4000000e-01 -9.4000000e-01 -2.0000000e-02  1.6000000e-01
  3.7000000e-01  6.6000000e-01  3.0000000e-01 -3.0000000e-02
 -2.4000000e-01 -9.6000000e-01 -3.3000000e-01 -5.0000000e-01
 -6.9000000e-01 -4.0000000e-01 -9.5000000e-01  4.3000000e-01
  1.2000000e-01  9.9000000e-01][-0.61 -0.74 -0.7  -0.86 -0.83 -0.08  0.82  0.57  0.13  0.13 -0.84  0.91
  0.82  0.67 -0.45  0.65 -0.46  0.09 -0.54  0.84  0.24  0.9   0.88  0.86
 -0.75 -0.43  0.24 -0.66  0.1   0.07  0.82 -0.55 -0.15 -0.57 -0.47 -0.07
  0.87  0.08  0.92 -0.27 -0.13 -0.5   0.53  0.32 -0.89  0.78 -0.87  0.99
  0.13 -0.34 -0.49 -0.91 -0.96  0.19  0.59 -0.48 -0.29 -0.7   0.52  0.1
 -0.41  0.41  0.27  0.89 -0.22 -0.69 -0.48 -0.63 -0.63  0.59 -0.66 -0.67
 -0.55 -0.13  0.75  0.25  0.4   0.88 -0.62  0.49 -0.45  0.59  0.44  0.97
 -0.67  0.53  0.31 -0.96 -0.7   0.68][-6.4000000e-01  4.2000000e-01 -5.4000000e-01 -5.7000000e-01
  9.0000000e-02 -9.7000000e-01  7.8000000e-01  2.9000000e-01
  6.8000000e-01  1.1000000e-01  8.8000000e-01 -8.1000000e-01
  7.0000000e-01  7.8000000e-01 -4.0000000e-01  2.2000000e-01
 -2.0000000e-01 -5.6000000e-01  8.1000000e-01 -2.6000000e-01
 -2.5000000e-01  1.5000000e-01 -6.4000000e-01  1.7000000e-01
  9.7000000e-01 -8.1000000e-01 -3.8000000e-01 -5.4000000e-01
  8.4000000e-01  7.8000000e-01  3.8000000e-01  8.8817842e-16
 -9.0000000e-02  9.7000000e-01  2.7000000e-01 -2.9000000e-01
 -7.0000000e-01 -6.3000000e-01  5.3000000e-01  2.8000000e-01
 -2.2000000e-01 -4.7000000e-01  1.3000000e-01  8.6000000e-01
 -1.1000000e-01 -9.0000000e-01  4.5000000e-01 -1.0000000e-02
  8.8000000e-01 -4.1000000e-01  8.1000000e-01  6.4000000e-01
 -6.4000000e-01 -9.0000000e-02  2.6000000e-01  5.3000000e-01
  1.4000000e-01  8.0000000e-02  1.7000000e-01 -8.5000000e-01
 -9.6000000e-01 -9.6000000e-01 -3.4000000e-01  3.0000000e-02
 -6.4000000e-01  1.9000000e-01  1.3000000e-01  4.7000000e-01
  5.3000000e-01  9.5000000e-01 -6.0000000e-02  9.8000000e-01
  5.5000000e-01  7.0000000e-01  2.6000000e-01  7.0000000e-01
 -8.9000000e-01  1.0000000e-01  3.3000000e-01  3.8000000e-01
  2.4000000e-01  8.7000000e-01 -7.3000000e-01  7.9000000e-01
  9.9000000e-01  8.8817842e-16  7.5000000e-01  9.2000000e-01
 -6.7000000e-01  4.1000000e-01][ 0.92  0.58 -0.25  0.25  0.16  0.12 -0.62  0.25 -0.24  0.4  -0.47 -0.49
  0.27 -0.01 -0.39 -0.11 -0.23  0.08  0.04 -0.2   0.66 -0.29 -0.47  0.05
  0.54  0.71  0.52  0.41  0.48  0.47 -0.66 -0.88 -1.   -0.81  0.15 -0.87
 -0.18 -0.03  0.32  0.52 -0.74 -0.63 -0.64  0.42 -0.81  0.47  0.99  0.88
  0.3  -0.04  0.03  0.32  0.54 -0.59 -0.14  0.19  0.01  0.52 -0.14 -0.77
 -0.67 -0.7  -0.26  0.37 -0.16 -0.19 -0.8  -0.63 -0.16 -0.36 -0.01 -0.73
 -0.38 -0.35  0.99  0.59 -0.3   0.03 -0.16 -0.27 -0.29 -0.12 -0.01 -0.47
 -0.06 -0.8  -0.13  0.96  0.05 -0.87][ 0.66  0.32  0.61 -0.59 -0.13 -0.17  0.12  0.73 -0.77 -0.12 -0.82  0.21
  0.29 -0.01  0.24  0.24  0.39  0.18 -0.29 -0.41  0.95  0.99 -0.86  0.64
  0.95 -0.53  0.76  0.8  -0.19 -0.31 -0.06  0.05  0.48 -0.11  0.72 -0.54
  0.93 -0.74 -0.71 -0.98  0.26  0.23 -0.85  0.84  0.53  0.3   0.16  0.53
  0.16  0.72  0.61  0.13  0.05  0.71  0.7  -0.1  -0.48  0.93 -0.91  0.66
 -0.11 -0.83  0.53  0.02 -0.15 -0.92 -0.3   0.99  0.73  0.25  0.87  0.16
  0.26 -0.6  -0.96  0.27  0.19  0.68  0.92 -0.21  0.71 -0.9   0.01  0.75
  0.91 -0.81  0.38 -0.09  0.35 -0.62][ 0.48 -0.64 -0.21 -0.74 -0.34 -0.76 -0.6  -0.07 -0.87  0.46 -0.79  0.37
 -0.89  0.04  0.28  0.12 -0.55 -0.77  0.78  0.6   0.47  0.32  0.84  0.82
 -0.82 -0.57  0.6   0.1   0.27 -0.02  0.62 -0.69  0.25  0.93 -0.39 -0.1
  0.23 -0.35  0.35 -0.75 -0.9   0.57  0.03  0.49  0.67  0.81 -0.2  -0.55
  0.59 -0.02  0.6  -0.7  -0.61  0.63  0.14  0.79 -0.05 -0.6  -0.27 -0.63
 -0.94 -0.07  0.73  0.58  0.42  0.77 -1.    0.31  0.6  -0.83 -0.38  0.93
 -1.    0.51 -0.28 -0.15  0.84  0.09 -0.56 -0.86  0.78 -0.16  0.86  0.1
  0.5   0.5  -0.3   0.75  0.28 -0.59][-0.32  0.07 -0.18  0.46 -0.98 -0.62  0.21  0.58  0.29 -0.18  0.74 -0.08
  0.67  0.29 -0.92  0.91  0.18 -0.45 -0.24 -0.62  0.82 -0.27 -0.4  -0.17
  0.79  0.06  0.84  0.67  0.21 -0.36 -0.69  0.21  0.85  0.43  0.09  0.98
  0.86  0.31  0.66 -0.68  0.49 -0.63 -0.26 -0.74 -0.9   0.92 -0.19 -0.77
 -0.05  0.71 -0.85  0.02 -0.26 -0.23  0.7  -0.09 -0.6  -0.05  0.07 -0.52
 -0.58  0.38  0.38 -1.   -0.21  0.25  0.78 -0.95  0.42 -0.02  0.31 -0.36
  0.73 -0.31 -0.21 -0.06 -0.54 -0.97  0.22 -0.59  0.29  0.36 -0.27 -0.34
  0.3   0.76 -0.58 -0.64  0.56  0.28][-0.81  0.31  0.53  0.21  0.28  0.52  0.03 -0.03  0.5   0.19 -0.64 -0.26
 -0.81  0.84  0.52  0.61  0.4  -0.25  0.06 -0.02  0.15 -0.65  0.99 -0.17
  0.81  0.49 -0.89 -0.32 -0.54  0.27  0.71  0.73 -0.01 -0.08 -0.64 -0.24
 -0.52 -0.87  0.63  0.69  0.54  0.84  0.25 -0.99  0.22 -0.6   0.18 -0.56
 -0.6   0.67 -0.69 -0.83 -0.02 -0.3  -0.01 -0.07  0.6   0.03 -0.61 -0.45
  0.14 -0.83  0.73  0.3   0.59  0.62 -0.03 -0.66 -0.97  0.75  0.15  0.32
  0.04  0.92  0.44 -0.1   0.42 -0.52  0.71 -0.3   0.29 -0.66 -0.82  0.04
 -0.6  -0.27 -0.65 -0.39 -0.45 -0.92][-0.04  0.37 -0.22  0.64 -0.63 -0.31  0.32 -0.8  -0.25  0.58  0.36  0.67
  0.84 -0.61  0.21 -0.55  0.79 -0.48  0.49 -1.   -0.54 -0.57 -0.96  0.14
  0.98  0.2  -0.58 -0.49  0.91  0.05 -0.87  0.98  0.17  0.1  -0.51  0.55
 -0.03  0.34 -0.61  0.36 -0.08  0.53  0.94  0.54  0.05  0.71  0.17 -0.17
  0.65  0.31  0.6   0.15  0.05 -0.46  0.4   0.77  0.95 -0.5  -0.23  0.37
 -0.68 -0.01 -0.33 -0.72  0.47 -0.4   0.04 -0.71 -0.26  0.87  0.57  0.55
  0.63  0.05 -0.03 -0.05 -0.43  0.08 -0.44  0.55 -0.81 -0.65 -0.01  0.51
  0.62 -0.04 -0.49 -0.33 -0.05 -0.58][-0.48 -0.09  0.13 -0.83 -0.53  0.75 -0.06 -0.5   0.97 -0.65 -0.34  0.79
 -1.   -0.08 -0.96 -0.3  -0.09  0.95  0.36  0.02 -0.64  0.88  0.24  0.92
 -0.98 -0.36  0.09 -0.88 -0.58 -0.79 -0.62  0.89 -0.86  0.87  0.41 -0.63
  0.57  0.28 -0.59  0.06  0.25 -0.44  0.06 -0.45 -0.49 -0.27 -0.81 -0.95
  0.95 -0.52 -0.34 -0.66  0.41 -0.51 -0.15 -0.33 -0.13  0.53 -0.11 -0.27
  0.94 -0.9   0.72  0.14  0.33 -0.21  0.49 -0.07 -0.53  0.45 -0.09  0.67
  0.76 -0.03 -0.47  0.12  0.89 -0.15 -0.23  0.38  0.76  0.46 -0.95 -0.38
  0.31 -0.91 -0.84 -0.27  0.18 -0.81][-9.7000000e-01  7.4000000e-01 -5.5000000e-01  3.1000000e-01
  2.3000000e-01 -9.0000000e-01 -7.0000000e-02  8.0000000e-02
 -5.4000000e-01  8.0000000e-02  2.8000000e-01 -2.6000000e-01
 -4.1000000e-01  8.5000000e-01  7.9000000e-01 -5.4000000e-01
  2.2000000e-01  8.1000000e-01 -6.0000000e-01 -7.5000000e-01
  4.0000000e-01 -3.2000000e-01 -2.3000000e-01 -4.0000000e-02
  1.7000000e-01 -2.0000000e-02  8.0000000e-01  3.5000000e-01
 -9.3000000e-01 -5.9000000e-01  1.5000000e-01  6.3000000e-01
  3.6000000e-01  8.8000000e-01 -8.2000000e-01 -3.0000000e-01
 -3.5000000e-01  6.5000000e-01  6.6000000e-01  3.2000000e-01
  4.6000000e-01 -3.4000000e-01  2.0000000e-01  7.0000000e-02
 -9.6000000e-01 -6.0000000e-02  8.6000000e-01  1.9000000e-01
 -1.0000000e+00 -7.9000000e-01 -7.9000000e-01  2.8000000e-01
 -6.8000000e-01 -9.3000000e-01 -1.0000000e+00 -8.7000000e-01
  5.1000000e-01  7.4000000e-01  8.8817842e-16 -8.6000000e-01
 -7.2000000e-01  9.7000000e-01 -8.7000000e-01 -1.1000000e-01
  8.8000000e-01  8.2000000e-01  9.5000000e-01 -2.9000000e-01
  5.4000000e-01  2.6000000e-01  7.4000000e-01 -1.8000000e-01
 -2.0000000e-02  4.5000000e-01  3.8000000e-01  4.6000000e-01
  9.3000000e-01  6.1000000e-01 -8.0000000e-02 -4.7000000e-01
  5.1000000e-01 -9.5000000e-01 -6.2000000e-01 -8.5000000e-01
  3.4000000e-01  5.3000000e-01 -7.7000000e-01  3.9000000e-01
 -6.3000000e-01 -2.2000000e-01][ 3.0000000e-01 -7.7000000e-01  8.8817842e-16  6.2000000e-01
 -1.0000000e+00  1.9000000e-01  7.5000000e-01 -2.1000000e-01
 -1.0000000e-02  9.6000000e-01 -2.2000000e-01 -1.0000000e+00
 -6.9000000e-01 -9.9000000e-01 -8.5000000e-01  5.2000000e-01
  3.0000000e-02 -3.7000000e-01 -2.7000000e-01 -7.3000000e-01
 -2.9000000e-01  2.3000000e-01 -6.7000000e-01  6.1000000e-01
  7.0000000e-01  2.1000000e-01 -5.7000000e-01  8.8000000e-01
  8.4000000e-01 -9.0000000e-01 -2.1000000e-01  1.6000000e-01
  3.3000000e-01  7.3000000e-01 -9.7000000e-01  1.8000000e-01
 -4.2000000e-01 -3.5000000e-01 -3.4000000e-01 -1.0000000e-01
 -2.0000000e-01 -1.0000000e+00  5.0000000e-01  2.1000000e-01
 -8.7000000e-01 -8.0000000e-02  6.3000000e-01  1.0000000e-02
  9.4000000e-01  6.0000000e-02 -1.8000000e-01 -6.4000000e-01
 -4.2000000e-01 -7.9000000e-01  2.2000000e-01 -1.0000000e-01
  5.2000000e-01 -2.3000000e-01  6.0000000e-01 -9.7000000e-01
  7.6000000e-01  2.8000000e-01 -4.3000000e-01  4.1000000e-01
  2.8000000e-01 -9.6000000e-01  9.9000000e-01 -3.3000000e-01
 -6.3000000e-01 -7.0000000e-01 -2.5000000e-01  7.2000000e-01
  5.7000000e-01  8.4000000e-01  5.9000000e-01  2.5000000e-01
  3.7000000e-01  4.1000000e-01  9.0000000e-01  8.3000000e-01
  3.7000000e-01  4.1000000e-01 -6.6000000e-01 -8.4000000e-01
 -1.5000000e-01  7.7000000e-01  1.8000000e-01 -6.8000000e-01
  8.0000000e-01  7.6000000e-01][-0.35 -0.97  0.55  0.12 -0.96  0.24  0.29 -0.65  0.27  0.4  -0.25 -0.22
  0.3   0.77  0.84 -0.15  0.18  0.16 -0.63 -0.06 -0.06 -0.35 -0.21 -0.65
  0.09 -0.15  0.71  0.18  0.71 -0.09  0.68  0.09 -0.24  0.04 -0.74  0.08
 -0.16 -0.76 -0.27 -0.28 -0.33 -0.46 -0.72  0.41 -0.28  0.39  0.84  0.24
 -0.74 -0.2  -0.14  0.13  0.41  0.21  0.33  0.47 -0.86 -0.74  0.13  0.4
  0.26 -0.53 -0.01  0.01  0.78 -0.91  0.94 -0.65  0.72 -1.   -0.92  0.28
  0.98  0.32 -0.24 -0.06 -0.56  0.03 -0.53  0.97 -0.67  0.9  -0.5   0.56
 -0.8   0.17 -0.23  0.02 -0.45 -0.07][-1.    0.55  0.91  0.33 -0.74 -0.41  0.8  -0.7  -0.99 -0.68  0.26 -0.27
 -0.77  0.34  0.46 -0.39 -0.66  0.24 -0.41 -0.53 -0.37 -0.56 -0.76  0.22
 -0.59 -0.9   0.24  0.49 -0.69  0.98  0.1   0.8   0.81  0.15  0.25 -0.28
 -0.32 -0.08  0.89  0.39 -0.6  -0.98 -0.72  0.62  0.26 -0.17 -0.96  0.76
  0.56  0.89 -0.72  0.55  0.76  0.35  0.47 -0.72 -1.    0.75 -0.52 -0.62
 -0.1   0.45  0.76 -0.84  0.12 -0.45 -0.46 -0.47 -0.91  0.75 -0.33  0.41
  0.77 -0.86  0.6   0.66 -0.53  0.06  0.73  0.27  0.3  -0.32  0.75 -0.79
  0.89 -0.45 -0.44 -0.56 -0.57  0.52][ 0.49  0.75  0.52 -0.33 -0.92  0.6  -0.24  0.42 -0.6  -0.83 -0.54  0.24
 -0.22 -0.46  0.3   0.57  0.4   0.26  0.94  0.86  0.45 -0.44  0.81  0.88
  0.62  0.34 -0.47  0.71 -0.05 -0.92  0.78 -0.63  0.42 -0.79 -0.35  0.27
 -0.12 -0.38  0.96 -0.01  0.62 -0.98 -0.51  0.63  0.49  0.63  0.76 -0.45
 -0.23  0.75  0.4  -0.47 -0.48 -0.55  0.94  0.49  0.01  0.42 -0.68 -0.66
  0.58 -0.59  0.67  0.26  0.59 -0.36 -0.54  0.95  0.31 -0.4   0.67  0.18
 -0.81  0.8  -0.56 -0.04 -0.94  0.5   0.01  0.39 -0.5   0.03 -0.87 -0.24
  0.64  0.21  0.71  0.85 -0.52 -0.82][-8.6000000e-01  7.4000000e-01  8.7000000e-01  7.1000000e-01
  3.7000000e-01  4.9000000e-01 -9.9000000e-01 -6.8000000e-01
  2.4000000e-01 -3.3000000e-01  1.1000000e-01 -4.4000000e-01
  1.3000000e-01  4.3000000e-01  5.4000000e-01  8.8817842e-16
 -6.1000000e-01  4.5000000e-01 -2.1000000e-01  9.1000000e-01
 -2.9000000e-01 -4.9000000e-01  1.6000000e-01 -6.2000000e-01
  9.7000000e-01 -6.2000000e-01 -2.2000000e-01 -2.2000000e-01
  4.6000000e-01 -9.3000000e-01  7.9000000e-01  1.6000000e-01
 -4.8000000e-01  8.0000000e-01 -5.0000000e-02 -4.7000000e-01
  8.7000000e-01  3.6000000e-01  6.6000000e-01  7.5000000e-01
 -9.6000000e-01 -2.7000000e-01 -9.3000000e-01  3.4000000e-01
  1.4000000e-01 -6.9000000e-01  9.3000000e-01  2.8000000e-01
 -7.4000000e-01 -2.5000000e-01  4.3000000e-01 -5.2000000e-01
  3.3000000e-01  5.6000000e-01  1.1000000e-01 -9.5000000e-01
 -9.4000000e-01  5.9000000e-01 -2.1000000e-01 -8.2000000e-01
  4.0000000e-02 -2.9000000e-01  4.2000000e-01  9.1000000e-01
 -2.8000000e-01 -4.4000000e-01  5.3000000e-01  6.6000000e-01
  7.4000000e-01 -7.3000000e-01  2.9000000e-01 -5.0000000e-02
  3.7000000e-01  3.9000000e-01 -9.4000000e-01 -2.0000000e-02
 -2.7000000e-01  3.6000000e-01  5.0000000e-02  8.8000000e-01
 -8.6000000e-01  8.8000000e-01 -8.0000000e-02 -3.4000000e-01
 -4.0000000e-01  8.5000000e-01 -5.4000000e-01 -5.9000000e-01
 -2.7000000e-01 -9.9000000e-01][-0.51  0.28 -0.83 -0.31 -0.32  0.16 -0.68  0.36 -0.92  0.06 -0.23  0.84
  0.92 -0.88 -0.42  0.64 -0.37 -0.12 -0.85  0.88 -0.57 -0.74 -0.5   0.2
 -0.99 -0.1  -0.11 -0.39 -0.46  0.32  0.49  0.08  0.44 -0.25  0.32 -0.52
 -0.98  0.24  0.33 -0.56  0.74 -0.92 -0.98 -0.56 -0.73 -0.31  0.21  0.29
  0.48 -0.74  0.83  0.71 -0.11  0.13  0.52 -0.36 -0.46 -0.46  0.59 -0.08
 -0.26 -0.01 -0.26 -0.99  0.5   0.5   0.3   0.41  0.44 -0.77 -0.02  0.38
  0.63  0.94  0.64 -0.19  0.63 -0.86  0.72  0.03 -0.17 -0.55 -0.75 -0.74
 -0.81 -0.82  0.19 -0.48 -0.41  0.67][ 7.4000000e-01  2.2000000e-01  5.6000000e-01  9.4000000e-01
  7.2000000e-01  4.6000000e-01  4.9000000e-01  6.8000000e-01
  6.9000000e-01  2.7000000e-01  3.6000000e-01 -2.1000000e-01
 -7.5000000e-01  8.1000000e-01 -7.4000000e-01 -9.9000000e-01
  4.4000000e-01 -3.9000000e-01  4.6000000e-01  2.2000000e-01
  1.3000000e-01  3.8000000e-01  4.7000000e-01 -1.6000000e-01
  7.5000000e-01 -3.3000000e-01 -1.0000000e-02 -9.6000000e-01
  6.8000000e-01 -8.0000000e-01  4.3000000e-01 -9.3000000e-01
 -7.1000000e-01 -6.9000000e-01 -9.8000000e-01  9.1000000e-01
  3.2000000e-01  2.2000000e-01 -8.9000000e-01  7.4000000e-01
 -7.1000000e-01 -5.8000000e-01  4.2000000e-01  9.0000000e-02
  1.1000000e-01  2.8000000e-01 -4.6000000e-01 -5.4000000e-01
 -7.4000000e-01  3.9000000e-01  5.6000000e-01  9.8000000e-01
 -4.6000000e-01 -2.8000000e-01 -4.4000000e-01  2.1000000e-01
 -6.0000000e-02  9.7000000e-01  9.3000000e-01  1.2000000e-01
  8.3000000e-01  3.7000000e-01  8.8817842e-16 -8.0000000e-01
 -1.1000000e-01  7.0000000e-02 -8.5000000e-01 -3.3000000e-01
  7.2000000e-01  4.5000000e-01 -3.0000000e-01 -9.4000000e-01
 -4.1000000e-01 -8.4000000e-01  8.9000000e-01 -8.3000000e-01
  9.5000000e-01  3.0000000e-01 -3.8000000e-01  5.6000000e-01
  9.2000000e-01 -6.7000000e-01 -3.5000000e-01  7.0000000e-02
  9.5000000e-01  6.1000000e-01  7.6000000e-01  1.4000000e-01
 -8.9000000e-01 -6.4000000e-01][-0.08  0.52 -0.87  0.95  0.92 -0.01  0.99 -0.13 -0.66 -0.16  0.65 -0.68
  0.63  0.02 -0.46 -0.4   0.22  0.22  0.43 -0.79  0.68  0.94  0.38 -0.16
  0.77  0.38 -0.92 -0.16 -0.9  -0.62 -0.14  0.63 -0.32 -0.35 -0.52  0.93
 -0.57 -0.71  0.46  0.31  0.92  0.21  0.4   0.96 -0.96  0.79  0.07  0.17
  0.41  0.16 -0.77  0.87 -0.58 -0.34  0.58 -0.48 -0.3   0.72 -0.2   0.28
 -0.09 -0.72  0.67  0.8  -0.62  0.19  0.38 -0.07  0.72 -0.99 -0.87 -0.11
 -0.59  0.02 -0.61  0.6   0.87  0.55 -0.85 -0.5   0.47 -0.72  0.52  0.42
  0.48  0.62  0.34 -0.77 -0.42 -0.28][ 4.1000000e-01 -2.0000000e-02 -2.5000000e-01 -7.2000000e-01
 -3.7000000e-01  9.3000000e-01 -5.2000000e-01  4.5000000e-01
  7.9000000e-01  4.0000000e-02 -8.8000000e-01 -4.2000000e-01
  6.8000000e-01  9.2000000e-01 -9.8000000e-01 -6.4000000e-01
  6.0000000e-01  3.3000000e-01 -2.0000000e-01 -3.3000000e-01
  5.5000000e-01 -7.6000000e-01  5.5000000e-01  6.5000000e-01
 -2.9000000e-01  8.6000000e-01  3.0000000e-01  7.5000000e-01
  9.0000000e-01 -3.3000000e-01 -4.7000000e-01 -9.5000000e-01
 -4.9000000e-01 -9.6000000e-01  8.3000000e-01 -7.9000000e-01
  7.0000000e-02 -9.2000000e-01  2.6000000e-01  3.0000000e-02
  9.4000000e-01  4.6000000e-01  2.2000000e-01 -1.3000000e-01
  9.6000000e-01  9.8000000e-01 -9.3000000e-01  5.0000000e-01
 -1.8000000e-01  5.8000000e-01  5.6000000e-01  5.8000000e-01
  4.6000000e-01  1.0000000e-02 -9.0000000e-01  7.3000000e-01
  1.5000000e-01  7.9000000e-01 -5.4000000e-01 -8.3000000e-01
  8.8817842e-16  2.0000000e-02 -1.5000000e-01  9.1000000e-01
  9.4000000e-01 -9.3000000e-01  6.7000000e-01 -8.1000000e-01
 -5.0000000e-02 -9.7000000e-01  6.4000000e-01 -9.1000000e-01
  2.6000000e-01  6.2000000e-01 -9.7000000e-01  9.2000000e-01
 -4.2000000e-01  7.4000000e-01 -6.9000000e-01 -1.3000000e-01
  5.7000000e-01 -9.0000000e-01  9.4000000e-01 -1.4000000e-01
  4.4000000e-01  6.5000000e-01 -3.6000000e-01 -5.5000000e-01
 -7.9000000e-01 -4.7000000e-01][-0.65  0.5  -0.36 -0.26 -0.25  0.41 -0.06  0.79 -0.31  0.37  0.61 -0.77
  0.52  0.44 -0.14 -0.35 -0.82  0.72 -0.93  0.78  0.34 -0.67 -0.94 -0.11
 -0.75  0.99  0.64 -0.32  0.34 -0.02 -0.26  0.57  0.52  0.58  0.12 -0.8
  0.14 -0.01  0.8  -0.94  0.73 -0.54  0.07  0.42  0.79  0.24  0.92  0.47
  0.44 -0.32  0.55  0.75 -0.27 -0.63 -0.69 -0.14 -0.24 -0.18 -0.26 -0.69
 -0.84 -0.62  0.87  0.46  0.92 -0.46  0.48  0.14 -0.4  -0.17  0.06 -0.43
 -0.67  0.44 -0.27  0.93 -0.2   0.57  0.44 -0.56  0.89  0.04  0.21 -0.11
  0.93  0.44  0.74 -0.39 -0.97 -0.27][ 8.8000000e-01 -2.3000000e-01  3.6000000e-01  1.8000000e-01
 -8.0000000e-01 -5.2000000e-01 -1.0000000e+00  8.7000000e-01
 -7.0000000e-02 -7.3000000e-01  9.2000000e-01  3.4000000e-01
 -5.0000000e-02  6.4000000e-01 -4.6000000e-01 -2.8000000e-01
 -9.9000000e-01  3.5000000e-01 -2.7000000e-01 -6.0000000e-02
  3.8000000e-01 -4.0000000e-02 -2.3000000e-01 -2.6000000e-01
  8.1000000e-01 -2.7000000e-01 -1.2000000e-01  9.1000000e-01
  1.6000000e-01  2.3000000e-01 -2.5000000e-01 -7.7000000e-01
  3.0000000e-02 -3.7000000e-01  6.4000000e-01 -1.9000000e-01
 -8.6000000e-01  7.8000000e-01  8.5000000e-01 -6.0000000e-01
 -6.5000000e-01 -4.2000000e-01 -2.0000000e-02  8.0000000e-01
  5.5000000e-01 -4.5000000e-01  3.6000000e-01 -8.5000000e-01
  6.5000000e-01 -3.9000000e-01  6.7000000e-01  4.5000000e-01
  9.9000000e-01  8.0000000e-01  5.1000000e-01  9.9000000e-01
 -1.0000000e-01 -3.9000000e-01 -4.7000000e-01  6.0000000e-01
 -2.7000000e-01 -1.8000000e-01 -7.9000000e-01 -6.1000000e-01
 -6.1000000e-01 -4.8000000e-01 -8.2000000e-01 -7.1000000e-01
  8.8817842e-16 -6.6000000e-01  2.2000000e-01  7.7000000e-01
  1.0000000e-01  4.2000000e-01 -7.4000000e-01  1.5000000e-01
  7.0000000e-02  9.9000000e-01  2.3000000e-01  4.6000000e-01
  1.0000000e-01 -7.7000000e-01  9.4000000e-01  3.0000000e-02
  6.9000000e-01 -5.4000000e-01 -2.3000000e-01 -6.2000000e-01
 -4.0000000e-02  9.9000000e-01][-1.7000000e-01 -9.7000000e-01  7.3000000e-01  2.9000000e-01
  6.0000000e-02 -4.8000000e-01  9.4000000e-01  8.6000000e-01
 -4.2000000e-01 -9.7000000e-01 -9.0000000e-01 -2.8000000e-01
  4.6000000e-01 -6.8000000e-01  6.0000000e-02 -2.0000000e-01
 -6.0000000e-02  7.1000000e-01  2.3000000e-01  8.2000000e-01
 -9.3000000e-01 -1.4000000e-01  3.9000000e-01  6.1000000e-01
  5.7000000e-01  9.3000000e-01  5.3000000e-01 -1.4000000e-01
 -8.8000000e-01  2.3000000e-01  2.8000000e-01  6.1000000e-01
 -2.0000000e-01  4.6000000e-01  2.0000000e-02 -3.4000000e-01
  6.9000000e-01  5.2000000e-01 -7.6000000e-01 -1.3000000e-01
  7.0000000e-01 -3.6000000e-01 -4.7000000e-01 -1.6000000e-01
  8.8000000e-01  8.5000000e-01  6.2000000e-01 -4.3000000e-01
  9.0000000e-02 -9.7000000e-01 -2.3000000e-01 -4.7000000e-01
 -2.3000000e-01 -2.0000000e-02 -8.8000000e-01  1.2000000e-01
 -3.6000000e-01  8.2000000e-01 -3.7000000e-01  3.1000000e-01
  8.3000000e-01 -9.3000000e-01  6.5000000e-01  8.2000000e-01
  5.8000000e-01  8.8817842e-16  9.4000000e-01 -5.9000000e-01
  1.4000000e-01 -2.2000000e-01 -4.0000000e-01  5.0000000e-02
  6.8000000e-01  1.0000000e-02  7.7000000e-01 -2.8000000e-01
 -9.2000000e-01  6.6000000e-01  2.1000000e-01  8.8000000e-01
  3.4000000e-01 -4.0000000e-01 -4.0000000e-01  7.0000000e-02
 -7.2000000e-01 -4.0000000e-02 -8.2000000e-01  9.0000000e-01
  4.7000000e-01  4.7000000e-01][ 0.28  0.92 -0.95 -0.17  0.79  0.03  0.67  0.42 -0.01 -0.19 -0.6   0.91
  0.96  0.87  0.04  0.59 -0.6  -0.35 -0.58 -0.2  -0.48  0.9  -0.83  0.41
  0.17  0.05 -0.54 -0.42  0.11  0.72  0.51 -0.58  0.04 -0.96  0.55  0.98
 -0.07  0.68  0.68  0.75  0.87 -0.42  0.96 -0.22 -0.91 -0.23  0.41 -0.34
  0.66 -0.89  0.95  0.08  0.25 -0.3  -0.11 -0.3   0.57  0.15 -0.16  0.82
  0.39 -0.23  0.7   0.99 -0.43  0.74  0.29  0.71  0.86  0.34  0.19  0.48
 -0.84 -0.25  0.75 -0.78 -0.23  0.08 -0.39 -0.67  0.97  0.64  0.47 -0.72
  0.48  0.22 -0.65  0.12  0.54  0.12][ 3.4000000e-01  7.5000000e-01  3.6000000e-01  8.8817842e-16
 -3.9000000e-01 -4.4000000e-01  5.2000000e-01  6.8000000e-01
 -6.9000000e-01 -1.6000000e-01  5.1000000e-01  8.8000000e-01
  5.8000000e-01  3.8000000e-01  2.8000000e-01 -2.9000000e-01
 -7.3000000e-01 -3.0000000e-02  1.2000000e-01  3.6000000e-01
 -6.7000000e-01 -2.9000000e-01  5.5000000e-01 -3.2000000e-01
  1.7000000e-01  2.5000000e-01  4.8000000e-01 -9.8000000e-01
  1.7000000e-01  3.3000000e-01  4.0000000e-01  3.9000000e-01
  2.6000000e-01  7.2000000e-01 -5.2000000e-01 -9.4000000e-01
 -7.7000000e-01  1.8000000e-01  6.6000000e-01 -5.0000000e-02
  8.0000000e-01 -5.0000000e-01 -7.0000000e-01 -4.6000000e-01
  9.1000000e-01  3.9000000e-01  4.4000000e-01  2.9000000e-01
  9.0000000e-02 -3.1000000e-01  9.7000000e-01 -2.4000000e-01
 -4.8000000e-01  2.5000000e-01  1.0000000e-01 -9.2000000e-01
  8.7000000e-01  4.8000000e-01 -1.9000000e-01  3.6000000e-01
  7.3000000e-01 -3.4000000e-01  9.3000000e-01 -3.3000000e-01
 -7.2000000e-01 -5.7000000e-01 -3.3000000e-01 -2.7000000e-01
 -7.6000000e-01  8.7000000e-01  1.6000000e-01  9.8000000e-01
  8.0000000e-01 -4.4000000e-01  7.1000000e-01 -4.4000000e-01
  7.8000000e-01 -6.9000000e-01  5.7000000e-01 -2.7000000e-01
 -3.0000000e-01  1.5000000e-01  3.5000000e-01  9.4000000e-01
 -5.5000000e-01  2.7000000e-01 -9.8000000e-01 -4.7000000e-01
  5.1000000e-01  5.9000000e-01][-0.56 -0.11 -0.54 -0.17 -0.38 -0.3   0.27 -0.09  0.6  -0.62 -0.42  0.76
  0.43 -0.23 -0.46 -0.01  0.46  0.74  0.27  0.28  0.12 -0.54  0.34  0.2
  0.04 -0.41 -0.13  0.84  0.49  0.54 -0.01 -0.87 -0.62  0.36 -0.78 -0.95
 -0.04  0.82  0.2  -0.25  0.96  0.35  0.67  0.73  0.11 -0.51  0.49 -0.18
 -0.37 -0.71 -0.6   0.48 -0.16  0.34  0.38  0.14  0.33 -0.22  0.17 -0.84
 -0.67  0.12  0.45 -0.8  -0.62  0.46  0.77 -0.95 -0.05 -0.04  0.03  0.15
 -0.84 -0.96  0.8   0.42  0.88  0.54 -0.76  0.01 -0.52 -0.88  0.59  0.6
  0.34 -0.97 -0.7   0.67  0.19  0.62][-0.39  0.15 -0.13 -0.9  -0.84 -0.74  0.13 -0.88 -0.42  0.82 -0.5   0.2
  0.29  0.79 -0.06  0.83 -0.65  0.53 -0.8  -0.14 -0.49  0.84  0.91  0.79
  0.49 -0.68  0.97 -0.04  0.25 -0.28  0.91 -0.92 -0.11 -0.64  0.4  -0.19
  0.51  0.94 -0.41 -0.74 -0.2  -0.3   0.43 -0.29 -0.17  0.15 -0.84 -0.28
 -0.39  0.82 -0.13  0.2   0.29  0.46  0.15  0.45  0.26 -0.93 -0.63 -0.58
 -0.56 -0.37  0.76  0.87 -0.78 -0.8   0.4  -0.51 -0.51  0.09 -0.69  0.69
 -0.53 -0.61 -0.24 -0.69 -0.26  0.2  -0.59 -0.16  0.02  0.71  0.92 -0.51
 -0.68  0.05  0.87 -0.77  0.52 -0.15][-0.19 -0.35 -0.14  0.51 -0.3   0.71  0.04  0.48 -0.56 -0.15  0.99  0.6
 -0.22 -0.74 -0.2   0.01  0.2  -0.67  0.43 -0.62  0.07 -0.36 -0.3  -0.58
 -0.54 -0.18 -0.03  0.56  0.16  0.37  0.05  0.6  -0.31 -0.55 -0.57 -0.31
  0.81  0.12  0.06 -0.86  0.5  -0.16 -0.47  0.75 -0.93  0.33  0.38 -0.2
 -0.17  0.6   0.26  0.24  0.25  0.98 -0.72 -0.72  0.61 -0.07  0.95  0.98
 -0.45  0.91  0.69 -0.17  0.95  0.7  -0.35 -0.93  0.27  0.15 -0.95 -0.53
 -0.62 -0.96  0.03  0.24  0.69 -0.14 -0.12  0.94 -0.54  0.35 -0.99  0.11
  0.15 -0.21 -0.57 -0.37  0.88  0.23][-7.3000000e-01 -3.5000000e-01 -4.6000000e-01 -3.6000000e-01
  9.8000000e-01  8.8817842e-16 -3.6000000e-01  4.5000000e-01
 -1.0000000e-01  8.4000000e-01  5.6000000e-01 -1.6000000e-01
  5.5000000e-01 -9.0000000e-02  9.2000000e-01 -8.4000000e-01
 -5.0000000e-01  8.3000000e-01  1.0000000e-02  4.3000000e-01
 -7.7000000e-01 -5.0000000e-01 -1.1000000e-01  9.4000000e-01
  8.8000000e-01 -9.2000000e-01  3.8000000e-01  7.4000000e-01
 -2.0000000e-02  8.1000000e-01  5.9000000e-01 -6.0000000e-02
 -1.0000000e+00  7.8000000e-01  7.0000000e-02  7.2000000e-01
 -6.6000000e-01  4.3000000e-01  6.6000000e-01  1.4000000e-01
 -4.7000000e-01  2.9000000e-01  5.7000000e-01  4.7000000e-01
  5.9000000e-01 -8.7000000e-01  4.4000000e-01  5.2000000e-01
 -3.2000000e-01 -7.8000000e-01  7.6000000e-01 -6.0000000e-01
 -5.0000000e-01  5.4000000e-01  5.1000000e-01  8.8000000e-01
 -3.9000000e-01 -4.4000000e-01  8.3000000e-01  7.4000000e-01
 -1.8000000e-01 -5.3000000e-01 -7.3000000e-01  4.3000000e-01
  4.1000000e-01 -7.3000000e-01  7.2000000e-01 -9.3000000e-01
 -3.4000000e-01 -9.9000000e-01  6.3000000e-01  5.3000000e-01
 -3.7000000e-01 -2.9000000e-01 -9.8000000e-01  4.1000000e-01
 -3.7000000e-01  1.6000000e-01 -1.0000000e-02  1.2000000e-01
  3.9000000e-01 -1.0000000e+00 -5.7000000e-01  1.2000000e-01
  5.1000000e-01 -8.8000000e-01 -3.4000000e-01 -7.9000000e-01
  5.7000000e-01  4.5000000e-01][-9.9000000e-01 -5.0000000e-01 -6.4000000e-01 -6.2000000e-01
  6.0000000e-01  6.3000000e-01 -3.1000000e-01 -9.0000000e-02
 -3.7000000e-01  9.4000000e-01 -8.1000000e-01 -9.6000000e-01
 -4.9000000e-01  1.0000000e-02 -6.9000000e-01  2.3000000e-01
  5.0000000e-01  7.5000000e-01 -1.6000000e-01 -5.1000000e-01
  5.7000000e-01  7.2000000e-01  2.9000000e-01  9.8000000e-01
 -5.8000000e-01 -4.1000000e-01 -4.1000000e-01 -1.0000000e-02
  7.1000000e-01 -3.5000000e-01 -3.5000000e-01  8.8817842e-16
  8.0000000e-01 -5.5000000e-01  7.0000000e-01  8.7000000e-01
  6.0000000e-01  1.4000000e-01  2.5000000e-01 -9.3000000e-01
 -6.9000000e-01  4.2000000e-01  6.2000000e-01  2.4000000e-01
  6.0000000e-02  3.7000000e-01 -2.2000000e-01 -3.4000000e-01
  1.0000000e-01  8.5000000e-01 -1.3000000e-01  5.9000000e-01
  7.5000000e-01  5.0000000e-02 -2.8000000e-01 -7.0000000e-01
 -2.9000000e-01 -7.3000000e-01 -1.9000000e-01  8.8817842e-16
 -7.3000000e-01  6.4000000e-01 -3.1000000e-01 -6.2000000e-01
  5.0000000e-01 -2.8000000e-01 -8.9000000e-01 -6.0000000e-02
 -9.0000000e-01  8.9000000e-01  2.5000000e-01  7.5000000e-01
  2.9000000e-01 -4.1000000e-01 -7.1000000e-01 -1.2000000e-01
  9.4000000e-01  4.0000000e-01 -9.2000000e-01  9.2000000e-01
  6.7000000e-01  7.1000000e-01  4.3000000e-01 -8.3000000e-01
 -6.8000000e-01  5.2000000e-01  2.3000000e-01 -2.0000000e-01
 -6.9000000e-01  2.8000000e-01][-0.89 -0.17  0.29 -0.68  0.02  0.17 -0.79  0.47 -0.98  0.78  0.63  0.54
 -0.18 -0.37  0.98 -0.37  0.3   0.68 -0.5  -0.19 -0.1   0.11 -0.96 -0.97
  0.83  0.08 -0.54 -0.03  0.51  0.12  0.17 -0.99  0.09 -0.75 -0.76  0.85
 -0.65 -0.22 -0.66  0.08  0.32  0.36  0.35  0.54 -0.82  0.35  0.38  0.27
 -0.44 -0.19 -0.1   0.52 -0.06 -0.46  0.14 -0.38 -0.7   0.41 -0.14 -0.51
  0.46  0.08  0.19 -0.45 -0.14  0.54  0.72  0.36  0.6  -0.55  0.2  -0.73
 -0.16 -0.93 -0.67  0.07  0.93  0.42  0.24 -0.93  0.9   0.31 -0.88 -0.02
  0.52  0.19  0.93 -0.07  0.44 -0.73][ 0.81  0.64  0.22  0.62  0.77  0.8  -0.78 -0.87  0.29 -0.71 -0.58  0.3
 -0.43  0.92  0.45 -0.86  0.27  0.28  0.89 -0.1  -0.03 -0.78  0.16  0.3
 -0.01  0.5   0.04  0.03 -0.16  0.78 -0.99 -0.62  0.87  0.5  -0.67 -0.67
 -0.98 -0.35 -0.67 -0.88  0.83  0.55  0.16 -0.19  0.29 -0.9   0.78 -0.06
  0.08 -0.94 -0.07 -0.44 -0.35  0.33  0.1   0.96  0.48  0.6  -0.45 -0.78
  0.71 -0.05  0.47  0.26  0.45 -0.1   0.15 -0.55  0.49  0.78  0.36 -0.39
 -0.34 -0.14 -0.5   0.01 -0.84  0.04  0.25  0.75 -0.97  0.3   0.47  0.24
  0.73  0.98  0.33  0.88  0.51  0.57][ 4.7000000e-01 -3.2000000e-01  5.9000000e-01 -8.0000000e-01
  6.8000000e-01  9.7000000e-01 -2.5000000e-01 -8.8000000e-01
  4.6000000e-01 -8.4000000e-01 -4.3000000e-01  5.6000000e-01
 -8.1000000e-01  3.9000000e-01  3.0000000e-01  2.5000000e-01
 -9.6000000e-01 -5.0000000e-01  7.2000000e-01  1.9000000e-01
 -1.6000000e-01  7.7000000e-01  4.0000000e-02  8.8000000e-01
  2.0000000e-02 -6.5000000e-01  5.2000000e-01 -3.0000000e-01
 -4.0000000e-02  1.7000000e-01  2.3000000e-01 -3.3000000e-01
  4.7000000e-01  2.0000000e-01  8.6000000e-01 -9.9000000e-01
  6.0000000e-01  4.1000000e-01 -8.5000000e-01 -3.0000000e-02
 -9.5000000e-01  8.8000000e-01  7.2000000e-01  6.3000000e-01
 -5.8000000e-01 -4.7000000e-01 -2.2000000e-01 -2.0000000e-01
 -3.5000000e-01 -6.7000000e-01  3.7000000e-01  8.8817842e-16
  4.8000000e-01 -1.7000000e-01 -7.3000000e-01 -1.3000000e-01
  2.3000000e-01 -4.8000000e-01  5.5000000e-01 -4.4000000e-01
  3.0000000e-02  4.7000000e-01 -7.1000000e-01 -8.4000000e-01
  1.8000000e-01 -5.7000000e-01 -3.0000000e-01  8.5000000e-01
 -4.7000000e-01 -4.1000000e-01 -5.9000000e-01  3.4000000e-01
  3.1000000e-01 -5.3000000e-01  2.2000000e-01 -4.7000000e-01
  9.8000000e-01 -1.2000000e-01 -5.6000000e-01  2.6000000e-01
 -8.0000000e-01 -5.0000000e-02  3.0000000e-01 -3.0000000e-01
 -4.3000000e-01  4.4000000e-01 -8.0000000e-01  1.5000000e-01
  3.4000000e-01 -2.5000000e-01][ 0.55 -0.68  0.88 -0.26 -0.7   0.28 -1.    0.79  0.83  0.03  0.66 -0.97
  0.81  0.37 -0.27 -0.02  0.58  0.75 -0.75  0.64  0.79  0.93  0.86  0.01
 -0.85 -0.12 -0.52 -0.98  0.09 -0.84 -0.46 -0.35  0.98  0.52  0.06 -0.42
  0.38  0.57  0.64  0.49  0.82  0.71  0.32  0.12 -0.41  0.47 -0.49  0.51
 -0.53 -0.66 -0.5   0.46 -0.82 -0.02 -0.27 -0.85 -0.82 -0.27 -0.92  0.23
 -0.7  -0.51 -0.65  0.19  0.58  0.61  0.72  0.52 -0.03  0.74  0.63 -0.01
 -0.43 -0.6   0.64 -0.62  0.95  0.88  0.67 -0.62 -0.64  0.18 -0.46  0.56
  0.63  0.44  0.08  0.29  0.65  0.07][ 0.94  0.93  0.46  0.15 -0.44 -0.5   0.47  0.72 -0.41 -0.86  0.64  0.31
 -0.89  0.43  0.35  0.98 -0.27 -0.56  0.48 -0.35  0.4  -0.2  -0.77 -0.77
 -0.88 -0.19  0.83  0.35 -0.87 -0.79 -0.52  0.86  0.99 -0.92  0.45 -0.98
 -0.27 -1.    0.99 -0.49 -0.7  -0.34  0.77 -0.54  0.24  0.83 -1.   -0.24
  0.64  0.59  0.14 -0.16  0.2  -0.06 -0.22 -0.98  0.91 -0.68 -0.77 -0.55
 -0.67 -0.55 -0.81  0.57 -0.76  0.71 -0.98 -0.99 -0.4  -0.62  0.2  -0.97
 -0.15 -0.18  0.12  0.31  0.07 -0.43 -0.05 -0.84  0.76 -0.89  0.12  0.79
  0.24 -0.32 -0.97  0.92 -0.71 -0.17][ 0.56 -0.85  0.27  0.66 -0.49 -0.63  0.81  0.39  0.85  0.03  0.45  0.16
  0.16 -0.32 -1.    0.54 -0.21  0.84 -0.86  0.22 -0.09 -0.24  0.45  0.48
  0.53  0.75 -0.97  0.83  0.07  0.69  0.96  0.9   0.29  0.63 -0.61  0.68
  0.26 -0.32  0.76 -0.91  0.81 -0.25  0.57 -0.63 -0.74 -0.8  -0.63  0.78
 -0.94  0.52  0.52  0.5   0.25  0.79  0.21  0.97  0.54 -0.52  0.66 -0.55
  0.68  0.58 -0.31 -0.75 -0.91  0.63 -0.37 -0.23  0.96  0.21  0.31  0.16
  0.07  0.01 -0.42  0.54 -0.05 -0.36 -0.68  0.3  -0.1   0.42 -0.86 -0.61
  0.4   0.42 -0.47  0.58 -0.21 -0.87][ 8.8817842e-16  8.4000000e-01 -8.0000000e-02 -2.9000000e-01
  8.2000000e-01  3.1000000e-01  6.4000000e-01  8.0000000e-02
  9.8000000e-01  7.7000000e-01 -3.7000000e-01 -2.9000000e-01
  8.5000000e-01 -4.8000000e-01  3.4000000e-01  4.1000000e-01
  7.3000000e-01 -9.5000000e-01 -3.0000000e-01  8.2000000e-01
 -9.2000000e-01 -2.6000000e-01 -8.0000000e-01 -7.6000000e-01
 -5.0000000e-02  9.5000000e-01 -1.0000000e+00  2.0000000e-01
 -6.0000000e-01  6.0000000e-02 -5.9000000e-01 -7.2000000e-01
 -8.9000000e-01  5.0000000e-02  9.7000000e-01 -1.3000000e-01
  4.9000000e-01 -9.8000000e-01 -5.7000000e-01  7.6000000e-01
 -5.1000000e-01 -1.6000000e-01  7.2000000e-01  8.4000000e-01
 -4.6000000e-01  3.0000000e-02 -9.8000000e-01  3.1000000e-01
  3.2000000e-01 -2.2000000e-01 -6.0000000e-01 -5.0000000e-01
 -2.1000000e-01  2.7000000e-01 -3.8000000e-01 -3.4000000e-01
 -5.0000000e-01 -7.2000000e-01  2.3000000e-01  9.7000000e-01
  4.7000000e-01 -5.4000000e-01 -4.0000000e-02  7.8000000e-01
  8.3000000e-01 -1.1000000e-01 -7.2000000e-01 -8.8000000e-01
  6.3000000e-01  7.6000000e-01 -3.3000000e-01 -8.8000000e-01
  1.7000000e-01 -8.0000000e-01 -5.1000000e-01 -4.7000000e-01
  2.4000000e-01 -1.4000000e-01  1.0000000e-01  4.0000000e-02
 -4.9000000e-01 -6.8000000e-01  6.8000000e-01  8.9000000e-01
 -2.9000000e-01 -7.0000000e-01  1.3000000e-01 -1.6000000e-01
 -2.9000000e-01 -3.0000000e-01][ 8.0000000e-01  6.8000000e-01 -9.5000000e-01  2.0000000e-02
 -3.2000000e-01  3.6000000e-01  2.1000000e-01 -5.3000000e-01
  1.2000000e-01 -4.6000000e-01  1.0000000e-01  1.7000000e-01
  8.8000000e-01  7.7000000e-01 -6.2000000e-01  8.8000000e-01
  4.4000000e-01 -9.6000000e-01 -6.1000000e-01 -2.0000000e-01
  2.5000000e-01 -9.9000000e-01  4.0000000e-01 -4.4000000e-01
 -6.0000000e-02  4.5000000e-01  6.4000000e-01  6.5000000e-01
 -9.0000000e-02  9.8000000e-01 -4.7000000e-01  1.8000000e-01
 -8.0000000e-01  1.0000000e-01  1.9000000e-01  4.3000000e-01
  1.7000000e-01 -7.5000000e-01  9.1000000e-01  8.6000000e-01
  8.2000000e-01 -1.5000000e-01  3.3000000e-01 -7.6000000e-01
  5.5000000e-01  1.9000000e-01  8.8817842e-16  3.6000000e-01
 -4.5000000e-01 -2.5000000e-01  6.5000000e-01 -3.0000000e-01
 -3.8000000e-01  2.5000000e-01 -2.0000000e-01  3.9000000e-01
  8.4000000e-01 -8.8000000e-01  4.7000000e-01 -8.0000000e-01
 -3.7000000e-01 -1.1000000e-01 -3.4000000e-01 -2.0000000e-01
 -7.4000000e-01  5.4000000e-01 -5.4000000e-01  4.9000000e-01
  2.3000000e-01  9.1000000e-01 -3.9000000e-01 -8.0000000e-02
 -4.9000000e-01  3.0000000e-02 -9.3000000e-01 -5.0000000e-01
 -5.1000000e-01  9.8000000e-01  6.9000000e-01 -1.2000000e-01
 -1.5000000e-01 -3.0000000e-02  8.3000000e-01  7.7000000e-01
 -9.3000000e-01  4.7000000e-01 -8.4000000e-01  3.3000000e-01
  5.4000000e-01 -4.7000000e-01][ 8.5000000e-01  4.6000000e-01  1.6000000e-01 -7.6000000e-01
 -7.4000000e-01 -2.4000000e-01  6.6000000e-01 -1.6000000e-01
 -2.7000000e-01 -9.2000000e-01  6.2000000e-01 -4.8000000e-01
  3.0000000e-01 -6.8000000e-01 -8.2000000e-01 -9.1000000e-01
  5.5000000e-01 -1.2000000e-01 -7.0000000e-02 -9.6000000e-01
 -4.4000000e-01 -7.3000000e-01  7.2000000e-01 -9.0000000e-01
 -5.9000000e-01 -1.6000000e-01  1.0000000e-01 -8.4000000e-01
  3.1000000e-01 -5.6000000e-01  3.0000000e-02 -6.0000000e-01
  7.3000000e-01  9.8000000e-01 -4.2000000e-01  5.9000000e-01
 -1.8000000e-01  8.8817842e-16 -9.4000000e-01 -3.2000000e-01
  1.2000000e-01  9.3000000e-01  5.2000000e-01  3.4000000e-01
  7.4000000e-01  1.0000000e-02  8.3000000e-01  9.0000000e-01
 -8.1000000e-01 -2.5000000e-01 -5.5000000e-01 -8.0000000e-02
  6.1000000e-01 -4.8000000e-01 -6.0000000e-02 -4.9000000e-01
  7.0000000e-01 -2.5000000e-01  5.1000000e-01 -1.2000000e-01
  6.4000000e-01 -8.2000000e-01  1.8000000e-01 -2.3000000e-01
  7.6000000e-01  3.4000000e-01  3.3000000e-01  1.1000000e-01
  6.0000000e-01  4.1000000e-01  7.3000000e-01  5.1000000e-01
  3.4000000e-01  8.8817842e-16 -1.0000000e+00  6.6000000e-01
 -5.9000000e-01 -6.0000000e-01 -8.7000000e-01 -2.2000000e-01
  3.0000000e-02 -1.0000000e-02  1.6000000e-01 -8.2000000e-01
 -1.6000000e-01  9.2000000e-01  4.4000000e-01  1.3000000e-01
  4.6000000e-01 -1.7000000e-01][-0.53 -0.03 -0.58  0.46  0.63  0.72  0.66  0.01 -0.17  0.89 -0.28  0.5
 -0.85 -0.05 -0.89  0.4   0.98 -0.61 -0.81 -0.74 -0.56  0.69  0.89 -0.48
 -0.71  0.69  0.07 -0.65 -0.92 -0.21 -1.    0.54  0.87 -0.42 -0.5   0.94
 -0.8   0.65  0.65  0.44 -0.75 -0.25  0.75  0.74  0.14 -0.26 -0.46 -0.03
 -0.87 -0.11 -0.48  0.64  0.65  0.06  0.15 -0.24 -0.27 -0.07 -0.47  0.7
 -0.96  0.13  0.18  0.24 -0.59  0.95  0.59  0.72  0.22 -0.13  0.74 -0.8
 -0.82 -0.52  0.06  0.53 -0.27  0.14  0.24 -0.72  0.4  -0.17 -0.08  0.77
  0.38 -0.2   0.56  0.68 -0.22 -0.06][ 2.3000000e-01 -6.3000000e-01 -9.0000000e-02 -7.1000000e-01
  5.6000000e-01 -6.1000000e-01  4.4000000e-01 -8.9000000e-01
 -3.2000000e-01  1.8000000e-01  3.7000000e-01 -3.4000000e-01
  3.8000000e-01  3.4000000e-01 -1.0000000e+00  9.6000000e-01
 -6.6000000e-01  9.5000000e-01  8.1000000e-01  1.1000000e-01
  7.0000000e-01  9.0000000e-01 -5.6000000e-01  1.0000000e-02
 -1.4000000e-01  1.0000000e-01 -3.5000000e-01  2.7000000e-01
  9.6000000e-01  1.5000000e-01  5.6000000e-01 -6.0000000e-02
 -3.2000000e-01  4.5000000e-01 -7.9000000e-01  2.3000000e-01
  5.8000000e-01 -3.6000000e-01 -9.1000000e-01 -6.7000000e-01
 -2.0000000e-02 -2.3000000e-01  7.5000000e-01 -2.7000000e-01
  7.7000000e-01 -6.2000000e-01  1.3000000e-01  1.8000000e-01
  8.8817842e-16 -1.0000000e+00 -4.0000000e-01 -6.0000000e-02
  1.8000000e-01  7.2000000e-01  5.7000000e-01 -2.0000000e-02
 -7.7000000e-01  7.2000000e-01  5.3000000e-01 -1.0000000e+00
  1.6000000e-01  3.5000000e-01  2.0000000e-02  4.4000000e-01
  9.1000000e-01  7.9000000e-01 -4.2000000e-01 -9.1000000e-01
 -2.3000000e-01  2.2000000e-01  1.6000000e-01  8.7000000e-01
 -8.2000000e-01  8.4000000e-01  6.4000000e-01  7.8000000e-01
 -2.3000000e-01  3.1000000e-01 -3.3000000e-01  3.0000000e-02
 -5.6000000e-01 -9.4000000e-01 -8.3000000e-01  1.1000000e-01
  7.3000000e-01  5.4000000e-01 -8.4000000e-01  7.0000000e-02
  8.6000000e-01  1.0000000e-02][ 0.95  0.89  0.44  0.03  0.14  0.07  0.64 -0.96 -0.25  0.34  0.91 -0.91
 -0.48 -0.65  0.59 -0.17 -0.47 -0.96 -0.37  0.66 -0.76 -0.59 -0.88  0.78
  0.87 -0.44 -0.26  0.09 -0.42  0.24 -0.71 -0.04 -0.04 -0.26 -0.82  0.53
  0.37 -0.76 -0.73  0.32 -1.    0.39  0.38  0.19  0.82  0.36 -0.77  0.39
 -0.05  0.74  0.15 -0.37  0.7   0.88  0.45 -0.15  0.34  0.74  0.39  0.15
 -0.4   0.3   0.73  0.65  0.26  0.82 -0.25  0.45  0.6  -0.06 -0.42  0.61
  0.03  0.11 -0.68 -0.11  0.72  0.92  0.95  0.75 -0.46 -0.95 -0.72  0.82
  0.03  0.61  0.26 -0.07  0.04  0.61][ 9.0000000e-01  6.0000000e-01  1.6000000e-01  9.9000000e-01
 -2.4000000e-01 -9.0000000e-01 -8.2000000e-01 -9.9000000e-01
  1.1000000e-01 -3.2000000e-01 -9.0000000e-01 -4.3000000e-01
  4.1000000e-01  7.0000000e-02 -4.3000000e-01  8.8817842e-16
  6.8000000e-01 -9.0000000e-02  6.3000000e-01  7.1000000e-01
 -5.3000000e-01  3.1000000e-01 -1.0000000e+00  1.5000000e-01
  1.0000000e-01 -9.9000000e-01 -6.0000000e-01  2.8000000e-01
  3.8000000e-01  8.5000000e-01  6.7000000e-01  8.2000000e-01
 -9.0000000e-01  5.9000000e-01 -6.2000000e-01  6.3000000e-01
 -5.0000000e-01  2.4000000e-01  2.6000000e-01 -7.0000000e-02
 -1.4000000e-01 -4.0000000e-02 -8.8000000e-01  2.8000000e-01
 -9.3000000e-01 -2.0000000e-01 -4.7000000e-01  9.6000000e-01
 -9.4000000e-01 -9.8000000e-01 -4.0000000e-02 -1.8000000e-01
 -5.8000000e-01  6.8000000e-01 -6.6000000e-01  8.1000000e-01
  2.2000000e-01  9.7000000e-01  3.7000000e-01  8.1000000e-01
 -2.5000000e-01 -1.8000000e-01  7.4000000e-01  8.2000000e-01
 -8.3000000e-01 -3.1000000e-01  1.6000000e-01  7.4000000e-01
  3.3000000e-01 -6.7000000e-01  7.0000000e-02  4.6000000e-01
  9.2000000e-01  8.7000000e-01 -1.9000000e-01 -8.0000000e-02
  7.6000000e-01  6.7000000e-01  5.8000000e-01  9.2000000e-01
  6.4000000e-01 -9.1000000e-01  8.0000000e-01 -8.4000000e-01
  3.7000000e-01  7.8000000e-01 -2.0000000e-01 -3.7000000e-01
  2.8000000e-01 -5.0000000e-02][ 0.8   0.3  -0.42  0.46  0.5  -0.46 -0.32 -0.15 -0.84  0.68  0.04  0.57
 -0.52  0.6   0.64  0.26  0.44  0.38  0.27  0.84 -0.48 -0.79 -0.15 -0.03
 -0.27  0.21 -0.83 -0.71 -0.97  0.98 -0.14  0.11  0.52 -0.46 -0.74 -0.45
 -0.35 -0.66  0.47  0.99 -0.89 -0.5  -0.29 -0.72  0.19 -1.    0.88  0.17
  0.81 -0.53 -0.99  0.25  0.76 -0.56 -0.4   0.4  -0.62  0.46 -0.18  0.7
  0.26  0.86 -0.81 -0.71 -0.19 -0.96  0.47 -0.7  -0.12  0.86 -0.52  0.7
  0.24 -0.04  0.03  0.89  0.42 -0.46 -0.17  0.42  0.77  0.22 -0.48 -0.8
 -0.13 -0.17  0.82 -0.5  -0.07  0.93][-0.65  0.69  0.04  0.81  0.17  0.55 -0.67  0.55 -0.57 -0.86 -0.53  0.07
 -0.37 -0.87 -0.14 -0.57 -0.84  0.45  0.27  0.74  0.09 -0.46  0.25  0.3
 -0.38  0.9  -0.22  0.58 -0.08  0.82  0.66  0.33  0.16  0.07 -0.4   0.8
 -0.15  0.19  0.11 -0.09 -0.09  0.08 -0.62  0.97  0.6  -0.76  0.52 -0.11
  0.81 -0.53  0.01 -0.8  -1.    0.3   0.26  0.48 -0.1   0.62  0.98 -0.57
  0.45 -0.75 -0.85 -0.32 -0.41  0.12  0.89 -0.88  0.1  -0.41  0.21 -0.44
  0.4   0.4  -0.59 -0.35 -0.95  0.15  0.13 -0.25 -0.57 -0.54 -0.61 -0.2
 -0.64  0.15 -0.75  0.2  -0.04 -0.97][ 3.5000000e-01 -7.4000000e-01  1.0000000e-01  8.6000000e-01
 -1.7000000e-01  7.5000000e-01  1.6000000e-01 -2.5000000e-01
  8.3000000e-01  4.1000000e-01 -6.2000000e-01  3.5000000e-01
 -1.2000000e-01  7.6000000e-01 -2.7000000e-01  7.2000000e-01
  9.5000000e-01 -6.6000000e-01  6.0000000e-02 -4.4000000e-01
  8.3000000e-01 -4.8000000e-01 -6.3000000e-01  6.9000000e-01
 -4.0000000e-01 -1.6000000e-01 -9.2000000e-01  3.7000000e-01
  5.2000000e-01  4.8000000e-01 -9.5000000e-01  8.7000000e-01
  1.9000000e-01  3.4000000e-01 -8.1000000e-01 -6.7000000e-01
  5.0000000e-02 -8.3000000e-01  4.0000000e-02 -8.4000000e-01
 -5.1000000e-01  6.8000000e-01  5.0000000e-02 -7.3000000e-01
  5.7000000e-01  7.1000000e-01  4.8000000e-01  6.8000000e-01
 -4.4000000e-01 -5.8000000e-01 -3.5000000e-01 -4.7000000e-01
 -2.2000000e-01  5.1000000e-01 -6.2000000e-01  7.5000000e-01
  8.4000000e-01 -3.8000000e-01 -1.6000000e-01 -7.9000000e-01
  1.5000000e-01 -3.2000000e-01 -5.4000000e-01  8.1000000e-01
 -3.1000000e-01  6.7000000e-01  5.2000000e-01  5.9000000e-01
  8.2000000e-01 -5.8000000e-01 -7.5000000e-01 -8.8000000e-01
  2.4000000e-01 -3.8000000e-01  8.8817842e-16 -1.2000000e-01
 -1.1000000e-01  3.9000000e-01  8.0000000e-02 -3.1000000e-01
  1.1000000e-01 -5.9000000e-01 -7.0000000e-01  3.6000000e-01
 -9.0000000e-02 -4.0000000e-01  6.0000000e-02 -2.8000000e-01
 -3.4000000e-01 -2.5000000e-01][ 0.2  -0.72 -0.87  0.65 -0.15 -0.51 -0.88  0.64  0.41  0.39 -0.36 -0.99
  0.92 -0.66  0.72  0.39 -0.98  0.58 -0.44 -0.61 -0.71 -0.32 -0.39 -0.84
  0.44 -0.99  0.37 -0.87  0.64 -0.27 -0.46 -0.33 -0.13 -0.74 -0.84  0.66
 -0.05  0.78 -0.61 -0.6  -0.18 -0.01 -0.29  0.41  0.81  0.26 -0.85  0.84
 -0.35  0.94 -0.59 -0.84  0.68 -0.09 -0.96 -0.99  0.51  0.32 -0.42 -0.98
 -0.29  0.01 -0.49  0.75 -0.23 -1.    0.93  0.79 -0.12  0.6   0.07  0.38
 -0.36 -0.26  0.58  0.24  0.53 -0.04 -0.95 -0.16  0.2   0.51  0.82 -0.65
 -0.46 -0.42 -0.31  0.79  0.18  0.83][ 1.0000000e-01 -9.0000000e-02 -2.7000000e-01 -9.4000000e-01
  9.5000000e-01 -7.2000000e-01  4.8000000e-01 -7.7000000e-01
  9.4000000e-01 -8.4000000e-01 -4.0000000e-02 -5.1000000e-01
 -3.9000000e-01 -4.5000000e-01 -2.5000000e-01  3.0000000e-01
 -2.0000000e-02 -9.0000000e-01  1.0000000e-01 -1.5000000e-01
 -2.2000000e-01  8.8817842e-16 -1.4000000e-01 -5.6000000e-01
 -9.8000000e-01  5.2000000e-01 -2.4000000e-01  2.7000000e-01
 -7.9000000e-01 -8.4000000e-01  7.3000000e-01 -6.7000000e-01
  4.4000000e-01  6.8000000e-01 -6.0000000e-02  6.6000000e-01
  2.0000000e-01  8.0000000e-02 -5.4000000e-01 -2.7000000e-01
 -6.0000000e-01 -6.5000000e-01 -7.8000000e-01 -3.9000000e-01
  2.3000000e-01  2.5000000e-01  6.2000000e-01 -3.5000000e-01
 -8.9000000e-01 -3.5000000e-01 -2.0000000e-01 -3.8000000e-01
  4.1000000e-01  8.5000000e-01 -3.0000000e-01 -8.0000000e-02
  2.0000000e-01 -3.6000000e-01 -6.3000000e-01 -9.8000000e-01
 -3.6000000e-01 -8.9000000e-01  6.7000000e-01 -2.0000000e-01
 -3.1000000e-01  5.2000000e-01  6.8000000e-01 -2.4000000e-01
  9.0000000e-02 -5.1000000e-01  2.8000000e-01 -8.7000000e-01
 -9.7000000e-01 -6.4000000e-01  7.9000000e-01  7.1000000e-01
 -4.7000000e-01 -6.0000000e-01  5.0000000e-02 -3.3000000e-01
 -9.2000000e-01 -9.9000000e-01 -9.0000000e-02 -8.5000000e-01
  7.8000000e-01  5.9000000e-01  1.3000000e-01 -2.2000000e-01
 -2.9000000e-01  2.9000000e-01][ 0.64  0.03  0.18  0.94 -0.24 -0.97  0.12 -0.46 -0.71  0.31  0.95  0.13
  0.34  0.35  0.55  0.8  -0.21 -0.22  0.49 -0.04  0.56  0.55  0.81  0.19
  0.92  0.05  0.01  0.18  0.31 -0.7  -0.73 -0.48  0.79 -1.    0.64 -0.98
  0.27 -0.3  -0.66  0.9   0.3   0.61 -0.82 -0.56 -0.47  0.17  0.68  0.93
 -0.06  0.31 -0.79 -0.48 -0.83  0.93 -0.76  0.06 -0.4  -0.98 -0.26 -0.1
 -0.83 -0.07 -0.87 -0.57  0.38  0.69  0.13  0.52 -0.64  0.23  0.3  -0.45
  0.9   0.33  0.38  0.07  0.88  0.77  0.98  0.01 -0.81  0.93  0.87  0.71
 -0.72 -0.63  0.38 -0.55  0.52 -0.2 ][ 0.35 -0.01 -0.04 -0.92  0.93  0.29  0.77  0.2   0.38  0.96 -0.29 -0.55
  0.72 -0.05  0.84 -0.65  0.86 -0.48 -0.02  0.15 -0.21 -0.47 -0.83 -0.71
  0.67 -0.03 -0.56 -0.15 -0.73 -0.54  0.89 -0.63  0.84  0.09 -0.71 -0.69
 -0.72  0.72 -0.92 -0.28 -0.73  0.36 -0.94 -0.69 -0.17  0.76 -0.4  -0.97
  0.73  0.59 -0.55 -0.24  0.07 -0.7  -0.17 -0.12 -0.9  -0.49  0.83 -0.87
 -0.1   0.95 -0.42  0.71 -0.07 -0.91 -0.46  0.99 -0.45 -0.37  0.2   0.86
  0.5  -0.41  0.15  0.71 -0.01 -0.65 -0.55  0.18  0.65 -0.58  0.39  0.44
 -0.09  0.65 -0.62 -0.66 -0.16 -0.95][-0.84 -0.89  0.86 -0.61 -0.6   0.1  -0.29  0.29 -0.68 -0.38  0.81  0.96
  0.5  -0.74  0.36  0.16  0.62 -0.81 -0.83  0.66 -0.4  -0.68 -0.08  0.8
 -0.3   0.31  0.6   0.02 -0.4   0.5   0.1  -0.37 -0.88  0.41 -0.57 -0.24
  0.95 -0.27  0.01 -0.05  0.92  0.75 -0.27  0.85 -0.86  0.51 -0.3  -0.85
  0.97  0.23  0.78  0.26 -0.78 -0.51  0.42  0.2   0.63  0.46  0.43 -0.45
 -0.76  0.62 -0.37 -0.23  0.41  0.15 -0.58  0.23 -0.65 -0.48  0.39  0.06
 -0.64 -0.03 -0.21 -0.58  0.96  0.08 -0.32  0.59 -0.42 -0.24 -0.23 -0.19
  0.08 -0.22 -0.88 -0.18 -0.24 -0.96]