[-0.84   0.93   0.46  -0.61   0.144  0.1    0.436  0.29  -0.68  -0.38
  0.802  0.31   0.5    0.43   0.35   0.16  -0.27  -0.81  -0.494 -0.35
  0.4   -0.2   -0.77  -1.504 -0.181 -0.19   0.83   0.02  -0.4    0.5
 -0.912  0.86   0.342 -0.034  0.45  -1.355  1.483 -1.     0.01  -0.49
  0.545 -0.34   0.923 -1.29  -2.191  0.83  -1.    -1.548  0.64   0.463
  1.112  1.06  -1.274 -0.51   0.42  -0.98   0.91   0.46   0.43  -0.55
 -1.38   0.62  -0.81   0.57   0.41   0.15  -0.98   0.23  -0.4   -1.265
  0.257 -0.97  -1.02  -0.03  -0.21   0.879  0.07  -0.435 -0.32   0.59
 -0.42  -1.457 -0.76  -0.19   0.846 -0.415 -2.082  0.92  -1.066 -0.159][-1.79   0.93   0.46  -0.61   0.144  0.1    0.436  0.29  -0.68  -0.38
  0.802  0.31   0.5    0.43   0.35   0.16  -0.27  -0.81   0.48  -0.35
  0.626 -0.2   -0.77  -0.77  -0.181 -0.19   0.83   0.02  -0.06   0.5
  0.165  0.86   0.99  -0.034  0.45  -1.355  1.593 -1.     0.01  -0.49
  0.92  -0.34   0.923 -1.29  -1.325  0.83  -1.    -1.548  0.64   0.59
  1.112  1.06  -1.274 -0.51   0.42  -0.98   0.91   0.46   0.43  -0.55
 -1.38   0.301 -0.81   0.57   0.974  0.15  -0.98   0.23  -0.4   -1.265
  0.2   -0.4   -1.02  -0.03  -0.21   0.879  0.07  -0.076 -0.32   0.59
 -0.42  -0.89  -0.76  -0.19   0.846 -0.415 -2.082  0.92  -0.24  -0.544][-1.79   0.93   0.46  -0.61  -0.44   0.1    0.436  0.29  -0.68  -0.38
  0.802  0.31   0.5    0.43   0.35   0.16  -0.27  -0.81  -0.494 -0.35
  0.4   -0.2   -0.77  -0.77  -0.181 -0.19   0.83   0.02  -0.4    0.5
  0.1    0.86   0.99  -0.034  0.45  -0.98   1.593 -1.     0.01  -0.49
  0.92   0.03   0.923 -1.29  -2.191  0.83  -1.381 -1.548  0.64   0.59
  1.647  1.06  -1.274 -0.51   0.42  -0.98   1.347  0.46   0.43  -0.55
 -1.38   0.62  -0.81   0.57   0.627  0.15  -0.98   0.23  -0.4   -1.265
  0.2   -0.97  -1.02  -0.03  -0.21   0.879  0.07  -0.865 -0.32   0.59
 -0.42  -0.877 -1.021 -0.569  0.846 -0.415 -2.082  0.92  -1.066 -0.544][-0.84   0.93   0.46  -0.61   0.144  0.151  0.436  0.29  -0.68  -0.38
  0.81   0.31   0.5    0.43   0.35   0.16  -0.27  -0.81  -0.494 -0.35
  0.4   -0.2   -0.77  -0.77  -0.181 -0.19   0.83   0.02  -0.06   0.5
  0.1    0.86   0.342 -0.034  0.45  -0.98   1.593 -1.     0.01  -0.49
  0.92  -1.217  0.923 -1.29  -1.325  0.83  -1.    -1.548  0.64   0.59
  1.112  1.06  -1.274 -0.51   0.42  -0.98   0.91   0.46   1.355 -0.55
 -1.917  1.563 -0.81   0.57   0.627  0.15  -0.98   0.23  -0.4   -1.265
  0.2   -0.97  -1.02  -0.03  -0.21   0.879  0.12  -0.865 -0.32   0.566
 -0.42  -0.89  -0.76  -0.19   0.846 -0.415 -2.082  0.92  -1.066 -0.544][-1.79   0.93   1.159 -0.61   0.144  0.151  0.436  0.29  -0.68  -0.38
  0.802  0.31   0.5    0.43   0.35   0.16   1.162 -0.81  -0.494 -0.35
  0.626 -0.2   -0.77  -1.504 -0.181  1.172  0.83   0.02  -0.4    0.5
  0.1    0.86   0.99  -0.034  0.45  -0.98   1.483 -1.     0.01  -0.49
  0.92  -0.34   0.923 -1.29  -1.325  0.83  -1.    -1.548  0.64   0.59
  1.112  1.06  -1.274 -0.51   0.42  -0.98   0.91   0.46   1.355 -0.55
 -1.917  1.563 -0.81   0.57   0.41   0.15  -0.98   0.23  -0.4   -1.265
  0.2   -0.97  -1.02  -0.03  -0.21   0.879  0.12  -0.43  -0.32   0.566
 -0.42  -0.89  -0.76  -0.19   0.507 -0.415 -2.082  0.92  -1.066 -0.159][-1.790e+00  9.300e-01  4.600e-01 -6.100e-01 -6.000e-01  1.510e-01
  4.360e-01  2.900e-01 -6.800e-01 -6.000e-01  8.020e-01  3.100e-01
  5.000e-01  4.300e-01  3.500e-01  3.180e-01 -2.700e-01 -8.100e-01
 -4.940e-01 -3.500e-01  4.000e-01 -2.000e-01 -7.700e-01 -1.504e+00
 -1.810e-01 -1.900e-01  8.300e-01  2.000e-02 -4.000e-01  5.000e-01
  1.000e-01  8.600e-01  3.420e-01 -2.000e-03  4.500e-01 -9.800e-01
  1.483e+00 -1.000e+00  1.000e-02 -4.900e-01  9.200e-01 -3.400e-01
  9.230e-01 -1.290e+00 -1.325e+00  8.300e-01 -1.381e+00 -1.548e+00
  6.400e-01  1.083e+00  1.112e+00  1.060e+00 -7.800e-01 -5.100e-01
  4.200e-01 -9.800e-01  1.347e+00  4.600e-01  4.300e-01 -5.500e-01
 -1.380e+00  6.200e-01 -3.700e-01  5.700e-01  4.100e-01  1.500e-01
 -9.800e-01  2.300e-01 -4.000e-01 -1.265e+00  2.000e-01 -9.700e-01
 -1.020e+00 -3.000e-02 -2.100e-01  8.790e-01  7.000e-02 -8.650e-01
 -3.200e-01  5.660e-01 -4.200e-01 -8.900e-01 -1.703e+00 -1.900e-01
  5.070e-01 -4.150e-01 -2.082e+00  9.200e-01 -1.066e+00 -1.590e-01][-1.79   1.165  0.46  -0.61   0.144  0.1    0.436  0.29  -0.68  -0.38
  0.802  0.31   0.5    0.43   0.35   0.16  -0.27  -0.81  -0.494 -0.35
  0.626 -0.2   -0.77  -0.77  -0.181 -0.19   0.83   0.281 -0.4    0.5
  0.165  0.86   0.99  -0.034  0.45  -1.355  1.593 -1.     0.01  -0.49
  0.92  -0.34   0.923 -1.29  -2.191  0.83  -1.    -1.548  0.64   0.59
  2.017  1.06  -1.274 -0.51   0.42  -0.98   1.347  0.46   0.43  -0.55
 -1.38   0.62  -0.81   0.57   0.41   0.15  -0.601  0.23  -0.4   -1.265
  0.2   -0.97  -1.02  -0.03  -0.21   0.879  0.07  -0.865 -0.32   0.59
 -0.42  -1.457 -0.76  -0.19   0.846 -0.415 -2.082  0.92  -1.066 -0.544][-1.79   0.93   0.46  -0.61   0.144  0.1    0.436  0.29  -0.68  -0.38
  0.802  0.31   0.5    0.43   0.35   0.16  -0.27  -0.81  -0.494 -0.35
  0.626 -0.2   -0.77  -0.77  -0.181 -0.19   0.83   0.02  -0.06   0.5
  0.1    0.86   0.99  -0.034  0.45  -0.98   1.593 -1.     0.01  -0.49
  0.92  -0.34   0.923 -1.29  -2.191  0.83  -1.    -1.548  0.64   0.59
  1.112  1.06  -1.274 -0.51   0.42  -0.98   0.91   0.46   0.43  -0.55
 -1.38   0.62  -0.81   0.57   0.627  0.15  -0.98   0.23  -0.4   -1.265
  0.2   -0.4   -1.02  -0.03  -0.21   0.879  0.07  -0.076 -0.097  0.59
 -0.42  -0.89  -0.76  -0.569  0.846 -0.415 -2.082  0.92  -0.24  -0.544][-0.84   0.93   1.159 -0.61   0.144  0.151  0.436  0.29  -0.68  -0.38
  0.802  0.31   0.5    0.43   0.35   0.16  -0.27  -0.81  -0.494 -0.35
  0.4   -0.2   -0.77  -0.77  -0.181 -0.19   0.83   0.02  -0.4    0.5
  0.1    0.86   0.342 -0.034  0.45  -1.355  1.593 -1.     0.01  -0.49
  0.92  -0.34   0.923 -1.29  -1.325  0.83  -1.    -1.548  0.64   0.59
  1.112  1.06  -1.274 -0.51   0.42  -0.98   0.91   0.46   1.355 -0.55
 -1.917  0.62  -0.81   0.57   0.41   0.15  -0.98   0.23  -0.4   -1.265
  0.257 -0.97  -1.02  -0.503 -0.21   0.879  0.07  -0.43  -0.32   0.59
 -0.42  -0.89  -1.021 -0.19   0.846 -0.415 -2.082  0.92  -1.066 -0.544][-0.84   0.93   0.46  -0.61   0.144  0.1    0.436  0.29  -0.68  -0.38
  0.802  0.31   0.5    0.43   0.35   0.16  -0.27  -0.81  -0.148 -0.35
  0.4   -0.2   -0.77  -1.504 -0.181 -0.19   0.83   0.02  -0.4    0.5
  0.1    0.86   0.342 -0.034  0.45  -1.355  1.593 -1.     0.01  -0.49
  0.92  -0.34   0.923 -1.29  -1.325  0.83  -1.381 -1.548  0.64   0.59
  1.112  1.06  -1.274 -0.51   0.42  -0.98   1.347  0.46   1.355 -0.55
 -1.38   0.62  -0.81   0.57   0.41   0.15  -0.98   0.23  -0.4   -1.265
  0.257 -0.97  -1.02  -0.503 -0.21   0.879  0.07  -0.43  -0.32   0.59
 -0.42  -0.89  -1.703 -0.19   0.846 -0.415 -2.082  0.92  -1.066 -0.544][-1.79   0.93   0.46  -0.61  -0.44   0.151  0.436  0.29  -0.68  -0.38
  0.802  0.31   0.5    0.43   0.35   0.16  -0.27  -0.81  -0.494 -0.35
  0.626 -0.2   -0.77  -0.77  -0.181 -0.19   0.83   0.02  -0.4    0.5
  0.1    0.86   0.99  -0.034  0.45  -1.355  1.483 -1.     0.01  -0.49
  0.545 -0.623  0.923 -1.29  -2.191  0.83  -1.381 -1.447  0.64   0.59
  2.017  1.06  -0.78  -0.51   0.42  -0.98   1.347  0.46   0.43  -0.55
 -1.917  0.62  -0.81   0.57   0.41   0.15  -0.98   0.23  -0.4   -1.265
  0.2   -0.97  -1.02  -0.03  -0.21   0.879  0.07  -0.43  -0.32   0.566
 -0.42  -1.457 -0.76  -0.19   0.846 -0.734 -2.082  0.92  -1.066 -0.544][-0.84   0.93   0.46  -0.61  -0.44   0.1    0.436  0.29  -0.68  -0.38
  0.802  0.31   0.412  0.43   0.35   0.16  -0.27  -0.81  -0.494 -0.35
  0.626 -0.2   -0.77  -0.77  -0.181 -0.19   0.83   0.281 -0.06   0.5
  0.165  0.86   0.342 -0.034  0.45  -1.355  1.593 -1.     0.01  -0.49
  0.545 -0.34   0.923 -1.29  -2.191  0.83  -1.    -1.548  0.64   0.463
  2.017  1.06  -1.274 -0.51   0.42  -0.98   0.91   0.46   0.43  -0.55
 -1.38   0.62  -0.81   0.57   0.41   0.15  -0.98   0.23  -0.4   -1.265
  0.908 -0.97  -1.02  -0.03  -0.21   0.879  0.07  -0.865 -0.32   0.59
 -0.42  -1.457 -0.76  -0.19   0.846 -0.415 -2.082  0.92  -1.066 -0.544][-1.79   0.93   0.46  -0.61  -0.6    0.151  0.436  0.29  -0.68  -0.6
  0.81   0.31   0.5    0.43   0.35   0.16   1.162 -0.81  -0.494 -0.35
  0.626 -0.2   -0.77  -1.504 -0.181 -0.19   0.83   0.02  -0.4    0.5
  0.1    0.86   0.99  -0.002  0.45  -0.98   1.483 -1.     0.01  -0.49
  0.92  -0.34   0.923 -1.29  -1.325  0.83  -1.    -1.548  0.64   1.083
  1.112  1.06  -0.78  -0.51   0.42  -0.98   0.91   0.46   0.43  -0.55
 -1.917  0.62  -0.37   0.57   0.41   0.15  -0.98   0.23  -0.4   -1.265
  0.2   -0.97  -1.02  -0.03  -0.21   0.879  0.07  -0.865 -0.32   0.566
 -0.42  -0.89  -0.76  -0.19   0.507 -0.415 -1.652  0.92  -0.24  -0.544][-1.79   0.93   0.46  -0.61  -0.6    0.1    0.436  0.29  -0.68  -0.38
  0.81   0.31   0.5    0.43   0.35   0.16  -1.13  -0.81   0.48  -0.35
  0.626 -0.2   -0.77  -0.77  -0.181 -0.19   0.83   0.281 -0.4    0.5
  0.1    0.86   0.99  -0.034  0.45  -1.355  1.593 -1.     0.01  -0.49
  0.92  -0.34   0.923 -1.29  -1.325  0.83  -1.    -1.447  0.64   0.59
  1.112  1.06  -1.274 -0.51   0.42  -0.98   0.91   0.46   0.43  -0.55
 -1.38   0.301 -0.81   0.57   0.974  0.15  -0.98   0.23  -0.4   -1.265
  0.2   -0.97  -1.02  -0.03  -0.21   0.879  0.07  -0.43  -0.32   0.566
 -0.42  -0.89  -1.021 -0.19   0.846 -0.415 -2.082  0.92  -0.593 -0.544][-1.79   0.93   0.46  -0.61   0.144  0.1    0.436  0.29  -0.68  -0.38
  0.802  0.31   0.5    0.43   0.35   0.16  -0.27  -0.81  -0.494 -0.35
  0.4   -0.2   -0.77  -0.77  -0.181 -0.19   0.83   0.02  -0.4    0.5
  0.1    0.86   0.99  -0.034  0.45  -0.98   1.593 -1.     0.01  -0.49
  0.92   0.03   0.923 -1.29  -2.191  0.83  -1.    -1.548  0.64   1.083
  1.112  1.06  -1.274 -0.51   0.42  -0.98   0.91   0.46   0.43  -0.55
 -1.38   0.1   -0.81   0.57   0.627  0.15  -0.98   0.23  -0.4   -1.265
  0.908 -0.97  -1.02  -0.03  -0.21   0.879  0.07  -0.43  -0.32   0.59
  0.312 -0.89  -1.021 -0.19   0.846 -0.415 -1.652  0.92  -1.066 -0.544][-1.79   0.93   0.46  -0.61  -0.44   0.1    0.436  0.29  -0.68  -0.38
  0.802  0.31   0.5    0.43   0.35   0.16  -1.13  -0.81   0.48  -0.35
  0.4   -0.2   -0.77  -0.77  -0.181 -0.19   0.83   0.281 -0.4    0.5
  0.1    0.86   0.99  -0.034  0.45  -1.355  1.593 -1.     0.01  -0.49
  0.92   0.03   0.923 -1.29  -1.325  0.83  -1.    -1.447  0.64   0.59
  1.647  1.06  -1.274 -0.51   0.42  -0.98   0.91   0.46   0.43  -0.55
 -0.499  0.62  -0.81   0.57   0.974  0.15  -0.98   0.23  -0.4   -1.265
  0.2   -0.97  -1.02  -0.03  -0.21   0.879  0.07  -0.865 -0.32   0.566
 -0.42  -0.89  -1.021 -0.569  0.846 -0.415 -2.082  0.92  -0.593 -0.544][-0.84   0.93   0.46  -0.61   0.144  0.1    0.436  0.29  -0.68  -0.38
  0.802  0.31   0.5    0.43   0.35   0.16  -0.27  -0.81  -0.494 -0.35
  0.626 -0.2   -0.77  -0.77  -0.181 -0.19   0.83   0.02  -0.4    0.5
  0.165  0.86   0.342 -0.034  0.45  -1.355  1.483 -1.     0.01  -0.49
  0.92  -1.217  0.923 -1.29  -1.325  0.83  -1.381 -1.548  0.64   0.59
  1.112  1.06  -0.37  -0.51   0.42  -0.98   0.91   0.46   1.355 -0.55
 -1.38   0.62  -0.81   0.57   0.41   0.15  -0.98   0.23  -0.4   -1.265
  0.2   -0.97  -1.02  -0.03  -0.21   0.879  0.12  -0.865 -0.32   0.566
 -0.42  -0.89  -0.76  -0.569  0.846 -0.415 -2.082  0.92  -1.066 -0.544][-1.79   0.93   0.46  -0.61  -0.44   0.151  0.436  0.29  -0.68  -0.38
  0.802  0.31   0.5    0.43   0.35   0.16  -0.27  -0.81  -0.494 -0.35
  0.4   -0.2   -0.77  -0.77  -0.181 -0.19   0.83   0.02  -0.4    0.5
  0.1    0.86   0.342 -0.034  1.438 -1.355  1.483 -1.     0.01  -0.49
  0.545 -0.34   0.923 -1.29  -1.325  0.83  -1.    -1.548  0.64   0.59
  2.017  1.06  -0.78   0.2    0.42  -0.98   0.91   0.723  1.355 -0.55
 -1.917  0.62  -0.81   0.57   0.41   0.15  -0.98   0.23  -0.4   -1.265
  0.2   -0.97  -1.02  -0.03  -0.21   0.879  0.07  -0.43  -0.32   0.566
 -0.42  -1.457 -0.76  -0.19   0.846 -0.415 -2.082  0.92  -1.066 -0.544][-1.790e+00  9.300e-01  3.400e-01 -6.100e-01  1.440e-01  1.510e-01
  4.360e-01  2.900e-01 -6.800e-01 -6.000e-01  8.100e-01  3.100e-01
  5.000e-01  4.300e-01  3.500e-01  1.600e-01 -2.700e-01 -8.100e-01
 -4.940e-01 -3.500e-01  6.260e-01 -2.000e-01 -7.700e-01 -1.504e+00
 -1.810e-01 -1.900e-01  8.300e-01  2.000e-02 -4.000e-01  5.000e-01
  1.000e-01  8.600e-01  9.900e-01 -2.000e-03  4.500e-01 -9.800e-01
  1.593e+00 -1.000e+00  1.000e-02 -4.900e-01  9.200e-01 -1.217e+00
  9.230e-01 -1.290e+00 -1.325e+00  8.300e-01 -1.000e+00 -1.548e+00
  6.400e-01  1.083e+00  1.112e+00  1.060e+00 -7.800e-01 -5.100e-01
  4.200e-01 -9.800e-01  9.100e-01  4.600e-01  1.355e+00 -5.500e-01
 -1.917e+00  6.200e-01 -8.100e-01  5.700e-01  6.270e-01  1.500e-01
 -9.800e-01  2.300e-01 -4.000e-01 -1.265e+00  2.000e-01 -9.700e-01
 -1.020e+00 -3.000e-02 -2.100e-01  8.790e-01  1.200e-01 -8.650e-01
 -3.200e-01  5.660e-01 -4.200e-01 -8.900e-01 -7.600e-01 -1.900e-01
  5.070e-01 -4.150e-01 -2.082e+00  9.200e-01 -2.400e-01 -5.440e-01][-0.84   0.93   0.46  -0.61  -0.6    0.1    0.436  0.29  -0.68  -0.38
  0.802  0.31   0.5    0.43   0.35   0.16  -1.13  -0.81  -0.494 -0.35
  0.4   -0.2   -0.77  -0.77  -0.181 -0.19   0.83   0.281 -0.4    0.5
 -0.912  0.86   0.99  -0.034  0.45  -1.355  1.593 -1.     0.01  -0.49
  0.92  -0.34   0.923 -1.29  -1.325  0.83  -1.    -1.447  0.64   0.59
  1.112  1.06  -0.78  -0.51   0.42  -0.98   0.91   0.46   0.43  -0.55
 -1.38   0.62  -0.81   0.57   0.992  0.15  -0.98   0.23  -0.4   -1.265
  0.2   -0.97  -1.02  -0.03  -0.21   0.879  0.07  -0.43  -0.32   0.566
 -0.42  -1.457 -1.703 -0.19   0.846 -0.415 -2.082  0.92  -1.066 -0.159][-1.79   0.93   0.46  -0.61  -0.6    0.1    0.436  0.29  -0.68  -0.38
  0.802  0.31   0.5    0.43   0.35   0.16  -0.27  -0.81  -0.494 -0.35
  0.4   -0.2   -0.77  -0.77  -0.181 -0.19   0.83   0.281 -0.4    0.5
 -0.912  0.86   0.99  -0.034  0.45  -1.355  1.483 -1.     0.01  -0.49
  0.545 -0.623  0.923 -1.29  -1.325  0.83  -1.381 -1.447  0.64   0.59
  2.017  1.06  -0.441 -0.51   0.42  -0.98   1.347  0.46   0.43  -0.55
 -1.917  0.62  -0.81   0.57   0.41   0.15  -0.98   0.23  -0.4   -1.265
  0.2   -0.97  -1.02  -0.03  -0.21   0.879  0.07  -0.43  -0.32   0.566
 -0.42  -1.457 -1.703 -0.19   0.846 -0.734 -2.082  0.92  -1.066 -0.544][-0.84   0.93   0.46  -0.61   0.144  0.1    0.436  0.29  -0.68  -0.38
  0.802  0.31   0.5    0.43   0.35   0.16  -0.27  -0.81  -0.148 -0.35
  0.626 -0.2   -0.77  -1.504 -0.181 -0.19   0.83   0.02  -0.4    0.5
  0.165  0.86   0.342 -0.034  0.45  -1.355  1.593 -1.     0.01  -0.49
  0.92  -0.34   0.923 -1.29  -1.325  0.83  -1.    -1.548  0.64   0.59
  1.112  1.06  -1.274 -0.51   0.42  -0.98   1.347  0.46   0.43  -0.55
 -1.38   0.62  -0.81   0.57   0.41   0.15  -0.98   0.23  -0.4   -1.265
  0.257 -0.278 -1.02  -0.03  -0.21   0.879  0.07  -0.076 -0.32   0.59
 -0.42  -0.89  -1.703 -0.19   0.846 -0.415 -2.082  0.92  -0.24  -0.544][-1.79   0.93   1.159 -0.61  -0.6    0.1    0.436  0.29  -0.68  -0.38
  0.802  0.31   0.5    0.43   0.35   0.16   1.162 -0.81  -0.494 -0.35
  0.4   -0.2   -0.77  -0.77  -0.181  1.172  0.83   0.02  -0.845  0.5
 -0.912  0.86   0.99  -0.034  0.45  -1.355  1.593 -1.     0.01  -0.49
  0.92  -0.34   0.923 -1.29  -1.325  0.83  -1.    -1.548  0.64   0.59
  1.112  1.06  -1.274 -0.51   0.42  -0.98   0.91   0.46   1.355 -0.55
 -1.917  1.563 -0.81   0.57   0.41   0.15  -0.98   0.23  -0.4   -1.265
  0.2   -0.97  -1.02  -0.03  -0.21   0.879  0.12  -0.43  -0.32   0.566
 -0.42  -1.457 -0.76  -0.19   0.846 -0.415 -2.082  0.92  -1.066 -0.159][-1.79   1.165  0.46  -0.61   0.144  0.1    0.436  0.29  -0.68  -0.38
  0.802  0.31   0.5    0.43   0.35   0.16  -0.27  -0.81  -0.494 -0.35
  0.626 -0.2   -0.77  -0.77  -0.181 -0.19   0.83   0.281 -0.4    0.5
  0.165  0.86   0.342 -0.034  0.45  -1.355  1.593 -1.     0.01  -0.49
  0.92  -0.34   0.923 -1.29  -1.325  0.83  -1.    -1.548  0.64   0.59
  2.017  1.06  -1.274 -0.51   0.42  -0.98   0.91   0.46   1.355 -0.55
 -1.38   0.62  -0.81   0.57   0.41   0.15  -0.98   0.23  -0.4   -1.265
  0.2   -0.97  -1.02  -0.03  -0.21   0.879  0.07  -0.865 -0.32   0.829
 -0.42  -0.89  -1.021 -0.19   0.846 -0.415 -2.082  0.92  -1.066 -0.544][-1.790e+00  1.800e+00  4.600e-01 -6.100e-01 -6.000e-01  1.000e-01
  4.360e-01  2.900e-01 -6.800e-01 -3.800e-01  8.020e-01  3.100e-01
  5.000e-01  4.300e-01  3.500e-01  1.600e-01 -1.130e+00 -8.100e-01
 -4.940e-01 -3.500e-01  4.000e-01 -2.000e-01 -7.700e-01 -7.700e-01
 -1.810e-01 -1.900e-01  8.300e-01  2.810e-01 -4.000e-01  5.000e-01
  1.000e-01  8.600e-01  9.900e-01 -2.000e-03  4.500e-01 -1.355e+00
  1.593e+00 -1.000e+00  1.000e-02 -4.900e-01  9.200e-01 -3.400e-01
  9.230e-01 -1.290e+00 -1.325e+00  8.300e-01 -1.381e+00 -1.447e+00
  6.400e-01  5.900e-01  1.112e+00  1.060e+00 -7.800e-01 -5.100e-01
  4.200e-01 -9.800e-01  9.100e-01  4.600e-01  4.300e-01 -5.500e-01
 -1.380e+00  6.200e-01 -8.100e-01  5.700e-01  9.920e-01  1.500e-01
 -9.800e-01  2.300e-01 -4.000e-01 -1.265e+00  2.000e-01 -9.700e-01
 -1.020e+00 -3.000e-02 -2.100e-01  8.790e-01  7.000e-02 -8.650e-01
 -3.200e-01  5.660e-01 -4.200e-01 -1.457e+00 -1.703e+00 -1.900e-01
  5.070e-01 -4.150e-01 -2.082e+00  9.200e-01 -1.066e+00 -1.590e-01][-0.84   0.93   0.46  -0.61   0.144  0.1    0.436  0.29  -0.68  -0.38
  0.802  0.31   0.5    0.43   0.35   0.16  -0.27  -0.81  -0.148 -0.35
  0.626 -0.2   -0.77  -1.504 -0.181 -0.19   0.83   0.281 -0.4    0.5
  0.1    0.86   0.342 -0.034  0.45  -1.355  1.593 -1.     0.01  -1.089
  0.92  -0.34   0.923 -1.29  -1.325  0.83  -1.    -1.447  0.64   0.59
  1.112  1.06  -1.274 -0.51   0.42  -0.98   0.91   0.46   1.355 -0.55
 -1.38   0.62  -0.81   0.57   0.974  0.15  -0.98   0.23  -0.4   -1.265
  0.257 -0.97  -1.02  -0.503 -0.21   0.879  0.07  -0.43  -0.32   0.566
 -0.42  -0.89  -1.703 -0.19   0.846 -0.415 -2.082  0.92  -1.066 -0.544][-0.84   0.93   0.46  -0.61   0.144  0.1    0.436  0.29  -0.68  -0.38
  0.81   0.31   0.5    0.43   0.35   0.16  -0.27  -0.81  -0.494 -0.35
  0.4   -0.2   -0.77  -0.77  -0.181 -0.19   0.83   0.281 -0.4    0.5
 -0.912  0.86   0.99  -0.034  0.45  -0.98   1.593 -1.     0.01  -0.49
  0.92  -1.217  0.923 -1.29  -1.325  0.83  -1.    -1.447  0.64   0.59
  1.112  1.06  -0.78  -0.51   0.42  -0.98   0.91   0.46   0.43  -0.55
 -1.917  0.62  -0.81   0.57   0.992  0.15  -0.98   0.23  -0.4   -1.265
  0.2   -0.97  -1.02  -0.03  -0.21   0.879  0.12  -0.865 -0.32   0.566
 -0.42  -0.89  -1.703 -0.19   0.846  0.103 -2.082  0.92  -1.066 -0.159][-8.400e-01  9.300e-01  4.600e-01 -6.100e-01  1.440e-01  1.000e-01
  4.360e-01  2.900e-01 -6.800e-01 -6.000e-01  8.020e-01  3.100e-01
  5.000e-01  4.300e-01  3.500e-01  3.180e-01 -2.700e-01 -8.100e-01
 -4.940e-01 -3.500e-01  4.000e-01 -2.000e-01 -7.700e-01 -1.504e+00
 -1.810e-01 -1.900e-01  8.300e-01  2.000e-02 -4.000e-01  5.000e-01
  1.000e-01  8.600e-01  3.420e-01 -2.000e-03  4.500e-01 -9.800e-01
  1.483e+00 -1.000e+00  1.000e-02 -4.900e-01  5.450e-01 -3.400e-01
  9.230e-01 -1.290e+00 -2.191e+00  8.300e-01 -1.381e+00 -1.548e+00
  6.400e-01  4.630e-01  1.112e+00  1.060e+00 -7.800e-01 -5.100e-01
  4.200e-01 -9.800e-01  9.100e-01  4.600e-01  4.300e-01 -5.500e-01
 -1.380e+00  6.200e-01 -3.700e-01  8.940e-01  4.100e-01  1.500e-01
 -9.800e-01  2.300e-01 -4.000e-01 -1.265e+00  2.570e-01 -9.700e-01
 -1.020e+00 -3.000e-02 -2.100e-01  8.790e-01  7.000e-02 -8.650e-01
 -3.200e-01  5.660e-01 -4.200e-01 -8.900e-01 -1.703e+00 -1.900e-01
  5.070e-01 -4.150e-01 -2.082e+00  9.200e-01 -1.066e+00 -1.590e-01][-0.84   0.93   1.159 -0.61   0.144  0.1    0.436  0.29  -0.68  -0.38
  0.802  0.31   0.5    0.43   0.35   0.16  -0.27  -0.81   0.48  -0.35
  0.626 -0.2   -0.77  -0.77  -0.181 -0.19   0.83   0.02  -0.4    0.5
  0.1    0.86   0.99  -0.034  0.45  -1.355  1.593 -1.     0.335 -0.49
  0.92  -0.34   0.923 -1.29  -1.325  0.83  -1.    -1.548  0.64   0.59
  1.112  1.06  -1.274 -0.51   0.42  -0.98   0.91   0.46   1.355 -0.55
 -1.917  0.301 -0.81   0.57   0.41   0.15  -0.98   0.23  -0.4   -1.265
  0.2   -0.97  -1.02  -0.03  -0.21   0.879  0.07  -0.076 -0.32   0.59
 -0.42  -0.89  -1.021 -0.19   0.846 -0.415 -2.082  0.92  -0.24  -0.544][-0.84   1.165  1.159 -0.61   0.114  0.151  0.436  0.29  -0.68  -0.38
  0.802  0.31   0.5    0.43   0.35   0.16  -0.27  -0.81  -0.494 -0.35
  0.4   -0.2   -0.77  -0.77  -0.181 -0.19   0.83   0.02  -0.4    0.5
  0.1    0.86   0.342 -0.034  0.45  -1.355  1.593 -1.     0.01  -0.49
  0.92  -0.34   0.923 -1.29  -2.191  0.83  -1.    -1.548  0.64   0.59
  1.112  1.06  -1.274 -0.51   0.42  -0.98   1.347  0.46   0.43  -0.55
 -1.38   0.62  -0.81   0.57   0.41   0.15  -0.601  0.23  -0.4   -1.265
  0.257 -0.97  -1.02  -0.03  -0.21   0.879  0.07  -0.43  -0.32   0.59
 -0.42  -0.89  -1.021 -0.19   0.846 -0.415 -2.082  0.92  -1.066 -0.544][-0.84   0.93   0.46  -0.61   0.144  0.1    0.436  0.29  -0.68  -0.38
  0.802  0.31   0.5    0.43   0.35   0.16  -0.27  -0.81  -0.494 -0.533
  0.626 -0.2   -0.77  -0.77  -0.181 -0.19   0.83   0.02  -0.4    0.5
  0.165  0.86   0.342 -0.034  0.45  -1.355  1.593 -1.     0.01  -0.49
  0.92  -0.34   0.923 -1.29  -1.325  0.83  -1.381 -1.548  0.64   0.59
  1.112  1.06  -1.274 -0.51   0.42  -0.98   0.91   0.46   1.355 -0.55
 -1.38   0.62  -0.81   0.57   0.41   0.15  -0.98   0.23  -0.4   -1.265
  0.2   -0.97  -1.02  -0.03  -0.21   0.879  0.07  -0.076 -0.32   0.566
 -0.42  -0.89  -0.76  -0.569  0.846 -0.415 -2.082  0.92  -0.24  -0.544][-1.79   0.93   0.46  -0.61  -0.44   0.1    0.436  0.29  -0.68  -0.38
  0.802  0.31   0.412  0.43   0.35   0.16  -0.27  -0.81  -0.494 -0.35
  0.626 -0.2   -0.77  -0.77  -0.181 -0.19   0.83   0.281 -0.4    0.5
  0.165  1.024  0.342 -0.034  0.45  -0.98   1.593 -1.     0.01  -0.49
  0.92   0.03   0.923 -1.29  -2.191  0.83  -1.381 -1.548  0.64   0.463
  1.647  1.06  -1.274 -0.51   0.42  -0.98   0.91   0.46   0.43  -0.55
 -1.38   0.62  -0.81   0.57   0.627  0.15  -0.98   0.23  -0.4   -1.265
  0.908 -0.97  -1.02  -0.03  -0.21   0.879  0.07  -0.865 -0.32   0.59
 -0.42  -1.457 -0.76  -0.569  0.846 -0.415 -2.082  0.92  -1.066 -0.544][-1.79   0.93   0.46  -0.61  -0.6    0.1    0.436  0.29  -0.68  -0.38
  0.802  0.31   0.5    0.43   0.35   0.16  -0.27  -0.81  -0.494 -0.35
  0.626 -0.2   -0.77  -0.77  -0.181 -0.19   0.83   0.02  -0.4    0.5
  0.1    0.86   0.99  -0.034  0.45  -1.355  1.593 -1.     0.01  -0.49
  0.92   0.03   0.923 -1.29  -1.325  0.83  -1.    -1.447  0.64   0.59
  1.112  1.06  -1.274 -0.51   0.409 -0.98   0.91   0.46   0.43  -0.55
 -1.38   0.1   -0.81   0.57   0.627  0.15  -0.98   0.23  -0.4   -1.265
  0.2   -0.97  -1.02  -0.03  -0.21   0.879  0.07  -0.43  -0.32   0.59
  0.312 -0.89  -1.021 -0.19   0.846 -0.415 -2.082  0.92  -1.066 -0.544][-0.84   0.93   0.46  -0.61  -0.6    0.1    0.436  0.29  -0.68  -0.38
  0.802  0.31   0.5    0.43   0.35   0.16  -1.13  -0.81  -0.494 -0.35
  0.4   -0.2   -0.77  -0.77  -0.181 -0.19   0.83   0.281 -0.4    0.5
  0.165  0.86   0.342 -0.034  0.45  -1.355  1.593 -1.     0.01  -0.49
  0.545 -0.34   0.923 -1.29  -2.191  0.83  -1.    -1.548  0.64   0.59
  1.112  1.06  -1.274 -0.51   0.42  -0.98   0.91   0.46   0.43  -0.55
 -1.38   0.62  -0.81   0.57   0.41   0.15  -0.98   0.23  -0.4   -1.265
  0.908 -0.97  -1.02  -0.03  -0.21   0.879  0.794 -0.865 -0.32   0.566
 -0.42  -1.457 -0.76  -0.19   0.846 -0.415 -2.082  0.92  -1.066 -0.544][-8.400e-01  9.300e-01  4.600e-01 -5.000e-01 -6.000e-01  1.000e-01
  4.360e-01  2.900e-01 -6.800e-01 -6.000e-01  8.100e-01  3.100e-01
  5.000e-01  4.300e-01  3.500e-01  1.600e-01 -1.130e+00 -8.100e-01
 -4.940e-01 -3.500e-01  6.260e-01 -2.000e-01 -7.700e-01 -1.504e+00
 -1.810e-01 -1.900e-01  8.300e-01  2.810e-01 -4.000e-01  5.000e-01
 -9.120e-01  8.600e-01  9.900e-01 -2.000e-03  4.500e-01 -9.800e-01
  1.593e+00 -1.000e+00  1.000e-02 -4.900e-01  9.200e-01 -3.400e-01
  9.230e-01 -1.290e+00 -1.325e+00  8.300e-01 -1.000e+00 -1.447e+00
  6.400e-01  1.083e+00  1.112e+00  1.060e+00 -7.800e-01 -5.100e-01
  4.200e-01 -9.800e-01  9.100e-01  4.600e-01  4.300e-01 -5.500e-01
 -1.380e+00  6.200e-01 -8.100e-01  5.700e-01  4.100e-01  1.500e-01
 -9.800e-01  2.300e-01 -4.000e-01 -1.265e+00  2.000e-01 -9.700e-01
 -1.020e+00 -3.000e-02 -2.100e-01  8.790e-01  7.000e-02 -8.650e-01
 -3.200e-01  5.660e-01 -4.200e-01 -8.900e-01 -7.600e-01 -1.900e-01
  5.070e-01 -4.150e-01 -2.082e+00  9.200e-01 -2.400e-01 -5.440e-01][-1.79   0.93   0.46  -0.61  -0.44   0.1    0.436  0.29  -0.68  -0.38
  0.802  0.31   0.5    0.43   0.35   0.16  -1.13  -0.81  -0.494 -0.35
  0.4   -0.2   -0.77  -0.77  -0.181 -0.19   0.83   0.02  -0.4    0.5
  0.1    0.86   0.99  -0.034  0.45  -1.355  1.593 -1.187  0.01  -0.49
  0.92  -0.34   0.923 -1.29  -2.191  0.83  -1.381 -1.548  0.64   0.59
  1.112  1.06  -1.274 -0.51   0.42  -0.98   1.347  0.46   0.43  -0.55
 -1.38   0.62  -0.81   0.57   0.992  0.15  -0.98   0.23  -0.4   -1.265
  0.2   -0.97  -1.02  -0.03  -0.21   0.879  0.07  -0.865 -0.32   0.59
 -0.42  -1.457 -1.703 -0.19   0.846 -0.415 -2.082  0.92  -1.066 -0.159][-0.84   0.93   0.46  -0.61  -0.6    0.1    0.436  0.29  -0.68  -0.38
  0.802  0.31   0.5    0.43   0.35   0.16  -1.13  -0.81  -0.494 -0.35
  0.626 -0.2   -0.77  -0.77  -0.181 -0.19   0.83   0.281 -0.4    0.5
 -0.912  0.86   0.99  -0.034  0.45  -1.355  1.593 -1.     0.01  -0.49
  0.92  -0.34   0.923 -1.29  -0.486  0.83  -1.    -1.447  0.64   0.59
  1.112  1.06  -0.78  -0.51   0.42  -0.98   0.91   0.46   0.43  -0.55
 -1.38   0.301 -0.81   0.57   0.974  0.15  -0.98   0.23  -0.4   -1.265
  0.2   -0.97  -1.02  -0.03  -0.21   0.879  0.07  -0.43  -0.32   0.566
 -0.42  -1.457 -1.703 -0.19   0.846 -0.415 -2.082  0.92  -1.066 -0.159][-0.84   0.93   0.46  -0.61   0.144  0.151  0.436  0.29  -0.68  -0.38
  0.81   0.31   0.5    0.43   0.35   0.16  -0.27  -0.81  -0.494 -0.35
  0.4   -0.2   -0.279 -0.77  -0.181 -0.19   0.83   0.02  -0.06   0.5
 -0.912  0.86   0.342 -0.034  0.45  -0.98   1.593 -1.     0.01  -0.49
  0.92  -0.34   0.923 -1.29  -2.191  0.83  -1.    -1.548  0.64   0.59
  1.112  1.06  -1.274 -0.51   0.42  -0.98   0.91   0.46   1.355 -0.55
 -1.917  1.563 -0.81   0.57   0.627  0.15  -0.98   0.23  -0.4   -1.265
  0.2   -0.97  -1.02  -0.03  -0.21   0.879  0.12  -0.435 -0.32   0.59
 -0.42  -1.457 -0.76  -0.19   0.846 -0.415 -2.082  0.92  -1.066 -0.544][-0.84   0.93   0.46  -0.61  -0.44   0.1    0.436  0.29  -0.68  -0.38
  0.802  0.31   0.5    0.43   0.35   0.16  -0.27  -0.81  -0.148 -0.35
  0.4   -0.2   -0.77  -0.77  -0.181 -0.19   0.83   0.02  -0.4    0.5
  0.1    0.86   0.342 -0.034  0.45  -1.355  1.483 -1.     0.01  -0.49
  0.92  -0.34   0.923 -1.29  -1.325  0.83  -1.    -1.548  0.64   0.59
  1.112  1.06  -0.78   0.2    1.154 -0.98   1.347  0.46   1.355 -0.55
 -1.917  0.62  -0.81   0.57   0.41   0.15  -0.98   0.23  -0.4   -1.265
  0.257 -0.97  -1.02  -0.503 -0.21   0.879  0.07  -0.43  -0.32   0.566
 -0.42  -0.89  -0.76  -0.19   0.846 -0.415 -2.082  0.92  -1.066 -0.544][-0.84   0.93   0.46  -0.61   0.144  0.151  0.436  0.29  -0.68  -0.38
  0.802  0.31   0.5    0.43   0.35   0.16  -1.13  -0.81  -0.494 -0.35
  0.4   -0.2   -0.77  -0.77  -0.181 -0.19   0.83   0.02  -0.06   0.5
 -0.912  0.86   0.342 -0.034  0.45  -0.98   1.593 -1.     0.01  -0.49
  0.92  -1.217  0.923 -1.29  -1.325  0.83  -1.    -1.548  0.64   0.59
  1.112  1.06  -0.78  -0.51   0.42  -0.98   0.91   0.46   1.355 -0.55
 -1.504  1.563 -0.81   0.57   0.992  0.15  -0.98   0.23  -0.4   -1.265
  0.2   -0.97  -1.02  -0.03  -0.21   0.879  0.12  -0.43  -0.32   0.566
 -0.42  -0.89  -1.703 -0.19   0.846 -0.415 -2.082  0.92  -1.066 -0.159][-1.79   0.93   0.46  -0.61   0.144  0.1    0.436  0.29  -0.68  -0.38
  0.802  0.31   0.5    0.43   0.35   0.16  -0.27  -0.81  -0.494 -0.35
  0.4   -0.2   -0.77  -0.77  -0.181 -0.19   0.83   0.02  -0.4    0.5
  0.1    0.86   0.99  -0.034  0.45  -0.98   1.593 -1.     0.01  -0.49
  0.92  -0.34   0.923 -1.29  -2.191  0.83  -1.    -1.548  0.64   0.59
  1.112  1.06  -1.274 -0.51   0.42  -0.98   1.347  0.46   0.43  -0.55
 -1.38   0.62  -0.81   0.57   0.627  0.15  -0.98   0.23  -0.4   -1.265
  0.2   -0.97  -1.02  -0.558 -0.21   0.879  0.07  -0.865 -0.32   0.59
 -0.42  -0.89  -1.021 -0.569  0.846 -0.415 -2.082  0.92  -1.066 -0.544][-1.79   1.165  0.46  -0.61   0.144  0.1    0.436  0.29  -0.68  -0.38
  0.802  0.31   0.5    0.43   0.35   0.16  -0.27  -0.81  -0.494 -0.35
  0.626 -0.2   -0.77  -1.504 -0.181 -0.19   0.83   0.02  -0.4    0.5
  0.165  0.86   0.342 -0.034  0.45  -1.355  1.483 -1.     0.01  -0.49
  0.545 -0.34   0.923 -1.29  -2.191  0.83  -1.    -1.548  0.64   0.463
  1.112  1.06  -1.274 -0.51   0.42  -0.98   0.91   0.46   0.43  -0.55
 -1.001  0.62  -0.81   0.57   0.41   0.15  -0.601  0.23  -0.4   -1.265
  0.2   -0.97  -1.02  -0.03  -0.21   0.879  0.07  -0.435 -0.32   0.59
 -0.42  -1.457 -0.76  -0.19   0.846 -0.415 -2.082  0.92  -1.066 -0.159][-1.79   0.93   0.46  -0.61   0.144  0.151  0.436  0.29  -0.68  -0.38
  0.802  0.31   0.5    0.43   0.35   0.16   1.162 -0.81  -0.494 -0.35
  0.4   -0.2   -0.77  -0.77  -0.181 -0.19   0.83   0.02  -0.4    0.5
  0.1    0.86   0.99  -0.083  0.45  -0.98   1.483 -1.     0.01  -0.49
  0.92  -0.34   0.923 -1.29  -1.325  0.83  -1.    -1.548  0.64   1.083
  1.112  1.06  -1.274 -0.51   0.42  -0.98   0.91   0.46   0.43  -0.55
 -1.38   0.62  -0.37   0.57   0.627  0.15  -0.98   0.23  -0.4   -1.265
  0.908 -0.97  -1.02  -0.03  -0.21   0.879  0.07  -0.865 -0.32   0.566
  0.312 -0.89  -1.021 -0.19   0.507 -0.415 -1.652  0.92  -0.24  -0.544][-0.84   0.93   0.46  -0.61   0.144  0.151  0.436  0.29  -0.68  -0.38
  0.802  0.31   0.5    1.007  0.35   0.16  -0.27  -0.81  -0.494 -0.35
  0.4   -0.2   -0.77  -1.504 -0.181 -0.19   0.83   0.02  -0.4    0.5
  0.1    0.86   0.342 -0.034  0.45  -1.355  1.593 -1.     0.01  -0.49
  0.545 -0.34   0.923 -1.29  -1.325  0.83  -1.    -1.548  0.64   0.463
  1.112  1.06  -1.274 -0.51   0.42  -0.98   0.91   0.46   0.43  -0.55
 -1.917  0.62  -0.81   0.57   0.41   0.15  -0.98   0.23  -0.4   -1.265
  0.257 -0.97  -1.02  -0.503 -0.21   0.879  0.07  -0.43  -0.32   0.59
 -0.42  -0.89  -1.021 -0.19   0.846 -0.415 -2.082  0.92  -1.066 -0.544][-1.79   0.93   1.159 -0.61  -0.44   0.1    0.436  0.29  -0.68  -0.38
  0.802  0.31   0.5    0.43   0.35   0.16  -0.27  -0.81  -0.494 -0.35
  0.4   -0.2   -0.77  -0.77  -0.181 -0.19   0.83   0.02  -0.4    0.5
  0.1    0.86   0.99  -0.034  0.45  -0.98   1.593 -1.     0.01  -0.49
  0.92  -0.34   0.923 -1.29  -2.191  0.83  -1.381 -1.548  0.64   0.59
  1.647  1.06  -1.274 -0.51   0.42  -0.98   1.347  0.46   1.355 -0.55
 -1.917  0.62  -0.81   0.57   0.627  0.15  -0.98   0.23  -0.4   -1.265
  0.2   -0.97  -1.02  -0.03  -0.21   0.879  0.382 -0.865 -0.32   0.59
 -0.42  -0.89  -1.021 -0.19   0.846 -0.415 -2.082  0.92  -1.066 -0.544][-1.79   0.93   0.46  -0.61  -0.44   0.151  0.436  0.29  -0.68  -0.38
  0.802  0.31   0.5    0.43   0.35   0.16  -0.27  -0.81  -0.494 -0.35
  0.626 -0.2   -0.77  -0.77  -0.181 -0.19   0.83   0.02  -0.4    0.5
  0.1    0.86   0.342 -0.034  0.45  -1.355  1.593 -1.     0.01  -0.49
  0.545 -0.623  0.923 -1.29  -2.191  0.83  -1.    -1.548  0.64   0.59
  2.017  1.06  -1.274 -0.51   0.42  -0.98   0.91   0.46   0.43  -0.55
 -1.917  0.62  -0.81   0.57   0.41   0.15  -0.98   0.23  -0.4   -1.265
  0.2   -0.97  -1.02  -0.503 -0.21   0.378  0.07  -0.43  -0.32   0.566
 -0.42  -1.457 -0.76  -0.19   0.846 -0.415 -2.082  0.92  -1.066 -0.544][-0.84   0.93   0.46  -0.61   0.144  0.1    0.436  0.29  -0.68  -0.38
  0.802  0.31   0.667  0.43   0.35   0.16  -0.27  -0.81  -0.494 -0.35
  0.4   -0.2   -0.77  -0.77  -0.181 -0.19   0.83   0.02  -0.4    0.5
  0.165  0.86   0.342 -0.034  0.45  -1.355  1.483 -1.     0.01  -0.49
  0.545 -1.217  0.923 -1.29  -2.191  0.83  -1.381 -1.548  0.64   0.59
  1.112  1.06  -0.37  -0.51   0.42  -0.98   0.91   0.46   1.355 -0.55
 -1.38   0.62  -0.81   0.57   0.41   0.15  -0.98   0.23  -0.4   -1.265
  0.2   -0.97  -1.02  -0.03  -0.21   0.879  0.12  -0.435 -0.32   0.566
 -0.42  -0.89  -0.76  -0.569  0.846 -0.415 -2.082  0.92  -1.066 -0.159][-1.79   0.93   0.46  -0.61  -0.6    0.1    0.436  0.29  -0.68  -0.38
  0.802  0.31   0.5    0.43   0.35   0.16  -0.27  -0.81  -0.494 -0.35
  0.626 -0.2   -0.77  -0.77  -0.181 -0.19   0.83   0.02   0.847  0.5
 -0.912  0.86   0.99  -0.034  0.45  -1.355  1.593 -1.     0.01  -0.49
  0.92  -0.34   0.923 -1.29  -2.191  0.83  -1.    -1.447  0.64   0.59
  1.112  1.06  -0.78  -0.51   0.42  -0.98   0.91   0.46   0.43  -0.55
 -1.38   0.62  -0.81   0.57   0.627  0.15  -0.98   0.23  -0.4   -1.265
  0.2   -0.4   -1.02  -0.03  -0.21   0.879  0.07  -0.43  -0.32   0.59
 -0.42  -1.457 -0.76  -0.569  0.846 -0.415 -2.082  0.92  -1.066 -0.159][-1.79   0.93   0.46  -0.61  -0.44   0.1    0.436  0.29  -0.68  -0.38
  0.81   0.31   0.5    0.43   0.35   0.16  -1.13  -0.81   0.48  -0.35
  0.626 -0.2   -0.77  -0.77  -0.181 -0.19   0.83   0.281 -0.4    0.5
  0.1    0.86   0.99  -0.034  0.45  -1.355  1.593 -1.     0.01  -0.49
  0.92   0.03   0.923 -1.29  -0.943  0.83  -1.    -1.447  0.64   0.59
  1.112  1.06  -1.274 -0.51   0.42  -0.98   0.91   0.46   0.43  -0.55
 -1.38   0.62  -0.81   0.57   0.974  0.15  -0.98   0.23  -0.4   -1.265
  0.2   -0.97  -1.02  -0.03  -0.21   0.879  0.07  -0.865 -0.32   0.566
 -0.42  -0.89  -1.021 -0.19   0.846 -0.415 -2.082  0.92  -0.593 -0.544][-0.84   0.93   1.159 -0.61  -0.6    0.151  0.436  0.29  -0.68  -0.38
  0.802  0.31   0.5    0.43   0.35   0.16  -0.27  -0.81  -0.494 -0.35
  0.4   -0.2   -0.77  -0.77  -1.125 -0.19   0.83   0.02  -0.4    0.5
  0.1    0.86   0.342 -0.034  0.45  -1.355  1.593 -1.     0.01  -0.49
  0.92  -0.34   0.923 -1.29  -1.325  0.83  -1.    -1.447  0.64   0.59
  1.112  1.06  -1.274 -0.51   0.42  -0.98   0.91   0.46   0.43  -0.55
 -1.917  0.62  -0.81   0.57   0.992  0.15  -0.98   0.23  -0.4   -1.265
  0.2   -0.97  -1.02  -0.03  -0.21   0.879  0.07  -0.43  -0.32   0.59
 -0.42  -1.457 -1.021 -0.19   0.846 -0.415 -2.082  0.92  -1.066 -0.159][-1.790e+00  9.300e-01  4.600e-01 -6.100e-01  1.440e-01  1.000e-01
  4.360e-01  2.900e-01 -6.800e-01 -3.800e-01  8.020e-01  3.100e-01
  5.000e-01  4.300e-01  3.500e-01  3.180e-01 -2.700e-01 -8.100e-01
 -4.940e-01 -3.500e-01  4.000e-01 -2.000e-01 -7.700e-01 -7.700e-01
 -1.810e-01 -1.900e-01  8.300e-01  2.000e-02 -4.000e-01  5.000e-01
  1.000e-01  8.600e-01  8.760e-01 -2.000e-03  4.500e-01 -9.800e-01
  1.593e+00 -1.000e+00  1.000e-02 -4.900e-01  9.200e-01 -3.400e-01
  9.230e-01 -1.290e+00 -2.191e+00  8.300e-01 -1.000e+00 -1.548e+00
  6.400e-01  1.083e+00  2.017e+00  1.060e+00 -7.800e-01 -5.100e-01
  4.200e-01 -9.800e-01  1.347e+00  4.600e-01  4.300e-01 -5.500e-01
 -1.380e+00  6.200e-01 -8.100e-01  5.700e-01  4.100e-01  1.500e-01
 -9.800e-01  2.300e-01 -4.000e-01 -1.265e+00  2.000e-01 -9.700e-01
 -1.020e+00 -3.000e-02 -2.100e-01  8.790e-01  7.000e-02 -8.650e-01
 -3.200e-01  5.660e-01 -4.200e-01 -1.457e+00 -7.600e-01 -1.900e-01
  5.070e-01 -4.150e-01 -2.082e+00  9.200e-01 -1.066e+00 -5.440e-01][-0.84   0.93   0.46  -0.61   0.144  0.1    0.436  0.29  -0.68  -0.38
  0.901  0.31   0.5    0.43   0.35   0.16  -1.13  -0.81  -0.494 -0.35
  0.4   -0.2   -0.77  -0.77  -0.181 -0.19   0.83   0.281 -0.4    0.5
 -0.912  0.86   0.342 -0.034  0.45  -1.355  1.593 -1.     0.01  -0.49
  0.92  -0.34   0.923 -1.29  -2.191  0.83  -1.    -1.447  0.64   0.59
  1.112  1.06  -1.274 -0.51   0.42  -0.98   0.91   0.46   0.43  -0.55
 -1.38   0.62  -0.81   0.57   0.992  0.15  -0.98   0.23  -0.4   -1.265
  0.2   -0.97  -1.02  -0.03  -0.21   0.879  0.07  -0.43  -0.32   0.566
 -0.42  -1.457 -1.703 -0.19   0.846 -0.415 -2.082  0.92  -1.066 -0.159][-1.79   0.93   0.46  -0.61  -0.44   0.151  0.436  0.29  -0.68  -0.38
  0.802  1.147  0.5    0.43   0.35   0.16  -0.27  -0.81  -0.494 -0.35
  0.4   -0.2   -0.77  -0.77  -0.181 -0.19   0.83   0.02  -0.4    0.5
  0.1    0.86   0.342 -0.034  0.45  -1.355  1.483 -1.     0.01  -0.49
  0.545 -0.623  0.923 -1.29  -1.325  0.83  -1.    -1.447  0.64   0.59
  2.017  1.06  -0.78   0.2    0.42  -0.98   0.91   0.723  0.43  -0.55
 -1.917  0.62  -0.81   0.57   0.41   0.15  -0.98   0.23  -0.4   -1.265
  0.2   -0.97  -1.02  -0.03  -0.21   0.879  0.07  -0.43  -0.32   0.566
 -0.42  -1.457 -0.76  -0.19   0.846 -0.734 -2.082  0.92  -1.066 -0.544][-1.79   0.93   0.46  -0.61  -0.6    0.151  0.436  0.29  -0.68  -0.38
  0.81   0.31   0.5    0.43   0.35   0.16  -0.27  -0.81  -0.494 -0.35
  0.4   -0.2   -0.77  -1.504 -0.181 -0.19   0.83   0.02  -0.219  0.5
  0.1    0.86   0.99  -0.002  0.45  -0.98   1.593 -1.     0.01  -0.49
  0.92  -0.34   0.923 -1.29  -1.325  0.83  -1.    -1.548  0.64   1.083
  1.112  1.06  -1.274 -0.51   0.42  -0.98   1.347  0.46   0.43  -0.55
 -1.917  0.62  -0.81   0.57   0.627  0.15  -0.98   0.23  -0.4   -1.265
  0.2   -0.97  -1.02  -0.03  -0.21   0.879  0.07  -0.865 -0.32   0.566
 -0.42  -0.89  -0.76  -0.569  0.846 -0.415 -1.652  0.92  -1.066 -0.544][-1.79   0.93   0.46  -0.61  -0.44   0.1    0.436  0.29  -0.68  -0.38
  0.802  0.31   0.5    0.43   0.35   0.16  -0.27  -0.81  -0.494 -0.35
  0.4   -0.2   -0.77  -0.77  -0.181 -0.19   0.83   0.02  -0.4    0.5
  0.1    0.86   0.99  -0.034  0.45  -1.355  1.593 -1.     0.01  -0.49
  0.92  -0.34   0.923 -1.29  -2.191  0.83  -1.    -1.447  0.64   0.59
  0.491  1.06  -1.274 -0.51   0.42  -0.98   0.91   0.46   0.43  -0.55
 -1.38   0.62  -0.81   0.57   0.974  0.15  -0.98   0.23  -0.4   -1.265
  0.2   -0.97  -1.02  -0.03  -0.21   0.879  0.07  -0.43  -0.32   0.566
 -0.42  -0.89  -1.021 -0.19   0.846 -0.415 -2.082  0.92  -0.593 -0.544][-0.84   0.93   0.46  -0.61  -0.44   0.1    0.436  0.29  -0.68  -0.38
  0.802  0.31   0.5    0.43   0.35   0.16  -0.27  -0.81   0.48  -0.35
  0.4   -0.2   -0.77  -1.504 -0.181 -0.19   0.83   0.02  -0.4    0.5
  0.1    0.86   0.99  -0.034  0.45  -1.355  1.593 -1.     0.01  -0.49
  0.92   0.03   0.923 -1.29  -1.325  0.83  -1.    -1.548  0.64   0.59
  1.112  1.06  -1.274 -0.51   0.42  -0.98   0.91   0.46   0.43  -0.55
 -1.38   0.62  -0.81   0.57   0.41   0.15  -0.98   0.23  -0.4   -1.265
  0.257 -0.97  -1.02  -0.03  -0.21   0.879  0.07  -0.865 -0.32   0.59
 -0.42  -0.89  -1.021 -0.19   0.846 -0.415 -2.717  0.92  -1.066 -0.544][-1.79   0.93   0.46  -0.61  -0.6    0.151  0.436  0.29  -0.68  -0.38
  0.802  0.31   0.5    0.43   0.35   0.318 -1.13  -0.81  -0.494 -0.35
  0.4   -0.2   -0.77  -0.77  -0.181 -0.19   0.83   0.02  -0.4    0.5
 -0.912  0.86   0.342 -0.034  0.45  -0.98   1.593 -1.     0.01  -0.49
  0.92  -0.34   0.923 -1.29  -1.325  0.83  -1.    -1.548  0.64  -0.41
  1.112  1.06  -0.78  -0.51   0.42  -0.98   1.347  0.46   0.43  -0.55
 -1.38   0.62  -0.81   0.57   0.992  0.15  -0.98   0.23  -0.4   -1.265
  0.2   -0.97  -1.02  -0.03  -0.21   0.879  0.07  -0.43  -0.32   0.566
 -0.42  -0.89  -1.703 -0.19   0.507 -0.415 -2.082  0.92  -1.066 -0.159][-1.79   0.93   0.46  -0.61  -0.6    0.151  0.436  0.29  -0.68  -0.6
  0.802  0.31   0.5    0.43   0.35   0.16  -0.27  -0.81  -0.494 -0.35
  1.316 -0.2   -0.77  -0.77  -0.181 -0.19   0.83   0.02  -0.06   0.5
  0.1    0.86   0.99  -0.034  0.45  -0.98   1.593 -1.     0.01  -0.49
  0.92  -0.34   0.923 -1.29  -1.325  0.83  -1.381 -1.548  0.64   1.083
  1.112  1.06  -0.78  -0.51   0.42  -0.98   0.91   0.46   0.43  -0.55
 -1.38   0.62  -0.37   0.57   0.41   0.15  -0.98   0.23  -0.4   -1.265
  0.2   -0.97  -1.02  -0.03  -0.21   0.879  0.07  -0.076 -0.32   0.59
 -0.42  -0.89  -1.703 -0.569  0.507 -0.415 -2.082  0.92  -1.066 -0.544][-0.84   0.93   0.46  -0.61   0.144  0.151  0.436  0.29  -0.68  -0.38
  0.802  0.31   0.5    0.43   0.35   0.16  -0.27  -0.81  -0.494 -0.35
  0.4   -0.2   -0.77  -0.77  -0.181 -0.19   0.83   0.02  -0.06   0.5
  0.1    0.86   0.342 -0.034  0.45  -0.98   1.593 -1.     0.01  -0.49
  0.92  -0.34   0.923 -1.29  -1.325  0.83  -1.    -1.447  0.64   0.59
  1.112  1.06  -1.274 -0.51   0.42  -0.98   0.91   0.46   0.43  -0.55
 -1.38   0.62  -0.81   0.57   0.627  0.15  -0.98   0.23  -0.4   -1.265
 -0.502 -0.97  -1.02  -0.03  -0.21   0.879  0.12  -0.865 -0.32   0.566
 -0.42  -0.89  -1.703 -0.19   0.846 -0.415 -2.082  0.92  -1.066 -0.159][-8.400e-01  9.300e-01  4.600e-01 -6.100e-01  1.440e-01  1.510e-01
  4.360e-01  2.900e-01 -6.800e-01 -3.800e-01  8.020e-01  3.100e-01
  5.000e-01  4.300e-01  3.500e-01  3.180e-01 -2.700e-01 -8.100e-01
 -4.940e-01 -3.500e-01  4.000e-01  5.190e-01 -7.700e-01 -7.700e-01
 -1.810e-01 -1.900e-01  8.300e-01  2.000e-02 -4.000e-01  5.000e-01
  1.000e-01  8.600e-01  3.420e-01 -2.000e-03  4.500e-01 -9.800e-01
  1.483e+00 -1.000e+00  1.000e-02 -4.900e-01  9.200e-01 -1.217e+00
  9.230e-01 -1.290e+00 -1.325e+00  8.300e-01 -1.381e+00 -1.548e+00
  6.400e-01  5.900e-01  1.112e+00  1.060e+00 -3.700e-01 -5.100e-01
  4.200e-01 -9.800e-01  9.100e-01  4.600e-01  1.355e+00 -5.500e-01
 -1.380e+00  6.200e-01 -8.100e-01  5.700e-01  4.100e-01  1.500e-01
 -9.800e-01  2.300e-01 -4.000e-01 -1.265e+00  2.000e-01 -9.700e-01
 -1.020e+00 -3.000e-02 -2.100e-01  8.790e-01  1.200e-01 -8.650e-01
 -3.200e-01  5.660e-01 -4.200e-01 -8.900e-01 -7.600e-01 -1.900e-01
  8.460e-01 -4.150e-01 -2.082e+00  9.200e-01 -1.066e+00 -5.440e-01][-1.79   0.93   0.46  -0.61  -0.44   0.1    0.436  0.29  -0.68  -0.38
  0.802  0.31   0.349  0.43   0.35   0.16  -0.27  -0.81  -0.494 -0.35
  0.4   -0.2   -0.77  -0.77  -0.181 -0.19   0.83   0.02  -0.4    0.5
  0.1    0.86   0.99  -0.034  0.45  -0.98   1.593 -1.     0.01  -0.49
  0.92   0.03   0.923 -1.29  -2.191  0.83  -1.    -1.548  0.64   0.59
  1.112  1.06  -1.274 -0.51   0.42  -0.98   0.91   0.46   0.43  -0.55
 -1.38   0.62  -0.81   0.57   0.627  0.15  -0.98   0.23  -0.4   -1.265
  0.2   -0.97  -1.02  -0.03  -0.21   0.879  0.07  -0.865 -0.32   0.59
  0.312 -0.89  -1.021 -0.19   0.846 -0.415 -2.082  0.92  -1.066 -0.544][-1.79   0.93   0.46  -0.61  -0.6    0.1    0.436  0.29  -0.68  -0.38
  0.802  0.31   0.5    0.43   0.35   0.16  -1.13  -0.81  -0.494 -0.35
  0.4   -0.2   -0.77  -0.77  -0.181 -0.19   0.83   0.02  -0.4    0.5
 -0.912  0.86   0.99  -0.034  0.45  -1.355  1.593 -1.     0.01  -0.49
  0.92  -0.34   0.923 -1.29  -1.325  0.83  -1.    -1.548  0.64   0.59
  1.112  1.06  -0.078 -0.51   0.42  -0.98   0.91   0.46   0.43  -0.55
 -1.38   0.62  -0.81   0.57   0.992  0.15  -0.98   0.23  -0.4   -1.265
  0.2   -0.97  -1.02  -0.03  -0.21   0.879  0.07  -0.43  -0.32   0.566
  0.312 -1.457 -1.021 -0.19   0.846 -0.415 -2.082  0.92  -1.066 -0.159][-0.84   0.93   0.46  -0.61  -0.6    0.151  0.436  0.29  -0.68  -0.38
  0.802  0.31   0.5    0.43   0.35   0.16  -1.13  -0.81  -0.494 -0.35
  0.4   -0.2   -0.77  -0.77  -0.181 -0.19   0.83   0.281 -0.4    0.5
 -0.912  0.86   0.342 -0.034  0.45  -1.355  1.593 -1.     0.01  -0.49
  0.92  -0.34   0.923 -1.29  -1.325  0.83  -1.    -1.447  0.64   0.59
  1.112  1.06  -1.274 -0.51   0.42  -0.98   0.91   0.46   0.43  -0.55
 -1.917  0.62  -0.81   0.57   0.41   0.15  -0.98   0.23  -0.4   -1.265
  0.2   -0.97  -1.02  -0.03  -0.21   0.879  0.07  -0.43  -0.32   0.59
 -0.42  -1.457 -1.703 -0.19   0.846  0.433 -2.082  0.92  -1.066 -0.544][-0.84   0.93   0.46  -0.61   0.144  0.1    0.436  0.29  -0.68  -0.38
  0.802  0.31   0.5    0.43   0.35   0.16  -0.27  -0.81   0.48  -0.35
  0.626 -0.2   -0.77  -0.77  -0.181 -0.19   0.83   0.02  -0.06   0.5
  0.165  0.86   0.99  -0.034  0.45  -1.355  1.593 -1.     0.01  -0.49
  0.92  -0.34   0.923 -1.29  -1.325  0.83  -1.    -1.548  0.64   0.59
  1.112  1.06  -0.37  -0.51   0.42  -0.98   0.91   0.46   1.355 -0.55
 -1.38   0.62  -0.81   0.57   0.974  0.15  -0.98   0.23  -0.4   -1.265
  0.2   -0.4   -1.02  -0.03  -0.21   0.879  0.07  -0.076 -0.32   0.59
 -0.42  -0.769 -0.76  -0.19   0.846 -0.415 -2.082  0.92  -0.24  -0.544][-0.84   0.93   1.159 -0.61   0.144  0.1    0.436  0.29  -0.68  -0.38
  0.802  0.31   0.5    0.43   0.35   0.16  -0.27  -0.81  -0.148 -0.35
  0.626 -0.2   -0.77  -1.504 -0.181 -0.19   0.83   0.02  -0.4    0.5
  0.1    0.86   0.342 -0.034  0.45  -0.98   1.593 -1.     0.01  -0.49
  0.92  -0.34   0.923 -1.29  -1.325  0.83  -1.381 -1.548  0.64   0.59
  1.112  1.06  -1.274 -0.51   0.42  -0.98   1.347  0.46   1.355 -0.55
 -1.917  0.62  -1.036  0.57   0.41   0.15  -0.98   0.23  -0.4   -1.265
  0.257 -0.97  -1.02  -0.503 -0.21   0.879  0.07  -0.43  -0.32   0.59
 -0.42  -0.89  -0.76  -0.19   0.507 -0.415 -2.082  0.92  -1.066 -0.544][-1.790e+00  9.300e-01  4.600e-01 -6.100e-01 -6.000e-01  1.510e-01
  4.360e-01  2.900e-01 -6.800e-01 -3.800e-01  8.020e-01  3.100e-01
  5.000e-01  4.300e-01  3.500e-01  1.600e-01 -2.700e-01 -8.100e-01
  4.800e-01 -3.500e-01  4.000e-01 -2.000e-01 -7.700e-01 -7.700e-01
 -1.810e-01 -1.900e-01  8.300e-01  2.000e-02 -4.000e-01  5.000e-01
  1.000e-01  8.600e-01  9.900e-01 -2.000e-03  4.500e-01 -1.355e+00
  1.483e+00 -1.000e+00  1.000e-02 -4.900e-01  9.200e-01 -3.400e-01
  9.230e-01 -1.290e+00 -1.325e+00  8.300e-01 -1.000e+00 -1.548e+00
  6.400e-01  1.083e+00  1.112e+00  1.060e+00 -7.800e-01 -5.100e-01
  4.200e-01 -9.800e-01  1.347e+00  4.600e-01  4.300e-01 -5.500e-01
 -1.380e+00  3.010e-01 -8.100e-01  5.700e-01  4.100e-01  1.500e-01
 -9.800e-01  2.300e-01 -4.000e-01 -1.265e+00  2.000e-01 -9.700e-01
 -1.020e+00 -3.000e-02 -2.100e-01  8.790e-01  7.000e-02 -8.650e-01
 -3.200e-01  5.900e-01 -4.200e-01 -8.900e-01 -1.703e+00 -4.500e-01
  8.460e-01 -4.150e-01 -2.082e+00  9.200e-01 -1.066e+00 -5.440e-01][-0.84   0.93   1.159 -0.61   0.144  0.151  0.436  0.29  -0.68  -0.38
  0.802  0.31   0.5   -0.303  0.35   0.16  -0.27  -0.81  -0.494 -0.35
  0.626 -0.2   -0.77  -1.504 -0.181  1.172  0.83   0.02  -0.4    0.5
  0.1    0.86   0.99  -0.034  0.45  -1.355  1.483 -1.     0.01  -0.49
  0.545 -0.34   0.923 -1.29  -1.325  0.83  -1.    -1.548  0.64   0.59
  1.112  1.06  -1.274 -0.51   0.42  -0.98   0.91   0.46   0.43  -0.55
 -1.917  1.563 -0.81   0.57   0.41   0.15  -0.98   0.23  -0.4   -1.265
  0.2   -0.97  -1.02  -0.03  -0.21   0.879  0.07  -0.43  -0.32   0.566
 -0.42  -1.457 -0.76  -0.19   0.846 -0.415 -2.082  0.92  -1.066 -0.159][-1.79   0.93   0.34  -0.61   0.144  0.151  0.436  0.29  -0.68  -0.6
  0.802  0.31   0.5    0.43   0.35   0.16  -0.27  -0.81  -0.494 -0.35
  0.626 -0.2   -0.77  -0.77  -0.181 -0.19   0.83   0.02  -0.155  0.5
  0.165  0.86   0.99  -0.034  0.45  -0.98   1.593 -1.     0.01  -0.49
  0.92  -1.217  0.923 -1.29  -1.325  0.83  -1.381 -1.548  0.64   1.083
  1.112  1.06  -0.78  -0.51   0.42  -0.98   0.91   0.46   1.355 -0.55
 -1.917  0.62  -0.81   0.57   0.41   0.15  -0.98   0.23  -0.4   -1.265
  0.2   -0.97  -1.02  -0.03  -0.21   0.879  0.12  -0.865 -0.32   0.566
 -0.42  -0.89  -0.76  -0.19   0.846 -0.415 -2.082  0.92  -0.24  -0.544][-1.79   0.93   0.46  -0.61  -0.6    0.1    0.436  0.29  -0.68  -0.38
  0.81   0.31   0.5    0.43   0.35   0.16  -1.13  -0.81  -0.494 -0.35
  0.626 -0.2   -0.77  -0.77  -0.181 -0.19   0.83   0.281 -0.06   0.5
  0.1    0.86   0.99  -0.034  0.45  -0.98   1.593 -1.     0.01  -0.49
  0.92  -0.34   0.923 -1.29  -1.325  0.83  -1.    -1.548  0.64   0.59
  1.112  0.159 -1.274 -0.51   0.42  -0.98   0.91   0.46   0.43  -0.55
 -1.38   1.563 -0.81   0.57   0.974  0.15  -0.98   0.23  -0.4   -1.265
  0.2   -0.97  -1.02  -0.03  -0.21   0.879  0.07  -0.865 -0.32   0.566
 -0.42  -0.89  -1.021 -0.19   0.846 -0.415 -2.082  0.92  -1.066 -0.544][-1.79   0.93   0.46  -0.61  -0.6    0.1    0.436  0.29  -0.68  -0.38
  0.802  0.31   0.5    0.43   0.35   0.16  -1.13  -0.81  -0.494 -0.35
  0.626 -0.2   -0.77  -0.77  -0.181 -0.19   0.83   0.281 -0.4    0.5
 -0.912  0.86   0.99  -0.034  0.45  -1.355  1.593 -1.     0.01  -0.49
  0.92  -0.34   0.923 -1.29  -1.325  0.83  -1.    -1.447  0.64   0.59
  1.112  1.06  -1.274 -0.51   0.42  -0.98   0.91   0.46   0.43  -0.55
 -1.38   0.62  -0.81   0.57   0.627  0.15  -0.98   0.23  -0.4   -1.265
  0.2   -0.4   -1.02  -0.494 -0.21   0.879  0.07  -0.43  -0.32   0.59
 -0.42  -1.457 -0.76  -0.19   0.846 -0.415 -2.082  0.92  -0.24  -0.159][-1.79   0.93   0.46  -0.61  -0.44   0.151  0.436  0.29  -0.68  -0.38
  0.802  0.31   0.5    0.43   0.35   0.16  -0.27  -0.81  -0.494 -0.35
  0.626 -0.2   -0.77  -2.216 -0.181  1.172  0.83   0.02  -0.4    0.5
  0.1    0.86   0.99  -0.034  0.45  -1.355  1.483 -1.     0.01  -0.49
  0.92  -0.34   0.923 -1.29  -2.191  0.83  -1.381 -1.447  0.64   0.59
  1.112  1.06  -0.78  -0.51   0.42  -0.98   1.347  0.46   0.43  -0.55
 -1.917  0.62  -0.81   0.57   0.41   0.15  -0.98   0.23  -0.4   -1.265
  0.2   -0.97  -1.02  -0.03  -0.21   0.879  0.07  -0.43  -0.32   0.566
 -0.42  -1.457 -0.76  -0.19   0.846 -0.415 -2.082  0.92  -1.066 -0.159][-0.84   0.93   0.46  -0.61  -0.6    0.151  0.436  0.29  -0.68  -0.38
  0.686  0.31   0.5    0.43   0.35   0.16   1.162 -0.81  -0.494 -0.35
  0.4   -0.2   -0.77  -0.77  -0.181 -0.19   0.83   0.281 -0.4    0.5
  0.1    0.86   0.99  -0.002  0.45  -1.355  1.593 -1.     0.01  -0.49
  0.92  -0.34   0.923 -1.29  -1.325  0.83  -1.    -1.548  0.64   0.59
  1.112  1.06  -0.78  -0.51   0.42  -0.98   0.91   0.46   0.43  -0.55
 -1.917  0.62  -0.37   0.57   0.992  0.15  -0.98   0.23  -0.4   -1.265
  0.2   -0.97  -1.02  -0.03  -0.21   0.879  0.07  -0.865 -0.32   0.566
 -0.42  -0.89  -0.76  -0.19   0.846 -0.415 -1.652  0.92  -1.066 -0.544][-1.355  0.93   0.46  -0.61   0.144  0.1    0.436  0.29  -0.68  -0.38
  0.802  0.31   0.5    0.43   0.35   0.16  -0.27  -0.81  -0.494 -0.35
  0.626 -0.2   -0.77  -0.77  -0.181 -0.19   0.83   0.02  -0.06   0.5
  0.165  0.86   0.99  -0.034  0.45  -1.355  1.593 -1.     0.01  -0.49
  0.92  -0.34   0.923 -1.29  -1.325  0.83  -1.    -1.548  0.64   0.59
  1.112  1.06  -1.274 -0.51   0.42  -0.98   0.91   0.46   0.43  -0.55
 -1.38   0.301 -0.81   0.57   0.627  0.15  -0.98   0.23  -0.4   -1.265
  0.2   -0.4   -1.02  -0.03  -0.21   0.879  0.07  -0.076 -0.32   0.59
 -0.42  -0.89  -0.76  -0.569  0.846 -0.415 -2.082  0.92  -0.24  -0.544][-0.84   0.93   0.46  -0.61   0.144  0.1    0.436  0.29  -0.68  -0.38
  0.81   0.31   0.5    0.43   0.35   0.16  -0.27  -0.81  -0.494 -0.35
  0.626 -0.2   -0.77  -0.77  -0.181 -0.19   0.83   0.281 -0.06   0.5
  0.165  0.86   0.99  -0.034  0.45  -1.355  1.593 -1.     0.01  -0.49
  0.92  -0.34   0.923 -1.29  -2.191  0.83  -1.    -1.548  0.64   0.59
  2.017  1.06  -1.274 -0.51   0.42  -0.98   0.91   0.46   1.355 -0.55
 -1.38   1.563 -0.81   0.57   0.627  0.15  -0.601  0.23  -0.4   -1.265
  0.2   -0.97  -1.02  -0.03  -0.21   0.879  0.07  -0.865 -0.32   0.566
 -0.42  -1.457 -0.092 -0.19   0.846 -0.415 -2.082  0.92  -1.066 -0.544][-0.84   0.93   1.159 -0.61  -0.44   0.151  0.436  0.29  -0.68  -0.38
  0.802  0.31   0.5    0.43   0.35   0.16   0.222 -0.81  -0.494 -0.35
  0.626 -0.2   -0.77  -0.77  -0.181 -0.19   0.83   0.02  -0.4    0.5
  0.1    0.86   0.342 -0.034  0.45  -1.355  1.593 -1.     0.01  -0.49
  0.545 -0.34   0.923 -1.29  -1.325  0.83  -1.    -1.548  0.64   0.59
  2.017  1.06  -1.274 -0.51   0.42  -0.98   0.91   0.46   0.43  -0.55
 -1.917  0.62  -0.81   0.57   0.41   0.15  -0.98   0.23  -0.4   -1.265
  0.257 -0.97  -1.02  -0.03  -0.21   0.879  0.07  -0.43  -0.32   0.59
 -0.42  -1.457 -1.021 -0.19   0.846 -0.415 -2.082  0.92  -1.066 -0.544]