[-0.84   0.93   0.46  -0.61  -0.44   0.1    0.436  0.29  -0.68  -0.38
  0.64   0.96  -0.89  -0.74   0.35   0.16   0.62  -0.81   0.48  -0.35
  0.4   -0.2   -0.77   0.8   -0.3   -0.19   0.83   0.02  -0.4    0.5
 -0.52   0.86   0.99   0.41   0.45  -0.98   0.95  -1.     0.01  -0.49
  0.92  -0.34   0.77   0.85  -0.86   0.83  -1.    -0.85   0.256  0.59
  0.14   0.26  -0.78  -0.51   0.42  -0.98   0.91   0.46   0.43  -0.55
 -0.67   0.62  -0.37   0.57   0.41   0.71  -0.98   0.23  -0.4   -0.48
  0.39  -0.97  -0.15  -0.03  -0.21   0.31   0.07   0.08  -0.32   0.59
 -0.42  -0.89   0.12  -0.19   0.08  -0.22  -0.97  -0.18  -0.71  -0.17 ][-0.84   0.93   0.46  -0.61  -0.44  -0.5   -0.29   0.29  -1.348 -0.38
  0.64   0.96  -0.89  -0.74   0.35   0.98   0.62  -0.81   0.48   0.66
  0.4   -0.2   -0.77   0.8   -0.3   -0.19   0.83   0.02  -0.4    0.5
  0.1    0.86   0.99   0.41  -0.57  -0.24   0.95  -1.     0.01  -0.49
  0.92  -0.34  -0.27   0.85   0.24   0.51  -1.    -0.24   0.64   0.59
  0.14  -0.16  -0.78  -0.06   0.42   0.2    0.91  -0.68   0.43  -0.45
 -0.67   0.62  -0.37  -0.23   0.41   0.15  -0.58   0.23  -0.4   -0.48
  0.39  -0.97  -0.15  -0.18   0.12   0.31   0.07  -0.43  -0.32   0.59
 -0.42  -0.89   0.12  -0.19   0.08  -0.22  -0.97  -0.18  -0.24  -0.17 ][-0.84   0.93   0.46  -0.61  -0.44  -0.5   -0.29   0.29  -0.68  -0.38
  0.81   0.96   0.5    0.43   0.36   0.16   0.62  -0.81  -1.189 -0.35
  0.4   -0.2   -0.08   0.8   -0.3   -0.19   0.83   0.02  -0.4    0.5
  0.1    0.86   0.99   0.41   0.45  -0.24  -0.27  -1.     0.01  -0.49
  0.92  -0.34   0.77   0.85  -0.86   0.83  -1.    -0.85   0.64   0.59
  0.78   0.26  -0.78  -0.06   0.42  -0.98   0.91   0.46   0.43  -0.45
 -0.76   0.62   0.214  0.57   0.41   0.15  -0.58   0.23  -0.4   -0.48
  0.39  -0.97  -0.15  -0.03  -0.21   0.31   0.07  -0.43  -0.32   0.59
  0.76  -0.89   0.12   0.79   0.08  -0.22  -0.97   0.92  -0.24  -0.17 ][ 0.952  0.93   0.46  -0.61  -0.44  -0.5   -0.29   0.29  -0.41  -0.38
  0.64   0.96  -0.89  -0.74   0.35   0.98   0.62  -0.81   0.48   0.66
  0.4   -0.2   -0.08   0.8   -0.3   -0.19  -0.042  0.02  -0.87   0.5
 -0.52  -0.37   0.99   0.41  -0.57  -0.98   0.95  -0.27   0.01  -0.49
  0.92  -0.34   0.77  -0.54  -0.86   0.83  -1.    -0.85   0.64   0.23
  0.14  -0.16   0.2   -0.51   0.42   0.2    0.91  -0.68  -0.77  -0.45
 -0.67   0.62  -0.37   0.57   0.41   0.71  -0.58   0.23  -0.4   -0.62
  0.39  -0.97  -0.15  -0.03   0.12   0.31   0.07   0.08  -0.32   0.59
 -0.42  -0.89   0.12  -0.19   0.08  -0.32  -0.97  -0.18  -0.71  -0.17 ][ 0.667 -0.89   0.46   0.15  -0.44   0.1   -0.29   0.72  -0.41  -0.38
  0.64   0.31  -0.89  -0.74   0.35   0.16   0.62  -0.81   0.48   0.66
  0.4   -0.2   -0.77  -0.77  -0.3   -0.19   0.83   0.02  -0.87   0.5
 -0.52   0.86   0.99  -0.92  -0.57  -0.98   0.95  -1.     0.01  -0.393
  0.92   0.75  -0.27   0.85   0.24   0.83  -1.    -0.85   0.64   0.59
  0.78   0.26  -0.78  -0.06   0.42  -0.98   0.63   0.46   0.43  -0.45
 -0.76   0.62  -0.81   0.57  -0.76   0.71  -0.58   0.23  -0.4   -0.62
  0.39  -0.97  -0.15  -0.03   0.12   0.31   0.07  -0.43  -0.32   0.59
  0.76  -0.89  -0.23  -0.19   0.08  -0.32  -0.97  -0.18  -0.24  -0.17 ][-0.84   0.93   0.46  -0.61  -0.6   -0.5    0.436  0.29  -0.68  -0.38
  0.81   0.96   0.5    0.43   0.35   0.16   0.62  -0.81   0.48  -0.35
  0.4   -0.2   -0.08   0.8   -0.3   -0.19   0.6    0.02  -0.4    0.5
 -0.52   0.86   0.99   0.41   0.45  -0.24  -0.27  -1.     0.01  -0.49
  0.92  -0.34   0.495  0.85  -0.86   0.83  -1.    -0.85   0.64   0.59
  0.78   0.26  -0.78  -0.06   0.42  -0.98   0.91   0.46   0.43  -0.55
 -0.67   0.62  -0.37   0.57   0.41   0.71  -0.98   0.23  -0.4   -0.48
  0.2   -0.97  -0.15  -0.03  -0.21   0.31   0.07  -0.43  -0.32   0.59
  0.76  -0.89   0.12  -0.19   0.08  -0.32  -0.97   0.92  -0.71  -0.17 ][-0.84   0.93   0.46  -0.61  -0.6    0.1   -0.29   0.72  -0.68  -0.38
  0.81   0.31  -0.89  -0.74   0.35   0.16  -0.27  -0.81   0.48  -0.35
  0.4   -0.2   -0.77   0.8   -0.3   -0.19   0.83   0.02  -0.4    0.5
 -0.52   0.86   0.99   0.41   0.45  -0.98   0.95  -1.     0.01  -1.021
  0.92  -0.34   0.77   0.85  -0.86   0.83  -1.    -1.843  0.64   0.23
  0.78   0.26  -0.78  -0.51   0.42  -0.98   0.91   0.46   0.43  -0.55
 -0.76   0.62  -0.37   0.57   0.41   0.71  -0.58   0.23  -0.4   -0.48
  0.2   -0.97  -0.15  -0.03  -0.21   0.31   0.07   0.08  -0.32   0.59
 -0.42  -0.89   0.12  -0.19   0.24  -0.22  -0.97   0.92  -0.71  -0.17 ][ 0.94   0.93   0.46  -0.61  -0.6   -0.5   -0.29   0.29  -0.68  -0.38
  0.64   0.96  -0.89   0.43   0.36   0.16  -0.27  -0.81  -1.189  0.66
  0.4   -0.2   -0.77   0.8   -0.3   -0.19   0.6    0.02  -0.4    0.5
 -0.52  -0.37   0.99   0.41   0.45  -0.98   0.95  -1.     0.01  -0.05
 -0.7   -0.34   0.77   0.85  -0.86   0.83  -1.    -0.85   0.64   0.59
  0.14   0.26  -0.78  -0.06   0.42  -0.98   0.91   0.46  -0.77  -0.55
 -0.76   0.62  -0.37  -0.23   0.41   0.15  -0.58   0.23  -0.4   -1.446
  0.2   -0.97  -0.15  -0.03   0.12   0.31   0.07   0.08  -0.32   0.59
 -0.42  -0.89   0.12  -0.19   0.24  -0.32  -0.88   0.92  -0.71  -0.17 ][-0.84   0.93   0.46  -0.61  -0.6   -0.5    0.436  0.29  -0.68  -0.38
  0.81   0.96   0.5    0.43   0.35   0.16   0.664 -0.81   0.48  -0.35
  0.4   -0.2   -0.77   0.8   -0.88  -0.19   0.83   0.02  -0.4    0.5
 -0.52   0.86   0.99   0.41   0.45  -0.98   0.95  -1.     0.01  -0.05
  0.92  -0.34   0.77  -0.54  -0.86   0.83  -1.    -0.85   0.64   0.59
  0.78   0.26  -0.78  -0.51   0.42  -0.98   0.91  -0.68   0.43  -0.45
 -0.76   0.62  -0.81   0.57   0.41   0.71  -0.58   0.23  -0.4   -0.48
  0.2   -0.97  -0.15  -0.03  -0.21   0.31   0.07  -0.43  -0.32   0.59
 -0.42  -0.89   0.12  -0.19   0.08  -0.32  -0.97   0.92  -0.24  -0.17 ][-0.84   0.93   0.46  -0.61  -0.44  -0.5   -0.29   0.29  -0.41  -0.38
  0.64   0.96  -0.89   0.43   0.35   0.98   0.62  -0.81   0.48   0.66
  0.4   -0.2   -0.77   0.8   -0.3   -0.19   0.83   0.02  -0.87   0.5
  0.1   -0.37   0.99   0.41  -0.57  -0.24   0.95  -1.     0.01  -0.49
  0.92  -0.34   0.77   0.85  -0.86   0.83  -0.3    0.751  0.64   0.59
  0.14   0.26  -0.78  -0.06   0.42   0.2    0.91  -0.68   0.43  -0.45
 -0.67   0.62  -0.37  -0.23   0.41   0.15  -0.58   0.23  -0.4   -0.48
  0.39  -0.97  -0.15  -0.03   0.761  0.31   0.07  -0.43  -0.32   0.59
 -0.42  -0.89   0.12  -0.19   0.08  -0.32  -0.97   0.92  -0.71  -0.17 ][ 0.94   0.93   0.46  -0.61  -0.44  -0.5   -0.29   0.29  -0.41  -0.38
  0.64  -0.388 -0.89   0.43   0.35   0.16   0.62  -0.81  -1.189 -0.35
  0.4   -0.2   -0.77   0.8   -0.3   -0.19   0.83   0.02  -0.87   0.5
  0.1    0.86   0.99   0.41   0.45  -0.24   0.95  -1.     0.01  -0.49
  0.92  -0.34   0.77   0.85  -0.86   0.83  -1.009  0.751  0.64   0.59
  0.78   0.26  -0.78  -0.06   0.42  -0.98   0.91   0.46   0.43  -0.55
 -0.67   0.62  -0.81  -0.23   0.41   0.15  -0.98   0.23  -0.4   -0.48
  0.39  -0.97  -0.15  -0.03  -0.21   0.31   0.07  -0.43  -0.32  -0.342
  0.76  -0.89   0.12  -0.19   0.08  -0.22  -0.97   0.92  -0.24  -0.17 ][-0.84   0.93   0.46  -0.61  -0.6    0.1    0.436  0.72  -0.68  -0.38
  0.64   0.31  -0.89  -0.74   0.36   0.16   0.62  -0.81   0.48  -0.35
  0.4   -0.257 -0.08   0.8   -0.3   -0.19   0.83   0.02  -0.4    0.5
  0.1    0.86   0.99   0.41   0.45  -0.98   0.95  -1.     0.01  -0.05
  0.92  -0.34   0.77   0.85  -0.86   0.83  -1.    -0.85   0.64   0.59
  0.78   0.26  -0.78  -0.51   0.42  -0.98   0.91   0.46   0.43  -0.55
 -0.76   0.62  -0.37   0.57   0.41   0.15  -0.98   0.23  -0.4   -0.48
  0.2   -0.97  -0.15  -0.03  -0.21   0.31   0.07  -0.43  -0.32   0.59
  0.76  -0.89   0.12  -0.19   0.24  -0.32  -0.97  -0.18  -0.71  -0.17 ][-0.84   0.93   0.46  -0.61  -0.6    0.1    0.436  0.29  -0.68  -0.38
  0.81   0.31  -0.89  -0.74   0.35   0.16  -0.27  -0.81   0.48  -0.35
  0.4   -0.2   -0.77   0.8   -0.88  -0.19   0.83   0.02  -0.4    0.5
 -0.52   0.86   0.99   0.41  -0.57  -0.98   0.95  -1.     0.01  -1.021
  0.92  -0.34   0.77   0.85  -0.86   0.83  -1.    -0.85   0.64   0.59
  0.14   0.26  -0.78  -0.51   0.42  -0.98   0.91   0.46   0.43  -0.55
 -0.67   0.62  -0.37  -0.23   0.41   0.15  -0.58   0.23  -0.4   -0.48
  0.2   -0.97  -0.15  -0.03  -0.21   0.31   0.07   0.08  -0.32   0.59
 -0.42  -0.89   0.12  -0.19   0.24  -0.32  -0.97   0.92  -0.159 -0.17 ][-0.84   0.93   0.46  -0.61  -0.6   -0.5   -0.29   0.72  -0.41  -0.38
  0.64   0.31  -0.89   0.43   0.36   0.16  -0.27  -0.81   0.48  -0.35
  0.4   -0.2   -0.77   0.8   -0.3   -0.19   0.83  -0.849 -0.87   0.5
  0.1    0.86   0.99   0.41   0.45  -0.98   0.95  -1.     0.01  -0.49
  0.92  -0.34   0.77   0.85  -0.86   0.83  -1.    -0.85   0.64   0.59
  0.14   0.26  -0.78  -0.51   0.42  -0.98   0.91   0.46   0.43  -0.55
 -0.76   0.62  -0.81   0.57   0.41   0.15  -0.98   0.23  -0.4   -0.48
  0.2   -0.97  -0.15  -0.03  -0.21   0.31   0.07  -0.43  -0.32   0.59
 -0.42  -0.89   0.12  -0.19   0.24  -0.22  -0.97   0.92  -0.71  -0.17 ][ 0.94   0.93   0.46   0.15  -0.6    0.1   -0.29   0.72  -0.41  -0.38
  0.803  0.96  -0.89  -0.74   0.35   0.16  -0.27  -0.81   0.48  -0.35
  0.4   -0.2   -0.77   0.8   -0.3   -0.19   0.83   0.02  -0.87   0.5
 -0.52   0.86   0.99   0.41  -0.57  -0.98   0.95  -0.27   0.01  -0.49
  0.92  -0.34  -0.27   0.85   0.24   0.83  -1.    -0.24   0.64   0.23
  0.78  -0.16  -0.78  -0.51   0.42   0.2    0.91  -0.68   0.43  -0.55
 -0.67   0.62  -0.37  -0.23   0.41   0.15  -0.98   0.23  -0.4   -0.48
  0.39  -0.97  -0.15  -0.03   0.12   0.31   0.07   0.08  -0.32   0.59
 -0.42  -0.89   0.12  -0.19   0.08  -0.22  -0.97   0.92  -0.71  -0.17 ][-0.84   0.93   0.46  -0.61  -0.44  -0.5   -0.29   0.29  -0.68  -0.38
  0.64  -0.388 -0.89   0.43   0.35   0.16   0.62  -0.81  -1.189  0.66
  0.4   -0.2   -0.77   0.8   -0.3   -0.19   0.83   0.02  -0.4    0.5
  0.1    0.86   0.99   0.41   0.45  -0.24  -0.27  -1.     0.01  -0.49
  0.92  -0.34   0.77   0.85  -0.86   0.83  -1.     0.751  0.64   0.59
  0.14   0.26  -0.78  -0.06   0.42  -0.98   0.91   0.46   0.43  -0.45
 -0.67   0.62  -0.37  -0.23   0.41   0.15  -0.58   0.23  -0.4   -0.48
  0.39  -0.97  -0.15  -0.03  -0.21   0.31   0.07  -0.43  -0.32   0.59
  0.76  -0.89   0.12   0.79   0.08  -0.22  -0.97   0.92  -0.24  -0.17 ][-0.84   0.93   0.46  -0.61  -0.44   0.1   -0.29   0.72  -0.68  -0.38
  0.64   0.31  -0.89  -0.74   0.35   0.16   0.62  -0.81   0.48  -0.35
  0.4   -0.2   -0.77   0.8   -0.88  -0.19   0.83   0.02  -0.4    0.5
 -0.52   0.86   0.99   0.41   0.45  -0.98   0.95  -1.     0.01  -0.49
  0.92  -0.34   0.77   0.85   0.24   0.83  -1.    -0.85   0.64   0.23
  0.14   0.26  -0.78  -0.51   0.42  -0.98   0.91   0.46   0.43  -0.55
 -0.67   0.62  -0.37   0.57   0.41   0.71  -0.58   0.23  -0.4   -0.48
  0.2   -0.97  -0.15  -0.03  -0.21   0.31   0.07  -0.43  -0.32  -0.387
 -0.42  -0.89   0.12  -0.19   0.24  -0.22  -0.97   0.92  -0.71  -0.17 ][-0.84   0.93   0.46  -0.61  -0.44  -0.5   -0.29   0.29  -0.41  -0.38
  0.64   0.96  -0.89  -0.74   0.35   0.16   0.62  -0.81   0.48  -0.35
  0.4   -0.2   -0.08   0.8   -0.3   -0.19  -0.042  0.02  -0.87   0.5
 -0.52  -0.37   0.99   0.41  -0.57  -0.98   0.95  -1.     0.01  -0.49
  0.92  -0.34   0.77  -0.54  -0.86   0.83  -1.    -0.85   0.64   0.23
  0.14   0.26   0.2   -0.51   0.42  -0.98   0.91  -0.68   0.43  -0.45
 -0.67   0.62  -0.81   0.57   0.41   0.71  -0.98   0.23  -0.4   -0.48
  0.39  -0.97  -0.15  -0.03  -0.21   0.31   0.07   0.08  -0.32   0.59
  0.76  -0.89   0.12   0.79   0.08  -0.32  -0.88   0.92  -0.24  -0.17 ][-0.84   0.93   0.46  -0.61  -0.44  -0.5   -0.29   0.29  -0.68  -0.38
  0.81   0.96   0.5    0.43   0.36   0.16  -0.27  -0.81  -1.189 -0.35
  0.4   -0.2   -0.08   0.8   -0.88  -0.19   0.6    0.02  -0.4    0.5
 -0.52   0.86   0.99   0.41   0.45  -0.24  -0.27  -1.     0.01  -0.05
 -0.7   -0.34   0.77  -0.54  -0.86   0.83  -1.    -0.85   0.64   0.23
  0.78   0.26   0.2   -0.06   0.42  -0.98   0.91  -0.68   0.43  -0.45
 -0.76   0.62  -0.81   0.57   0.41   0.71  -0.98   0.23  -0.4   -0.48
  0.2   -0.97  -0.15  -0.03  -0.21   0.31   0.07  -0.43  -0.32   0.59
  0.76  -0.89   0.12  -0.19   0.08  -0.22  -0.88   0.92  -0.24  -0.17 ][-0.84   0.93   0.46  -0.61  -0.6    0.1   -0.29   0.72  -0.68  -0.38
  0.81   0.96  -0.89  -0.74   0.35   0.16  -0.27  -0.81   0.48  -0.35
  0.4   -0.2   -0.77   0.8   -0.3   -0.19   0.83   0.02  -0.4    0.5
 -0.52   0.86   0.99   0.41   0.45  -0.98   0.95  -1.     0.01  -0.49
  0.92  -0.34   0.77   0.85   0.24   0.83  -1.    -0.85   0.64   0.23
  0.14   0.26  -0.78  -0.51   0.42  -0.98   0.91   0.46   0.43  -0.55
 -0.76   1.538 -0.37  -0.23   0.41   0.71  -0.58   0.23  -0.4   -0.48
  0.2   -0.97  -0.15  -0.03  -0.21   0.31   0.07   0.08  -0.32   0.59
 -0.42  -0.89   0.12  -0.19   0.08  -0.22  -0.97   0.92  -0.71  -0.17 ][-0.84   0.93   0.46  -0.61  -0.44   0.1    0.436  0.29  -0.68  -0.38
  0.81   0.96  -0.89  -0.74   0.35   0.16   0.664 -0.81   0.48  -0.35
  0.4   -0.2   -0.77   0.8   -0.88  -0.19   0.83   0.02  -0.4    0.5
 -0.52   0.86   0.99   0.41   0.45  -0.828  0.95  -1.     0.01  -0.49
  0.92  -0.34   0.77   0.85  -0.86   0.83  -1.    -0.85   0.256  0.59
  0.78   0.26  -0.78  -0.51   0.42  -0.98   0.91   0.46   0.43  -0.45
 -0.76   0.62  -0.37   0.57   0.41   0.71  -0.98   0.23  -0.4   -0.48
  0.2   -0.97  -0.15  -0.03  -0.21   0.31   0.07   0.08  -0.32   0.59
 -0.42  -0.89   0.12  -0.19   0.08  -0.32  -0.97   0.92  -0.24  -0.17 ][-0.84   0.93   0.46  -1.133 -0.44   0.1   -0.29   0.29  -0.68  -0.38
  0.81   0.96   0.5   -0.74   0.36   0.16  -0.27  -0.81   0.48  -0.35
  0.4   -0.2   -0.08   0.8   -0.3   -0.19   0.6    0.02  -0.4    0.5
 -0.52   0.86   0.99   0.41   0.45  -0.98   0.95  -1.     0.01  -0.49
  0.92  -0.34   0.77   0.85  -0.86   0.83  -1.    -0.85   0.64   0.23
  0.14   0.26   0.2   -0.06   0.42  -0.98   0.91   0.46   0.43  -0.55
 -0.76   1.538 -0.37   0.57   0.41   0.71  -0.58   0.23  -0.4   -0.48
  0.2   -0.97  -0.15  -0.03  -0.21   0.31   0.07  -0.43  -0.32   0.59
 -0.42  -0.89   0.12  -0.19   0.08  -0.22  -0.88   0.92  -0.24  -0.17 ][-0.84   0.93   1.065 -0.61  -0.6   -0.5    0.436  0.29  -0.68  -0.38
  0.81   0.96   0.5    0.43   0.35   0.16   0.62  -0.81   0.48  -0.35
  0.4   -0.2   -0.08   0.8   -0.3   -0.19   0.6    0.02  -0.4    0.5
 -0.52   0.86   0.99   0.41   0.45  -0.98   0.95  -1.     0.01  -0.49
  0.92  -0.34   0.495  0.85  -0.86   0.83  -1.    -0.85   0.64   0.59
  0.78   0.26  -0.78  -0.51   0.42  -0.98   0.91   0.46   0.43  -0.55
 -0.67   0.62  -0.37   0.57   0.41   0.71  -0.98   0.23  -0.4   -0.48
  0.2   -0.97  -0.15  -0.03  -0.21   0.31   0.07   0.08  -0.32   0.59
  0.76  -0.89   0.12  -0.19   0.08  -0.22  -0.97  -0.18  -0.71  -0.17 ][-0.84   0.93   0.46  -0.61  -0.44  -0.5   -0.29   0.29  -1.348 -0.38
  0.64   0.96  -0.89   0.43   0.35   0.16  -0.27  -0.81   0.48  -0.35
  0.4   -0.2   -0.08   0.8   -0.88  -0.19   0.6    0.02  -0.4    0.5
 -0.52   0.86   0.99   0.41   0.45  -0.24   0.95  -1.     0.01  -0.05
 -0.7   -0.34   0.77  -0.54  -0.86   0.51  -1.    -0.85   0.64   0.59
  0.14  -0.16   0.2   -0.06   0.42  -0.98   0.91  -0.68   0.43  -0.45
 -0.67   0.62  -0.81  -0.23   0.41   0.71  -0.58   0.23  -0.4   -0.48
  0.2   -0.97  -0.15  -0.18   0.12   0.31  -0.46  -0.43  -0.32   0.59
 -0.42  -0.89   0.12  -0.19   0.08  -0.22  -0.97   0.92  -0.24  -0.17 ][-0.84   0.93   0.46  -0.61  -0.44  -0.5   -0.29   0.29  -0.68  -0.38
  0.81   0.96  -0.89  -0.74   0.35   0.16  -0.27  -0.81   0.48  -0.35
  0.4   -0.2   -0.77   0.8   -0.88  -0.19   0.83   0.02  -0.87   0.5
 -0.52   0.86   0.99   0.41  -0.19  -0.98   0.95  -1.     0.01  -1.021
  0.92  -0.34   0.77   0.85  -0.86   0.83  -1.     0.751  0.64   0.59
  0.14   0.26  -0.78  -0.51   0.42  -0.98   0.91   0.46   0.43  -0.55
 -0.67   0.62  -0.37  -0.23   0.41   0.15  -0.58   0.23  -0.4   -0.48
  0.2   -0.97  -0.15  -0.03  -0.21   0.31   0.07   0.08  -0.32   0.59
 -0.42  -0.89   0.12  -0.19   0.24  -0.32  -0.97   0.92  -0.71  -0.17 ][ 0.94   0.93   0.46  -0.61  -0.6   -0.5   -0.29   0.29  -0.68  -0.38
  0.64   0.96  -0.89   0.246  0.35   0.16   0.62  -0.81   0.48   0.66
  0.4   -0.2   -0.77   0.8   -0.3   -0.19   0.83   0.02  -0.4    0.5
 -0.52   0.86   0.99   0.41   0.45  -0.98   0.95  -1.     0.01  -0.05
 -0.7   -0.34   0.77   0.85   0.24   0.83  -1.    -0.24   0.64   0.59
  0.14   0.26  -0.78  -0.06   0.42  -0.98   0.91  -0.68   0.43  -0.45
 -0.76   0.62  -0.37  -0.23   0.41   0.15  -0.58   0.23  -0.4   -0.48
  0.2   -0.97  -0.15  -0.18   0.12   0.31   0.07   0.08  -0.32   0.59
 -0.42  -0.89   0.12  -0.19   0.24  -0.22  -0.88  -0.18  -0.24  -0.17 ][-0.84   0.93   0.46  -0.61  -0.6   -0.5    0.436  0.29  -0.68  -0.38
  0.81   0.31   0.5    0.43   0.35   0.16   0.664 -0.81   0.48  -0.35
  0.4   -0.2   -0.77   0.8   -0.88  -0.19   0.83   0.02  -0.4    0.5
 -0.52   0.86   0.99   0.41   0.45  -0.98   0.95  -1.     0.01  -0.05
  0.92  -0.34   0.77  -0.54  -0.86   0.83  -1.    -0.85   0.64   0.59
  0.78   0.26  -0.78  -0.51   0.42  -0.98   0.91   0.46   0.43  -0.55
 -0.76   0.62  -0.81  -0.23   0.41   0.15  -0.862  0.23  -0.4   -0.48
  0.2   -0.97  -0.15  -0.03  -0.21   0.31   0.07  -0.43  -0.32   0.59
 -0.42  -0.89   0.12  -0.19   0.08  -0.32  -0.97   0.92  -0.24  -0.17 ][-0.84   0.93   0.46  -0.61  -0.44  -0.5   -0.29   0.29  -0.68  -0.38
  0.81   0.96  -0.89   0.43   0.36   0.16   0.62  -0.81  -1.189 -0.35
  0.4   -0.2   -0.08   0.8   -0.3   -0.19  -0.042  0.02  -0.87   0.5
 -0.52  -0.37   0.99   0.41  -0.57  -0.24  -0.27  -1.     0.01  -0.49
  0.92  -0.34   0.77  -0.54  -0.86   0.83  -1.    -0.85   0.64   0.59
  0.14   0.26  -0.78  -0.06   0.42  -0.98   0.91  -0.68   0.43  -0.45
 -0.67   0.62  -0.81   0.57   0.41   0.15  -0.98   0.23  -0.4   -0.48
  0.39  -0.97  -0.15  -0.03  -0.21   0.633  0.07   0.08  -0.32   0.59
  0.76  -0.89   0.12   0.79   0.08  -0.22  -0.97   0.92  -0.24  -0.17 ][ 0.94   0.93   0.46  -0.61  -0.44  -0.5   -0.29   0.29  -0.41  -0.38
  0.64   0.96  -0.89   0.43   0.35   0.98   0.62  -0.81   0.48  -0.35
  0.4   -0.2   -0.77   0.8   -0.3   -0.19   0.83   0.02  -0.87   0.5
  0.1    0.86   0.99   0.41  -0.57  -0.24   0.95  -1.     0.01  -0.49
  0.92  -0.34   0.77   0.85  -0.86   0.83  -1.009  0.751  0.64   0.59
  0.78   0.346 -0.78  -0.06   0.42   0.2    0.91   0.46   0.43  -0.55
 -0.67   0.62  -0.37  -0.23   0.41   0.15  -0.58   0.23  -0.4   -0.48
  0.39  -0.97  -0.15  -0.03  -0.21   0.31   0.07  -0.43  -0.32  -0.342
  0.76  -0.89   0.12  -0.19   0.08  -0.32  -0.97   0.92  -0.24  -0.17 ][-0.84   0.93   0.46  -0.61  -0.6   -0.5   -0.29   0.72  -0.41  -0.38
  0.64   0.31  -0.89   0.43   0.35   0.98   0.62  -0.81   0.48   0.66
  0.4   -0.257 -0.77   0.8   -0.3   -0.19   0.83   0.02  -0.87   0.5
  0.1    0.86   0.99   0.41   0.45  -0.24   0.95  -1.     0.01  -0.49
  0.92  -0.34   0.77   0.85  -0.86   0.83  -1.     0.751  0.64   0.59
  0.14   0.26  -0.78  -0.06   0.42   1.141  0.91  -0.68   0.43  -0.45
 -0.76   0.62  -0.37   0.57   0.41   0.15  -0.58   0.23  -0.4   -0.48
  0.39  -0.97  -0.15  -0.03  -0.21   0.31   0.07  -0.43  -0.32   0.59
 -0.42  -0.89   0.12  -0.19   0.24  -0.32  -0.97   0.92  -0.71  -0.17 ][-0.84   0.93   0.46  -0.61  -0.6    0.1   -0.29   0.72  -0.68  -0.38
  0.64   0.31  -0.89  -0.74   0.36   0.16   0.62  -0.81   0.48  -0.35
  0.4   -0.2   -0.08   0.8   -0.3   -0.19   0.83   0.02  -0.4    0.5
 -0.52   0.86   0.99   0.41   0.45  -0.98   0.95  -1.     0.01  -0.05
  0.92  -0.34   0.77   0.85   0.24   0.83  -1.    -0.85   0.64   0.23
  0.14   0.26  -0.78  -0.51   0.42  -0.98   0.91   0.46   0.43  -0.55
 -0.76   0.62  -0.37   0.57   0.41   0.15  -0.98   0.23  -0.4   -0.48
  0.2   -0.97  -0.15  -0.03  -0.21   0.31   0.07  -0.43  -0.32   0.59
  0.546 -0.89   0.12  -0.19   0.24  -0.22  -0.97   0.92  -0.71  -0.17 ][-0.84   0.93   0.46  -0.61  -0.44   0.1    0.436  0.72  -0.68  -0.38
  0.64   0.7   -0.89  -0.74   0.35   0.16   0.62  -0.81   0.48  -0.35
  0.4   -0.2   -0.77   0.8   -0.3   -0.19   0.83   0.02  -0.4    0.5
 -0.52   0.86   0.99   0.41   0.45  -0.98   0.95  -1.     0.01  -0.49
  0.92  -0.34   0.77   0.85  -0.86   0.83  -1.    -0.85   0.64   0.59
  0.14   0.26  -0.78  -0.51   0.42  -0.98   0.91   0.46   0.43  -0.55
 -0.67   0.62  -0.37   0.57   0.41   0.71  -0.98   0.23  -0.4   -0.48
  0.2   -0.97  -0.15  -0.03  -0.21   0.31   0.07   0.08  -0.32  -0.387
 -0.42  -0.89   0.12  -0.19   0.08  -0.22  -0.97  -0.18  -0.71  -0.17 ][-0.84   0.93   0.46  -0.61  -0.44  -0.5   -0.29   0.29  -1.382 -0.38
  0.64   0.96  -0.89  -0.74   0.35   0.98   0.62  -0.81   0.48  -0.35
  0.4   -0.257 -0.77   0.8   -0.3   -0.19   0.83   0.02  -0.87   0.5
  0.1   -0.37   0.99   0.41  -0.57  -0.24   0.95  -1.     0.01  -0.05
  0.92  -0.34   0.77   0.85  -0.86   0.83  -0.3   -0.85   0.64   0.59
  0.14   0.26  -0.78  -0.51   0.42  -0.98   0.91   0.46   0.43  -0.55
 -0.76   0.62  -0.37   0.57   0.41   0.15  -0.58   0.23  -0.4   -0.48
  0.39  -0.97  -0.15  -0.03  -0.21   0.31   0.07  -0.43  -0.32   0.59
 -0.42  -0.89   0.12  -0.19   0.24  -0.32  -0.97  -0.18  -0.71  -0.17 ][-0.84   0.93   0.46  -0.61  -0.6    0.1    0.436  0.29  -0.68  -0.38
  0.81   0.96  -0.89   0.43   0.35   0.16  -0.27  -0.81   0.48  -0.35
  0.4   -0.2   -0.77   0.8   -0.3   -0.19   0.83   0.02  -0.4    0.5
 -0.52   0.86   0.99   0.41   0.45  -0.98   0.95  -1.     0.01  -0.49
  0.92  -0.34   0.77   0.85  -0.86   0.83  -1.    -0.85   0.64   0.23
  0.78   0.26  -0.78  -0.51   0.42  -0.98   0.062  0.46   0.43  -0.55
 -0.76   1.538 -0.37  -0.23   0.41   0.71  -0.58   0.23  -0.4   -0.48
  0.2   -0.97  -0.15  -0.03  -0.21   0.31   0.07  -0.43  -0.32   0.59
 -0.42  -0.89   0.12  -0.19   0.08  -0.32  -0.97   0.92  -0.71  -0.17 ][ 0.94   0.93   0.46  -0.61  -0.6   -0.5   -0.29   0.29  -0.41  -0.38
  0.64   0.96  -0.89   0.43   0.35   0.16  -0.27  -0.81  -1.189 -0.35
  0.4   -0.2   -0.77   0.8   -0.3   -0.19   0.83   0.02  -0.4    0.5
  0.1   -0.37   0.99   0.41   0.45  -0.24   0.494 -1.     0.01  -0.49
 -0.7   -0.34   0.77   0.85  -0.86   0.83  -1.     0.751  0.64   0.59
  0.78   0.26  -0.78  -0.06   0.42  -0.98   0.91   0.46   0.43  -0.55
 -0.67   0.62  -0.81  -0.23   0.41   0.15  -0.58   0.23  -0.4   -1.446
  0.2   -0.97  -0.15  -0.03  -0.21   0.31   0.07   0.08  -0.32   0.59
 -0.42  -0.89   0.12  -0.19   0.24  -0.32  -0.97   0.92  -0.24  -0.17 ][-0.84   0.93   0.46  -0.61  -0.6    0.1   -0.29   0.72  -0.68  -0.38
  0.81   0.31  -0.89  -0.74   0.35   0.16  -0.27  -0.81   0.155 -0.35
  0.4   -0.2   -0.77   0.8   -0.3   -0.19   0.83   0.02  -0.4    0.5
 -0.52   0.86   0.99   0.41   0.45  -0.98   0.95  -1.     0.01  -0.49
  0.92  -0.34   0.77   0.85   0.24   0.83  -1.    -1.843  0.64   0.23
  0.78   0.26  -0.78  -0.51   0.42  -0.98   0.91   0.46   0.43  -0.55
 -0.76   1.538 -0.37   0.57   0.41   0.71  -0.58   0.23  -0.4   -0.48
  0.2   -0.97  -0.15  -0.03  -0.21   0.31   0.07   0.08  -0.32   0.59
 -0.42  -0.89   0.12  -0.19   0.24  -0.22  -0.97   0.92  -0.71  -0.17 ][-0.84   0.93   0.46  -0.61  -0.6    0.1   -0.29   0.72  -0.68  -0.38
  0.64   0.31  -0.89  -0.74   0.35   0.16  -0.27  -0.81   1.259 -0.35
  0.4   -0.2   -0.77   0.8   -0.88  -0.19   0.83   0.02  -0.4    0.5
 -0.52   0.86   0.99   0.41   0.45  -0.98   0.95  -1.     0.01  -0.49
  0.92  -0.34   0.77   0.85   0.24   0.83  -1.    -0.85   0.64   0.23
  0.14   0.26  -0.78  -0.51   0.42  -0.98   0.91   0.46   0.43  -0.55
 -0.67   0.62  -0.37   0.57   0.41   0.71  -0.58   0.23  -0.4   -0.48
  0.2   -0.97  -0.15  -0.03  -0.21   0.31   0.07  -0.43  -0.32  -0.387
 -0.42  -0.89   0.12  -0.19   0.24  -0.22  -0.97   0.92  -0.71  -0.17 ][ 0.94   0.93   0.46  -0.61  -0.44   0.1   -0.29   0.72  -0.41  -0.38
  0.81   0.96  -0.89  -0.74   0.36   0.16  -0.27  -0.81   0.48  -0.35
  0.4   -0.2   -0.08   0.8   -0.3   -0.19   0.83   0.02  -0.4    0.5
 -0.52   0.86   0.99   0.41   0.45  -0.98  -0.27  -0.27   0.01  -0.49
  0.92  -0.34   0.77   0.85  -0.86   0.83  -1.    -0.24   0.64   0.537
  0.78  -0.16  -0.78  -0.06   0.42   0.2    0.91  -0.68   0.43  -0.45
 -0.67   0.62  -0.37  -0.23   0.41   0.15  -0.58   0.23  -0.4   -0.48
  0.39  -0.97  -0.15  -0.03   0.12   0.31   0.07  -0.43  -0.32   0.59
  0.76  -0.89   0.12   0.79   0.08  -0.22  -0.97   0.92  -0.24  -0.17 ][-0.84   0.93   0.46  -0.61  -0.44  -0.5   -0.29   0.29  -0.68  -0.38
  0.81   0.31  -0.89   0.43   0.36   0.16  -0.27  -0.81   0.48  -0.35
  0.4   -0.2   -0.77   0.8   -0.3   -0.19   0.6   -0.849 -0.87   0.5
 -0.52   0.86   0.99   0.41   0.45  -0.98   0.95  -1.     0.01  -0.49
 -0.7   -0.34   0.77   0.85  -0.86   0.83  -1.    -0.85   0.64   0.23
  0.14   0.26  -0.78  -0.51   0.42  -0.98   0.91   0.46   0.43  -0.45
 -0.76   0.62  -0.81   0.57   0.41   0.15  -0.98   0.23  -0.4   -0.48
  0.2   -0.97  -0.15  -0.03  -0.21   0.31   0.744 -0.43  -0.32   0.59
  0.76  -0.89   0.12  -0.19   0.08  -0.22  -0.97   0.92  -0.71  -0.17 ][-0.84   0.93   0.46  -0.61  -0.44   0.1   -0.29   0.29  -0.41  -0.38
  0.81   0.476 -0.89  -0.74   0.35   0.16  -0.27  -0.81   0.48  -0.35
  0.4   -0.2   -0.77   0.8   -0.3   -0.19   0.83   0.02  -0.87   0.5
 -0.52   0.86   0.99   0.41  -0.57  -0.98   0.95  -1.     0.01  -0.49
  0.92  -0.34   0.77   0.85  -0.86   0.83  -1.    -0.85   0.64   0.23
  0.14   0.26  -0.78  -0.51   0.42  -0.98   0.91  -0.68   0.43  -0.55
 -0.76   1.538 -0.37  -0.23   0.41   0.71  -0.98   0.23  -0.4   -0.48
  0.39  -0.97  -0.15  -0.03  -0.21   0.31   0.07   0.08  -0.32   0.59
  0.76  -0.89   0.12   0.79   0.08  -0.22  -0.88   0.92  -0.24  -0.17 ][ 0.94   0.93   0.46  -0.61  -0.6    0.1   -0.29   0.29  -0.68  -0.38
  0.64   0.96  -0.89  -0.74   0.36   0.16   0.62  -0.81   0.48  -0.35
  0.4   -0.2   -0.77   0.8   -0.3   -0.19   0.83   0.02  -0.4    0.5
 -0.52  -0.37   0.99   0.41   0.45  -0.98   0.95  -1.     0.01  -0.49
 -0.7   -0.34   0.77   0.85  -0.86   0.83  -1.    -0.85   0.256  0.59
  0.14   0.26  -0.78  -0.51   0.42  -0.98   0.91   0.46   0.43  -0.55
 -0.67   0.62  -0.37  -0.23   0.41   0.71  -0.98   0.23  -0.4   -1.446
  0.39  -0.913 -0.15  -0.03  -0.21   0.31   0.07   0.08  -0.32   0.59
 -0.42  -0.89   0.12  -0.19   0.24  -0.22  -0.88  -0.18  -0.71  -0.17 ][ 0.94   0.93   0.46  -0.61  -0.44  -0.5   -0.29   0.29  -0.68  -0.38
  0.81  -0.388 -1.881 -0.74   0.35   0.16   0.62  -0.81   0.48  -0.35
  0.4   -0.2   -0.77   0.8   -0.3   -0.19   0.83   0.02  -0.87   0.5
 -0.52   0.86   0.99   0.41   0.45  -0.98   0.95  -1.     0.01  -1.021
  0.92  -0.34   0.77   0.85  -0.86   0.83  -1.     0.751  0.64   0.23
  0.78   0.26  -0.78  -0.51   0.42  -0.98   0.91   0.46   0.43  -0.55
 -0.67   0.62  -0.81  -0.23   0.41   0.71  -0.58   0.23  -0.4   -0.48
  0.2   -0.97  -0.15  -0.03  -0.21   0.31   0.07  -0.43  -0.32  -0.342
 -0.42  -0.89   0.12  -0.19   0.08  -0.22  -0.97   0.92  -0.24  -0.17 ][-0.84   0.93   0.46  -0.61  -0.6   -0.5    0.436  0.29  -0.68  -0.38
  0.81   0.96  -0.89  -0.74   0.35   0.98   0.62  -0.81   0.48   0.66
  0.4   -0.2   -0.77   0.8   -0.3   -0.19  -0.042  0.02  -0.87   0.5
 -0.52   0.86   0.99   0.41  -0.57  -1.317  0.95  -0.27   0.01  -0.05
  0.92  -0.34   0.77  -0.54  -0.86   0.83  -1.    -0.85   0.64   0.59
  0.14  -0.16  -0.78  -0.51   0.42   0.2    0.91  -0.68   0.43  -0.45
 -0.76   0.62  -0.37   0.57   0.41   0.71  -0.58   0.23  -0.4   -0.62
  0.39  -0.97  -0.15  -0.03   0.12   0.31   0.07   0.08  -0.32   0.59
 -0.42  -0.89   0.12  -0.19   0.08  -0.32  -0.97   0.92  -0.71  -0.17 ][-0.84   0.93   0.46  -0.61  -0.44  -0.5   -0.29   0.29  -0.41  -0.38
  0.64  -0.388 -0.89   0.43   0.35   0.98   0.62  -0.81   0.48   0.66
  0.4   -0.2   -0.77   0.8   -0.3   -0.19   0.83   0.02  -0.87   0.5
  0.1    0.86   0.99   0.41  -0.57  -0.24  -0.27  -1.     0.01  -0.49
  0.92  -0.34   0.77   0.85  -0.86   0.83  -1.    -0.85   0.64   0.59
  0.14  -0.16  -0.78  -0.06   0.42   0.2    0.91   0.46   0.43  -0.45
 -0.67   0.62  -0.37   0.57   0.41   0.71  -0.58   0.23  -0.4   -0.62
  0.39  -0.97  -0.15  -0.03   0.12   0.31   0.07  -0.43  -0.32   0.59
 -0.42  -0.89   0.12   0.79   0.08  -0.32  -0.97  -0.18  -0.24   0.736][-0.84  0.93  0.46 -0.61 -0.6   0.1  -0.29  0.72 -0.68 -0.38  0.64  0.96
 -0.89 -0.74  0.35  0.16  0.62 -0.81  0.48 -0.35  0.4  -0.2  -0.77  0.8
 -0.88 -0.19  0.83  0.02 -0.4   0.5  -0.52  0.86  0.99  0.41  0.45 -0.98
  0.95 -1.    0.01 -0.49  0.92 -0.34  0.77  0.85  0.24  0.83 -1.   -0.85
  0.64  0.23  0.14  0.26 -0.78 -0.51  0.42 -0.98  0.91  0.46  0.43 -0.55
 -0.67  0.62 -0.37  0.57  0.41  0.71 -0.58  0.23 -0.4  -0.48  0.2  -0.97
 -0.15 -0.03  0.36  0.31  0.07  0.08 -0.32  0.59 -0.42 -0.89  0.12 -0.19
  0.08 -0.22 -0.97  0.92 -0.71 -0.17][ 0.952  0.93   0.46  -0.61  -0.44  -0.5   -0.29   0.29  -0.41  -0.38
  0.64   0.96  -0.89  -0.74   0.35   0.98   0.62  -0.81   0.48   0.66
  0.4   -0.2   -0.77   0.8   -0.3   -0.19   0.83   0.02  -0.87   0.5
 -0.52  -0.37   0.99   0.41  -0.57  -0.24   0.95  -1.     0.01  -0.49
  0.92  -0.34   0.77   0.85  -0.86   0.51  -1.    -0.24   0.64   0.23
  0.14  -0.16   0.2   -0.51   0.42   0.2    0.91  -0.68   0.43  -0.45
 -0.67   0.62  -0.37  -0.23   0.41   0.71  -0.58   0.23  -0.4   -0.62
  0.39  -0.97  -0.15  -0.03   0.12   0.31   0.07   0.08  -0.32   0.59
 -0.42  -0.89  -0.508 -0.19   0.08  -0.32  -0.97  -0.18  -0.71  -0.17 ][-0.84   0.93   0.46  -0.61  -0.44  -0.5   -0.29   0.29  -0.41  -0.38
  0.64   0.96  -0.89  -0.74   0.35   0.98   0.62  -0.81   0.48  -0.35
  0.4   -0.2   -0.77   0.8   -0.3   -0.19  -0.042  0.02  -0.87   0.5
 -0.52   0.86   0.99   0.41  -0.57  -0.98   0.95  -0.188  0.01  -0.49
  0.92  -0.34   0.77   0.85  -0.86   0.83  -1.    -0.85   0.64   0.59
  0.14  -0.16  -0.78  -0.51   0.42   0.2    0.91  -0.68   0.43  -0.55
 -0.67   0.62  -0.37   0.57   0.41   0.71  -0.58   0.23  -0.4   -0.62
  0.39  -0.97  -0.15  -0.03   0.12   0.31   0.07   0.08  -0.32   0.59
 -0.42  -0.89   0.12  -0.19   0.08  -0.22  -0.97  -0.18  -0.71  -0.17 ][-0.84   0.93   0.46  -0.61  -0.44   0.1   -0.29   0.29  -0.68  -0.38
  0.64   0.96  -0.89  -0.74   0.35   0.98   0.62  -1.805  0.48  -0.35
  0.4   -0.2   -0.77   0.8   -0.3   -0.19   0.83   0.02  -0.4    0.5
 -0.52   0.86   0.99   0.41   0.45  -0.98   0.95  -1.     0.01  -0.49
  0.92  -0.34   0.77   0.85   0.24   0.51  -1.    -0.24   0.64   0.23
  0.14   0.26  -0.78  -0.06   0.42  -0.98   0.91  -0.68   0.43  -0.45
 -0.67   0.62  -0.37   0.57   0.41   0.71  -0.58   0.23  -0.4   -0.48
  0.39  -0.97  -0.15  -0.18  -0.21   0.31   0.07  -0.43  -0.32  -0.387
 -0.42  -0.89   0.12  -0.19   0.08  -0.22  -0.97   0.92  -0.71  -0.17 ][-0.84   0.93   0.46  -0.61  -0.44  -0.5   -0.29   0.29  -0.41  -0.38
  0.64   0.96  -0.89   0.43   0.35   0.98   0.62  -0.81   0.48   0.66
  0.4   -0.2   -0.08   0.8   -0.3   -0.19   0.83   0.02  -0.87   0.5
 -0.52  -0.37   0.99   1.083 -0.57  -0.24   0.95  -1.     0.01  -0.49
  0.92  -0.34   0.77   0.85  -0.86   0.83  -1.     0.751  0.64   0.23
  0.14   0.26   0.2   -0.51   0.42   0.2    0.91  -0.68  -0.77  -0.45
 -0.67   0.62  -0.37  -0.23   0.41   0.15  -0.58   0.23  -0.4   -0.48
  0.39  -0.97  -0.15  -0.03   0.761  0.31   0.07  -0.43  -0.32   0.59
 -0.42  -0.89   0.12  -0.19   0.08  -0.32  -0.97   0.92  -0.71  -0.17 ][-0.84   0.93   0.46  -0.61  -0.44  -0.5    0.436  0.29  -0.41  -0.38
  0.81   0.96   0.5   -0.74   0.35   0.16   0.62  -0.81   0.48  -0.35
  0.4   -0.2   -0.08   0.8   -0.3   -0.19   0.83   0.02  -0.87   0.5
 -0.52   0.86   0.99   0.41   0.45  -0.675  0.95  -1.     0.01  -0.393
  0.92   0.75  -0.27   0.85   0.24   0.83  -1.    -0.85   0.64   0.59
  0.78   0.26  -0.78  -0.06   0.42  -0.98   0.91   0.46   0.43  -0.55
 -0.76   0.62  -0.81   0.57  -0.76   0.71  -0.58   0.23  -0.4   -0.48
  0.2   -0.97  -0.15  -0.03   0.12   0.31   0.07  -0.43  -0.32   0.59
  0.76  -0.89   0.12  -0.19   0.08  -0.32  -0.97  -0.18  -0.24  -0.17 ][-0.84   0.93   0.46  -0.61  -0.44   0.1    0.436  0.29  -1.348 -0.38
  0.64   0.31  -0.89  -0.74   0.35   0.98   0.62  -0.81   0.48  -0.35
  0.4   -0.257 -0.533  0.8   -0.3   -0.19   0.83   0.02  -0.4    0.5
  0.1    0.86   0.99   0.41   0.45  -0.24   0.95  -1.     0.01  -0.05
  0.92  -0.34   0.77   0.85   0.24   0.83  -1.    -0.85   0.64   0.59
  0.78   0.26  -0.78  -0.06   0.42  -0.98   0.91  -0.68   0.43  -0.45
 -0.67   0.62  -0.37   0.57   0.41   0.15  -0.98   0.23  -0.4   -0.48
  0.2   -0.97  -0.15  -0.18   0.12   0.31   0.07  -0.43  -0.32   0.59
  0.76  -0.89   0.12  -0.19   0.24  -0.22  -0.97  -0.18  -0.71  -0.17 ][-0.84   0.93   0.46  -0.61  -0.44  -0.5   -0.29   0.72  -0.68  -0.38
  0.81   0.96  -0.89  -0.74  -0.517  0.98  -0.27  -0.81   0.48  -0.35
  0.4   -0.2   -0.77   0.8   -0.3   -0.19   0.83   0.02  -0.87   0.5
 -0.52  -0.37   0.99   0.41   0.45  -0.98   0.95  -1.     0.01  -0.49
  0.92  -0.34   0.77   0.85   0.24   0.83  -0.3   -0.85   0.64   0.23
  0.14   0.26  -0.78  -0.06   0.42   0.2    0.91  -0.68   0.43  -0.45
 -0.67   1.538 -0.37  -0.23   0.41   0.71  -0.58   0.23  -0.4   -0.48
  0.2   -0.97  -0.15  -0.03  -0.21   0.31   0.07   0.08  -0.32   0.59
 -0.42  -0.89   0.12  -0.19   0.08  -0.32  -0.97   0.92  -0.71  -0.17 ][-0.84   0.93   0.46  -0.61  -0.44  -0.5    0.436  0.29  -0.315 -0.38
  0.64   0.31   0.5   -0.74   0.35   0.16   0.62  -0.81   0.48  -0.35
  0.4   -0.2   -0.77   0.8   -0.88  -0.19   0.83   0.02  -0.4    0.5
 -0.52   0.86   0.99   0.41   0.45  -0.24   0.95  -1.     0.01  -0.49
  0.92  -0.34   0.77   0.85  -0.86   0.83  -1.    -0.85   0.64   0.59
  0.78   0.26  -0.78  -0.06   0.42  -0.98   0.91   0.46   0.43  -0.55
 -0.67   0.62  -0.37   0.57   0.41   0.71  -0.98   0.23  -0.4   -0.48
  0.2   -0.97  -0.15  -0.03  -0.21   0.31   0.07  -0.43  -0.32  -0.387
 -0.42  -0.89   0.12  -0.19   0.08  -0.32  -0.97   0.92  -0.71  -0.17 ][-0.84   0.93   0.46  -0.61  -0.6    0.1    0.436  0.29  -0.68  -0.38
  0.64   0.31  -0.89  -0.74   0.36   0.16   0.62  -0.81   0.48  -0.35
  0.4   -0.257 -0.08   0.8   -0.3   -0.19   0.83   0.02  -0.4    0.5
 -0.52   0.86   0.99   0.41   0.45  -0.98   0.95  -1.     0.01  -0.49
  0.92  -0.34   0.77   0.85  -0.86   0.83  -1.    -0.85   0.256  0.59
  0.14   0.26  -0.78  -0.51   0.42  -0.98   0.91   0.46   0.43  -0.55
 -0.76   0.62  -0.37   0.57   0.41   0.71  -0.98   0.23  -0.4   -0.48
  0.2   -0.97  -0.15  -0.03  -0.21   0.31   0.07  -0.43  -0.32   0.59
 -0.42  -0.89  -0.246 -0.19   0.08  -0.22  -0.97  -0.18  -0.71  -0.17 ][-0.84   0.93   0.46  -0.61  -0.44  -0.5   -0.29   0.29  -1.348 -0.38
  0.81   0.96  -0.89  -0.74   0.35   0.98  -0.27  -0.81   0.48  -0.35
  0.4    0.667 -0.77   0.8   -0.3   -0.19   0.83   0.02  -0.4    0.5
  0.1    0.86   0.99   0.41   0.45  -0.98   0.95  -1.     0.01  -0.49
  0.92  -0.34   0.77   0.85   0.24   0.83  -1.    -0.85   0.64   0.59
  0.14  -0.16  -0.78  -0.51   0.42   0.2    0.91   0.46   0.43  -0.55
 -0.76   1.538 -0.37  -0.23   0.41   0.15  -0.58   0.23  -0.4   -0.48
  0.39  -0.97  -0.15  -0.03  -0.21   0.31   0.07   0.08  -0.32   0.59
 -0.42  -0.89   0.12  -0.19   0.08  -0.22  -0.97   0.92  -0.24  -0.17 ][-0.84   0.93   0.46  -0.61  -0.6    0.1   -0.29   0.29  -0.68  -0.38
  0.81   0.96   0.5   -0.74   0.35   0.16   0.664 -0.81   0.48  -0.35
  0.4   -0.2   -0.77   0.8   -0.3   -0.19   0.83   0.02  -0.4    0.5
 -0.52   0.86   0.99   0.41   0.45  -0.98   0.95  -1.     0.01  -0.05
  0.92  -0.34   0.77   0.85  -0.86   0.83  -1.    -0.85   0.64   0.59
  0.78   0.26  -0.78  -0.51   0.42  -0.98   0.91  -0.68   0.43  -0.55
 -0.76   0.62  -0.37   0.57   0.41   0.71  -0.58   0.23  -0.4   -0.48
  0.2   -0.97  -0.15  -0.03  -0.21   0.31   0.07  -0.43  -0.32   0.59
 -0.42  -0.89   0.12  -0.19   0.258 -0.32  -0.97   0.92  -0.71  -0.17 ][-0.84   0.93   0.46  -0.61  -0.6   -0.5    0.436  0.29  -0.68  -0.38
  0.81   0.96   0.5    0.43   0.36   0.16   0.62  -0.81   0.48  -0.35
  0.4   -0.2   -0.08   0.8   -0.3   -0.19   0.6    0.02  -0.4    0.5
  0.1    1.502  0.99   0.41   0.45  -0.24  -0.27  -1.     0.01  -0.49
  0.92  -0.34   0.77   0.85  -0.86   0.83  -1.    -0.85   0.64   0.59
  0.78   0.26  -0.78  -0.06   0.42  -0.98   0.91   0.46   0.43  -0.55
 -0.67   0.62  -0.37   0.57   0.41   0.15  -0.98   0.23  -0.4   -0.48
  0.39  -0.97  -0.15  -0.03  -0.21   0.31   0.07  -0.43  -0.32   0.59
  0.76  -0.89   0.12  -0.19   0.08  -0.32  -0.97   0.92  -0.24  -0.17 ][-0.84   0.93   0.46  -0.61  -0.44  -0.5   -0.29   0.29  -1.348 -0.38
  0.81   0.96   0.5   -0.74   0.35   0.16  -0.27  -0.81  -1.189 -0.35
  0.4   -0.2   -0.77   0.8   -0.3   -0.19   0.83   0.02  -0.4    0.5
  0.1    0.86   0.99   0.41   0.45  -0.24   0.931 -1.     0.01  -0.05
  0.92  -0.34  -0.27  -0.54  -0.86   0.51  -1.    -0.85   0.64   0.23
  0.78   0.26   0.2   -0.06   0.42   0.2    0.91  -0.68   0.43  -0.45
 -0.76   0.62  -0.81   0.57   0.41   0.71  -0.58   0.23  -0.4   -0.48
  0.2   -0.97  -0.15  -0.03   0.12   0.31   0.07  -0.43  -0.32   0.59
 -0.42  -0.89   0.12  -0.19   0.08  -0.22  -0.88   0.92  -0.24  -0.17 ][-0.84   0.93   0.46  -0.61  -0.44  -0.5   -0.29   0.29  -0.68  -0.38
  0.112  0.96  -0.89  -0.74   0.35   0.16  -0.27  -0.81  -1.189 -0.35
  0.4   -0.2   -0.77   0.8   -0.88  -0.19   0.6    0.02  -0.4    0.5
 -0.52   0.86   0.99   0.41   0.45  -0.24  -0.27  -1.     0.01  -0.49
 -0.7   -0.34   0.77   0.85  -0.86   0.83  -1.    -0.85   0.64   0.23
  0.78   0.26  -0.78  -0.51   0.42  -0.98   0.91  -0.68   0.43  -0.45
 -0.76   1.538 -0.81   0.57   0.41   0.71  -0.58   0.23  -0.4   -0.48
  0.2   -0.97  -0.15  -0.03  -0.21   0.31   0.07   0.08  -0.32   0.59
  0.76  -0.89   0.12  -0.19   0.08  -0.22  -0.88   0.92  -0.24  -0.17 ][ 0.94   0.93   0.46  -0.61  -0.44  -0.5   -0.29   0.29  -0.41  -0.38
  0.81  -0.388 -0.89   0.43   0.36   0.16   0.62  -0.81  -1.189 -0.35
  0.4   -0.2   -0.08   0.8   -0.3   -0.19   0.83   0.02  -0.4    0.5
  0.1    0.86   0.99   0.41   0.45  -0.24   0.95  -1.     0.01  -0.49
  0.92  -0.34   0.77   0.85  -0.86   0.83  -1.    -0.85   0.64   0.59
  0.78   0.26  -0.78  -0.06   0.42  -0.98   0.91   0.46   0.43  -0.45
 -0.67   0.62   0.214 -0.23   0.41   0.15  -1.532  0.23  -0.4   -0.48
  0.39  -0.97  -0.15  -0.03  -0.21   0.31   0.07  -0.43  -0.32  -0.342
  0.76  -0.89   0.12   0.79   0.08  -0.22  -0.97   0.92  -0.24  -0.17 ][-0.84   0.93   0.46  -0.61  -0.6   -0.5   -0.29   0.29  -0.41  -0.38
  0.81   0.96  -0.89  -0.74   0.35   0.16   0.62  -0.81   0.48   0.66
  0.4   -0.2   -0.77   0.8   -0.3   -0.19  -0.042  0.02  -0.4    0.5
 -0.52  -0.37   0.99   0.41  -0.57  -0.98   0.95  -0.27   0.01  -0.05
  0.92  -0.34   0.77  -0.54  -0.86   0.83  -1.    -0.85   0.732  0.59
  0.14   0.26   0.2   -0.51   0.42   0.2    0.91  -0.68   0.43  -0.45
 -0.76   0.62  -0.37   0.57   0.41   0.71  -0.58   0.23  -0.4   -0.62
  0.39  -0.97  -0.15  -0.03  -0.21   0.31   0.07  -0.43  -0.32   0.59
 -0.42  -0.89   0.12  -0.19   0.08  -0.32  -0.97   0.92  -0.24  -0.17 ][-0.84   0.93   0.46  -0.61  -0.6   -0.5    0.436  0.29  -0.68  -0.38
  0.81   0.96   0.5    0.43   0.36   0.16   0.664 -0.81  -1.189 -0.35
  0.4   -0.2   -0.77   0.8   -0.88  -0.19   0.83   0.02  -0.4    0.5
 -0.52   0.86   0.99   0.41   0.45  -0.98   0.95  -1.     0.01  -0.05
  0.92  -0.34   1.294  0.85  -0.86   0.83  -1.    -0.85   0.64   0.59
  0.78   0.26  -0.78  -0.06   0.42  -0.98   0.91  -0.68   0.43  -0.45
 -0.76   0.62  -0.81   0.57   0.41   0.71  -0.58   0.23  -0.4   -0.48
  0.2   -0.97  -0.15  -0.03  -0.21   0.31   0.07  -0.43  -0.32   0.59
 -0.42  -0.89   0.12  -0.19   0.08  -0.32  -0.97   0.92  -0.24  -0.17 ][-0.84   0.93   0.46  -0.61  -0.44  -0.5   -0.29   0.29  -0.68  -0.38
  0.64   0.96   0.5    0.43   0.36   0.98   0.62  -0.81   0.48   0.66
  0.4   -0.2   -0.77   0.8   -0.3   -0.19   0.83   0.02  -0.4    0.5
  0.1    0.86   0.99   0.41   0.45  -0.24  -0.27  -1.     0.01  -0.49
  0.92  -0.34   0.77   0.85  -0.86   0.83  -1.     0.751  0.64   0.59
  1.607  0.26  -0.78  -0.06   0.42  -0.98   0.91  -0.68   0.43  -0.45
 -0.76   0.62   0.214 -0.23   0.41   0.15  -0.58   0.23  -0.4   -0.48
  0.39  -0.97  -0.15  -0.03   0.761  0.31   0.07  -0.43  -0.32   0.59
 -0.42  -0.89   0.12  -0.19   0.08  -0.22  -0.97   0.92  -0.71  -0.17 ][-0.84   0.93   0.46  -0.61  -0.6    0.1   -0.29   0.72  -0.68  -0.38
  0.81   0.96  -0.89  -0.74   0.35   0.16   0.62  -0.81   0.48  -0.35
  0.4   -0.2   -0.08   0.8   -0.3   -0.19   0.83   0.02  -0.4    0.5
 -0.52   0.86   0.99   0.41   0.45  -0.24  -0.27  -1.     0.01  -1.021
  0.92  -0.34   0.77   0.85  -0.86   0.83  -1.    -0.85   0.64   0.23
  0.78  -0.553 -0.78  -0.51   0.42  -0.98   0.91   0.46   0.43  -0.55
 -0.67   0.62  -0.37   0.57   0.41   0.71  -0.58   0.23  -0.4   -0.48
  0.2   -0.97  -0.15  -0.03  -0.21   0.31   0.07  -0.43  -0.32   0.59
 -0.42  -0.89   0.12  -0.19   0.24  -0.22  -0.97   0.92  -0.71  -0.17 ][-0.84   0.93   0.46  -0.61  -0.44   0.1    0.436  0.29  -0.41  -0.38
  0.64   0.96  -0.89  -0.74   0.35   0.16   0.62  -0.81   0.48  -0.35
  0.4   -0.2   -0.08   0.8   -0.3    0.263 -0.042  0.02  -0.4    0.5
 -0.52   0.86   0.99   0.41   0.45  -0.98   0.95  -1.     0.01  -0.49
  0.92  -0.34   0.77  -0.54  -0.86   0.83  -1.    -0.85   0.256  0.23
  0.14   0.26  -0.78  -0.51   0.42  -0.98   0.91  -0.68   0.43  -0.55
 -0.67   0.62  -0.81   0.57   0.41   0.71  -0.98   0.23  -0.4   -0.48
  0.39  -0.97  -0.15  -0.03  -0.21   0.31   0.07   0.08  -0.32   0.59
 -0.42  -0.89   0.12   0.79   0.08  -0.32  -0.97  -0.18  -0.24  -0.17 ][-0.84   0.93   0.46  -0.61  -0.44  -0.5   -0.29   0.29  -0.41  -0.38
  0.64   0.96  -0.89   0.43   0.35   0.16   0.62  -0.81   0.48   0.66
  0.4   -0.2   -0.77   0.8   -0.3   -0.19   0.83   0.02  -0.87   0.5
  0.1    0.86   0.99   0.41   0.45  -0.24   0.95  -1.     0.01  -0.49
  0.92  -0.34   0.77   0.85  -0.86   0.83  -1.     0.751  0.64   0.59
  0.78   0.26  -0.78  -0.06   0.42   0.2    0.91   0.46   0.43  -0.45
 -0.76   0.62  -0.37  -0.23   0.41   0.15  -0.58   0.23  -0.4   -0.48
  0.39  -0.97  -0.15  -0.03  -0.21   0.31   0.07  -0.43  -0.32   0.59
  0.76  -0.89   0.12   0.79  -0.504 -0.22  -0.97   0.92  -0.71  -0.17 ][ 0.94   0.93   0.46  -0.61  -0.44  -0.5   -0.29   0.29  -0.41  -0.38
  0.64   0.96  -0.89   0.43   0.35   0.16   0.62  -0.81   0.48  -0.35
  0.4   -0.2   -0.77   0.8   -0.3   -0.19   0.83   0.02  -0.4    0.5
  0.1    0.86   0.99   0.41   0.45  -0.24   0.95  -1.     0.01  -0.49
  0.92  -0.34  -0.27   0.85  -0.86   0.51  -1.009 -0.028  0.64   0.59
  0.14  -0.16  -0.78  -0.06   0.42   0.2    0.91   0.46   0.43  -0.45
 -0.67   0.62  -0.37  -0.23   0.41   0.15  -0.58   0.23  -0.4   -0.48
  0.39  -0.97  -0.15  -0.18   0.12   0.31   0.07  -0.43  -0.32   0.59
 -0.42  -0.89   0.12  -0.19   0.08  -0.22  -0.97  -0.18  -0.24  -0.17 ][-0.84   0.93   0.46  -0.61  -0.44  -0.5   -0.29   0.29  -0.68  -0.38
  0.64   0.96  -0.89  -0.74   0.35   0.16   0.62  -0.81   0.48  -0.35
  0.029 -0.2   -0.77   0.8   -0.3   -0.19  -0.042  0.02  -0.4    0.5
 -0.52   0.86   0.99   0.41  -0.57  -0.98   0.95  -1.     0.01  -0.49
  0.92  -0.34   0.77   0.85  -0.86   0.83  -1.    -0.85   0.256  0.59
  0.14   0.26   0.2   -0.51   0.42  -0.98   0.91   0.46   0.43  -0.55
 -0.67   0.62  -0.37   0.57   0.41   0.71  -0.98   0.23  -0.4   -0.48
  0.39  -0.97  -0.15  -0.03  -0.21   0.31   0.07   0.08  -0.32   0.59
  0.76  -0.89   0.12  -0.19   0.08  -0.22  -0.88   0.92  -0.71  -0.17 ][-0.84   0.93   0.46  -0.61  -0.6   -0.5    0.436  0.29  -0.68  -0.38
  0.81   0.96   0.5    0.43   0.35   0.16  -0.27  -0.81  -1.189  0.66
  0.4   -0.2   -0.77   0.8   -0.88  -0.19   0.6    0.02  -0.4    0.5
 -0.52  -0.37   0.99   0.41   0.45  -0.98   0.95  -1.     0.01  -0.05
  0.92  -0.34   0.77   0.85  -0.86   0.83  -1.    -0.85   0.64   0.59
  0.78   0.26  -0.78  -0.06   0.42  -0.98   0.91   0.46  -0.77  -0.55
 -0.76   0.62  -0.37  -0.23   0.41   0.71  -0.58   0.23  -0.4   -1.446
  0.2   -0.97  -0.15  -0.03   0.12   0.31   0.07   0.08  -0.32   0.59
 -0.42  -0.89   0.12  -0.19   0.08  -0.749 -0.88   0.92  -0.24  -0.17 ][-0.84   0.93   0.46  -0.61  -0.44   0.1    0.436  0.29  -0.68  -0.38
  0.64   0.96  -0.89  -0.74   0.35   0.16  -0.27  -0.81   0.48  -0.35
  0.4   -0.2   -0.77   0.8   -0.3   -0.19   0.83   0.02  -0.87   0.5
  0.1    0.86   0.99   0.41   0.45  -0.98   0.95  -1.     0.01  -1.307
  0.92  -0.34   0.77   0.85  -0.86   0.83  -1.    -0.85   0.64   0.59
  0.14   0.26  -0.78  -0.51   0.42  -0.98   0.91   0.46   0.43  -0.55
 -0.67   0.62  -0.37   0.57   0.41   0.15  -0.98   0.23  -0.4   -0.48
  0.2   -0.97  -0.15  -0.03  -0.21   0.31   0.07   0.08  -0.32   0.59
 -0.42  -0.89   0.12  -0.19   0.08  -0.22  -0.97  -0.18  -0.71  -0.17 ][ 0.667 -0.89   0.46  -0.61  -0.44   0.1   -0.29   0.72  -0.41  -0.38
  0.745  0.31  -0.89   0.43   0.36   0.16   0.62  -0.81   0.48  -0.35
  0.4   -0.2   -0.77   0.8   -0.3   -0.19   0.83   0.02  -0.4    0.5
  0.1    0.86   0.99  -0.92  -0.57  -0.98   0.95  -1.     0.01  -0.393
  0.92  -0.34  -0.27   0.85   0.24   0.83  -1.    -0.85   0.64   0.59
  0.78   0.26  -0.78  -0.06   0.42  -0.98   0.63   0.46   0.43  -0.45
 -0.76   0.62  -0.81   0.57   0.41   0.15  -0.58   0.23  -0.4   -0.62
  0.39  -0.97  -0.15  -0.03  -0.21   0.31   0.07  -0.43  -0.32   0.59
  0.76  -0.89   0.12   0.79   0.08  -0.22  -0.97   0.92  -0.24  -0.17 ][-0.84   0.93   0.46  -0.61  -0.6    0.1   -0.29   0.72  -0.68  -0.38
  0.81   0.31  -0.89  -0.74   0.35   0.16  -0.27  -0.81   0.48  -0.35
  0.4   -0.2   -0.77   0.8   -0.88  -0.19   0.83   0.02  -0.4    0.5
 -0.52   0.86   0.99   0.41   0.45  -0.98   0.95  -1.     0.01  -0.49
  0.92  -0.34   0.77   0.85   0.24   0.83  -1.    -0.85   0.64   0.59
  0.14   0.26  -0.78  -0.51   0.42  -0.98   0.91   0.46   0.43  -0.55
 -1.609  0.62  -0.37  -0.23   0.41   0.71  -0.58   0.23  -0.4   -0.48
  0.2   -0.97  -0.15  -0.03  -0.21   0.31   0.07   0.08  -0.32   0.59
 -0.42  -0.89   0.12  -0.19   0.08  -0.22  -0.97   0.92  -0.71  -0.17 ][-0.84   0.93   0.46  -0.61  -0.44  -0.5   -0.29   0.29  -0.68  -0.38
  0.81   0.96   0.5    0.43   0.36   0.16  -0.27  -0.81  -1.189 -0.35
  0.4   -0.2   -0.08   0.8   -0.88  -0.19   0.83   0.02  -0.4    0.5
  0.1    0.645  0.99   0.41   0.45  -0.24  -0.27  -1.     0.01  -0.49
  0.92  -0.34   0.77  -0.54  -0.86   0.83  -1.    -0.85   0.64   0.59
  0.78   0.26  -0.78  -0.06   0.42  -0.98   0.91   0.46   0.43  -0.45
 -0.76   0.62  -0.81   0.57   0.41   0.15  -0.58   0.23  -0.4   -0.48
  0.39  -0.97  -0.15  -0.03  -0.21   0.31   0.07  -0.43  -0.32   0.59
  0.76  -0.89   0.12   0.79   0.08  -0.22  -0.88   0.92  -0.24  -0.17 ][-0.84   0.93   0.46  -0.61  -0.6    0.1   -0.29   0.72  -0.68  -0.38
  0.81   0.31  -0.89  -0.74   0.35   0.16  -0.27  -0.81   0.48  -0.35
  0.4   -0.2   -0.77   0.8   -0.3   -0.19   0.83   0.02  -0.4    0.5
 -0.52   0.86   0.99   0.41   0.45  -0.98   0.95  -1.     0.01  -1.021
  0.92  -0.34   0.77   0.85   0.24   0.83  -1.    -1.843  0.64   0.23
  0.78   0.26  -0.78  -0.51   0.42  -0.98   0.91   0.46   0.43  -0.55
 -0.76   0.62  -0.37   0.57   0.41   0.71  -0.58   0.23  -0.564 -0.48
  0.2   -0.97  -0.15  -0.03  -0.21   0.31   0.07   0.08  -0.32   0.59
 -0.42  -0.89   0.12  -0.19   0.08  -0.22  -0.97   0.92  -0.71  -0.17 ][-0.84   0.93   0.46  -0.61  -0.6    0.1    0.436  0.29  -0.68  -0.38
  0.64   0.31  -0.89  -0.74   0.35   0.16   0.62  -0.81   0.48  -0.35
  0.4   -0.2   -0.77   0.8   -0.3   -0.19   0.83   0.02  -0.4    0.5
 -0.52   0.86   0.99   0.41  -0.57  -0.98   0.95  -1.     0.01  -1.021
  0.92  -0.34   0.77   0.85  -0.86   0.83  -1.    -0.85   0.256  0.59
  0.14   0.26  -0.78  -0.51  -0.448 -0.98   0.91   0.46   0.43  -0.55
 -0.67   0.62  -0.37   0.57   0.41   0.15  -0.58   0.23  -0.4   -0.48
  0.2   -0.97  -0.15  -0.03  -0.21   0.31   0.07   0.08  -0.32   0.59
 -0.42  -0.89   0.12  -0.19   0.08  -0.32  -0.97  -0.18  -0.159 -0.17 ]