[-0.84   0.93   1.065 -0.61  -0.44  -0.5    0.436  0.29  -0.68  -0.38
  0.64   0.96   0.5    0.43   0.35   0.16   0.62  -0.81   0.48  -0.35
  0.4    0.667 -0.08   0.8   -0.3   -0.19   0.83   0.02  -0.4    0.5
  0.1    0.86   0.99   0.41   0.45  -0.98   0.95  -1.     0.01  -0.848
  0.92  -0.34   0.77   0.85  -0.86   0.83  -1.    -0.85   0.64   0.59
  0.78   0.26  -0.78  -0.51   0.42  -0.98   0.91   0.46  -0.061 -0.45
 -0.67  -0.157 -0.37   0.57   0.41   0.71  -0.58   0.23  -0.4   -0.48
  0.2   -0.97  -0.15  -0.18   0.12   0.31   0.07  -0.43  -0.146  0.59
 -0.42  -0.89   0.12  -0.19   0.762 -0.32  -0.97   0.92  -0.71  -0.17 ][-0.84   0.93   0.46  -0.61  -0.44   0.1    0.502  0.29  -0.771 -0.38
  0.64   0.96   0.5    0.43   0.35   0.16  -0.27  -0.81   0.48  -0.35
  0.4   -0.353 -0.77   0.8   -0.381 -0.19   0.83   0.02  -0.4    0.5
  0.1    0.86   0.99  -0.002  0.45  -0.98   0.95  -1.     0.01  -0.49
  0.92  -0.34   0.495 -0.54  -0.86   0.83  -1.    -0.85   0.256  0.59
  0.78   0.26  -0.78  -0.51   0.42  -0.98   0.91   0.46   0.43  -0.55
 -0.76   0.62  -0.37   0.57   0.41   0.15  -0.98   0.23  -0.4   -0.48
  0.908 -0.97  -0.15  -0.03  -0.21   0.31   0.07  -0.43  -0.32   0.59
 -0.42  -0.89   0.12  -0.19   0.08  -0.32  -0.97   0.92  -0.71  -0.544][-0.84   0.93   0.46  -0.61  -0.44   1.061  0.436  0.29  -0.68  -0.38
  0.64   0.31  -0.89  -0.74   0.35   0.16   0.046 -0.81   1.259 -0.35
  0.4    0.667 -0.77  -0.77  -0.88  -0.19   0.83   0.02  -0.4    0.5
 -0.52   0.86   0.99   0.41   0.45  -0.98   0.95  -1.     0.01  -0.49
  0.92  -0.34   0.77   0.85  -0.86   0.83  -1.    -0.85   0.64   0.59
  0.78   0.26  -0.78  -0.51   0.42   0.2    0.91   0.46   0.43  -0.982
 -0.67   0.62  -0.37   0.57   0.41   0.71  -0.98   0.23  -0.4   -0.48
  0.2   -0.97  -0.15  -0.03  -0.21   0.31   0.07  -0.43  -0.32  -0.387
 -0.42  -0.89   0.12  -0.19   0.258 -0.22  -0.97   0.92  -0.71  -0.544][-0.84   0.93   0.46  -0.61  -0.44   0.1   -0.29   0.29  -0.68  -0.38
  0.81   0.96   0.5    0.43   0.35   0.16  -0.27  -0.81   0.48  -0.35
  0.4   -0.353 -0.77   0.8   -0.88  -0.19   0.83   0.02  -0.4    0.5
  0.1    0.86   0.99  -0.002  0.45  -0.98   0.95  -1.     0.01  -0.49
  0.92  -0.34   0.495 -0.54  -0.86   0.83  -1.    -0.85   0.256  0.59
  0.78   0.26  -0.78  -0.51   0.42   0.2    0.91   0.46   0.43  -0.55
 -0.76   0.62  -0.37   0.57   0.41   0.15  -0.98   0.23  -0.4   -0.48
  0.908 -0.97  -0.15  -0.03  -0.21   0.31   0.07  -0.43  -0.32   0.59
 -0.42  -0.89   0.12  -0.19   0.258 -0.32  -0.318  0.92  -0.71  -0.544][-0.84   0.93   0.46  -0.61  -0.6    0.1    0.436  0.29  -0.68  -0.38
  0.64   0.667  0.5    0.43   0.008  0.16   0.62  -0.81   0.48  -0.35
  0.4    0.667 -0.08   0.927 -0.3   -0.19   0.83   0.02  -0.4    0.5
 -0.52   0.645  0.99   0.41   0.45  -0.98   0.95  -1.     0.01  -0.49
  0.92  -0.34   0.77   0.85  -0.86   0.83  -1.009 -0.85   0.978  0.59
  0.14  -0.16  -0.78  -0.51   0.42  -0.98   0.91   0.46   0.43  -0.45
 -0.76   0.62  -0.37   0.57   0.41   1.415 -0.58   0.23  -0.4   -0.48
  0.39  -0.97  -0.15  -0.03   0.12   0.31   0.07  -0.43  -0.32   0.169
 -0.42  -0.89   0.12  -0.19   0.08  -0.22  -0.97  -0.18  -0.24  -0.17 ][-0.84   0.93   0.46  -0.61  -0.6    0.1    0.436  0.29  -0.68  -0.38
  0.64   0.667  0.5    0.43   0.35   0.16   0.62  -0.81   0.48  -0.35
  0.4    0.667 -0.08   0.927 -0.88  -0.19   0.83   0.02  -0.4    0.5
 -0.52   0.86   0.99   0.41   0.45  -0.98   0.95  -1.     0.01  -0.49
  0.92  -0.34   0.77   0.85  -0.86   0.83  -1.    -0.85   0.64   0.59
  0.14   0.26  -0.78  -0.51   0.42  -0.98   0.91   0.46   0.43  -0.45
 -0.67   0.62  -0.37   0.57   0.41   1.415 -0.58   0.23  -0.4   -0.48
  0.2   -0.97  -0.15  -0.03   0.12   0.31   0.07  -0.43  -0.32   0.169
 -0.42  -0.89   0.12  -0.19   0.08  -0.22  -0.97   0.92  -0.71  -0.17 ][-0.389  0.981  0.46  -0.61  -0.44  -0.863 -0.29   0.29  -0.68  -0.38
  0.64   0.96   0.5    0.43   0.35   0.16   0.664 -0.81   0.48  -0.35
  0.4   -0.2   -0.77  -0.77  -0.3   -0.19   0.83   0.02  -0.4    0.5
 -0.52   0.86   0.99   1.083  0.45  -0.98   0.95  -1.     0.01  -0.05
  0.92  -0.34  -0.15  -0.54  -0.86   0.83  -1.    -0.85   0.64   0.59
  0.14   0.26  -0.78  -0.51   0.42   0.2    0.91   0.46   0.43  -0.55
 -0.76   0.62  -0.81   0.57   0.41   0.71  -0.58   0.23  -0.4   -0.48
  0.2   -0.97  -0.15  -0.03  -0.21   0.31   0.07  -0.43  -0.32   0.59
 -0.42  -0.89   0.12  -0.19   0.392 -0.32  -0.97   0.92  -0.24  -0.544][-0.84   0.93   0.336 -0.61  -0.44   0.1   -0.29   0.29  -0.68  -0.38
  0.64   0.96   0.5   -0.74   0.35   0.16  -0.27  -0.81   0.48  -0.35
  0.4   -0.2   -0.77   0.8   -0.3   -0.19   0.83   0.02  -0.4    0.5
 -0.912  0.86   0.99   0.41   0.45  -1.768  0.95  -1.     0.01  -0.49
  0.92  -0.34   0.77   0.85  -0.86   0.83  -1.    -0.85   0.64   0.59
  0.78   0.26  -0.78  -0.51   0.42   0.2    0.91   0.46   0.43  -0.55
 -0.67   0.62  -0.493  0.57   0.41   0.71  -0.98   0.23  -0.4   -0.48
  0.2   -0.97  -0.15  -0.03  -0.21   0.31   0.07  -0.43  -0.32   0.59
 -0.42  -0.89   0.12  -0.19   0.08  -0.22  -0.97   0.592 -0.24  -0.17 ][-0.84   0.93   0.46  -0.61  -0.6    0.1    0.502  0.29  -0.771 -0.38
  0.64   0.31  -0.89  -0.74   0.35   0.16  -0.27  -0.81   1.259 -0.35
  0.4   -0.2   -0.77   0.8   -0.88  -0.19   0.83   0.02  -0.4    0.5
  0.1    0.86   0.99   0.41   0.45  -0.98   0.95  -1.     0.01  -0.49
  0.92  -0.34  -0.15  -0.54  -0.86   0.83  -1.    -0.85   0.64   0.59
  0.14   0.26  -0.78  -0.51   0.42  -0.98   1.789  0.46   0.43  -0.55
 -0.76   0.62  -0.81   0.57   0.41   0.71  -0.58   0.23  -0.4   -0.48
  0.908 -0.97  -0.15  -0.03  -0.21   0.31   0.07  -0.43  -0.32   0.59
 -0.42  -0.89   0.12  -0.19   0.08  -0.22  -0.97   0.92  -0.24  -0.17 ][-0.84   0.93   0.595 -0.484 -0.44   0.1   -0.29   0.29  -0.68  -0.38
  0.64   0.96   0.5   -0.74   0.35   0.16   0.62  -0.81   0.48  -0.35
  0.4    0.667 -0.08   0.8   -0.3   -0.19   0.83   0.02  -0.4    0.5
  0.1    0.633  0.99   0.41   0.45  -0.98   0.95  -1.     0.01  -0.393
  0.92  -0.34   0.77   0.85  -0.86   0.83  -1.    -0.85   0.64   0.59
  0.14   0.26  -0.78  -0.51   0.42   0.2    0.91   0.46   0.43  -0.55
 -0.76   0.62  -0.37   0.57   0.41   0.71  -0.58   0.23  -0.4   -0.48
  0.39  -0.97  -0.15  -0.03   0.12   0.31   0.07  -0.43  -0.32   0.59
 -0.42  -0.89   0.12  -0.19   0.08  -0.22  -0.97   0.92  -0.71  -0.17 ][-0.84   0.93   0.46  -0.61  -0.44   0.1   -0.29   0.29  -0.68  -0.38
  1.547  0.96   0.5   -0.74   0.35   0.16  -0.27  -0.81   0.48  -0.35
  0.4    0.731 -0.77   0.8   -0.88  -0.19   0.83   0.02  -0.4    0.5
 -0.912  0.86   0.99  -0.002  0.45  -0.24  -0.27  -1.     0.01  -0.49
  0.92  -0.34   0.77   0.85  -0.86   0.83  -1.009 -0.85   0.256  0.59
  0.78   0.26  -0.78  -0.51   0.42  -0.98   0.91   0.46   0.43  -0.55
 -0.67   0.62  -0.37   0.57   0.41   0.71  -0.98   0.23  -0.4   -0.48
  0.908 -0.97  -0.15  -0.03   0.12   0.31   0.07  -0.43  -0.32   0.59
 -0.42  -0.89   0.12  -0.19   0.258 -0.32  -0.97   0.92  -0.24  -0.17 ][-0.84   0.93   0.336 -0.61  -0.44   0.1    0.436  0.29  -0.68  -0.38
  0.81   0.96   0.5    0.43   0.35   0.16  -0.27  -0.81   0.48  -0.35
  0.4    0.633 -0.77   0.8   -0.3   -0.19   0.83   0.02  -0.4    0.5
 -0.912  0.86   0.99  -0.002  0.45  -0.24   0.95  -1.     0.01  -0.49
  0.92  -0.34  -0.15   0.85  -0.86   0.83  -1.    -0.85   0.64   0.59
  0.78   0.26  -0.78  -0.51   0.42  -0.98   0.91   0.46   0.43  -0.55
 -0.67   0.62  -0.37   0.57   0.41   0.71  -0.58   0.23  -0.4   -0.48
  0.908 -0.97  -0.15  -0.03  -0.21   0.31   0.07  -0.43  -0.146  0.59
 -0.42  -0.89   0.12  -0.19   0.258 -0.22  -0.318  0.92  -0.71  -0.17 ][-0.84   0.93   0.46  -0.61  -0.44   1.061 -0.29   0.29  -0.68  -0.38
  0.64   0.96   0.5   -1.659  0.35   0.16   0.046 -0.81   0.48  -0.35
  0.4    0.667 -0.77  -0.77  -0.3   -0.19   0.83   0.02  -0.4    0.5
 -0.52   0.86   0.99   0.41   0.45  -0.98   1.534 -1.     0.01  -0.49
  0.92  -0.34   0.77   0.85  -0.86   0.83  -1.    -0.85   0.64   0.59
  0.78   0.26  -0.78  -0.51   0.42   0.2    0.91   0.46   0.43  -0.45
 -0.67   0.62  -0.37  -0.23   0.41   0.71  -0.58   0.23  -0.4   -0.48
  0.2   -0.97  -0.15  -0.03  -0.21   0.31   0.07  -0.43  -0.32   0.59
  0.76  -0.89   0.12  -0.19   0.258 -0.22  -0.97   0.92  -0.71  -0.17 ][-0.84   0.93   0.595 -0.61  -0.6    0.1    0.436  0.29  -0.68  -0.38
  0.64   0.96   0.5   -0.74   0.35   0.16   0.62  -0.81   0.48  -0.35
 -0.106  0.667 -0.77   0.8   -0.3   -0.19   0.83   0.02  -0.4    0.5
  0.1    0.86   0.99   0.41   0.45  -0.98   0.95  -1.     0.01  -0.49
  0.92  -0.34   0.77   0.85  -0.86   0.83  -1.    -0.85   0.64   0.59
  0.14   0.26  -0.78  -0.51   0.42  -0.98   0.91   0.46  -0.061 -0.55
 -0.67   0.62  -0.37  -0.23   0.41   0.71  -0.58   0.23  -0.4   -0.48
  0.908 -0.97  -0.15  -0.18  -0.21   0.31   0.506 -0.43  -0.32   0.59
  0.76  -0.89   0.12  -0.19   0.08  -0.22  -0.97   0.92  -0.71  -0.17 ][-0.84   0.93   0.46  -0.61  -0.44  -0.863  0.436  0.29  -0.68  -0.38
  0.64   0.96   0.5    0.43   0.35   0.16   0.664 -0.81   0.48  -0.35
  0.4   -0.2   -0.77  -0.77  -0.88  -0.19   0.83   0.02  -0.4    0.5
  0.1    0.86   0.99   0.41   0.45  -0.98   0.95  -1.     0.01  -0.49
  0.92  -0.34   0.77   0.85  -0.86   0.83  -1.    -0.85   0.64   0.59
  0.78   0.26  -0.78  -0.51   0.42   0.2    0.91   0.46   0.43  -0.55
 -0.76   0.62  -0.493  0.57   0.41   0.71  -0.98   0.23  -0.4   -0.48
  0.2   -0.97  -0.15  -0.03  -0.21   0.31   0.07  -0.43  -0.32   0.59
 -0.42  -0.89   0.12  -0.19   0.258 -0.32  -0.97   0.92  -0.71  -0.544][-0.84   0.93   0.46  -0.484 -0.44   1.061  0.436  0.29  -0.68  -0.38
  0.64   0.96  -0.89   0.43   0.35   0.98   0.046 -0.81   1.259 -0.35
  0.4    0.667 -0.77   0.8   -0.3   -0.19   0.83   0.02  -0.4    0.5
 -0.52   0.86   0.99   0.41   0.45  -0.98   0.95  -1.     0.01  -0.393
  0.92  -0.34   0.77   0.85  -0.86   0.83  -1.009 -0.85   0.64   0.59
  0.14   0.773 -0.78  -0.51   0.42  -0.98   0.91   0.46   0.43  -0.982
 -0.67   0.62  -0.37   0.57   0.41   0.71  -0.58   0.23  -0.4   -0.48
  0.2   -0.97  -0.15  -0.03   0.12   0.31   0.07  -0.43  -0.32  -0.387
 -0.42  -0.89   0.12  -0.19   0.258 -0.22  -0.97   0.92  -0.71  -0.544][-0.84   0.93   0.46  -0.61  -0.6    0.1   -0.29   0.29  -0.68  -0.38
  0.81   0.31   0.5   -0.74   0.35   0.16  -0.27  -0.81   0.48  -0.35
  0.4   -0.2   -0.77   0.8   -0.88  -0.19   0.83   0.02  -0.4    0.5
  0.1    0.86   1.549 -0.002  0.45  -0.98   0.95  -1.     0.01  -0.49
  0.92  -0.34   0.495 -0.54  -0.86   0.83  -1.    -0.85   0.64   0.59
  0.14   0.26  -0.78  -0.51   0.42   0.2    0.91   0.46   0.43  -0.55
 -0.76   0.62  -0.81   0.57   0.41   0.15  -0.98   0.23  -0.4   -0.48
  0.908 -0.97  -0.15  -0.03  -0.21   0.31   0.07  -0.43  -0.32   0.59
 -0.42  -0.89   0.12  -0.19   0.258 -0.22  -0.318  0.92  -0.71  -0.17 ][-0.84   0.93   0.46  -0.61  -0.44  -0.863 -0.29   0.29  -0.68  -0.38
  0.64   0.96   0.5   -0.74   0.35   0.16   0.62  -0.81   0.655 -0.35
  0.4   -0.2   -0.08   0.8   -0.3   -0.19   0.83   0.02  -0.4    0.5
  0.1    0.645  0.99   0.41   0.45  -0.98   1.534 -1.     0.01  -0.49
  0.92  -0.34   0.77   0.85  -0.86   0.83  -1.    -0.85   0.64   0.59
  0.78   0.26  -0.78  -0.51   0.42   0.2    0.91   0.46   0.43  -0.55
 -0.76   0.62  -0.37   0.57   0.41   0.71  -0.98   0.23  -0.4   -0.48
  0.39  -0.97  -0.15  -0.03  -0.21   0.31   0.07  -0.43  -0.32   0.59
 -0.42  -0.89   0.12  -0.19   0.258 -0.32  -0.97   0.92  -0.24  -0.17 ][-0.84   0.93   0.46  -0.484 -0.44   1.061  0.436  0.29  -0.68  -0.38
  0.64   0.96   0.023 -0.74   0.008  0.16  -0.27  -0.81   0.48  -0.35
  0.939  0.731 -0.77   0.8   -0.3   -0.19   0.83   0.02  -0.4    0.5
 -0.912  0.645  0.99   0.41   0.45  -0.98   0.95  -1.     0.01  -0.49
  0.92  -0.34   0.77   0.85  -0.86   0.83  -1.009 -0.85   0.64   0.59
  0.14  -0.16  -0.78  -0.51   0.42   0.2    0.91   0.46   0.43  -0.55
 -0.76   0.62  -0.37   0.57   0.41   0.71  -0.58   0.23  -0.4   -0.48
  0.39  -0.97  -0.15  -0.03  -0.21   0.31   0.07  -0.43  -0.32   0.59
 -0.42  -0.89   0.12  -0.19   0.08  -0.22  -0.97   0.92  -0.24  -0.17 ][-0.84   0.93   0.336 -0.61  -0.44   0.1   -0.29   0.29  -0.68  -0.38
  0.64   0.96   0.5    0.43   0.35   0.16   0.62  -0.81   0.48  -0.35
  0.4   -0.2   -0.77   0.8   -0.3   -0.19   0.83   0.02  -0.4    0.5
 -0.912  0.86   0.99   0.41   0.45  -0.24   0.95  -1.     0.01  -0.49
  0.92  -0.34  -0.15   0.85  -0.86   0.83  -1.    -0.028  0.64   0.59
  0.14   0.26  -0.78  -0.51   0.42  -0.98   0.91   0.46   0.43  -0.55
 -0.67   0.62  -0.37   0.57   0.41   0.71  -0.98   0.23  -0.4   -0.48
  0.908 -0.97  -0.15  -0.18  -0.21   0.31   0.07  -0.43  -0.32   0.59
 -0.42  -0.89  -0.76  -0.19   0.08  -0.22  -0.97   0.92  -0.71  -0.17 ][-0.84   0.93   0.46  -0.61  -0.44  -0.863 -0.29   0.29  -0.68  -0.38
  0.64   0.96   0.5    0.43   0.008  0.16   0.62  -0.81   0.655 -0.35
  0.4    0.667 -0.08   0.927 -0.3   -0.19   0.83   0.02  -0.4    0.5
 -0.52   0.645  0.99   0.41   0.45  -0.98   1.534 -1.     0.01  -0.49
  0.92  -0.34   0.77   0.85  -0.86   0.83  -1.009 -0.85   0.978  0.59
  0.78   0.26  -0.78  -0.51   0.42  -0.98   0.91   0.46   0.43  -0.45
 -0.76   0.62  -0.37   0.57   0.41   0.71  -0.58   0.23  -0.4   -0.48
  0.39  -0.97  -0.15  -0.03   0.12   0.31   0.07  -0.43  -0.32   0.59
 -0.42  -0.89   0.12  -0.19   0.258  0.765 -0.97  -0.18  -0.24  -0.17 ][-0.84   0.93   0.46  -0.61  -0.6    0.1   -0.29   0.29  -0.68  -0.38
  0.64   0.31   0.5   -0.74   0.35   0.16   0.173 -0.81   0.48  -0.35
  0.4   -0.353 -0.77   0.8   -0.88  -0.19   0.83   0.02  -0.4    0.5
  0.1    0.86   1.549 -0.002  0.45  -0.98   0.95  -1.     0.01  -0.49
  0.92  -0.34   0.495 -0.54  -0.86   0.83  -1.    -0.85   0.64   0.59
  0.14   0.26  -0.78  -0.51   0.42  -0.98   0.91   0.46   0.43  -0.55
 -0.76   0.62  -0.81   0.57   0.41   0.15  -0.98   0.23  -0.4   -0.48
  0.908 -0.97  -0.15  -0.03  -0.21   0.31   0.07  -0.43  -0.32   0.59
 -0.42  -0.89   0.12  -0.19   0.258 -0.22  -0.97   0.92  -0.71  -0.17 ][-0.84   0.93   0.46  -0.61  -0.44   0.1    0.502  0.29  -0.68  -0.38
  0.64   0.96   0.5   -1.659  0.35   0.16   0.046 -0.81   0.48  -0.35
  0.4   -0.353 -0.77   0.8   -0.3   -0.19   0.83   0.02  -0.4    0.5
 -0.52   0.86   0.99  -0.002  0.45  -0.98   1.534 -1.     0.01  -0.49
  0.92  -0.34   0.495 -0.54  -0.86   0.83  -1.    -0.85   0.256  0.59
  0.884  0.26  -0.78  -0.51   0.42   0.2    0.91   0.46   0.43  -0.55
 -0.67   0.62  -0.37   0.57   0.41   0.15  -0.58   0.23  -0.4   -0.48
  0.2   -0.97  -0.15  -0.03  -0.21   0.31   0.07  -0.43  -0.32   0.59
 -0.42  -0.89   0.12  -0.19   0.258 -0.32  -0.97   0.92  -0.71  -0.17 ][-0.84   0.93   0.46  -0.61  -0.6    0.1   -0.29   0.29  -0.68  -0.38
  0.81   0.96   0.5    0.43   0.35   0.16  -0.27  -0.81   0.48  -0.35
  0.4   -0.353 -0.77   0.927 -0.88  -0.19   0.83   0.02  -0.4    0.5
  0.1    0.86   0.99   0.41   0.45  -0.98   0.95  -1.     0.01  -0.49
  0.92  -0.34   0.495 -0.54  -0.86   0.83  -1.    -0.85   0.256  0.59
  0.14   0.26  -0.78  -0.51   0.42   0.2    0.91   0.46   0.43  -0.55
 -0.76   0.001 -0.37   0.57   0.41   0.15  -0.58   0.23  -0.4   -0.48
  0.2   -0.97  -0.15  -0.03   0.12   0.31   0.07  -0.43  -0.32   0.59
 -0.42  -0.89   0.12  -0.19   0.08  -0.22  -0.97   0.92  -0.71  -0.17 ][-0.84   0.93   0.336 -0.61  -0.44   0.1    0.436  0.29  -0.771 -0.38
  0.81   0.96   0.5    0.43   0.35   0.16  -0.27  -0.81   0.48  -0.35
  0.4   -0.353 -0.77   0.8   -0.381 -0.19   0.83   0.02  -0.4    0.5
 -0.912  0.86   0.99  -0.002  0.45  -0.98   0.95  -0.965  0.01  -0.49
  0.92  -0.34   0.495  0.85  -0.86   0.83  -1.    -0.85   0.256  0.59
  0.78   0.26  -0.78  -0.51   0.42  -0.98   0.91   0.46   0.43  -0.55
 -0.76   0.62  -0.37   0.57   0.41   0.71  -0.98   0.23  -0.4   -0.48
  0.908 -0.97  -0.15  -0.03  -0.21   0.31   0.07  -0.43  -0.32   0.59
 -0.42  -0.89   0.12  -0.19   0.08  -0.32  -0.318  0.92  -0.71  -0.544][-0.84   0.93   1.065 -0.484 -0.44  -0.5   -0.29   0.29  -0.68  -0.38
  0.64   0.96   0.5   -0.74   0.35   0.16   0.62  -0.81   0.48  -0.35
  0.4    0.667 -0.08   0.8   -0.3   -0.19   0.83   0.02  -0.4    0.5
  0.1    0.86   0.99   0.41   0.45  -0.98   0.95  -1.     0.01  -0.393
  0.92  -0.34   0.77   0.85  -0.86   0.83  -1.    -0.85   0.64   0.59
  0.78   0.26  -0.78  -0.51   0.42  -0.98   0.91   0.46  -0.061 -0.55
 -0.76  -0.157 -0.37   0.57   0.41   0.71  -0.58   0.23  -0.4   -0.48
  0.39  -0.97  -0.628 -0.03   0.12   0.31   0.07  -0.43  -0.32   0.59
 -0.42  -0.89   0.12  -0.19   0.762 -0.22  -0.97   0.92  -0.71  -0.17 ][-0.84   0.93   0.46  -0.61  -0.6    0.1    0.502  0.29  -0.68  -0.38
  0.64   0.667  0.5    0.43   0.35   0.16   0.62  -0.81   0.48  -0.35
  0.4   -0.353 -0.08   0.927 -0.88  -0.19   0.83   0.02  -0.4    0.5
 -0.52   0.86   0.99   0.41   0.45  -0.98   0.95  -1.     0.01  -0.49
  0.92  -0.34   0.77   0.85  -0.86   0.83  -1.    -0.85   0.256  0.59
  0.78   0.26  -0.78  -0.51   0.42  -0.98   0.91   0.46   0.43  -0.45
 -0.76   0.62  -0.37   0.57   0.41   0.15  -0.98   0.23  -0.4   -0.48
  0.2   -0.97  -0.15  -0.03   0.12   0.31   0.07  -0.43  -0.32   0.59
 -0.42  -0.89   0.12  -0.19   0.08  -0.32  -0.191  0.92  -0.71  -0.544][-0.84   0.93   0.46  -0.61  -0.6    0.1   -0.29   0.29  -0.68  -0.38
  1.547  0.508  0.5    0.43   0.35   0.16  -0.27  -0.81   0.48  -0.35
  0.4    0.731 -0.77   0.927 -0.88  -0.19   0.83   0.02  -0.4    0.5
 -0.912  0.86   0.99   0.41   0.45  -0.24   0.95  -1.     0.01  -0.49
  0.92  -0.34   0.77   0.85  -0.86   0.83  -1.009 -0.85   0.64   0.59
  0.14   0.26  -0.78  -0.51   0.42  -0.98   0.91   0.46   0.43  -0.55
 -0.67   0.62  -0.37   0.57   0.41   1.415 -0.98   0.23  -0.4   -0.48
  0.2   -0.97  -0.15  -0.03   0.12   0.31   0.07  -0.43  -0.32   0.169
 -0.42  -0.89   0.12  -0.19   0.08  -0.22  -0.97   0.92  -0.24  -0.17 ][-0.84   0.93   0.46  -0.61  -0.44   0.1    0.436  0.29  -0.68  -0.38
  0.64   1.225  0.5    0.43   0.35   0.16  -0.27  -0.81   1.259 -0.35
  0.4    0.667 -0.77  -0.77  -0.381 -0.19   0.83   0.02  -0.4    0.5
 -0.52   0.86   0.99   0.41   0.45  -0.98   0.95  -1.     0.01  -0.49
  0.92  -0.34   0.77  -0.54  -0.86   0.83  -1.    -0.85   0.256  0.59
  0.78   0.26  -0.78  -0.51   0.42   0.2    0.91   0.46   0.43  -0.55
 -0.67   0.62  -0.37   0.57   0.41   0.71  -0.98   0.23  -0.4   -0.48
  0.2   -0.97  -0.15  -0.03  -0.21   0.31   0.07  -0.43  -0.32  -0.387
 -0.42  -0.89   0.12  -0.19   0.258 -0.22  -0.97   0.92  -0.71  -0.544][-0.84   0.93   0.46  -0.61  -0.6    0.1    0.436  0.29  -0.68  -0.38
  0.64   0.96   0.5    0.43   0.35   0.16   0.62  -0.81   0.48  -0.35
  0.4   -0.2   -0.77   0.8   -0.3   -0.19   0.83   0.02  -0.4    0.5
 -0.912  0.86   0.99   0.41   0.45  -0.98   0.95  -1.     0.01  -0.49
  0.92  -0.34   0.77   0.85  -0.86   0.83  -1.    -0.85   0.64   0.59
  0.14   0.26  -0.78  -0.51   0.42  -0.98   0.91   0.46   0.43  -0.45
 -0.67   0.62  -0.37   0.57   0.41   1.415 -0.98   0.23  -1.125 -0.48
  0.908 -0.97  -0.15  -0.03  -0.21   0.31   0.07  -0.43  -0.32   0.169
 -0.42  -0.89  -0.76  -0.19   0.08  -0.22  -0.97   0.92  -0.71  -0.17 ][-0.84   0.93   0.595 -0.61  -0.6    0.1   -0.29   0.29  -0.68  -0.38
  1.547  0.96   0.5   -0.74   0.35   0.16   0.62  -0.81   0.48  -0.35
  0.4    0.731 -0.77   0.8   -0.88  -0.19   0.83   0.02  -0.4    0.5
  0.1    0.86   0.99   0.41   0.45  -0.24  -0.27  -1.     0.01  -0.49
  0.92  -0.34   0.77   0.85  -0.86   0.83  -1.    -0.85   0.256  0.59
  0.14   0.26  -0.78  -0.51   0.42  -0.98   0.91   0.46   0.43  -0.55
 -0.67   0.62  -0.37   0.57   0.41   0.71  -0.58   0.23  -0.4   -0.48
  0.908 -0.97  -0.15  -0.18  -0.21   0.31   0.07  -0.43  -0.32   0.59
 -0.42  -0.89   0.12  -0.19   0.08  -0.32  -0.97   0.92  -1.429 -0.17 ][-0.84   0.93   0.46  -0.61  -0.6    0.1    0.436  0.29  -0.68  -0.38
  0.81   0.667  0.5   -0.74   0.008  0.16  -0.27  -0.81   0.48  -0.35
  0.4   -0.2   -0.77   0.927 -0.3   -0.19   0.83   0.02  -0.4    0.5
  0.459  0.86   1.549 -0.002  0.45  -0.98   0.95  -1.     0.01  -0.49
  0.92  -0.34   0.77   0.85  -0.86   0.83  -1.    -0.85   0.64   0.59
  0.14  -0.16  -0.78  -0.51   0.42   0.2    0.91   0.46   0.43  -0.55
 -0.76   0.62  -0.37   0.57   0.41   0.15  -0.58   0.23  -0.4   -0.48
  0.39  -0.97  -0.15  -0.03  -0.21   0.31   0.07  -0.43  -0.32   0.59
 -0.42  -0.89   0.12  -0.19   0.08  -0.22  -0.97  -0.18  -0.24  -0.17 ][-0.84   0.93   0.336 -0.61  -0.44   0.1   -0.29   0.29  -0.68  -0.38
  0.64   0.96   0.5   -0.74   0.35   0.16   0.62  -0.81   0.48  -0.35
  0.4   -0.2   -0.77   0.8   -0.3   -0.19   0.83   0.02  -0.641  0.5
  0.1    0.86   0.99   0.41   0.45  -0.98   0.95  -1.     0.01  -0.49
  0.92  -0.34  -0.15  -0.54  -0.86   0.83  -1.    -0.028  0.64   0.59
  0.14   0.26  -0.78  -0.51   0.42  -0.98   0.91   0.46   0.43  -0.55
 -0.76   0.62  -0.37   0.57   0.41   0.71  -0.58   0.23  -0.4   -0.48
  0.908 -0.97  -0.15  -0.03  -0.21   0.31   0.07  -0.43  -0.32   0.59
 -0.42  -0.89  -0.76  -0.19   0.08  -0.22  -0.97   0.92  -0.71  -0.17 ][-0.84   0.93   0.46  -0.61  -0.44   0.1   -0.29   0.29  -0.68  -0.38
  0.81   0.96   0.5    0.43   0.35   0.16  -0.27  -0.81   0.48  -0.35
  1.16   0.731 -0.77   0.8   -0.88  -0.19   0.83   0.02  -0.4    0.5
 -0.912  0.86   0.99  -0.002  0.45  -0.98  -0.27  -1.     0.01  -0.49
  0.92  -0.34   0.77  -0.54  -0.86   0.83  -1.009 -0.85   0.256  0.59
  0.78   0.26  -0.78  -0.51   0.42   0.2    0.91   0.46   0.43  -0.55
 -0.67   0.62  -0.37   0.57   0.41   0.15  -0.98   0.23  -0.4   -0.48
  0.908 -0.97  -0.15  -0.03  -0.21   0.31   0.07  -0.43  -0.32   0.59
 -0.42  -0.89   0.12  -0.19   0.258 -0.32  -0.318  0.92  -0.71  -0.544][-0.84   0.93   0.46  -0.61  -0.6    0.1   -0.29   0.29  -0.68  -0.38
  1.652  0.667  0.5    0.43   0.35   0.16  -0.27  -0.81   0.48  -0.35
  0.4   -0.353 -0.08   0.927 -0.3   -0.19   0.83   0.02  -0.4    0.5
  0.1    0.86   0.99  -0.002  0.45  -0.98   0.95  -1.     0.01  -0.49
  0.92  -0.34   0.77  -0.54  -0.86   0.83  -1.009 -0.85   0.978  0.59
  0.14   0.26  -0.78  -0.51   0.42   0.2    0.91   0.46   0.43  -0.45
 -0.76   0.62  -0.37   0.57   0.41   1.415 -0.98   0.23  -0.4   -0.48
  0.39  -0.97  -0.15  -0.03   0.12   0.31   0.07  -0.43  -0.32   0.169
 -0.42  -0.89   0.12  -0.19   0.258 -0.32  -0.318  0.92  -0.71  -0.544][-0.84   0.93   0.336 -0.61  -0.44   0.1   -0.29   0.29  -0.68  -0.38
  0.64   0.96   0.5    0.43   0.35   0.16  -0.27  -0.81   0.48  -0.35
  0.4   -0.2   -0.77   0.8   -0.3   -0.19   0.83   0.02  -0.4    0.5
  0.1    0.86   0.99   0.41   0.45  -0.98   0.95  -1.     0.01  -0.49
  0.92  -0.34  -0.15   0.85  -0.86   0.83  -1.    -0.85   0.64   0.59
  0.78   0.26  -0.78  -0.51   0.42  -0.98   0.91   0.46   0.43  -0.55
 -0.67   0.62  -0.37   0.57   0.41   0.15  -0.98   0.23  -0.656 -0.48
  0.908 -0.97  -0.15  -0.18  -0.21   0.31   0.07  -0.43  -0.32   0.59
 -0.42  -0.89  -0.76  -0.19   0.08  -0.32  -0.97   0.92  -0.71  -0.17 ][-0.389  0.981  0.46  -0.61  -0.44   0.1   -0.29   0.29  -0.68  -0.38
  0.64   0.96   0.5    0.43   0.35   0.16   1.532 -0.81   0.48  -0.35
  0.4   -0.2   -0.77   0.8   -0.3   -0.19   0.83   0.02  -0.4    0.5
 -0.912  0.86   0.99   1.083  0.45  -0.98   0.95  -1.     0.01  -0.49
  0.92  -0.34  -0.15  -0.54  -0.86   0.83  -1.    -0.85   0.64   0.59
  0.14   0.26  -0.78  -0.51   0.42   0.2    0.91   0.46   0.43  -0.55
 -0.67   0.62  -0.81   0.57   0.41   0.71  -0.98   0.23  -0.4   -0.48
  0.2   -0.97  -0.15  -0.03  -0.21   0.31   0.07  -0.43  -0.32   0.59
 -0.42  -0.89  -0.76  -0.19   0.08  -0.22  -0.97   0.92  -0.24  -0.17 ][-0.84   0.93   1.065 -0.61  -0.44   0.1   -0.418  0.29  -0.68  -0.38
  0.64   0.96   0.5    0.43   0.008  0.16   0.62  -0.81   0.48  -0.35
  0.4    0.667 -0.08   0.927 -0.3   -0.19   0.83   0.02  -0.4    0.5
 -0.52   0.645  0.99   0.41   0.45  -0.98   0.95  -1.     0.01  -0.848
  0.92  -0.34   0.77   0.85  -0.86   0.83  -1.009 -0.85   0.978  0.59
  0.14   0.26  -0.78  -0.51   0.42  -0.98   0.91   0.46   0.43  -0.45
 -0.76   0.62  -0.37   0.57   0.41   1.415 -0.58   0.23  -0.4   -0.48
  0.39  -0.97  -0.15  -0.18   0.12   0.31   0.07  -0.43  -0.146  0.169
 -0.42  -0.89   0.12  -0.19   0.762 -0.32  -0.97  -0.18  -0.24  -0.17 ][-0.84   0.93   0.46  -0.61  -0.6    0.1    0.502  0.29  -0.771 -0.38
  0.64   0.96   0.5    0.43   0.35   0.16  -0.27  -0.81   0.502 -0.35
  0.4   -0.353 -0.08   0.927 -0.88  -0.19   0.83   0.02  -0.4    0.5
  0.1    0.86   0.99   0.41   0.45  -0.98   0.95  -1.     0.01  -0.49
  0.92  -0.34   0.77  -0.54  -0.86   0.83  -1.    -0.85   0.256  0.59
  0.14   0.26  -0.78  -0.51   0.42  -0.98   0.91   0.46   0.43  -0.55
 -0.76   0.62  -0.37   0.57   0.41   0.15  -0.98   0.23  -0.4   -0.48
  0.908 -0.97  -0.15  -0.03   0.12   0.31   0.07  -0.43  -0.32   0.59
 -0.42  -0.89   0.12  -0.19   0.08  -0.22  -0.97   0.92  -0.71  -0.544][-0.84   0.93   0.336 -0.61  -0.44   0.1   -0.29   0.29  -0.68  -0.38
  0.64   0.96   0.5    0.43   0.35   0.16   0.664 -0.81   0.48  -0.35
  0.4   -0.2   -0.77  -0.77  -0.3   -0.19   0.83   0.02  -0.4    0.5
 -0.52   0.86   0.99   1.083  0.45  -0.24   0.95  -1.     0.01  -0.49
  0.92  -0.34  -0.15  -0.54  -0.86   0.83  -1.    -0.85   0.64   0.59
  0.14   0.26  -0.78  -0.51   0.42  -0.98   0.91   0.46   0.43  -0.55
 -0.76   0.62  -0.81   0.57   0.41   0.71  -0.98   0.23  -0.4   -0.48
  0.2   -0.97  -0.15  -0.03  -0.21   0.31   0.07  -0.43  -0.32   0.59
 -0.42  -0.89  -0.76   0.468  0.08  -0.22  -0.97   0.92  -0.24  -0.17 ][-0.84   0.93   0.46  -0.61  -0.44   1.061 -0.29   0.29  -0.68  -0.38
  0.64   0.96   0.5   -0.74   0.35   0.16   0.046 -0.81   1.259 -0.35
  0.4    0.534 -0.08  -0.77  -0.3   -0.19   0.83   0.02  -0.4    0.5
 -0.52   0.645  0.99   0.41   0.45  -0.98   1.534 -1.     0.01  -0.49
  0.92  -0.34   0.77   0.85  -0.86   0.83  -1.    -0.85   0.64   0.59
  0.78   0.26  -0.78  -0.51   0.42   0.2    0.91   0.46   0.43  -0.55
 -0.76   0.62  -0.37   0.57   0.41   0.71  -0.98   0.23  -0.4   -0.48
  0.39  -0.97  -0.15  -0.03  -0.21   0.31   0.07  -0.43  -0.32  -0.387
 -0.42  -0.89   0.12  -0.19   0.258 -0.32  -0.97   0.92  -0.71  -0.544][-0.84   0.93   1.065 -0.61  -0.44   1.061  0.436  0.29  -0.68  -0.38
  0.64   0.96   0.5    0.43   0.35   0.98   0.62  -0.81   1.259 -0.35
  0.4    0.667 -0.08   0.8   -0.3   -0.19   0.83   0.02  -0.4    0.5
 -0.52   0.86   0.99   0.41   0.45  -0.98   0.95  -1.     0.01  -0.393
  0.92  -0.34   0.77   0.85  -0.86   0.83  -1.009 -0.85   0.64   0.59
  0.14   0.26  -0.78  -0.51   0.42  -0.637  0.91   0.46  -0.061 -0.45
 -0.67  -0.157 -0.37   0.57   0.41   0.71  -0.58   0.23  -0.4   -0.48
  0.2   -0.97  -0.15  -0.18   0.12   0.31   0.07  -0.43  -0.32  -0.387
 -0.42  -0.89   0.12  -0.19   0.762 -0.32  -0.97   0.92  -0.71  -0.544][-0.84   0.93   0.46  -0.61  -0.6    0.1    0.436  0.29  -0.68  -0.38
  0.64   0.31  -0.89  -0.74   0.35   0.16   0.046 -0.81   1.259 -0.35
  0.4   -0.2   -0.77   0.8   -0.88  -0.19   0.83   0.02  -0.4    0.5
 -0.52   0.86   1.549  0.41   0.45  -0.98   0.95  -1.     0.01  -0.49
  0.92  -0.34   0.77   0.85  -0.86   0.83  -1.    -0.85   0.64   0.59
  0.14   0.26  -0.78  -0.51   0.42   0.2    0.91   0.46   0.43  -0.55
 -0.76   0.62  -0.81   0.57   0.41   0.15  -0.98   0.23  -0.4   -0.48
  0.2   -0.97  -0.15  -0.03  -0.21   0.31   0.07  -0.43  -0.32   0.59
 -0.42  -0.89   0.12  -0.19   0.258 -0.22  -0.97   1.699 -0.71  -0.544][-0.84   0.93   0.595 -0.484 -0.44   0.1   -0.29   0.29  -0.68  -0.38
  0.64   0.96   0.5   -0.74   0.35   0.16  -0.27  -0.81   0.48  -0.35
  0.4   -0.353 -0.77   0.8   -0.3   -0.19   0.83   0.02  -0.4    0.5
  0.1    0.633  0.99  -0.002  0.45  -0.98   0.95  -1.     0.01  -0.393
  0.92  -0.34   0.77   0.85  -0.86   0.83  -1.    -0.85   0.256  0.59
  0.78   0.26  -0.78  -0.51   0.42   0.2    0.91   0.46   0.43  -0.55
 -0.76   0.62  -0.37   0.57   0.41   0.71  -0.98   0.23  -0.4   -0.48
  0.39  -0.97  -0.15  -0.03  -0.21   0.31   0.07  -0.43  -0.32   0.59
 -0.717 -0.89   0.12  -0.19   0.258 -0.32  -0.318  0.92  -0.71  -0.17 ][-0.84   0.93   0.46  -0.61  -0.6    0.1    0.436  0.29  -0.68  -0.38
  0.64   0.96   0.5    0.43   0.35   0.16  -0.27  -0.81   0.48  -0.35
  0.4   -0.353 -0.08   0.927 -0.381 -0.19   0.83   0.02  -0.4    0.5
 -0.52   0.86   0.99  -0.002  0.45  -0.98   0.95  -1.     0.01  -0.49
  0.92  -0.34   0.495  0.85  -0.86   0.83  -1.    -0.85   0.64   0.59
  0.78   0.26  -0.78  -0.51   0.42  -0.98   0.91   0.46   0.43  -0.55
 -0.76   0.62  -0.37   0.41   0.41   1.415 -0.98   0.23  -0.4   -0.48
  0.2   -0.97  -0.15  -0.03   0.12   0.31   0.07  -0.43  -0.32   0.59
 -0.42  -0.89   0.12  -0.19   0.08  -0.22  -0.97   0.92  -0.71  -0.544][-0.84   0.93   0.336 -0.61  -0.44   0.1   -0.29   0.29  -0.68  -0.38
  0.64   0.96   0.5    0.43   0.35   0.16   0.62  -0.81   1.259 -0.35
  0.4    0.667 -0.77   0.8   -0.88  -0.19   0.83   0.02  -0.4    0.5
 -0.52   0.86   0.99   0.41   0.45  -0.98   0.95  -1.     0.01  -0.49
  0.92  -0.34   0.77   0.85  -0.86   0.83  -1.    -0.028  0.64   0.59
  0.78   0.26  -0.78  -0.51   0.42  -0.98   0.91   0.46   0.43  -0.982
 -0.67   0.62  -0.37   0.624  0.41   0.71  -0.98   0.23  -0.4   -0.48
  0.2   -0.97  -0.15  -0.18  -0.21   0.31   0.07  -0.43  -0.32  -0.387
 -0.42  -0.89  -0.76  -0.19   0.08  -0.22  -0.97   0.92  -0.71  -0.17 ][-0.84   0.93   0.46  -0.61  -0.44  -0.863  0.436  0.29  -0.68  -0.38
  0.64   0.96   0.5    0.43   0.35   0.16   0.62  -0.81   0.48  -0.35
  0.4   -0.2   -0.77  -0.77  -0.3   -0.19   0.83   0.02  -0.4    0.5
 -0.912  0.86   0.99   0.41   0.45  -0.24   0.95  -1.     0.01  -0.49
  0.92  -0.34  -0.15   0.85  -0.86   0.83  -1.    -0.028 -0.025  0.59
  0.78   0.26  -0.78  -0.51   0.42  -0.98   0.91   0.46   0.43  -0.55
 -0.76   0.62  -0.493  0.57   0.41   0.71  -0.98   0.23  -0.4   -0.48
  0.908 -0.97  -0.15  -0.18  -0.21   0.31   0.07  -0.43  -0.32   0.59
 -0.42  -0.89  -0.76  -0.19   0.258 -0.22  -0.97   0.92  -0.71  -0.17 ][-0.84   0.93   1.065 -0.61  -0.44  -0.5   -0.29   0.29  -0.68  -0.38
  0.64   0.96   0.5    0.43   0.35   0.16   0.62  -0.81   0.48  -0.35
  0.4    0.667 -0.937  0.8   -0.3   -0.19   0.83   0.02  -0.4    0.5
  0.1    0.86   0.99   0.41   0.45  -0.24   0.95  -1.     0.01  -0.848
  0.92  -0.34  -0.15   0.85  -0.86   0.83  -1.    -0.85   0.64   0.59
  0.14   0.26  -0.78  -0.51   0.42  -0.98   0.91   0.46  -0.061 -0.45
 -0.67  -0.157 -0.37   0.57   0.41   0.71  -0.98   0.23  -0.4   -0.48
  0.908 -0.97  -0.15  -0.18   0.12   0.31   0.07  -0.43  -0.146  0.59
 -0.42  -0.89  -0.76  -0.19   0.762 -0.22  -0.97   0.92  -0.71  -0.17 ][-0.84   0.93   1.065 -0.61  -0.44  -0.5    0.436  0.29  -0.771 -0.38
  0.64   0.96   0.5    0.43   0.35   0.16  -0.27  -0.81   0.48  -0.35
  1.036 -0.353 -0.77   0.8   -0.381 -0.19   0.83   0.02  -0.4    0.5
  0.1    0.86   0.99   0.41   0.45  -0.98   0.95  -1.     0.01  -0.49
  0.92  -0.34   0.77  -0.54  -0.86   0.83  -1.    -0.85   0.256  0.59
  0.78   0.26  -0.78  -0.51   0.42  -0.98   0.91   0.46  -0.061 -0.45
 -0.76  -0.157 -0.37   0.57   0.41   0.15  -0.58   0.23  -0.4   -0.48
  0.2   -0.97  -0.15  -0.03   0.12   0.31   0.07  -0.43  -0.32   0.59
 -0.42  -0.89   0.12  -0.19   0.08  -0.32  -0.97   0.92  -0.71  -0.17 ][-0.84   0.93   0.336 -0.61  -0.44   0.1    0.502  0.29  -0.68  -0.38
  0.64   0.96   0.5    0.43   0.35   0.16   0.62  -0.81   0.48  -0.35
  0.4   -0.2   -0.77   0.8   -0.3   -0.19   0.83   0.02  -0.4    0.5
  0.567  0.86   0.99   0.41   0.45  -0.24   0.95  -1.     0.01  -0.49
  0.92  -0.34   0.495  0.85  -0.86   0.83  -1.    -0.85   0.256  0.59
  0.14   0.26  -0.78  -0.51   0.42  -0.98   0.91   0.46   0.43  -0.55
 -0.76   0.62  -0.37   0.57   0.41   0.71  -0.98   0.23  -0.4   -0.48
  0.908 -0.97  -0.15  -0.03  -0.21   0.31   0.07  -0.43  -0.32   0.59
 -0.42  -0.89  -0.76  -0.19   0.08  -0.32  -0.97   0.92  -0.71  -0.544][-0.84   0.93   0.46  -0.61  -0.6    0.1    0.502  0.29  -0.771 -0.38
  0.64   0.31  -0.89   0.43   0.35   0.16  -0.27  -0.81   1.259 -0.35
  0.4   -0.2   -0.77   0.8   -0.381 -0.19   0.83   0.02  -0.4    0.5
  0.1    0.86   0.99  -0.002  0.45  -0.98   0.95  -1.     0.01  -0.49
  0.92  -0.34   0.495 -0.54  -0.86   0.83  -1.    -0.85   0.256  0.59
  0.78   0.26  -0.78  -0.51   0.42  -0.98   0.91   0.46   0.43  -0.55
 -0.76   0.62  -0.81   0.57   0.41   0.15  -0.58   0.23  -0.4   -0.48
  0.908 -0.97  -0.15  -0.03  -0.21   0.31   0.07  -0.43  -0.32   0.59
 -0.42   0.005  0.12  -0.19   0.08  -0.22  -0.97   0.92  -0.71  -0.544][-0.84   0.93   0.336 -0.61  -0.6    0.1   -0.29   0.29  -0.68  -0.38
  0.64   0.96   0.5   -0.74   0.35   0.16  -0.27  -0.81   0.48  -0.35
  0.4   -0.2   -0.77   0.8   -0.88  -0.19   0.83   0.02  -0.4    0.5
 -0.912  0.86   1.549  0.41   0.45  -1.768  0.95  -1.     0.01  -0.49
  0.92  -0.34   0.495  0.85  -0.86   0.83  -1.    -0.85   0.64   0.59
  0.14   0.26  -0.78  -0.51   0.42   0.2    0.91   0.46   0.43  -0.55
 -0.67   0.62  -0.81   0.135  0.41   0.15  -0.98   0.23  -0.4   -0.48
  0.908 -0.97  -0.15  -0.03  -0.21   0.31   0.07  -0.43  -0.32   0.59
 -0.42  -0.89   0.12  -0.19   0.258 -0.22  -0.318  0.592 -0.24  -0.17 ][-0.84   0.93   1.065 -0.61  -0.44  -0.5   -0.29   0.29  -0.68  -0.38
  0.64   0.151  0.5    0.43   0.35   0.16   0.62  -0.81   0.48  -0.35
  0.4    0.667 -0.77   0.8   -0.3   -0.19   0.83   0.02  -0.4    0.5
  0.1    0.86   0.99   0.41   0.45  -0.24   0.95  -1.     0.01  -0.49
  0.92  -0.34   0.77   0.85  -0.86   0.83  -1.    -0.85   0.64   0.59
  0.14   0.26  -0.78  -0.51   0.42  -0.98   0.91   0.46  -0.061 -0.45
 -0.67   0.62  -0.37   0.57   0.41   0.71  -0.58   0.23  -0.4   -0.48
  0.908 -0.97  -0.15  -0.18  -0.21   0.31   0.07  -0.43  -0.32   0.59
 -0.42  -0.89  -0.76  -0.19   0.762 -0.22  -0.97   0.92  -0.71  -0.17 ][-0.84   0.93   0.46  -0.61  -0.44   1.061  0.436  0.29  -0.68  -0.38
  0.81   0.31  -0.89  -0.74   0.35   0.16   0.046 -0.81   0.48  -0.35
  0.4    0.667 -0.77  -0.77  -0.88  -0.19   0.83   0.02  -0.4    0.5
  0.1    0.86   0.99  -0.002  0.45  -0.98   0.95  -1.     0.01  -0.49
  0.92  -0.34   0.495 -0.54  -0.86   0.83  -1.    -0.85   0.64   0.59
  0.78   0.26  -0.78  -0.51   0.42   0.2    0.91   0.46   0.43  -0.982
 -0.67   0.62  -0.37   0.57   0.41   0.15  -0.98   0.23  -0.4   -0.48
  0.908 -0.97  -0.15  -0.03  -0.21   0.31   0.749 -0.43  -0.32  -0.387
 -0.42  -0.89   0.12  -0.19   0.258 -0.32  -0.97   0.92  -0.71  -0.544][-0.84   0.93   0.46  -0.61  -0.44   0.1   -0.29   0.29  -0.68  -0.38
  0.64   0.667  0.5    0.43   0.35   0.16   0.62  -0.81   0.48  -0.35
  0.4   -0.2   -0.08   0.927 -0.3   -0.19   0.83   0.02  -0.4    0.5
 -0.912  0.86   0.99   0.41   0.45  -0.98   0.95  -1.     0.01  -0.49
  0.92  -0.34  -0.15   0.85  -0.86   0.83  -1.    -0.028  0.64   0.59
  0.14   0.26  -0.78  -0.51   0.42  -0.98   0.91   0.46   0.43  -1.481
 -0.67   0.62  -0.37   0.57   0.41   1.415 -0.58   0.23  -0.4   -0.48
  0.2   -0.97  -0.15  -0.18  -0.21   0.31   0.07  -0.43  -0.32   0.169
 -0.42  -0.89  -0.76  -0.19   0.08  -0.22  -0.97   0.92  -0.71  -0.17 ][-0.84   0.93   0.46  -0.61  -0.6    0.1   -0.29   0.29  -0.68  -0.38
  0.64   0.96   0.5    0.43   0.35   0.16   0.62  -0.81   0.48  -0.35
  0.4   -0.2   -0.08  -0.77  -0.88  -0.19   0.83   0.02  -0.4    0.5
 -0.52   0.86   0.99   1.083  0.45  -0.98   0.95  -1.     0.01  -0.05
  0.92  -0.34   0.77  -0.54  -0.86   0.83  -1.    -0.85   0.64   0.59
  0.14   0.26  -0.78  -0.51   0.42   0.2    0.91   0.46   0.43  -0.55
 -0.76   0.62  -0.37   0.57   1.204  1.415 -0.58   0.23  -0.4   -0.48
  0.2   -0.97  -0.15  -0.03  -0.21   0.31   0.07  -0.43  -0.32   0.59
 -0.42  -0.89   0.12  -0.19   0.08  -0.32  -0.97   0.92  -0.24  -0.544][-0.84   0.93   0.46  -0.61  -0.44   0.1    0.502  0.29  -0.771 -0.38
  0.64   0.31  -0.89  -0.74   0.35   0.16  -0.27  -0.81   0.48  -0.35
  0.4   -0.353 -0.77  -0.77  -0.88  -0.19   0.83   0.02  -0.4    0.5
  0.1    0.86   0.99  -0.002  0.45  -0.98   0.95  -1.     0.01  -0.49
  0.92  -0.34   0.77  -0.54  -0.86   0.83  -1.    -0.85   0.64   0.59
  0.78   0.26  -0.78  -0.51   0.42  -0.98   0.91   0.46   0.43  -0.982
 -0.67   0.62  -0.37   0.57   0.41   0.15  -0.98   0.23  -0.4   -0.48
  0.2   -0.97  -0.15  -0.03  -0.21   0.31   0.07  -0.43  -0.218  0.59
 -0.42  -0.89   0.12  -0.19   0.258 -0.22  -0.97   0.92  -0.71  -0.544][-0.84   0.93   0.46  -0.61  -0.44   0.1    0.436  0.29  -0.771 -0.38
  0.64   0.31  -0.89   0.43   0.35   0.16   0.62  -0.81   1.259 -0.35
  0.4   -0.2   -0.77   0.8   -0.3   -0.19   0.83   0.02  -0.4    0.5
  0.1    0.86   0.99   0.41   0.45  -0.98   0.8   -1.     0.01  -0.49
  0.92  -0.34  -0.15   0.85  -0.86   0.83  -1.    -0.85   0.64   0.59
  0.14   0.26  -0.78  -0.51   0.42  -0.98   0.91   0.46  -0.061 -0.45
 -0.67   0.62  -0.81   0.57   0.41   0.71  -0.58   0.23  -0.4   -0.48
  0.2   -0.97  -0.15  -0.03  -0.21   0.31   0.07  -0.43  -0.32   0.59
 -0.42  -0.89   0.12  -0.19   0.08  -0.22  -0.97   0.92  -0.24  -0.17 ][-0.84   0.93   0.46  -0.61  -0.44   0.1    0.436  0.29  -0.68  -0.38
  0.81   0.31  -0.89  -0.74   0.35   0.16  -0.27  -0.81   0.48  -0.35
  0.4    0.667 -0.77   0.8   -0.88  -0.19   0.83   0.02  -0.4    0.5
 -0.912  0.86   0.99  -0.002  0.45  -0.98   0.95  -1.     0.01  -0.49
  0.92  -0.34   0.77   0.85  -0.86   0.83  -1.    -0.85   0.64   0.59
  0.78   0.26  -0.78  -0.51   0.42   0.2    0.91   0.46   0.43  -0.982
 -0.67   0.62  -0.37   0.57   0.41   0.71  -0.98   0.23  -0.4   -0.48
  0.908 -0.97  -0.15  -0.03  -0.21   0.31   0.07  -0.43  -0.32   0.59
 -0.42  -0.89   0.975 -0.19   0.258 -0.22  -0.318  0.92  -0.71  -0.17 ][-0.84   0.93   0.46  -0.61  -0.44   0.1    0.436  0.29  -0.68  -0.38
  0.64   0.667  0.5    0.43   0.35   0.16   0.62  -0.81   0.48  -0.35
  0.4    0.667 -0.08   0.8   -0.3   -0.19   0.83   0.02  -0.4    0.5
 -0.52   0.645  0.99   0.41   0.45  -0.98   0.95  -1.     0.01  -0.848
  0.92  -0.34   0.77   0.85  -1.625  0.83  -1.009 -0.85   0.978  0.59
  0.78   0.26  -0.78  -0.51   0.42  -0.98   0.91   0.46   0.43  -0.45
 -0.67   0.62  -0.37   0.57   0.41   0.71  -0.58   0.23  -0.4   -0.48
  0.2   -0.97  -0.15  -0.18   0.12   0.31   0.07  -0.43  -0.32   0.59
 -0.42  -0.89   0.12  -0.19   0.08  -0.22  -0.97   0.92  -0.71  -0.17 ][-0.84   0.93   0.336 -0.61  -0.44   0.1   -0.29   0.29  -0.68  -0.38
  0.81   0.96   0.5    0.43   0.35   0.16   0.62  -0.81   0.48  -0.35
  0.4   -0.2   -0.77   0.8   -0.3   -0.19   0.83   0.02  -0.4    0.5
 -0.912  0.86   0.99  -0.002  0.45  -0.98   0.95  -1.     0.01  -0.49
  0.92  -0.34   0.495  0.85  -0.86   0.83  -1.    -0.028  0.64   0.59
  0.14   0.26  -0.78  -0.51   0.42  -0.98   0.91   0.46   0.43  -0.55
 -0.76   0.62  -0.37   1.287  0.41   0.15  -0.98   0.23  -0.4   -0.48
  0.908 -0.97  -0.15  -0.03  -0.21   0.31   0.07  -0.43  -0.32   0.59
 -0.42  -0.89  -0.76  -0.19   0.08  -0.22  -0.318  0.92  -0.71  -0.17 ][-0.84   0.93   0.46  -0.61  -0.44   0.1   -0.29   0.29  -0.771 -0.38
  0.81   0.96   0.5    0.43   0.35   0.16  -0.27  -0.81   0.48  -0.35
  0.4   -0.353 -0.77   0.8   -0.88  -0.19   0.83   0.02  -0.4    0.5
  0.1    0.86   0.99  -0.002  0.45  -0.98   0.95  -1.     0.01  -0.49
  0.92  -0.34   0.495 -0.54  -0.86   0.83  -1.    -0.85   0.256  0.59
  0.78   0.26  -0.78  -0.51   0.42  -0.98   0.91   0.46   0.43  -0.55
 -0.76   0.62  -0.37   0.57   0.41   0.15  -0.98   0.23  -0.4   -0.48
  0.908 -0.97  -0.15  -0.03  -0.21   0.31   0.07  -0.43  -0.32   0.59
 -0.42  -0.89   0.789 -0.19   0.258 -0.32  -0.318  0.92  -0.71  -0.544][-0.84   0.93   0.46  -0.61  -0.44   1.061 -0.29   0.29  -0.68  -0.38
  0.64   0.96   0.5   -1.659  0.35   0.16   0.046 -0.81   0.48  -0.35
  0.4    0.667 -0.77  -0.77  -0.88  -0.19   0.83   0.02  -0.4    0.5
 -0.912  0.86   0.99  -0.002  0.45  -0.24   1.534 -1.    -0.882 -0.49
  0.92  -0.34   0.77   0.85  -0.86   0.83  -1.    -0.85   0.64   0.59
  0.78   0.26  -0.78  -0.51   0.42   0.2    0.91   0.46   0.43  -0.45
 -0.67   0.62  -0.37   0.57   0.41   0.71  -0.58   0.23  -0.4   -0.48
  0.908 -0.97  -0.15  -0.03  -0.21   0.31   0.07  -0.43  -0.32   0.59
  0.76  -0.89   0.12  -0.19   0.258 -0.32  -0.97   0.92  -0.24  -0.17 ][-0.84   0.93   0.336 -0.61  -0.44  -0.5    0.436  0.29  -0.68  -0.38
  0.64   0.96   0.5    0.43   0.35   0.16   0.62  -0.81   0.48  -0.35
  0.4    0.667 -0.77   0.8   -0.3   -0.19   0.83   0.02  -0.4    0.072
  0.1    0.86   0.99   0.41   0.45  -0.24   0.95  -1.     0.01  -0.848
  0.92  -0.34   0.77   0.85  -0.86   0.83  -1.    -0.85   0.64   0.59
  0.78   0.26  -0.78  -0.51   0.42  -0.98   0.91   0.46  -0.061 -0.45
 -0.67  -0.157 -0.37   0.57   0.41   0.71  -0.58   0.23  -0.4   -0.48
  0.2   -0.97  -0.15  -0.18   0.12   0.31   0.07  -0.43  -0.146  0.59
 -0.42  -0.89   0.12  -0.19   0.08  -0.22  -0.97   0.92  -0.71  -0.17 ][-0.84   0.93   0.46  -0.61  -0.6    0.1    0.436  0.29  -0.68  -0.38
  0.64   0.667  0.5    0.43   0.35   0.16   0.62  -0.81   0.48  -0.35
  0.4    0.667 -0.08   0.927 -0.88  -0.19   0.83   0.02  -0.4    0.5
 -0.52   0.645  0.99   0.41   0.45  -0.98   0.95  -1.     0.01  -0.49
  0.92  -0.34   0.77   0.85  -0.86   0.83  -1.009 -0.85   0.978  0.59
  0.14   0.26  -0.78  -0.51   0.42  -0.98   0.91   0.46   0.43  -0.45
 -0.76   0.62  -0.37   0.57   0.41   1.415 -0.58   0.23  -0.4   -0.48
  0.39  -0.97  -0.15  -0.03   0.12   0.446  0.07  -0.43  -0.32   0.169
 -0.42  -0.89   0.12  -0.19   0.08  -0.22  -0.97  -0.18  -0.71  -0.17 ][-0.84   0.93   0.46  -0.484 -0.44   1.061 -0.29   0.29  -0.68  -0.38
  0.64   0.96   0.5    0.43   0.35   0.16   0.046 -0.81   1.259 -0.35
  0.4    0.667 -0.77   0.8   -0.3   -0.19   0.83   0.02  -0.4    0.5
 -0.52   0.86   0.99   0.41   0.45  -0.98   0.95  -1.     0.01   0.259
  0.92  -0.34   0.77   0.85  -0.86   0.83  -1.009 -0.85   0.64   0.59
  0.14   0.26  -0.78  -0.51   0.42  -0.98   0.91   0.46   0.43  -0.982
 -0.67   0.62  -0.37   0.57   0.41   0.71  -0.58   0.23  -0.4   -0.48
  0.39  -0.97  -0.15  -0.03   0.12   0.31   0.07  -0.43  -0.32   0.59
 -0.42  -0.89   0.12  -0.19   0.258 -0.22  -0.97   0.92  -0.71  -0.17 ][-0.84   0.93   0.595 -0.61  -0.44  -0.5    0.436  0.29  -0.68  -0.38
  0.64   0.96   0.5   -0.74   0.35   0.16   0.62  -0.81   0.48  -0.35
  0.4    0.667 -0.08   0.8   -0.3   -0.19   0.83   0.02  -0.4    0.5
  0.1    0.86   0.99   0.41   0.45  -0.98   0.95  -1.     0.01  -0.393
  0.92  -0.34   0.77   0.85  -0.86   0.83  -1.    -0.85   0.64   0.59
  0.78   0.26  -0.78  -0.51   0.42   0.2    0.91   0.46  -0.061 -0.55
 -0.76   0.62  -0.37   0.57   0.41   0.71  -0.58   0.23  -0.4   -0.48
  0.39  -1.012 -0.15  -0.03   0.12   0.31   0.07  -0.43  -0.146  0.59
 -0.42  -0.89   0.12  -0.19   0.762 -0.32  -0.97   0.92  -0.71  -0.17 ][-0.84   0.93   0.336 -0.61  -0.44   0.1    0.502  0.29  -0.68  -0.38
  0.64   0.31  -0.89   0.43   0.35   0.16  -0.27  -0.81   0.48  -0.35
  0.4   -0.2   -0.77   0.8   -0.3   -0.19   0.83   0.185 -0.4    0.5
 -0.912  0.86   0.99   0.41   0.45  -0.98   0.95  -1.     0.01  -0.49
  0.92  -0.34  -0.15   0.85  -0.86   0.83  -1.    -0.85   0.64   0.59
  0.14   0.26  -0.78  -0.51   0.42  -0.98   1.789  0.46   0.43  -0.55
 -0.76   0.62  -0.81   0.57   0.41   0.71  -0.98   0.23  -0.4   -0.48
  0.908 -0.97  -0.15  -0.18  -0.21   0.31   0.07  -0.43  -0.32   0.59
 -0.42  -0.89   0.12  -0.19   0.08  -0.22  -0.97   0.92  -0.71  -0.17 ][-0.84   0.981  0.46  -0.61  -0.44   0.1   -0.29   0.29  -0.68  -0.38
  1.547  0.96   0.5    0.43   0.35   0.16   0.664 -0.81   0.48  -0.35
  0.4   -0.2   -0.77   0.8   -0.88  -0.19   0.83   0.02  -0.4    0.5
 -0.52   0.86   0.99   1.083  0.45  -0.412 -0.27  -1.     0.01  -0.49
  0.92  -0.34  -0.15   0.85  -0.86   0.83  -1.009 -0.85   0.256  0.59
  0.14   0.26  -0.78  -0.51   0.42  -0.98   0.91   0.46   0.43  -0.55
 -0.76   0.62  -0.37   0.57   0.41   0.71  -0.98   0.23  -0.4   -0.48
  0.2   -0.97  -0.15  -0.03  -0.21   0.31   0.07  -0.43  -0.32   0.59
 -0.42  -0.89   0.12  -0.19   0.258 -0.32  -0.97   0.92  -0.24  -0.544][-0.84   0.93   1.065 -0.61  -0.44  -0.863 -0.29   0.29  -0.68  -0.38
  0.64   0.96   0.5   -0.74   0.35   0.16   0.62  -0.81   0.655 -0.35
  0.4    0.667 -0.08   0.8   -0.3   -0.19   0.83   0.02  -0.4    0.5
  0.1    0.86   0.99   0.41   0.45  -0.98   1.534 -1.     0.01  -0.49
  0.92  -0.34   0.77   0.85  -0.86   0.83  -1.    -0.85   0.64   0.59
  0.78   0.26  -0.78  -0.51   0.42  -0.98   0.91   0.46  -0.061 -0.55
 -0.67  -0.157 -0.37   0.57  -0.318  0.71  -0.98   0.23  -0.4   -0.48
  0.39  -0.97  -0.15  -0.03   0.12   0.31   0.07  -0.43  -0.146  0.59
 -0.42  -0.89   0.12  -0.19   0.762 -0.32  -0.97   0.92  -0.24  -0.17 ][-0.84   0.93   1.065 -0.61  -0.6    0.1    0.436  0.29  -0.68  -0.38
  0.64   0.96   0.5    0.43   0.35   0.16   0.62  -0.81   0.48  -0.35
  0.4    0.667 -0.08   0.927 -0.3   -0.19   0.327  0.02  -0.4    0.5
 -0.52   0.86   0.99   0.41   0.45  -0.98   0.95  -1.     0.01  -0.848
  0.92  -0.34   0.77   0.85  -0.86   0.83  -1.    -0.85   0.64   0.59
  0.14   0.26  -0.78  -0.51   0.42  -0.98   0.91   0.46  -0.061 -0.45
 -0.67  -0.157 -0.37   0.57   0.41   0.71  -0.58   0.23  -0.4   -0.48
  0.2   -0.97  -0.15  -0.03   0.12   0.31   0.07  -0.43  -0.32   0.169
 -0.42  -0.89   0.12  -0.19   0.762 -0.22  -0.97   0.92  -0.71  -0.17 ][-0.84   0.93   0.336 -0.61  -0.44   0.1   -0.29   0.29  -0.68  -0.38
  0.64   0.96   0.5    0.43   0.35   0.16   0.62  -0.81   0.48  -0.35
  0.4    0.667 -0.77   0.8   -0.3   -0.19   0.83   0.02  -0.4    0.5
 -0.52   0.86   0.99   0.41   0.45  -0.24   0.95  -1.     0.01  -0.49
  0.92  -0.34   0.77   0.85  -0.86   0.83  -1.    -0.85   0.64   0.59
  0.14   0.251 -0.78  -0.51   0.42  -0.98   0.91   0.46   0.43  -0.982
 -0.67   0.62  -0.37   0.57   0.41   0.71  -0.98   0.23  -0.4   -0.48
  0.908 -0.97  -0.15  -0.03  -0.21   0.31   0.07  -0.43  -0.32   0.59
 -0.42  -0.89  -0.76  -0.19   0.08  -0.22  -0.97   0.92  -0.71  -0.17 ][-0.84   0.93   0.46  -0.61  -0.44   0.1   -0.29   0.29  -0.68  -0.38
  1.547  0.96   0.5    0.43   0.35   0.16  -0.27  -0.81   0.48  -0.35
  0.4   -0.353 -0.77   0.8   -0.88  -0.19   0.83   0.02  -0.4    0.5
 -0.912  0.86   0.99  -0.002  0.45  -0.98  -0.27  -1.     0.01  -0.49
  0.92  -0.34   0.495  0.85  -0.86   0.83  -1.    -0.85   0.256  0.59
  0.78   0.26  -0.78  -0.51   0.42   0.2    0.91   0.46   0.43  -0.55
 -0.67   0.62  -0.37   0.57   0.41   0.15  -0.98   0.23  -0.97  -0.48
  0.908 -0.97  -0.15  -0.03   0.12   0.31   0.07  -0.43  -0.32   0.59
 -0.42  -0.89   0.12  -0.19   0.258 -0.32  -0.97   0.92  -0.24  -0.17 ][-0.84   0.93   0.336 -0.61  -0.6    0.1    0.436  0.29  -0.68  -0.38
  0.64   0.96   0.5   -0.74   0.35   0.16  -0.27  -0.81   0.48  -0.35
 -0.106  0.667 -0.77   0.8   -0.3   -0.19   0.83   0.02  -0.4    0.5
 -0.912  0.86   0.99  -0.002  0.45  -0.98   0.95  -1.     0.01  -0.49
  0.92  -0.34   0.77   0.85  -0.86   0.83  -1.    -0.85   0.64   0.59
  0.78   0.26  -0.78  -0.51   0.42  -0.98   0.91   0.46  -0.061  0.364
 -0.67   0.62  -0.37  -0.23   0.41   0.71  -0.58   0.23  -0.4   -0.48
  0.908 -0.97  -0.15  -0.18  -0.21   0.31   0.506 -0.43  -0.146  0.59
 -0.42  -0.89   0.12  -0.19   0.258 -0.22  -0.97   0.92  -0.71  -0.17 ][-0.84   0.93   0.46  -0.61   0.04  -0.5    0.436  0.29  -0.68  -0.38
  0.64   0.96   0.023  0.43   0.35   0.16   0.62  -0.81   0.48  -0.35
  0.939  0.667 -0.77   0.8   -0.3   -0.19   0.83   0.02  -0.4    0.5
 -0.912  0.645  0.99   0.41   0.45  -0.98   0.95  -1.     0.01  -0.848
  0.92  -0.34   0.77   0.85  -0.86   0.83  -1.009 -0.85   0.64   0.59
  0.14   0.26  -0.78  -0.51   0.42   0.2    0.91   0.46   0.43  -0.45
 -0.67  -0.157 -0.37   0.57   0.41   0.71  -0.58   0.23  -0.4   -0.48
  0.39  -0.97  -0.15  -0.03  -0.21   0.31   0.07  -0.43  -0.146  0.59
 -0.42  -0.89   0.12  -0.19   0.762 -0.32  -0.97   0.92  -0.24  -0.17 ]