[-0.84   0.93   0.336 -0.61  -0.6    0.1    0.436  0.29  -0.68   0.616
  0.64   0.31   0.5    0.43   0.35   0.16   0.364 -0.81   0.48  -0.35
  0.4   -0.2   -0.77  -0.77  -0.3   -0.19   0.83   0.02  -1.07   0.5
  0.1    0.86   0.99  -0.002  0.45  -0.98   0.95  -1.     0.01  -0.206
  0.545 -0.34   0.77  -1.29  -0.86   0.83  -1.    -1.548  0.64   0.59
  1.112  0.26  -0.78  -0.51   0.42  -0.98   0.91   0.46   0.43  -0.55
 -0.76   0.574 -0.81   0.57   0.41   0.15  -0.98   0.23  -0.4   -1.265
  0.908 -0.97  -1.02  -0.03  -0.21   0.879  0.07  -0.43  -0.32   0.59
 -0.42  -0.89  -0.76  -0.19   0.701 -0.32  -0.97   0.92  -0.24  -0.17 ][-0.84   0.93   0.336 -0.61   0.144  0.1    0.436  0.29  -0.68  -0.38
  0.64   0.31   0.5    0.43   0.35   0.16  -0.27  -0.81   0.48  -0.35
  0.4   -0.2   -0.77  -0.77  -0.3   -0.19   0.83   0.308 -1.07   0.5
  0.1    0.86   0.99  -0.002  0.45  -0.98   0.95  -1.     0.01  -0.49
  0.92  -0.34   0.77  -1.29  -0.86   0.83  -1.    -1.548  0.64   0.59
  0.78   0.26  -0.78  -0.51   0.42  -0.366  0.91   0.46   0.43  -0.55
 -0.76   0.574 -0.81   0.57   0.41   0.15  -0.98   0.23  -0.4   -1.265
  0.908 -0.97  -0.614 -0.03  -0.21   0.879  0.07  -0.43  -0.32   0.59
 -0.42  -0.89  -0.76  -0.19   0.701 -0.32  -0.97   0.92  -0.24  -0.17 ][-0.84   0.93   0.336 -0.61  -0.6    0.1    0.436  0.29  -0.68  -0.38
  0.81   0.31   0.5    0.43   0.35   0.16  -0.27  -0.81   0.48  -0.35
  0.4   -0.2   -0.77  -0.77  -0.3   -0.19   0.83   0.02  -0.4    0.5
  0.1    0.86   0.99  -0.002  0.45  -0.98   1.754 -1.     0.01  -0.49
  0.92  -0.34   0.77  -1.29  -0.86   0.83  -1.    -1.548  0.64   0.59
  0.78   0.26  -0.78  -0.51  -0.456 -0.98   0.91   0.46   0.43  -0.55
 -1.466  0.62  -0.37   0.57   0.41   0.15  -0.98   0.23  -0.4   -0.48
  0.908 -0.97  -0.15  -0.03  -0.21   0.879  0.07  -0.43  -0.32   0.59
 -0.42  -1.457 -0.76  -0.19   0.701 -0.415 -1.402  0.92  -0.71  -0.17 ][-0.84   0.93   0.46  -0.61  -0.6    0.1    0.436  0.29  -0.68  -0.38
  0.64   0.31   1.159  0.43   0.35   0.16   0.364 -0.81  -0.494 -0.35
  0.4   -0.2   -0.77  -0.77  -0.3   -0.19   0.83   0.02  -0.4    0.5
  0.1    0.86   0.99  -0.002  0.45  -0.98   0.95  -1.     0.459 -0.49
  0.545 -0.34   0.77   0.85  -1.325  0.83  -1.    -1.548  0.64   0.59
  0.78   0.26  -1.274 -0.51   0.42  -0.98   0.91   0.46   1.355 -0.55
 -1.38   0.62  -0.37   0.57   0.41   0.15  -0.98   0.23  -0.4   -1.265
  0.908 -0.97  -0.15  -0.03  -0.21   0.879  0.07  -0.43  -0.32   0.59
 -0.42  -0.89  -0.76  -0.19   0.08  -0.32  -0.97   0.92  -0.24  -0.17 ][-0.84   0.93   0.336 -0.61   0.144 -0.863 -0.29   0.29  -0.771 -0.38
  0.81   0.31   0.5    0.43   0.35   0.16  -0.27  -0.81   0.48  -0.35
  0.4    0.029 -0.77  -0.77  -0.3   -0.19   0.83   0.02  -0.4    0.5
  0.1    0.86   0.99  -0.002  0.45  -0.98   0.95  -1.     0.01  -0.49
  0.92  -0.34   0.77  -1.29  -0.86   0.83  -1.    -1.548  0.64   0.59
  0.78   0.26  -0.78  -0.51   0.42  -0.366  0.91   0.46   0.43  -0.55
 -1.38   0.574 -0.37   0.57   0.41   0.15  -1.439  0.23  -0.4   -0.48
  0.2   -0.97  -0.15  -0.03  -0.21   0.879  0.07  -0.43  -0.32   0.59
 -0.42  -1.457 -0.76  -0.19  -0.747 -0.415 -1.402  0.92  -0.71  -0.17 ][-0.84   0.93   0.336 -0.61  -0.6    0.1    0.436  0.29  -0.68   0.616
  0.64   0.31   0.5    0.43   0.35   0.16   0.364 -0.81   0.48  -0.35
  0.4   -0.2   -0.77  -0.77  -0.3   -0.19   0.83   0.02  -1.07   0.5
 -0.912  0.86   0.99  -0.002  0.45  -0.98   0.95  -1.     0.459 -0.49
  0.545 -0.34   0.77   0.85  -0.86   0.83  -1.    -1.548  0.64   0.59
  0.78   0.26  -0.78  -0.51   0.42  -0.98   0.91   0.46   1.355 -0.55
 -1.38  -0.077 -0.81   0.57   0.41   0.15  -0.98   0.23  -0.4   -1.265
  0.908 -0.97  -0.15  -0.03  -0.21   0.879  0.07  -0.43  -0.32   0.59
 -0.42  -0.89  -0.76  -0.48   0.701 -0.32  -0.97   0.92  -0.24  -0.17 ][-1.24   0.93   0.336 -0.61  -0.6    0.1    0.436  0.29  -0.68   0.616
  0.81   0.31   0.5    0.43   0.35   0.16   0.364 -0.81   0.48  -0.35
  0.4   -0.2   -0.77  -0.77  -0.181 -0.19   0.83   0.02  -0.4    0.5
  0.1    0.86   0.99  -0.002  0.45  -0.98   0.95  -1.     0.01  -0.49
  0.92  -0.34   0.77   0.85  -1.325  0.83  -1.    -1.548  0.64   0.59
  1.112  0.26  -0.78  -0.51   0.42  -0.98   0.91   0.46   0.43  -0.55
 -0.76   0.62  -0.37   0.57   0.41   0.15  -0.98   0.23  -0.34  -1.265
  0.908 -0.97  -1.02  -0.03  -0.21   0.879  0.07  -0.43  -0.32   0.59
 -0.42  -1.457 -0.76  -0.19   0.08  -0.415 -1.402  0.92  -0.24  -0.17 ][-0.84   0.93   0.336 -0.61  -0.6    0.1    0.436  0.29  -0.771 -0.38
  1.168  0.31   0.5    0.43   0.35   0.16   0.364 -0.81   0.48  -0.35
  0.4   -0.2   -0.77  -0.77  -0.181 -0.19   0.83   0.02  -1.07   0.5
 -0.912  0.86   0.99  -0.002  0.45  -0.781  0.95  -1.     0.01  -0.49
  0.545 -0.34  -0.15  -1.29  -0.86   0.83  -1.    -1.548  0.64   0.05
  1.112  0.26  -0.78  -0.51   0.42  -1.704  0.91   0.46   0.43  -0.55
 -1.38   0.574 -0.81   0.57   0.41   0.15  -0.98   0.23  -0.4   -0.48
  0.2   -0.97  -0.15  -0.406 -0.21   0.252  0.07  -0.43  -0.32   0.59
 -0.42  -0.89  -0.76  -0.19   0.507 -0.32  -1.402  0.92  -0.24  -0.544][-0.84   0.93   0.336 -0.61   0.144  0.1   -0.29   0.29  -0.68  -0.38
  0.81   0.31   1.159  0.43   0.35   0.16  -0.27  -0.81   0.48  -0.35
  0.4   -0.2   -0.77  -0.77  -0.3   -0.19   0.83   0.02  -0.4    0.5
 -0.912  0.86   0.99  -0.002  0.45  -0.98   0.95  -1.     0.459 -0.49
  0.92  -0.34   0.77  -1.29  -0.86   0.83  -1.    -0.85   0.64   0.59
  0.78   0.26  -0.78  -0.51   0.42  -0.366  0.91   0.46   0.43  -0.55
 -1.38   0.62  -0.81   0.57   0.41   0.15  -0.98   0.23  -0.4   -0.48
  0.2   -0.97  -0.15  -0.03  -1.162  0.879  0.07  -0.43  -0.32   0.59
 -0.42  -1.457 -0.76  -0.19  -0.747 -0.415 -1.402  0.92  -0.71  -0.544][-0.84   0.93   0.336 -0.61  -0.44   0.1    0.436  0.29  -0.68  -0.38
  0.81   0.31   0.5    0.43   0.35   0.16  -0.27  -0.81   0.48  -0.35
  0.4   -0.2   -0.77  -0.77  -0.3   -0.19   0.83   0.02  -1.07   0.5
  0.1    0.86   0.99  -0.002  0.45  -0.98   0.95  -1.     0.01  -0.66
  0.92  -0.34   0.77  -1.29  -0.86   0.83  -1.    -1.548  0.64   0.05
  0.78   0.26  -0.78  -0.51   0.42  -0.98   0.91   0.024  0.43  -0.55
 -1.38   0.62  -0.37   0.57   0.41   0.15  -1.439  0.23  -0.4   -1.265
  0.908 -0.97  -0.15  -0.03  -0.21   0.252  0.07  -0.43  -0.32   0.59
 -0.42  -0.89  -0.76  -0.19   0.701 -0.103 -1.402  0.92  -0.24  -0.544][-0.84   0.93   0.336 -0.61   0.144  0.1   -0.29   0.29  -0.68  -0.38
  0.64   0.31   0.5    0.43   0.35   0.16   0.364 -0.81   0.48  -0.35
  0.4   -0.2   -0.77  -0.77  -0.3   -0.19   0.83   0.02  -0.603  0.5
  0.1    0.86   0.99  -0.002  0.45  -0.98   1.754 -1.     0.01  -0.49
  0.545 -0.34   0.77  -1.29  -1.325  0.83  -1.    -1.548  0.64   0.59
  0.78   0.26  -0.78  -0.51  -0.456 -0.98   0.91   0.46   0.43  -0.55
 -1.38   0.62  -0.37   0.57   0.41   0.15  -0.98   0.23  -0.4   -1.265
  0.2   -0.97  -0.15  -0.03  -0.21   0.879  0.07  -0.43  -0.32   0.59
 -0.42  -1.457 -0.76  -0.19  -0.747 -0.415 -1.402  0.92  -0.24  -0.544][-0.84   0.93   0.336 -0.61  -0.6    0.1   -0.29   0.29  -0.68  -0.38
  1.168  0.31   1.159  0.43   0.35   0.16   0.364 -0.81   0.48  -0.35
  0.4   -0.2   -0.77  -0.77  -0.181 -0.19   0.83   0.02  -0.4    0.5
 -0.912  0.86   0.99  -0.002  0.45  -0.98   0.95  -1.     0.459 -0.49
  0.545 -0.34   0.77  -1.29  -1.325  0.83  -1.    -0.85   0.64   0.59
  0.78   0.26  -0.78  -0.51   0.42  -1.704  0.91   0.46   0.43  -0.55
 -1.38   0.574 -0.81   0.57  -0.344  0.15  -0.98   0.23  -0.4   -0.48
  0.2   -0.97  -0.15  -0.406 -0.21   0.879  0.07  -0.43  -0.32   0.59
 -0.42  -0.89  -0.76  -0.19   0.701 -0.32  -0.97   0.92  -0.24  -0.17 ][-1.24   0.93   0.46  -0.61  -0.6    0.1    0.436  0.29  -0.68   0.616
  0.81   0.31   0.5    0.43   0.35   0.16  -0.27  -0.81   0.48  -0.35
  0.4   -0.2   -0.77  -0.77  -0.3   -0.19   0.83   0.02  -0.4    0.5
  0.1    0.86   0.99  -0.002  0.45  -0.98   0.95  -1.     0.01  -0.49
  0.92  -0.34   0.77   0.85  -0.86   0.83  -1.    -1.548  0.64   0.59
  0.78   0.121 -0.78  -0.51   0.42  -0.98   0.91   0.46   0.43  -0.55
 -1.38   0.62  -0.37   0.528  0.41   0.15  -0.98   0.23  -0.4   -1.265
  0.2   -0.97  -0.15  -0.03  -0.21   0.879  0.07  -0.43  -0.32   0.59
 -0.42  -1.457 -0.76  -0.19   0.08  -0.415 -1.402  0.92  -0.24  -0.17 ][-0.84   0.93   0.336 -0.61  -0.6    0.1    0.436  0.29  -0.68  -0.38
  0.64   0.31   0.015  0.43   0.35   0.16   0.364 -0.81   0.48  -0.35
  0.4   -0.2   -0.77  -0.77  -0.3   -0.19   0.83   0.02  -1.07   0.5
 -0.912  0.86   0.99  -0.002  0.45  -0.24   0.95  -1.     0.459 -0.49
  0.92  -0.34   0.77  -1.29  -0.427  0.83  -1.    -0.85   0.64   0.59
  0.78   0.26  -0.78  -0.51   0.42  -0.98   0.91   0.46   0.43  -0.55
 -1.38   0.62  -0.81   0.57   0.41   0.15  -0.98   0.23  -0.4   -1.265
  0.2   -0.97  -0.15  -0.406 -0.21   0.879  0.07  -0.43  -0.32   0.59
 -0.42  -0.89  -0.76  -0.19   0.701 -0.32  -0.97   0.92  -0.24  -0.17 ][-1.24   0.93   0.336 -0.61  -0.6    0.1    0.436  0.29  -0.68   0.616
  0.64   0.31   0.015  0.43   0.35   0.16  -0.27  -0.81  -0.494 -0.35
  0.4   -0.2   -0.77  -0.77  -0.3   -0.19   0.83   0.02  -1.07   0.5
 -0.912  0.86   0.99  -0.002  0.45  -0.98   0.95  -1.     0.459 -0.49
  0.545 -0.34   0.77   0.85  -0.86   0.83  -1.    -1.548  0.64   0.59
  0.78   0.26  -0.78  -0.51   0.42  -0.98   0.91   0.46   0.43  -0.55
 -1.38   0.62  -0.81   0.528  0.41   0.15  -0.98   0.23  -0.4   -1.265
  0.2   -0.97  -0.15  -0.03  -0.21   0.879  0.07  -0.43  -0.32   0.59
 -0.42  -0.89  -0.76  -0.19   0.701 -0.32  -0.97   0.92  -0.24  -0.17 ][-0.84   0.93   0.336 -0.61   0.144  0.1   -0.29   0.29  -0.68   0.616
  0.64   0.31   0.5    0.43   0.35   0.16   0.364 -0.81   0.48  -0.35
  0.4   -0.2   -0.77  -0.77  -0.3   -0.19   1.77   0.02  -0.4    0.5
 -0.912  0.86   0.99  -0.002  0.45  -0.98   0.95  -1.     0.01  -0.49
  0.92  -0.34   0.77  -1.29  -0.86   0.83  -1.    -0.85   0.64   0.59
  0.78   0.26  -0.78  -0.51   0.42  -0.98   0.91   0.46   1.355 -0.55
 -1.38   0.62  -0.81   0.57   0.41   0.15  -1.439  0.23  -0.4   -1.265
  0.2   -0.97  -0.15  -0.406 -0.21   0.879  0.07  -0.43  -0.32   0.59
 -0.42  -0.89  -0.76  -0.19  -0.747 -0.32  -0.435  0.92  -0.24  -0.544][-0.84   0.93   0.46  -0.61  -0.6    0.1    0.436  0.29  -0.771  0.616
  0.64   0.31   0.5    0.43   0.35   0.16   0.364 -0.81   0.48  -0.35
  0.4   -0.2   -0.77  -0.423 -0.3   -0.19   0.83   0.02  -0.4    0.5
  0.1    0.86   0.99  -0.002  0.45  -0.24   0.95  -1.     0.01  -0.49
  0.545 -0.34   0.77   0.85  -0.86   0.83  -1.    -1.548  0.64   0.59
  0.78   0.26  -0.78  -0.51   0.42  -0.98   0.91   0.46   0.43  -0.55
 -0.76   0.62  -0.81   0.57   0.41   0.15  -0.58   0.23  -0.4   -0.48
  0.2   -0.97  -0.15  -0.03  -0.21   0.879  0.07  -0.43  -0.32   0.59
 -0.42  -0.89  -0.76  -0.19   0.08  -0.32  -0.97   0.92  -0.24  -0.544][-8.400e-01  9.300e-01  3.360e-01 -6.100e-01  1.440e-01  1.000e-01
 -2.900e-01  2.900e-01 -6.800e-01 -3.800e-01  6.400e-01  3.100e-01
  5.000e-01  4.300e-01  3.500e-01  1.600e-01 -2.700e-01 -8.100e-01
  4.800e-01 -3.500e-01  4.000e-01 -2.000e-01 -7.700e-01 -7.700e-01
 -1.810e-01 -1.900e-01  8.300e-01  2.000e-02 -4.000e-01  5.000e-01
  1.000e-01  8.600e-01  9.900e-01 -2.000e-03  4.500e-01 -2.400e-01
  2.630e+00 -1.000e+00  1.000e-02 -4.900e-01  9.200e-01 -3.400e-01
  7.700e-01 -1.290e+00 -8.600e-01  8.300e-01 -1.000e+00 -1.548e+00
  6.400e-01  5.900e-01  7.800e-01  2.600e-01 -7.800e-01 -5.100e-01
  4.200e-01 -3.660e-01  9.100e-01  4.600e-01  4.300e-01 -5.500e-01
 -1.380e+00  6.200e-01 -3.700e-01  5.700e-01  4.100e-01  1.500e-01
 -5.800e-01  2.300e-01 -4.000e-01 -1.265e+00  2.000e-01 -9.700e-01
 -1.500e-01 -3.000e-02 -2.100e-01  8.790e-01  7.000e-02 -4.300e-01
 -3.200e-01  5.900e-01 -4.200e-01 -1.457e+00 -7.600e-01 -1.900e-01
 -7.470e-01 -4.150e-01 -1.652e+00  9.200e-01 -7.100e-01 -5.440e-01][-0.84   0.93   0.336 -0.61  -0.6    0.1    0.436  0.29  -0.68  -0.38
  0.64   0.31   0.5    0.43   0.35   0.16  -0.27  -0.81   0.48  -0.35
  0.4   -0.2   -0.77  -0.77  -0.3   -0.19   0.83   0.02  -1.07   0.5
  0.1    0.86   0.99  -0.002  0.45  -0.98   0.95  -1.     0.459 -0.49
  0.545 -0.34   0.77   0.85  -0.86   0.83  -1.    -1.548  0.64   0.59
  0.78   0.26  -0.78  -0.51   0.42  -0.98   0.91   0.46   1.355 -0.55
 -1.38   0.574 -0.81   0.57   0.41   0.15  -0.98   0.23  -0.4   -1.265
  0.908 -0.825 -0.15  -0.03  -0.21   0.879  0.07  -0.43  -0.32   0.59
 -0.42  -0.89  -0.76  -0.48   0.701 -0.32  -0.97   0.92  -0.24  -0.17 ][-0.84   0.93   0.46  -0.61  -0.44  -0.863  0.436  0.29  -0.68  -0.38
  0.64   0.31   0.5    0.43   0.35   0.16  -0.27  -0.81  -0.494 -0.35
  0.626 -0.2   -0.77  -0.77  -0.181 -0.19   0.83   0.02  -0.4    0.5
  0.1    0.86   0.99  -0.002  0.45  -0.24   1.754 -1.     0.01  -0.49
  0.545 -0.34   0.77  -1.29  -1.325  0.83  -1.    -1.548  0.64   0.59
  0.78   0.26  -0.78  -0.51   0.42  -0.98   0.91   0.46   0.43  -0.55
 -1.38   0.62  -0.66   0.57   0.41   0.15  -0.98   0.23  -0.4   -0.48
  0.908 -0.97  -0.15  -0.03  -0.21   0.879  0.07  -0.43  -0.32   0.59
 -0.42  -0.89  -0.76  -0.19   0.08  -0.32  -1.652  0.92  -0.24  -0.544][-0.84   0.93   0.336 -0.61   0.144 -0.863 -0.29   0.29  -0.68   0.616
  0.64   0.31   0.5    0.43   0.35   0.16  -0.27  -1.022  0.48  -0.35
  0.4    0.029 -0.77  -0.77  -0.3   -0.19   0.83   0.02  -1.07   0.5
  0.1    0.86   0.99  -0.002  0.45  -0.98   0.95  -1.     0.01  -0.49
  0.545 -0.34   0.77  -1.29  -0.86   0.83  -1.    -1.548  0.64   0.59
  1.112  0.26  -0.78  -0.51   0.42  -0.366  0.91   0.46   0.43  -0.55
 -1.38   0.574 -0.37   0.57   0.41   0.15  -0.98   0.23  -0.4   -1.265
  0.2   -0.97  -0.15  -0.03  -0.21   0.879  0.07  -0.43  -0.32   0.59
 -0.42  -0.89  -0.76  -0.19   0.701 -0.415 -1.402  0.92  -0.24  -0.17 ][-0.84   0.93   0.46  -0.61  -0.6    0.1    0.436 -0.694 -0.68   0.616
  0.64   0.31   1.159  0.43   0.35   0.16   0.364 -0.81   0.48  -0.35
  0.4   -0.2   -0.77  -0.77  -0.3   -0.19   0.83   0.02  -0.4    0.5
  0.1    0.86   0.99  -0.002  0.45  -0.98   0.95  -1.     0.459 -0.49
  0.545 -0.34   0.77   0.85  -0.86   0.83  -1.    -1.548  0.64   0.59
  1.112  0.26  -1.274 -0.51   0.42  -0.98   0.91   0.46   1.355 -0.55
 -1.38   0.574 -0.81   0.57   0.41   0.15  -0.98   0.23  -0.4   -1.265
  0.908 -0.97  -1.02  -0.03  -0.21   0.879  0.07  -0.43  -0.32   0.59
 -0.42  -0.89  -0.76  -0.19   0.701 -0.32  -0.97   0.92  -0.24  -0.17 ][-0.84   0.93   0.46  -0.61  -0.44  -0.863  0.436  0.29  -0.68  -0.38
  0.64   0.31   0.5    0.43   0.35   0.16   0.364 -0.81   0.48  -0.35
  0.4   -0.2   -0.77  -0.77  -0.181 -0.19   0.83   0.02  -0.4    0.5
  0.1    0.86   0.99  -0.002  0.45  -0.98   0.95  -1.     0.01  -0.206
  0.545 -0.34   0.77  -1.29  -1.325  0.83  -1.    -1.548  0.64   0.59
  0.78   0.26  -0.78  -0.51   0.42  -0.98   0.91   0.46   0.43  -0.55
 -0.76   0.62  -0.66   0.57   0.41   0.15  -0.98   0.23  -0.4   -1.265
  0.908 -0.97  -0.15  -0.03  -0.21   0.879  0.07  -0.43  -0.32   0.59
  0.117 -0.89  -0.76  -0.19   0.08  -0.32  -1.652  0.92  -0.24  -0.17 ][-8.400e-01  9.300e-01  3.360e-01 -8.720e-01  1.440e-01  1.000e-01
 -2.900e-01  2.900e-01 -6.800e-01 -3.800e-01  6.400e-01  3.100e-01
  5.000e-01  4.300e-01  3.500e-01  1.600e-01 -2.700e-01 -8.100e-01
  4.800e-01 -3.500e-01  4.000e-01 -2.000e-01 -7.700e-01 -7.700e-01
 -1.810e-01 -1.900e-01  8.300e-01  2.000e-02 -4.000e-01  5.000e-01
  1.000e-01  8.600e-01  9.900e-01 -2.000e-03  4.500e-01 -2.400e-01
  2.630e+00 -1.000e+00  1.000e-02 -4.900e-01  5.450e-01 -3.400e-01
  7.700e-01 -1.290e+00 -1.325e+00  8.300e-01 -1.000e+00 -1.548e+00
  6.400e-01  5.900e-01  7.800e-01  2.600e-01 -7.800e-01 -5.100e-01
  4.200e-01 -9.800e-01  9.100e-01  4.600e-01  4.300e-01 -5.500e-01
 -1.380e+00  6.200e-01 -3.700e-01  5.700e-01  4.100e-01  1.500e-01
 -9.800e-01  2.300e-01 -4.000e-01 -1.265e+00  2.000e-01 -9.700e-01
 -1.500e-01 -3.000e-02 -2.100e-01  8.790e-01  7.000e-02 -4.300e-01
 -3.200e-01  5.900e-01 -4.200e-01 -1.457e+00 -7.600e-01 -1.900e-01
  8.000e-02 -4.150e-01 -1.652e+00  9.200e-01 -2.400e-01 -5.440e-01][-0.84   0.93   0.46  -0.61  -0.6   -0.863  0.436  0.29  -0.68  -0.38
  0.64   0.31   0.5    0.43   0.35   0.16  -0.27  -0.81   0.48  -0.35
  0.4   -0.2   -0.77  -0.77  -0.3   -0.19   0.83   0.02  -0.4    0.5
  0.1    0.86   0.99  -0.002  0.45  -0.24   1.754 -1.     0.01  -0.49
  0.545 -0.34   0.77  -1.29  -0.86   0.83  -1.    -1.548  0.64   0.59
  0.78   0.26  -0.78  -0.51   0.42  -0.98   0.91   0.46   0.43  -0.55
 -1.675  0.62  -0.66   0.57   0.41   0.15  -0.98   0.23  -0.4   -0.48
  0.2   -0.97  -0.15  -0.03  -0.21   0.879  0.07  -0.43  -0.32   0.59
 -0.42  -0.89  -0.76  -0.19   0.08  -0.32  -1.652  0.92  -0.24  -0.544][-0.84   0.93   0.336 -0.61  -0.6    0.1    0.436  0.29  -0.68   0.616
  0.64   0.31   0.5    0.43   0.35   0.16   0.364 -0.81   0.48  -0.35
  1.398 -0.2   -0.77  -0.77  -0.3   -0.19   0.83   0.02  -1.07   0.5
 -0.912  0.86   0.99  -0.002  0.45  -0.98   0.95  -1.     0.459 -0.49
  0.545 -0.34   0.77   0.85  -0.86   0.83  -1.    -1.548  0.64   0.59
  1.112  0.26  -0.78  -0.51   0.42  -0.98   0.91   0.46   1.355 -0.55
 -0.76  -0.077 -0.81   0.57   0.41   0.15  -0.98   0.23  -0.4   -1.265
  0.908 -0.97  -1.02  -0.03  -0.21   0.879  0.07  -0.43  -0.32   0.59
 -0.42  -0.89  -0.76  -0.48   0.701 -0.32  -0.97   0.92  -0.24  -0.17 ][-0.84   0.93   0.336 -0.61   0.144  0.1   -0.29   0.29  -0.68  -0.38
  0.81   0.31   0.5    0.394  0.35   0.16   0.364 -0.81   0.48  -0.35
  0.4   -0.2   -0.77  -0.77  -0.3   -0.19   0.83   0.02  -0.4    0.5
  0.1    0.86   0.99  -0.002  0.45  -0.98   1.754 -1.     0.459 -0.49
  0.92  -0.34   0.77  -1.29  -0.86   0.83  -1.    -1.548  0.64   0.59
  0.78   0.26  -0.78  -0.51   0.42  -0.98   0.91   0.46   0.43  -0.55
 -1.38   0.62  -0.81   0.57   0.41   0.15  -0.98   0.23  -0.4   -1.265
  0.2   -0.97  -0.15  -0.03  -0.21   0.879  0.07  -0.43  -0.32   0.59
 -0.42  -1.457 -0.76  -0.19  -0.747 -0.415 -1.402  0.92  -0.24  -0.544][-0.84   0.93   0.336 -0.61   0.144  0.1   -0.29   0.29  -0.68  -0.38
  0.64   0.31   0.5    0.43   0.35   0.16   0.364 -0.81   0.48  -0.35
  0.4   -0.2   -0.77  -0.77  -0.3   -0.19   0.83   0.02  -0.603  0.5
  0.1    0.86   0.99  -0.002  0.45  -0.98   1.754 -1.     0.01  -0.49
  0.92  -0.34   0.77  -1.29  -0.86   0.83  -1.    -1.548  0.64   0.59
  0.78   0.26  -0.78  -0.51   0.42  -0.98   0.91   0.46   0.43  -0.55
 -1.38   0.62  -0.37   0.57   0.41   0.15  -1.439  0.23  -0.4   -1.265
  0.2   -1.035 -0.15  -0.406 -0.21   0.879  0.07  -0.43  -0.32   0.59
 -0.42  -0.89  -0.76  -0.19  -0.747 -0.32  -1.402  0.92  -0.24  -0.544][-0.84   0.93   0.336 -0.61  -0.6    0.1   -0.29   0.29  -0.68  -0.38
  1.168  0.31   1.159  0.43   0.35   0.16  -0.27  -0.81   0.48  -0.35
  0.4   -0.2   -0.77  -0.77  -0.3   -0.19   0.83   0.02  -0.4    0.5
  0.1    0.86   0.99  -0.002  0.45  -0.98   0.95  -1.     0.01  -0.49
  0.92  -0.34   0.77  -1.29  -1.325  0.83  -1.    -1.548  0.64   1.103
  0.78   0.26  -0.78  -0.51   0.42  -1.704  0.91   0.46   0.43  -0.55
 -1.38   0.62  -0.81   0.57  -0.344  0.15  -0.98   0.23  -0.4   -0.48
  0.908 -0.97  -0.15  -0.03  -0.21   0.879  0.07  -0.43  -0.32   0.59
 -0.42  -0.89  -0.76  -0.19   0.701 -0.32  -1.402  0.92  -0.24  -0.17 ][-0.84   0.93   0.46  -0.61  -0.6    0.1    1.214  0.29  -0.771 -0.38
  0.64   0.31   0.5    0.43   0.35   0.16   0.364 -0.81   0.48  -0.35
  0.4   -0.2   -0.77  -0.77  -0.3   -0.19   0.83   0.02  -0.603  0.5
  0.1    0.86   0.99  -0.002  0.45  -0.24   1.754 -1.     0.01  -0.49
  0.545 -0.34   0.77   0.85  -0.86   0.83  -1.    -1.548  0.64   0.59
  0.78   0.26  -0.78  -0.51   0.42  -0.98   0.91   0.46   0.43  -0.55
 -1.38   0.62  -0.37   0.57   0.41   0.15  -0.58   0.23  -0.4   -1.265
  0.2   -0.97  -0.15  -0.03  -0.21   0.879  0.07  -0.43  -0.32   0.59
 -0.42  -1.457 -0.76  -0.19   0.08  -0.415 -0.97   0.92  -0.24  -0.544][-0.84   0.93   0.336 -0.61  -0.6    0.1    0.436  0.29  -0.68   0.616
  0.64   0.31   0.5    0.43   0.35   0.16   0.364 -0.81   0.48  -0.35
  0.4   -0.2   -0.77  -0.423 -0.3   -0.19   0.83   0.02  -1.07   0.5
  0.1    0.86   0.99  -0.002  0.45  -0.98   0.95  -1.     0.01  -0.206
  0.545 -0.34   0.77  -1.29  -0.86   0.83  -1.    -1.548  0.64   0.59
  0.78   0.26  -0.78  -0.51   0.42  -0.98   0.91   0.46   0.43  -0.55
 -0.76   0.574 -0.81   0.57   0.41   0.15  -0.98   0.23  -0.4   -0.48
  0.2   -0.97  -0.15  -0.03  -0.21   0.879  0.07  -0.43  -0.32   0.59
 -0.42  -0.89  -0.76  -0.19   0.08  -0.32  -0.97   1.71  -0.24  -0.17 ][-0.84   0.93   0.336 -0.61   0.144  0.1   -0.29   0.29  -0.68  -0.38
  0.81   0.31   0.5    1.107  0.35   0.16  -0.27  -0.81   0.48  -0.35
  0.4    0.029 -0.77  -0.77  -0.3   -0.19   0.83   0.308 -0.4    0.5
  0.1    0.86   0.99  -0.002  0.45  -0.98   0.95  -1.     0.01  -0.49
  0.92  -0.34   0.77  -1.29  -0.86   0.83  -1.    -1.548  0.64   0.59
  0.78   0.26  -0.78  -0.51   0.42  -0.366  0.91   0.46   0.43  -0.55
 -0.76   0.574 -0.81   0.57   0.41   0.15  -1.439  0.23  -0.4   -1.265
  0.908 -0.97  -0.614 -0.03  -0.21   0.879  0.07  -0.43  -0.32   0.59
 -0.42  -0.89  -0.76  -0.19   0.701 -0.415 -0.97   0.92  -0.24  -0.17 ][-0.84   0.93   0.336 -0.61  -0.44  -0.863  0.436  0.29  -0.68  -0.38
  0.64   0.31   0.5    0.43   0.35   0.16  -0.27  -0.81   0.48  -0.35
  0.626 -0.2   -0.77  -0.77  -0.181 -0.19   0.83   0.02  -0.4    0.5
  0.1    0.86   0.99  -0.002  0.45  -0.24   0.95  -1.     0.01  -0.49
  0.92  -0.34   0.615 -1.29  -0.86   0.83  -1.    -1.548  0.64   0.05
  0.78   0.26  -0.78  -0.51   0.42  -0.98   0.91   0.024  0.43  -0.55
 -1.38   0.62  -0.66   0.57   0.41   0.15  -1.439  0.23  -0.4   -1.265
  0.908 -0.97  -0.15  -0.03  -0.21   0.879  0.07  -0.43  -0.32   0.59
 -0.42  -0.89  -0.76  -0.19   0.08  -0.32  -1.652  0.92  -0.24  -0.544][-0.84   0.93   0.336 -0.61   0.144  0.1    0.436  0.29  -0.68  -0.38
  0.64   0.31   0.5    0.43   0.35   0.16  -0.27  -0.81   0.48  -0.35
  0.4   -0.2   -0.77  -0.77  -0.181 -0.19   0.83   0.02  -0.4    0.5
  0.1    0.86   0.99  -0.002  0.45  -0.24   1.754 -1.     0.01  -0.49
  0.92  -0.34   0.77  -1.29  -0.86   0.83  -1.    -1.548 -0.245  0.59
  0.78   0.26  -0.78  -0.51  -0.456 -0.366  0.91   0.46   0.43  -0.55
 -1.466  0.62  -0.37   0.57   0.41   0.15  -0.98   0.23  -0.4   -1.265
  0.2   -0.97  -0.15  -0.03  -0.21   0.879  0.07  -0.43  -0.32   0.59
 -0.42  -1.457 -0.76  -0.19  -0.747 -0.415 -1.652  0.92  -0.71  -0.544][-0.84   0.93   0.336 -0.61  -0.6    0.1    0.436  0.29  -0.68   0.616
  0.64   0.31   0.5    0.43   0.35   0.16   0.364 -0.81   0.48  -0.35
  0.4   -0.2   -0.77  -0.77  -0.3   -0.19   0.83   0.02  -0.603  0.5
  0.1    0.86   0.99  -0.002  0.45  -0.98   0.95  -1.     0.01  -0.206
  0.545 -0.34   0.77  -1.29  -0.86   0.83  -1.    -1.548  0.64   0.59
  0.78   0.26  -0.78  -0.51  -0.456 -0.98   0.91   0.46   0.43  -0.55
 -0.76   0.574 -0.81   0.57   0.41   0.15  -0.98   0.23  -0.4   -1.265
  0.908 -0.97  -0.15  -0.03  -0.21   0.879  0.07  -0.43  -0.32   0.59
 -0.42  -1.457 -0.76  -0.19  -0.747 -0.1   -1.402  0.92  -0.24  -0.17 ][-0.84   0.93   0.336 -0.61   0.144  0.005  0.436  0.29  -0.68  -0.38
  1.168  0.31   0.5    0.43   0.35   0.16  -0.27  -0.81   0.48  -0.35
  0.4   -0.2   -0.77  -0.77  -0.181 -0.19   0.83   0.308 -0.4    0.5
 -0.912  0.86   0.99  -0.002  0.45  -0.98   0.95  -1.     0.01  -0.49
  0.92  -0.34   0.77  -1.29  -1.325  0.83  -1.    -1.548  0.64   0.59
  0.78   0.26  -0.78  -0.51   0.42  -0.366  0.91   0.46   0.43  -0.55
 -1.38   0.574 -0.81   0.57  -0.344  0.15  -0.98   0.23  -0.4   -0.48
  0.908 -0.97  -0.15  -0.03  -0.21   0.879  0.07  -0.43  -0.32   0.59
 -0.42  -0.89  -0.76  -0.19   0.701 -0.32  -0.97   0.92  -0.24  -0.17 ][-0.84   0.93   0.46  -0.61   0.144 -0.863  0.436  0.29  -0.68  -0.38
  0.64   0.31   0.5    0.43   0.35   0.16  -0.27  -0.81   0.48  -0.35
  0.626 -0.2   -0.77  -0.77  -0.3   -0.19   0.83   0.308 -0.4    0.5
  0.1    0.86   0.99  -0.002  0.45  -0.24   1.754 -1.     0.01  -0.49
  0.92  -0.34   0.77  -1.29  -1.325  0.83  -1.    -1.548  0.64   0.59
  0.78   0.26  -0.78  -0.51   0.42  -0.366  0.91   0.46   0.43  -0.55
 -0.76   0.574 -0.81   0.57   0.41   0.15  -0.98   0.23  -0.4   -0.48
  0.908 -0.97  -0.614 -0.03  -0.21   0.879  0.07  -0.43  -0.32   0.59
 -0.42  -0.89  -0.76  -0.19   0.701 -0.32  -0.97   0.92  -0.24  -1.366][-0.84   0.93   0.336 -0.61  -0.6    0.1    0.436  0.29  -0.68  -0.38
  0.81   0.31   0.5   -0.254  0.35   0.16  -0.27  -0.81   0.48  -0.35
  0.4   -0.2   -0.77  -0.77  -0.3   -0.19   0.83   0.02  -0.4    0.5
  0.1    0.86   0.99  -0.002  0.45  -0.98   1.754 -1.     0.01  -0.49
  0.92  -0.34   0.77  -1.29  -0.86   0.83  -1.    -1.548  0.64   0.59
  0.78   0.26  -0.78  -0.51   0.42  -0.98   0.91   0.46   0.43  -0.55
 -1.38   0.62  -0.37   0.57   0.41   0.15  -0.58   0.23  -0.4   -1.265
  0.2   -0.97  -0.15  -0.03  -0.21   0.879  0.07  -0.43  -0.32   0.59
 -0.42  -1.457 -0.76  -0.19  -0.747 -0.415 -1.652  0.92  -0.71  -0.17 ][-0.84   0.93   0.46  -0.61  -0.6   -0.863  0.436  0.29  -0.68  -0.38
  0.64   0.31   0.5    0.43   0.35   0.16   0.364 -0.81  -0.494 -0.35
  0.4   -0.2   -0.77  -0.77  -0.3   -0.19   0.83   0.02  -0.4    0.5
  0.1    0.86   0.99  -0.002  0.45  -0.98   1.754 -1.     0.01  -0.49
  0.545 -0.34   0.77   0.85  -1.325  0.83  -1.    -1.548  0.64   0.59
  0.78   0.503 -1.274 -0.51   0.42  -0.98   0.91   0.46   0.43  -0.55
 -1.38   0.62  -0.66   0.57   0.41   0.15  -0.98   0.23  -0.4   -0.48
  0.908 -0.97  -0.15  -0.03  -0.21   0.879  0.07  -0.43  -0.32   0.59
 -0.42  -0.89  -0.76  -0.19   0.08  -0.32  -0.97   0.92  -0.24  -0.17 ][-0.84   0.93   0.336 -0.61  -0.44  -0.863  0.436  0.29  -0.68   0.616
  0.64   0.31   0.5    0.43   0.35   0.16  -0.27  -0.81   0.48  -0.35
  0.4   -0.2   -0.77  -0.77  -0.3   -0.19   0.83   0.02  -0.4    0.5
  0.1    0.86   0.99  -0.002  0.45  -0.24   0.95  -1.     0.01  -0.49
  0.545 -0.34   0.77  -1.29  -0.86   0.83  -1.    -1.548  0.64   0.59
  0.78   0.26  -0.788 -0.51   0.42  -0.98   0.91   0.46   1.355 -0.55
 -1.38  -0.077 -0.66   0.57   0.41   0.15  -0.98   0.23  -0.4   -1.265
  0.908 -0.97  -0.15  -0.03  -0.21   0.879  0.07  -0.43  -0.32   0.59
 -0.42  -0.89  -0.76  -0.19   0.701 -0.32  -1.652  0.92  -0.24  -0.17 ][-0.84   0.93   0.336 -0.61  -0.6    0.1    0.436  0.29  -0.68  -0.38
  1.168  0.31   0.5    0.43   0.35   0.16  -0.27  -0.81   0.48  -0.35
  0.4   -0.2   -0.77  -0.77  -0.181 -0.19   0.83   0.308 -1.07   0.5
  0.1    0.86   0.99  -0.002  0.45  -0.781  0.95  -1.     0.01  -0.49
  0.92  -0.34  -0.15  -1.29  -0.86   0.83  -1.    -1.548  0.64   0.05
  1.112  0.26  -0.78  -0.51   0.42  -0.366  0.91   0.46   0.43  -0.55
 -1.38   0.574 -0.81   0.57   0.41   0.15  -0.98   0.23  -0.4   -0.48
  0.908 -0.97  -0.15  -0.406 -0.21   0.879  0.07  -0.43  -0.32   0.59
 -0.42  -0.89  -0.76  -0.19   1.11  -0.32  -0.97   0.92  -0.24  -0.17 ][-0.84   0.93   0.46  -0.61   0.144  0.1    0.436  0.29  -0.68  -0.38
  0.64   0.31   0.5    0.43   0.35   0.16   0.364 -0.612  0.48  -0.35
  0.4   -0.2   -0.77  -0.77  -0.3   -0.19   0.83   0.02  -0.603  0.5
  0.1    0.86   0.99  -0.002  0.45  -0.24   0.95  -1.     0.01  -0.49
  0.545 -0.34   0.77   0.85  -0.86   0.83  -1.    -1.548  0.64   0.59
  0.78   0.26  -0.78  -0.51   0.42  -0.98   0.91   0.46   0.43  -0.55
 -0.76   0.62  -0.81   0.57   0.41   0.15  -0.98   0.23  -0.4   -0.48
  0.2   -0.97  -0.15  -0.03  -0.21   0.879  0.07  -0.43  -0.32   0.59
 -0.42  -1.457 -0.76  -0.19   0.08  -0.32  -0.97   0.92  -0.24  -0.544][-0.84   0.93   0.46  -0.61  -0.6   -0.863  0.436  0.29  -0.68  -0.38
  0.64   0.31   0.5    0.43   0.35   0.16   0.364 -0.81   0.48  -0.35
  0.4   -0.2   -0.77  -0.77  -0.181 -0.19   0.83   0.02  -0.4    0.5
 -0.912  0.86   0.99  -0.034  0.45  -0.24   0.95  -1.     0.01  -0.49
  0.545 -0.34   0.77  -1.29  -1.325  0.83  -1.    -1.548  0.64   0.59
  1.112  0.26  -0.78  -0.51   0.42  -0.98   0.91   0.46   0.43  -0.55
 -1.38   0.574 -0.66   0.57   0.41   0.15  -0.98   0.23  -0.4   -0.48
  0.2   -0.97  -0.15  -0.03  -0.21   0.252  0.07  -0.43  -0.32   0.59
 -0.42  -0.89  -0.76  -0.19   0.507 -0.32  -1.402  0.92  -0.24  -0.544][-0.84   0.93   0.336 -0.61  -0.6    0.1   -0.29   0.29  -0.68   0.616
  1.168  0.31   1.159  0.43   0.35   0.662  0.364 -0.81   0.48  -0.35
  0.4   -0.2   -0.77  -0.77  -0.3   -0.19   0.83   0.02  -1.07   0.5
  0.1    0.86   0.99  -0.002  0.45  -0.98   0.95  -1.     0.01  -0.206
  0.545 -0.34   0.77  -1.29  -0.86   0.83  -1.    -0.85   0.64   0.59
  1.112  0.26  -0.78  -0.51   0.42  -1.704  0.91   0.46   0.43  -0.55
 -0.76   0.574 -0.81   0.57   0.41   0.15  -0.98   0.23  -0.4   -0.48
  0.908 -0.97  -0.15  -0.03  -0.21   0.879  0.07  -0.43  -0.32   0.59
 -0.42  -0.89  -0.76  -0.19   0.701 -0.32  -0.97   0.92  -0.24  -0.17 ][-1.434  0.93   0.336 -0.61  -0.6    0.1    0.436  0.29  -0.68  -0.38
  0.64   0.31   0.5    0.43   0.35   0.16  -0.27  -0.81   0.48  -0.35
  0.4   -0.2   -0.77  -0.77  -0.3   -0.19   0.83   0.02  -1.07   0.5
  0.1    0.86   0.99  -0.002  0.45  -0.98   0.95  -1.     0.01  -0.49
  0.92  -0.34   0.77   0.85  -0.86   0.83  -1.    -1.548  0.64   0.59
  0.78   0.26  -0.78  -0.51   0.42  -0.366  0.91   0.46   1.355 -0.55
 -0.76   0.574 -0.81   0.57   0.41   0.15  -0.98   0.23  -0.4   -1.265
  0.908 -0.97  -0.614 -0.03  -0.21   0.879  0.07  -0.43  -0.32   0.59
 -0.42  -0.89  -0.76  -0.48   0.701 -0.32  -0.97   0.92  -0.24  -0.17 ][-0.84   0.93   0.336 -0.61  -0.44   0.1    0.436  0.29  -0.68  -0.38
  0.64   0.31   0.5    0.43   0.35   0.16   0.364 -0.81   0.48  -0.35
  0.626 -0.2   -0.77  -0.77  -0.181 -0.19   0.83   0.02  -0.4    0.5
  0.1    0.86   0.99  -0.002  0.006 -0.98   1.754 -1.     0.01  -0.49
  0.545 -0.34   0.77  -1.29  -1.325  0.83  -1.    -1.548  0.64   0.59
  0.78   0.26  -0.78  -0.51   0.42  -0.98   0.91   0.46   0.43  -0.55
 -1.38   0.62  -0.37   0.57   0.41   0.15  -0.98   0.23  -0.4   -1.265
  0.2   -0.97  -0.15  -0.03  -0.21   0.879  0.07  -0.43  -0.32   0.59
 -0.42  -1.457 -0.76  -0.19  -0.747 -0.415 -1.652  0.92  -0.24  -0.544][-0.84   0.93   0.46  -0.61  -0.44  -0.863  0.436  0.29  -0.68  -0.38
  0.64   0.31   0.5    0.43   0.35   0.16  -0.27  -0.81  -0.494 -0.35
  0.626 -0.2   -0.77  -0.77  -0.181 -0.19   0.83   0.02  -0.4    0.5
  0.1    0.86   0.99  -0.002  0.45  -0.98   1.754 -1.     0.01  -0.49
  0.92  -0.34   0.77   0.85  -1.325  0.83  -1.    -1.548  0.64   0.59
  0.78   0.26  -0.78  -0.51   0.42  -0.98   0.91   0.46   0.43  -0.55
 -1.38   0.62  -0.66   0.57  -0.033  0.15  -0.98   0.23  -0.4   -0.48
  0.908 -0.97  -0.15  -0.03  -0.21   0.879  0.07  -0.43  -0.32   0.59
 -0.42  -1.457 -0.76  -0.19   0.08  -0.32  -1.402  0.92  -0.24  -0.17 ][-0.84   0.93   0.336 -0.61   0.144 -0.863 -0.29   0.29  -0.771 -0.38
  0.64   0.31   0.5    0.43   0.35   0.16  -0.27  -0.81   0.48  -0.35
  0.4   -0.2   -0.77  -0.77  -0.3   -0.19   0.83   0.02  -1.07   0.5
  0.1    0.86   0.99  -0.002  0.45  -0.98   0.95  -1.     0.01  -0.49
  0.92  -0.34   0.77  -1.29  -0.86   0.83  -1.    -1.548  0.64   0.59
  0.78   0.26  -0.78  -0.51   0.42  -0.366  0.91   0.46   0.43  -0.55
 -0.76   0.574 -0.37   0.57   0.41   0.15  -0.98   0.23  -0.4   -1.265
  0.541 -0.97  -0.614 -0.03  -0.21   0.879  0.07  -0.43  -0.32   0.59
 -0.42  -1.457 -0.76  -0.19  -0.747 -0.415 -1.402  0.92  -0.71  -0.17 ][-1.24   0.93   0.46  -0.61  -0.6    0.1    0.436  0.29  -0.68   0.616
  0.64   0.31   0.015  0.43   0.35   0.16   0.364 -0.81  -0.494 -0.35
  0.4   -0.2   -0.77  -0.77  -0.3   -0.19   0.83   0.02  -0.4    0.5
  0.1    0.86   0.99  -0.002  0.45  -0.98   0.95  -1.     0.459 -0.49
  0.545 -0.34   0.77   0.85  -0.86   0.83  -1.    -1.548  0.64   0.59
  0.78   0.26  -0.78  -0.51   0.42  -0.98   0.91  -0.296  1.355 -0.55
 -1.38   0.62  -0.37   0.57   0.41   0.15  -0.98   0.23  -0.4   -1.265
  0.908 -0.97  -0.15  -0.03  -0.21   0.879  0.07  -0.43  -0.32   0.59
 -0.42  -0.89  -0.76  -0.19   0.701 -0.32  -0.97   0.92  -0.24  -0.17 ][-0.84   0.93   0.46  -0.61  -0.44  -0.863  0.781  0.29  -0.68  -0.38
  0.64   0.31   0.5    0.43   0.35   0.16  -0.27  -0.81  -0.494 -0.35
  0.626 -0.2   -0.77  -0.77  -0.181 -0.19   0.83   0.02  -0.4    0.5
 -0.912  0.86   0.99  -0.002  0.45  -0.98   1.754 -1.     0.459 -0.49
  0.545 -0.34   0.77  -1.29  -0.86   0.83  -1.    -0.85   0.64   0.59
  0.78   0.26  -0.78  -0.51   0.42  -0.366  0.91   0.46   0.43  -0.55
 -1.38   0.62  -0.81   0.57   0.41   0.15  -0.98   0.23  -0.4   -0.48
  0.2   -0.97  -0.15  -0.03  -1.162  0.879  0.07  -0.43  -0.32   0.59
 -0.42  -0.89  -0.76  -0.19  -0.747 -0.415 -1.402  0.92  -0.24  -0.544][-0.84   0.93   0.46  -0.61  -0.6    0.1    0.436  0.29  -0.68  -0.38
  1.168  0.31   0.5    0.43   0.35   0.16   0.364 -0.81  -0.494 -0.35
  0.4   -0.2   -0.77  -0.77  -0.3   -0.19   0.83   0.02  -1.07   0.5
 -0.912  0.86   0.99  -0.002  0.45  -0.98   0.95  -1.     0.459 -0.49
  0.545 -0.34   0.77  -1.29  -1.325  0.83  -1.    -1.548  0.64   0.59
  0.78   0.26  -0.78  -0.51   0.42  -0.98   0.91   0.852  0.43  -0.55
 -1.38   0.574 -0.81   0.57   0.41   0.15  -0.98   0.23  -0.4   -0.48
  0.2   -0.97  -0.15  -0.406 -0.21   0.879  0.07  -0.43  -0.32   0.59
 -0.42  -0.89  -0.76  -0.19   0.08  -0.32  -1.402  0.92  -0.24  -0.17 ][-0.84   0.93   0.336 -0.61   0.144  0.1   -0.29   0.29  -0.68  -0.38
  0.81   0.31   0.5    0.43   0.35   0.16  -0.27  -0.81   0.48  -0.35
  0.4   -0.2   -0.77  -0.77  -0.3   -0.19   0.83   0.02  -0.4    0.5
 -0.912  0.86   0.99  -0.002  0.45  -0.98   0.95  -1.74   0.01  -0.49
  0.545 -0.34   0.77  -1.29  -0.86   0.83  -1.    -1.548  0.64   0.59
  0.78   0.26  -0.78  -0.51   0.42  -0.98   0.91   0.46   0.43  -0.55
 -1.38  -0.077 -0.37   0.57   0.41   0.15  -0.98   0.23  -0.4   -1.265
  0.2   -0.97  -0.15  -0.03  -0.21   0.879  0.07  -0.43  -0.32   0.59
 -0.42  -0.89  -0.76  -0.48  -0.747 -0.415 -0.97   0.92  -0.71  -0.17 ][-0.84   0.93   0.46  -0.61  -0.6    0.1    0.436  0.29  -0.771  0.616
  0.64   0.31   0.5    0.43   0.35   0.16   0.364 -0.81   0.48  -0.35
  0.626 -0.2   -0.77  -0.77  -0.3   -0.19   0.83   0.02  -0.4    0.5
  0.1    0.86   0.99  -0.002  0.45  -0.24   0.95  -1.     0.01  -0.49
  0.545 -0.34   0.77   0.85  -0.86   0.83  -1.    -1.548  0.64   0.59
  0.78   0.26  -0.78  -0.51   0.42  -0.98   0.91   0.46   0.43  -0.55
 -0.76   0.62  -0.66   0.57   0.41   0.15  -0.98   0.23  -0.4   -0.48
  0.2   -0.97  -0.15  -0.03  -0.21   0.879  0.07  -0.43   0.527  0.59
 -0.42  -0.89  -0.76  -0.19   0.08  -0.32  -1.652  0.92  -0.24  -0.544][-0.84   0.93   0.46  -0.61   0.144 -0.863  0.436  0.29  -0.68  -0.38
  0.64   0.31   0.5    0.43   0.35   0.16  -0.27  -0.81   0.48  -0.35
  0.4   -0.2   -0.77  -0.77  -0.181 -0.19   0.83   0.02  -0.4    0.5
 -0.465  0.86   0.99  -0.002  0.45  -0.24   0.95  -1.     0.01  -0.49
  0.545 -0.34   0.77  -1.29  -1.325  0.83  -1.    -0.85   0.64   0.59
  0.78   0.26  -0.78  -0.51   0.42  -0.98   0.91   0.46   0.43  -0.55
 -1.38   0.62  -0.66   0.57   0.41   0.15  -0.98   0.23  -0.4   -0.48
  0.2   -0.97  -0.15  -0.03  -0.21   0.879  0.07  -0.43  -0.32   0.59
 -0.42  -1.457 -0.76  -0.19  -0.747 -0.415 -1.652  0.92  -0.24  -0.544][-0.84   0.93   0.46  -0.61  -0.44   0.1    0.436  0.29  -0.68  -0.38
  0.81   0.31   1.159  0.43   0.35   0.16  -0.27  -0.81  -0.494 -0.35
  0.626 -0.2   -0.77  -0.77  -0.3   -0.19   0.83   0.02  -0.4    0.5
 -0.912  0.86   1.18  -0.002  0.45  -0.24   1.754 -1.     0.01  -0.49
  0.545 -0.34   0.77  -1.29  -1.325  0.83  -1.    -0.85   0.64   0.59
  0.78   0.26  -0.78  -0.51   0.42  -0.366  0.91   0.46   0.43  -0.55
 -1.38   0.62  -0.81   0.57   0.41   0.15  -0.98   0.23  -0.4   -0.48
  0.2   -0.97  -0.15  -0.03  -0.21   0.879  0.07  -0.43  -0.32   0.59
 -0.42  -1.457 -0.76  -0.19   0.08  -0.415 -1.402  0.92  -0.71  -0.544][-8.400e-01  9.300e-01  3.360e-01 -6.100e-01 -6.000e-01  1.000e-01
 -2.900e-01  2.900e-01 -6.800e-01 -3.800e-01  8.100e-01  3.100e-01
  5.000e-01  4.300e-01  3.500e-01  1.600e-01 -2.700e-01 -8.100e-01
  4.800e-01 -3.500e-01  4.000e-01 -2.000e-01 -7.700e-01 -7.700e-01
 -3.000e-01 -1.900e-01  8.300e-01  2.000e-02 -4.000e-01  5.000e-01
 -9.120e-01  8.600e-01  9.900e-01 -2.000e-03  4.500e-01 -9.800e-01
  1.754e+00 -1.000e+00  4.590e-01 -4.900e-01  5.450e-01 -3.400e-01
  7.700e-01 -1.290e+00 -8.600e-01  8.300e-01 -1.000e+00 -2.128e+00
  6.400e-01  5.900e-01  7.800e-01  2.600e-01 -7.800e-01 -5.100e-01
 -4.560e-01 -1.704e+00  9.100e-01  4.600e-01  4.300e-01 -5.500e-01
 -1.466e+00  6.200e-01 -3.700e-01  5.700e-01  4.100e-01  1.500e-01
 -9.800e-01  2.300e-01 -4.000e-01 -4.800e-01  2.000e-01 -9.700e-01
 -1.500e-01 -3.000e-02 -2.100e-01  8.790e-01  7.000e-02 -4.300e-01
 -3.200e-01  5.900e-01 -4.200e-01 -8.900e-01 -7.600e-01 -1.900e-01
  7.010e-01 -4.150e-01 -9.700e-01  9.200e-01 -7.100e-01 -1.700e-01][-0.84   0.93   0.336 -0.61  -0.6    0.1    0.436  0.29  -0.68  -0.38
  1.168  0.31   0.5    0.43   0.35   0.16   0.364 -0.81   0.497 -0.35
  0.4   -0.2   -0.77  -0.77  -0.181 -0.19   0.83   0.02  -0.4    0.5
  0.1    0.86   0.99  -0.002  0.45  -0.24   0.95  -1.     0.01  -0.49
  0.545 -0.34   0.77  -1.29  -1.325  0.83  -1.    -1.548  0.64   0.59
  0.78   0.26  -0.78  -0.51   0.42  -0.98   0.91   0.46   0.43  -0.55
 -1.38   0.62  -0.81   0.57  -0.344  0.15  -0.98   0.23  -0.4   -0.48
  0.908 -0.97  -0.15  -0.03  -0.21   0.879  0.07  -0.43  -0.32   0.59
 -0.42  -0.89  -0.76  -0.19   0.701 -0.32  -1.652  0.92  -0.24  -0.17 ][-0.84   0.93   0.336 -0.61  -0.44   0.1    0.436  0.29  -0.68  -0.38
  0.64   0.31   0.5    0.43   0.35   0.16  -0.27  -0.81   0.48  -0.35
  0.626 -0.2   -0.77  -0.77  -0.181 -0.19   0.83   0.02  -0.4    0.5
 -0.912  0.86   0.99  -0.002  0.45  -0.781  1.754 -1.     0.01  -0.49
  0.545 -0.34  -0.15  -1.29  -0.86   0.83  -1.    -1.548  0.64   0.59
  0.78   0.26  -0.78  -0.51   0.42  -1.704  0.91   0.46   0.43  -0.55
 -1.38   0.462 -0.66   0.57   0.41   0.15  -0.98   0.23  -0.4   -0.48
  0.908 -0.97  -0.15  -0.406 -0.21   0.879  0.07  -0.43  -0.32   0.59
 -0.42  -0.89  -0.76  -0.19   0.507 -0.32  -1.652  0.92  -0.24  -0.544][-0.84   0.93   0.46  -0.61  -0.6   -0.863  0.436  0.29  -0.68  -0.292
  0.64   0.31   0.5    0.43   0.35   0.16   0.364 -0.81  -0.494 -0.35
  0.626 -0.2   -0.77  -0.77  -0.3   -0.19   0.83   0.02  -0.4    0.5
  0.1    0.86   0.99  -0.002  0.45  -0.98   1.754 -1.     0.01  -0.206
  0.545 -0.34   0.77  -1.29  -0.86   0.83  -1.    -1.548  0.64   0.59
  0.78   0.26  -0.78  -0.51   0.42  -0.98   0.91   0.46   0.43  -0.55
 -1.38   0.574 -0.66   0.57   0.41   0.15  -0.98   0.23  -0.4   -0.48
  0.908 -0.97  -1.02  -0.03  -0.21   0.879  0.07  -0.43  -0.32   0.59
 -0.42  -0.89  -0.76  -0.19   0.08  -0.32  -1.652  0.92  -0.24  -0.17 ][-0.84   0.93   0.46  -0.61   0.144 -0.863 -0.29   0.29  -0.68  -0.38
  0.64   0.31   1.159  0.43   0.35   0.16  -0.27  -0.81   0.48  -0.35
  0.626 -0.2   -0.77  -0.77  -0.3   -0.19   0.83   0.02  -0.4    0.5
 -0.912  0.86   0.99  -0.002  0.45  -0.98   1.754 -1.     0.01  -0.49
  0.92  -0.884  0.77  -1.29  -0.86   0.83  -1.    -1.548  0.64   0.59
  0.78   0.26  -0.78  -0.51   0.42  -0.366  0.91   0.46   0.43  -0.55
 -1.38   0.62  -0.81   0.57   0.41   0.15  -0.98   0.23  -0.4   -0.48
  0.908 -0.97  -0.15  -0.03  -0.21   0.879  0.07  -0.43  -0.32   0.59
 -0.42  -0.89  -0.76  -0.19   0.08  -0.415 -1.652  0.92  -0.24  -0.544][-0.84   0.93   0.336 -0.61   0.144  0.1    0.436  0.29  -0.68  -0.38
  0.64   0.31   0.5    0.43   0.35   0.16   0.364 -0.81   0.48  -0.35
  0.4   -0.2   -0.77  -0.77  -0.3   -0.19   0.83   0.02  -1.07   0.5
 -0.912  0.86   0.99  -0.002  0.45  -0.98   0.95  -1.     0.01  -0.49
  0.92  -0.34   0.77   0.85  -0.86   0.83  -1.    -1.548  0.979  0.59
  0.78   0.26  -0.78  -0.51   0.42  -0.98   0.91   0.46   1.355 -0.55
 -0.76   0.574 -0.81   0.57   0.41   0.15  -0.98   0.23  -0.4   -1.265
  0.908 -0.97  -0.614 -0.03  -0.21   0.879  0.07  -0.43  -0.32   0.59
 -0.42  -0.89  -0.76  -0.19   0.701 -0.32  -0.97   0.92  -0.24  -0.17 ][-0.84   0.93   0.336 -0.61  -0.6    0.1    0.436  0.29  -0.68  -0.38
  1.168  0.31   1.159  0.43   0.35   0.16   0.364 -0.81   0.48  -0.35
  0.4   -0.2   -0.77  -0.77  -0.3   -0.19   0.83   0.02  -0.4    0.5
 -0.912  0.86   0.99  -0.002  0.45  -0.24   0.95  -1.    -0.142 -0.49
  0.92  -0.34   0.77  -1.29  -0.427  0.83  -1.    -0.85   0.64   0.59
  0.78   0.26  -0.78  -0.51   0.42  -0.98   0.91   0.46   0.43  -0.55
 -1.38   0.574 -0.81   0.57   0.41   0.15  -0.98   0.23  -0.4   -1.265
  0.2   -0.97  -0.15  -0.406 -0.21   0.879  0.07  -0.43  -0.32   0.59
 -0.42  -0.89  -0.76  -0.19   0.701 -0.32  -0.97   0.92  -0.24  -0.17 ][-0.84   0.93   0.46  -0.61   0.144  0.1    0.436  0.29  -0.68  -0.38
  0.64   0.31   0.5    0.43   0.35   0.16  -0.27  -0.81  -0.494 -0.35
  0.4   -0.2   -0.77  -0.77  -0.181 -0.19   0.83   0.02  -0.4    0.5
  0.1    0.86   0.99  -0.002  0.45  -0.24   0.95  -1.     0.01  -0.49
  0.92  -0.34   0.77  -1.29  -1.325  0.83  -1.    -1.548  0.64   0.59
  0.78   0.26  -0.78  -0.51   0.42  -0.366  0.91   0.46   0.43  -0.55
 -0.76   0.574 -0.66   0.57   0.41   0.15  -0.98   0.23  -0.4    0.016
  0.908 -0.97  -0.15  -0.03  -0.21   0.879  0.07  -0.43  -0.32   0.59
 -0.42  -0.89  -0.76  -0.19   0.08  -0.32  -0.97   0.92  -0.24  -0.544][-1.24   0.93   0.336 -0.61  -0.6   -0.863  0.436  0.29  -0.68  -0.96
  0.64   0.31   0.015  0.43   0.35   0.16  -0.27  -0.81  -0.494 -0.35
  0.626 -0.2   -0.77  -0.77  -0.3   -0.19   0.83   0.02  -0.4    0.5
 -0.912  0.86   0.99  -0.002  0.45  -0.24   1.754 -1.     0.459 -0.49
  0.545 -0.34   0.77   0.85  -0.86   0.83  -1.    -1.548  0.64   0.59
  0.78   0.26  -0.78  -0.51   0.42  -0.98   0.91   0.46   0.43  -0.55
 -1.38   0.62  -0.66   0.528  0.41   0.15  -0.98   0.23  -0.4   -1.265
  0.908 -0.97  -0.15  -0.03  -0.21   0.879  0.07  -0.43  -0.32   0.59
 -0.42  -0.89  -0.76  -0.19   0.08  -0.32  -1.652  0.92  -0.24  -0.544][-0.84   0.93   0.46  -0.61  -0.6    0.1   -0.29   0.29  -0.771 -0.38
  0.81   0.31   0.5    0.43   0.35   0.16   0.364 -0.81   0.48  -0.35
  0.4    0.029 -0.77  -0.77  -0.3   -0.19   0.83   0.02  -0.4    0.5
  0.1    0.86   0.99  -0.002  0.45  -0.98   0.95  -1.     0.459 -0.49
  0.545 -0.34   0.77   0.85  -0.86   0.83  -1.    -1.548  0.64   0.59
  0.78   0.26  -0.78  -0.51   0.42  -0.366  0.91   0.46   1.355 -0.55
 -1.38   0.62  -0.37   0.57   0.41   0.15  -1.535  0.23  -0.4   -0.48
  0.908 -0.97  -0.15  -0.03  -0.21   0.879  0.07  -0.43  -0.32   0.59
 -0.42  -0.89  -0.76  -0.19  -0.747 -0.415 -1.402  0.92  -0.24  -0.17 ][-0.84   0.93   0.46  -0.61   0.144  0.1    0.436  0.29  -0.68  -0.38
  0.64   0.31   0.5    0.43   0.35   0.16  -0.27  -0.81   0.48  -0.35
  0.4   -0.2   -0.77  -0.423 -0.3   -0.19   0.83   0.308 -0.4    0.5
  0.1    0.86   0.99  -0.002  0.45  -0.24   0.95  -1.     0.01  -0.49
  0.92  -0.34   0.77   0.85  -0.86   0.83  -1.    -1.548  0.64   0.59
  0.78   0.26  -0.78  -0.51   0.42  -0.98   0.91   0.46   0.43  -0.55
 -0.76   0.62  -0.81   0.57   0.41   0.15  -0.58  -0.186 -0.4   -1.265
  0.2   -0.97  -0.614 -0.03  -0.21   0.879  0.07  -0.43  -0.32   0.59
 -0.42  -0.89  -0.76  -0.19   0.701 -0.32  -0.97   0.92  -0.24  -0.17 ][-0.84   0.93   0.336 -0.61  -0.44  -0.863  0.436  0.29  -0.68  -0.38
  0.64   0.31   0.5    0.43   0.35   0.16  -0.27  -0.81  -0.494 -0.35
  0.4   -0.2   -0.77  -0.77  -0.3   -0.19   0.83   0.02  -1.07   0.5
  0.1    0.86   0.99  -0.002  0.45  -0.24   1.754 -1.     0.01  -0.206
  0.545 -0.34   0.77  -1.29  -0.86   0.83  -1.    -1.548  0.64   0.59
  0.78   0.26  -0.78  -0.51   0.42  -0.98   0.91   0.984  0.43  -0.55
 -0.76   0.574 -0.81   0.57   0.41   0.15  -0.98   0.23  -0.4   -1.265
  0.908 -0.97  -0.15  -0.03  -0.21   0.879  0.07  -0.43  -0.32   0.59
 -0.42  -0.89  -0.76  -0.19   0.08  -0.32  -0.97   0.92  -0.24  -0.17 ][-0.84   0.93   0.336  0.133 -0.6    0.1    0.436  0.29  -0.68  -0.38
  0.81   0.31   1.159  0.43   0.35   0.16   0.364 -0.81   0.48  -0.35
  0.4   -0.2   -0.77  -0.77  -0.3   -0.19   0.83   0.02  -0.4    0.5
  0.1    0.86   0.99  -0.002  0.45  -0.98   0.95  -1.     0.459 -0.49
  0.92  -0.34   0.77   0.85  -0.86   0.83  -1.    -1.548  0.64   0.59
  0.78   0.26  -0.78  -0.51  -0.456 -0.98   0.91   0.46   1.355 -0.55
 -1.38   0.62  -0.37   0.57   0.41   0.15  -0.98   0.23  -0.4   -1.265
  0.908 -0.97  -0.15  -0.03  -0.21   0.879  0.07  -0.43  -0.32   0.59
 -0.42  -0.89  -0.76  -0.19   0.701 -0.32  -1.402  0.92  -0.24  -0.17 ][-1.24   0.93   0.336 -0.61  -0.44   0.1    1.222  0.29  -0.68  -0.38
  0.64   0.31   0.5    0.43   0.35   0.16  -0.27  -0.81   0.48  -0.35
  0.4   -0.2   -0.77  -0.77  -0.3   -0.19   0.83   0.02  -1.07   0.5
 -0.912  0.86   0.99  -0.002  0.45  -0.98   0.95  -1.     0.01  -0.49
  0.545 -0.34   0.77   0.85  -0.86   0.83  -1.    -1.548  0.64   0.59
  0.78   0.26  -0.78  -0.51   0.42  -0.98   0.91   0.024  0.43  -0.55
 -1.38   0.62  -0.81   0.57   0.41   0.15  -1.439  0.23  -0.4   -1.265
  0.908 -0.97  -0.15  -0.03  -0.21   0.879  0.07  -0.43  -0.32   0.59
 -0.42  -0.89  -0.76  -0.19   0.701 -0.103 -0.97   0.92  -0.24  -0.544][-0.84   0.93   0.46  -0.61  -0.44  -0.863  0.436  0.29  -0.68  -0.38
  0.64   0.31   0.5    0.43   0.35   0.16  -0.27  -0.81  -0.494 -0.35
  0.626 -0.2   -0.77  -0.77  -0.181 -0.19   0.83   0.02  -0.4    0.5
  0.1    0.86   0.99  -0.002  0.45  -0.98   0.95  -1.     0.01  -0.49
  0.545 -0.34   0.77  -1.29  -0.86   0.83  -1.    -1.548  0.64   0.59
  1.112  0.26  -0.78  -0.51   0.42  -0.98   0.91   0.46   0.43  -0.55
 -1.38   0.574 -0.81   0.57   0.41   0.15  -0.98   0.23  -0.4   -0.48
  0.908 -0.97  -0.15  -0.03  -0.21   0.879  0.803 -0.43  -0.32   0.59
 -0.42  -0.89  -0.76  -0.19   0.701 -0.32  -1.652  0.92  -0.24  -0.544][-0.84   0.93   0.336 -0.61  -0.44   0.1    0.436  0.29  -0.771 -0.38
  0.64   0.31   0.5    0.43   0.35   0.16   0.364 -0.81  -0.494 -0.35
  0.626 -0.2   -0.77  -0.77  -0.181 -0.19   0.83   0.02  -1.07   0.5
  0.1    0.86   0.99  -0.002  0.45  -0.781  1.754 -1.     0.01  -0.49
  0.545 -0.34   0.77  -1.29  -1.325  0.83  -1.    -1.548  0.64   0.59
  1.112  0.26  -0.78  -0.51   0.42  -0.98   0.91   0.46   0.43  -0.55
 -1.38   0.574 -0.66   0.57   0.41   0.15  -0.98   0.23  -0.4   -0.48
  0.2   -0.97   0.788 -0.03  -0.21   0.252  0.07  -0.43  -0.32   0.59
 -0.42  -0.89  -0.76  -0.19   0.507 -0.32  -1.402  0.92  -0.24  -0.544][-0.84   0.93   0.336 -0.61  -0.6    0.1    0.436  0.29  -0.771 -0.38
  0.64   0.31   0.5    0.43   0.35   0.16   0.364 -0.81   0.48  -0.35
  0.4   -0.2   -0.77  -0.77  -0.3   -0.19   0.83   0.02  -0.4    0.5
  0.1    0.504  0.99  -0.002  0.45  -0.781  0.95  -1.     0.459 -0.49
  0.545 -0.34  -0.15   0.85  -0.86   0.83  -1.    -1.548  0.64   0.59
  1.112  0.26  -0.78  -0.51   0.42  -1.704  0.91   0.46   1.355 -0.55
 -1.38   0.574 -0.81   0.57   0.41   0.15  -0.98   0.23  -0.4   -0.48
  0.908 -0.97  -0.15  -0.406 -0.21   0.252  0.07  -0.43  -0.32   0.59
 -0.42  -0.89  -0.76  -0.19   0.08  -0.32  -1.402  0.92  -0.24  -0.544][-0.84   0.93   0.336 -0.61  -0.44  -0.863 -0.29   0.29  -0.68  -0.38
  0.64   0.31  -0.397  0.43   0.35   0.16   0.364 -0.81   0.48  -0.35
  0.626 -0.2   -0.77  -0.77  -0.181 -0.19   0.83   0.02  -0.4    0.5
  0.1    0.86   0.99  -0.002  0.45  -0.98   1.754 -1.     0.01  -0.49
  0.545 -0.34   0.77  -1.29  -1.325  0.83  -1.    -1.548  0.64   0.59
  0.78   0.26  -0.78  -0.51   0.42  -0.98   0.91   0.46   0.43  -0.55
 -1.38   0.62  -0.37   0.57   0.41   0.15  -0.98   0.23  -0.4   -1.265
  0.2   -0.97  -0.15  -0.03  -0.21   0.879  0.07  -0.43  -0.32   0.59
 -0.42  -1.457 -0.76  -0.19  -0.747 -0.32  -1.402  0.92  -0.24  -0.544][-0.84   0.93   0.46  -0.61  -0.6   -0.863 -0.29   0.29  -0.68  -0.38
  0.64   0.31   0.5    0.43   0.35   0.16  -0.27  -0.81   0.48  -0.35
  0.626 -0.2   -0.77  -1.165 -0.181 -0.19   0.83   0.02  -0.4    0.5
  0.1    0.86   0.99  -0.002  0.45  -0.98   0.95  -1.     0.459 -0.49
  0.545 -0.34   0.77  -1.29  -1.325  0.83  -1.    -0.85   0.64   0.59
  0.78   0.26  -0.78  -0.51   0.42  -1.704  0.91   0.46   0.43  -0.55
 -1.38   0.62  -0.81   0.57  -0.344  0.15  -0.98   0.23  -0.4   -0.48
  0.2   -0.97  -0.15  -0.406 -0.21   0.879  0.07  -0.43  -0.32   0.59
 -0.42  -0.89  -0.76  -0.19   0.701 -0.32  -0.97   0.92  -0.24  -0.544][-0.84   0.93   0.46  -0.61  -0.6    0.1    0.436  0.29  -0.378 -0.38
  0.64   0.31   0.5    0.43   0.35   0.16  -0.27  -0.81   0.48  -0.35
  0.4   -0.2   -0.77  -0.77  -0.181 -0.19   0.83   0.02  -0.4    0.5
  0.1    0.86   0.99  -0.002  0.45  -0.24   1.754 -1.     0.01  -0.49
  0.545 -0.34   0.77  -1.29  -1.325  0.83  -1.    -1.548  0.64   0.59
  0.78   0.26  -0.78  -0.51  -0.456 -0.98   0.91   0.46   0.43  -0.55
 -1.466  0.62  -0.66   0.57   0.41   0.15  -0.98   0.23  -0.4   -0.48
  0.908 -0.97  -0.15  -0.03  -0.21   0.879  0.07  -0.43  -0.32   0.59
 -0.42  -0.89  -0.76  -0.19   0.701 -0.32  -1.652  0.92  -0.24  -0.17 ]