[-1.79   0.93   0.46  -0.61   0.095  0.1    0.436  0.29  -0.68  -0.38
  0.802  0.104  0.5    0.43   0.35   0.16   1.162 -0.54  -0.494 -0.35
  0.626 -0.2   -0.77  -0.77  -0.181 -0.19   0.83   0.02  -0.4    0.5
  0.1   -0.132  0.342 -0.034  0.969 -0.98   1.483 -1.     0.01  -0.49
  1.518 -0.34   0.923 -1.29  -2.191  0.83  -1.381 -1.548  0.64   1.438
  2.017  1.06  -1.274 -0.51   0.42  -1.054  0.91   0.46   1.355 -0.55
 -1.38   0.62  -0.81   0.57   0.41   0.15  -1.288  0.23  -0.4   -1.265
  0.2   -0.97  -1.02  -0.03  -0.21   0.879  0.07  -0.865 -0.32   0.59
 -0.702 -1.457 -1.021 -0.19   0.846 -0.415 -2.082  0.92  -0.634 -0.511][-1.79   0.93   0.46  -0.61   0.144  0.151  0.436  0.29  -0.68  -0.38
  0.802  0.31  -0.196  0.43   0.35   0.16  -0.27  -0.81  -0.494 -0.35
  0.626 -0.2   -1.511 -0.77  -0.181 -0.19   0.83   0.02  -0.4    0.5
  0.1    0.86   0.342 -0.034  0.45  -1.355  1.483 -1.     0.01  -0.49
  0.545 -0.34   0.923 -1.29  -1.717  0.83  -1.003 -0.983  0.64   0.59
  1.112  1.06  -1.274 -0.51   0.42  -0.98   0.91   0.46   1.355 -0.55
 -1.38   0.62  -1.036  0.899  0.41   0.15  -1.288  0.23  -0.4   -1.265
  0.257 -0.97  -1.02  -0.503 -0.21   0.879  0.07  -0.865 -0.32   0.59
 -0.42  -1.457 -1.021 -0.19   0.846 -0.415 -2.082  0.92  -1.066 -0.511][-1.79   0.93   0.46  -0.61   0.095  0.1    0.436  0.29  -0.68  -0.38
  0.802  0.104  0.5    0.43   0.35   0.16  -0.27  -0.54  -0.494 -0.35
  0.626  0.073 -1.511 -0.77  -0.181 -0.19   0.83   0.02  -0.4    0.5
  0.1    0.86   0.342 -0.034  0.969 -0.98   1.483 -1.     0.01  -0.49
  0.545 -0.34   0.923 -1.29  -1.325  0.83  -1.381 -1.548  0.64   0.59
  1.122  1.06  -1.274 -0.51   0.42  -1.054  0.91   1.324  1.355 -0.55
 -1.38   0.62  -0.575  0.57   0.41   0.15  -1.288  0.23  -0.711 -1.265
  0.257 -0.97  -1.02  -0.03  -0.21   0.879  0.07  -0.865 -0.32   0.59
 -0.42  -1.457 -1.021 -0.19   0.507 -0.415 -2.082  1.818 -1.066 -0.511][-1.79   0.93   0.46  -0.61   0.144  0.151  0.436  0.29  -0.68  -0.38
  0.802  0.31   0.5    0.43   0.35   0.16  -0.27  -0.81  -0.494 -0.201
  0.626 -0.2   -1.511 -0.77  -0.181 -0.19   0.83   0.02  -0.4    0.5
  0.1    0.86   0.342 -0.034  0.45  -1.355  1.305 -1.     0.01  -0.49
  2.121 -0.34   0.923 -1.29  -1.717  0.83  -1.381 -0.983  0.64   0.59
  2.017  1.06  -1.274 -0.51   0.42  -1.054  0.91   0.46   1.355 -0.55
 -2.286  0.62  -0.81   1.83   0.41   0.15  -0.98   0.23  -0.4   -1.265
  0.2   -0.97  -1.02  -0.03  -0.21   0.879  0.07  -0.865 -0.32   0.59
 -0.42  -1.457 -1.021 -0.19   0.846 -0.415 -2.082  0.92  -1.066 -0.159][-1.79   0.93   0.46  -0.61   0.095  0.151  0.436  1.034 -0.68  -0.38
  0.802  0.31   0.5    0.43   0.35   0.16  -0.27  -0.81  -0.494 -0.35
  0.626 -0.2   -1.511 -0.77  -0.181 -0.19   0.83   0.02  -0.4    0.5
 -0.912  0.86   0.342 -0.034  0.45  -1.355  1.593 -1.     0.01  -0.49
  1.518 -0.34   0.923 -1.29  -2.191  0.83  -1.381 -0.983  0.64   0.463
  2.017  1.06  -1.274 -0.51   0.42  -0.98   0.91   0.46   1.355 -0.203
 -1.38   0.984 -0.81   0.57   0.41   0.15  -0.98   0.23  -1.259 -1.265
  0.2   -0.97  -1.486 -0.03  -0.21   0.879  0.07  -0.865 -0.32   0.59
 -0.42  -1.457 -1.021 -0.19   0.846 -0.415 -2.082  0.92  -1.066 -0.511][-1.79   0.93   0.46  -0.61   0.144  0.1    0.436  0.29  -0.68  -0.38
  0.802  0.104  0.5    0.43   0.35   0.16  -0.27  -0.81  -0.494 -0.35
  0.626 -0.2   -1.511 -0.77  -0.181 -0.19   0.83   0.02  -0.4    0.5
  0.165  0.86   0.342 -0.034  0.45  -1.355  1.483 -1.     0.01  -0.49
  0.545 -0.34   0.923 -1.29  -1.717  0.83  -1.381 -0.983  0.64   0.59
  1.112  1.06  -1.274 -0.51   0.42  -1.054  0.91   0.46   1.355 -0.55
 -2.286  0.62  -0.81   0.57   0.41   0.15  -0.98   0.23  -0.711 -1.375
  0.2   -0.97  -1.02  -0.03  -0.21   0.879  0.07  -0.865 -0.32   0.59
 -0.42  -1.457 -1.021 -0.19   0.507 -0.415 -2.082  0.92  -1.066 -0.159][-1.79   0.93   0.46  -0.61   0.144  0.1    0.436  0.29  -0.68  -0.38
  0.802  0.31   0.5    0.43   0.35   0.16   1.162 -0.81  -0.259 -0.35
  0.626 -0.2   -0.77  -0.77  -0.181 -0.19   0.83   0.02  -0.4    0.5
  0.1    0.86   0.342 -0.034  0.45  -1.355  1.483 -1.     0.01  -0.49
  2.121 -0.34   0.923 -1.29  -1.325  0.83  -1.381 -0.983  0.64   0.59
  2.017  1.06  -1.274 -0.51   0.42  -1.054  0.91   0.46   0.43  -0.55
 -1.38   0.62  -0.575  0.57   0.41   0.15  -0.98   0.23  -0.4   -1.265
  0.257 -0.97  -1.02  -0.03  -0.21   0.879  0.07  -0.865 -0.32   0.59
 -0.42  -1.457 -1.021 -0.19   0.846 -0.415 -2.082  0.92  -0.634 -0.764][-1.79   0.93   0.46  -0.61   0.144  0.1    0.436  0.29  -0.741 -0.38
  0.81   0.31   0.5    0.43   0.35   0.16  -1.13  -0.81  -0.494 -0.35
  0.626 -0.2   -0.77  -0.77  -0.181 -0.19   0.83   0.02  -0.4    0.5
  0.165  0.86   0.342 -0.808  0.45  -1.355  1.483 -1.     0.01  -0.49
  0.545 -0.34   0.923 -1.29  -2.191  0.83  -1.381 -0.983  0.64   0.59
  2.017  1.06  -1.274 -0.51   0.42  -1.054  0.91   0.46   1.355 -0.55
 -1.38   0.62  -0.81   0.57   0.41   0.15  -0.98   0.23  -0.357 -1.265
  0.2   -0.97  -1.02  -0.03  -0.21   0.879  0.07  -0.865 -0.32   0.59
 -0.42  -0.89  -1.021 -0.57   0.507 -0.415 -2.082  1.818 -1.066 -0.511][-1.79   0.93   0.46  -0.61   0.095  0.1    0.436  0.29  -0.68  -0.38
  0.802  0.104  0.5    0.43   0.35   0.16  -0.27  -0.54  -0.494 -0.35
  0.626 -0.2   -1.511 -0.77  -0.181 -0.19   0.83   0.02  -0.4    0.5
  0.1    0.86   0.342 -0.034  0.45  -0.98   1.483 -1.     0.01  -0.49
  0.545 -0.34   0.923 -1.29  -1.325  0.83  -1.381 -1.548  0.64   0.59
  1.112  1.06  -1.274 -0.51   0.42  -1.054  0.91   0.46   1.355 -0.55
 -2.286  0.62  -0.81   0.57   0.41   0.15  -0.98   0.23  -0.711 -1.375
  0.257 -0.97  -1.02  -0.03  -0.21   0.879  0.07  -0.865 -0.32   0.59
 -0.42  -1.457 -1.021 -0.19   0.846 -0.415 -1.652  0.92  -1.853 -0.511][-1.79   0.93   0.46  -0.61   0.144  0.1    0.436  0.29  -0.68  -0.38
  0.802  0.104  0.5    0.43   0.35   0.16  -0.27  -0.81  -0.494 -0.35
  0.626  0.073 -0.77  -0.77  -0.181 -0.19   0.83   0.02  -0.4    0.5
 -0.912  0.86  -0.519 -0.034  0.45  -0.98   1.593 -1.     0.01  -0.49
  0.545 -0.34   0.923 -1.29  -2.191  0.83  -1.381 -0.983  0.64   0.59
  2.017  1.06  -1.274 -0.51   0.42  -1.054  0.91   1.324  1.355 -0.55
 -1.38   0.62  -0.81   0.57   0.41   0.15  -0.98   0.23  -1.259 -1.265
  0.2   -0.97  -1.02  -0.03  -0.21   0.879  0.07  -0.865 -0.32   0.59
 -0.702 -1.457 -1.021 -0.19   0.846 -0.415 -2.082  0.92  -1.066 -0.511][-1.79   0.93   0.46  -0.61   0.144  0.1    0.436  0.29  -0.68  -0.38
  0.802  0.104  0.5    0.43   0.35   0.16  -0.27  -0.81  -0.494 -0.35
  0.626 -0.2   -1.511 -0.77  -0.181 -0.19   0.83  -0.026 -0.4    0.5
  0.1    0.86   0.342 -0.034  0.45  -0.98   1.483 -1.     0.01  -0.49
  0.545 -0.34   0.923 -1.29  -2.191  0.83  -1.381 -0.983  0.64   0.59
  2.017  1.06  -1.274 -0.51   0.42  -1.054  0.91   0.46   1.355 -0.55
 -1.38   0.62  -0.575  0.899  0.974  0.15  -0.98   0.23  -0.4   -1.265
  0.2   -0.97  -1.02  -0.378 -0.21   0.879  0.07  -0.43  -0.32   0.59
 -0.42  -0.89  -1.021 -0.19   0.507 -0.415 -2.082  0.92  -1.066 -0.159][-1.79   0.93   0.46  -0.61   0.144  0.1    0.436  0.29  -0.68  -0.38
  0.802  0.31   0.5    0.43   0.35   0.16  -0.27  -0.81  -0.494 -0.35
  0.626 -0.2   -0.77  -0.77  -0.181 -0.19   0.83   0.02  -0.4    0.5
  0.1    0.86   0.342 -0.034  0.45  -1.355  1.305 -1.     0.01  -0.49
  2.121 -0.34   0.923 -1.29  -2.191  0.83  -1.381 -0.983  0.64   0.59
  2.017  1.06  -1.274 -0.51   0.42  -1.054  0.91   0.46   0.43  -0.55
 -1.38   0.62  -0.81   0.57   0.41   0.15  -0.98   0.23  -0.4   -1.265
  0.2   -0.97  -1.02  -0.03  -0.21   0.879  0.07  -0.865 -0.32   0.59
 -0.42  -1.457 -1.021 -0.19   0.846 -0.415 -2.082  0.92  -0.634 -0.764][-1.79   0.93   0.46  -0.61   0.144  0.1    0.436  0.29  -0.741 -0.38
  0.802  0.104  0.5    0.43   0.35   0.16  -0.27  -0.81  -0.494 -0.35
  0.626  0.073 -1.511 -0.77  -0.181 -0.19   0.83   0.02  -0.4    0.5
 -0.912  0.86   0.342 -0.034  0.45  -0.98   1.483 -1.     0.01  -0.49
  0.545 -0.34   0.923 -1.29  -2.191  0.83  -1.381 -1.948  0.64   0.59
  1.112  1.06  -1.274 -0.51   0.42  -1.054  0.91   1.324  0.43  -0.55
 -1.38   0.62  -0.575  0.57   0.41   0.15  -0.98   0.23  -0.4   -1.265
  0.2   -0.97  -1.02  -0.03  -0.21   0.879  0.07  -0.865 -0.32   0.409
 -0.42  -1.457 -1.021 -0.57   0.507 -0.415 -2.082  0.92  -1.066 -0.511][-1.790e+00  9.300e-01  4.600e-01 -6.100e-01  9.500e-02  1.510e-01
  4.360e-01  2.900e-01 -6.800e-01 -3.800e-01  8.020e-01  3.100e-01
 -1.960e-01 -1.180e-01  3.500e-01  1.600e-01 -2.700e-01 -5.400e-01
 -4.940e-01 -3.500e-01  6.260e-01 -2.000e-01 -1.511e+00 -7.700e-01
 -1.810e-01 -1.900e-01  8.300e-01  2.000e-02 -4.000e-01  5.000e-01
  1.000e-01  8.600e-01  3.420e-01 -2.000e-03  9.690e-01 -1.355e+00
  1.483e+00 -1.000e+00  1.000e-02 -4.900e-01  5.450e-01 -3.400e-01
  9.230e-01 -1.290e+00 -1.325e+00  8.300e-01 -1.003e+00 -9.830e-01
  6.400e-01  5.900e-01  2.017e+00  1.060e+00 -1.274e+00 -5.100e-01
  4.200e-01 -9.800e-01  9.100e-01  4.600e-01  1.355e+00 -5.500e-01
 -1.380e+00  6.200e-01 -5.750e-01  8.990e-01  4.100e-01  1.500e-01
 -1.288e+00  2.300e-01 -4.000e-01 -1.265e+00  2.570e-01 -9.700e-01
 -1.020e+00 -3.000e-02 -2.100e-01  8.790e-01  7.000e-02 -8.650e-01
 -3.200e-01  5.900e-01 -4.200e-01 -1.457e+00 -1.021e+00 -1.900e-01
  8.460e-01 -4.150e-01 -1.652e+00  9.200e-01 -1.066e+00 -5.110e-01][-1.790e+00  9.300e-01  4.600e-01 -6.100e-01  9.500e-02  1.000e-01
  4.360e-01  2.900e-01 -1.174e+00 -3.800e-01  8.100e-01  1.040e-01
  5.000e-01  4.300e-01  3.500e-01  1.600e-01  1.162e+00 -5.400e-01
 -4.940e-01 -3.500e-01  6.260e-01 -2.000e-01 -7.700e-01 -7.700e-01
 -1.810e-01 -1.900e-01  8.300e-01  2.000e-02 -4.000e-01  5.000e-01
  1.000e-01  8.600e-01  3.420e-01 -2.000e-03  4.500e-01 -9.800e-01
  1.970e+00 -1.000e+00  1.000e-02 -4.900e-01  1.518e+00 -3.400e-01
  9.230e-01 -1.290e+00 -2.191e+00  8.300e-01 -1.381e+00 -1.548e+00
  6.400e-01  5.900e-01  1.112e+00  1.060e+00 -1.274e+00 -5.100e-01
  4.200e-01 -1.054e+00  9.100e-01  4.600e-01  1.355e+00 -5.500e-01
 -1.380e+00  6.200e-01 -8.100e-01  5.700e-01  4.100e-01  1.500e-01
 -9.800e-01  2.300e-01 -7.110e-01 -1.265e+00  2.570e-01 -9.700e-01
 -1.020e+00 -3.000e-02 -2.100e-01  8.790e-01  7.000e-02 -8.650e-01
 -3.200e-01  5.900e-01 -4.200e-01 -1.457e+00 -1.021e+00 -1.900e-01
  5.070e-01 -4.150e-01 -2.082e+00  9.200e-01 -1.066e+00 -1.590e-01][-1.79   0.93   0.46  -0.61   0.144  0.151  0.436  0.29  -0.68  -0.38
  0.802  0.31   0.196  0.43   0.35   0.16  -0.27  -0.81  -0.494 -0.35
  0.626 -0.2   -0.77  -0.77  -0.181 -0.19   0.83   0.02  -0.4    0.5
  0.1    0.86   0.342 -0.034  0.45  -1.355  1.305 -1.     0.01  -0.49
  0.545 -0.34   0.923 -1.29  -1.717  0.83  -1.381 -0.983  0.64   0.59
  2.017  1.06  -1.274 -0.51   0.42  -1.054  0.91   0.46   0.43  -0.55
 -1.38   0.62  -1.036  0.57   0.41   0.15  -1.288  0.23  -0.4   -1.265
  0.257 -0.97  -1.02  -0.503 -0.21   0.879  0.07  -0.865 -0.32   0.59
 -0.42  -1.457 -1.021 -0.19   0.846 -0.415 -2.082  0.92  -0.634 -0.764][-1.79   0.93   0.46  -0.61   0.144  0.1    0.436  0.29  -0.68  -0.38
  0.802  0.104  0.5    0.43   0.35   0.16  -0.27  -0.81  -0.494 -0.35
  0.626 -0.2   -0.77  -0.77  -0.181 -0.19   0.83   0.02  -0.4    0.5
  0.165 -0.132  0.342 -0.034  0.45  -1.355  1.593 -1.     0.01  -0.49
  0.545 -0.34   0.923 -1.29  -2.191  0.83  -1.381 -0.983  0.64   0.59
  2.017  1.06  -1.274 -0.51   0.42  -1.054  0.91   0.46   1.355 -0.55
 -1.38   0.62  -0.81   0.57   0.41   0.15  -0.98   0.23  -1.259 -1.265
  0.2   -0.97  -1.02  -0.03  -0.21   0.879  0.07  -0.865 -0.32   0.59
 -0.702 -1.457 -1.021 -0.19   0.846 -0.415 -2.082  0.92  -0.634 -0.511][-1.79   0.93   0.46  -0.61   0.144  0.1    0.436  0.29  -0.68  -0.38
  0.802  0.31   0.5    0.43   0.35   0.16  -0.27  -0.81  -0.494 -0.35
  0.626 -0.2   -2.044 -0.77  -0.181 -0.19   0.83   0.02  -0.4    0.5
  0.165  1.227  0.342 -0.034  0.45  -1.355  1.483 -1.     0.01  -0.49
  0.545 -0.34   0.923 -1.29  -2.191  0.83  -1.381 -0.983  0.64   0.59
  2.017  1.06  -1.274 -0.51   0.42  -0.98   0.91   0.46   1.355 -0.55
 -2.286  0.62  -0.81   0.899  0.41   0.15  -0.98   0.23  -0.4   -1.265
  0.2   -0.97  -1.02  -0.03  -0.21   0.879  0.07  -0.865 -0.32   0.59
 -0.42  -1.457 -1.021 -0.19   0.846 -0.415 -2.082  0.92  -1.066 -0.159][-1.79   0.93   0.46  -0.61   0.144  0.151  0.436  0.29  -0.741 -0.38
  0.802  0.31   0.5    0.43   0.35   0.16  -0.27  -0.81  -0.494 -0.35
  0.626 -0.2   -1.511 -0.77  -0.181 -0.19   0.83   0.02  -0.4    0.5
  0.406  0.86   0.342 -0.034  0.45  -1.355  1.483 -1.     0.01  -0.49
  0.545 -0.34   0.923 -1.29  -1.717  0.83  -1.381 -0.983  0.64   0.59
  2.017  1.06  -1.274 -0.51   0.42  -0.98   0.91   0.46   1.355 -0.55
 -2.286  0.62  -0.81   0.899  0.41   0.15  -0.98   0.23  -0.4   -1.265
  0.257 -0.97  -1.02  -0.503 -0.21   0.879  0.07  -0.865 -0.32   0.59
 -0.42  -1.457 -1.021 -0.19   0.507 -0.415 -2.082  0.92  -1.066 -0.159][-1.790e+00  9.300e-01  4.600e-01 -6.100e-01  1.440e-01  1.000e-01
  4.360e-01  2.900e-01 -6.800e-01 -3.800e-01  8.020e-01  1.040e-01
  5.000e-01  4.300e-01  3.500e-01  1.600e-01  1.162e+00 -5.400e-01
 -4.940e-01 -3.500e-01  6.260e-01 -2.000e-01 -1.353e+00 -7.700e-01
 -1.810e-01 -1.900e-01  8.300e-01  2.000e-02 -4.000e-01  5.000e-01
 -9.120e-01  8.600e-01  3.420e-01 -2.000e-03  4.500e-01 -9.800e-01
  1.483e+00 -1.000e+00  1.000e-02 -4.900e-01  1.518e+00 -3.400e-01
  9.230e-01 -1.290e+00 -1.325e+00  8.300e-01 -1.381e+00 -1.948e+00
  6.400e-01  5.900e-01  1.112e+00  1.060e+00 -1.274e+00 -5.100e-01
  4.200e-01 -1.054e+00  9.100e-01  1.324e+00  4.300e-01 -5.500e-01
 -1.380e+00  6.200e-01 -5.750e-01  5.700e-01  4.100e-01  1.500e-01
 -1.288e+00  2.300e-01 -4.000e-01 -1.265e+00  2.570e-01 -9.700e-01
 -1.020e+00 -3.000e-02 -2.100e-01  8.790e-01  7.000e-02 -8.650e-01
 -3.200e-01  5.900e-01 -4.200e-01 -1.457e+00 -1.021e+00 -1.900e-01
  5.070e-01 -4.150e-01 -2.082e+00  9.200e-01 -1.066e+00 -5.110e-01][-1.79   0.93   0.46  -0.61   0.144  0.151  0.436  0.29  -0.68  -0.38
  0.802  0.104 -0.196  0.43   0.35   0.16  -0.27  -0.81  -0.494 -0.35
  0.626 -0.2   -1.511 -0.77  -0.181 -0.19   0.83   0.02  -0.4    0.5
  0.1    0.86   0.342 -0.034  0.969 -0.98   1.483 -1.     0.01  -0.49
  1.509 -0.34   0.923 -1.29  -2.191  0.83  -1.003 -0.983  0.64   1.438
  1.112  1.06  -1.274 -0.51   0.42  -0.98   0.91   0.46   1.355 -0.55
 -1.38   0.62  -1.036  0.57   0.41   0.15  -1.288  0.23  -0.4   -1.265
  0.257 -0.97  -1.02  -0.503 -0.21   0.879  0.07  -0.865 -0.32   0.59
 -0.42  -1.457 -1.021 -0.19   0.846 -0.415 -2.082  0.92  -1.066 -0.511][-1.790e+00  9.300e-01  4.600e-01 -6.100e-01  9.500e-02  1.000e-01
  4.360e-01  2.900e-01 -6.800e-01 -3.800e-01  8.020e-01  1.040e-01
  5.000e-01  4.300e-01  3.500e-01  1.600e-01  1.162e+00 -5.400e-01
 -4.940e-01 -3.500e-01  6.260e-01 -2.000e-01 -7.700e-01 -7.700e-01
 -1.810e-01 -1.900e-01  8.300e-01  2.000e-02 -4.000e-01  5.000e-01
  1.000e-01 -1.320e-01  3.420e-01 -2.000e-03  1.934e+00 -9.800e-01
  1.483e+00 -1.000e+00  1.000e-02 -4.900e-01  1.518e+00 -3.400e-01
  9.230e-01 -1.290e+00 -2.191e+00  8.300e-01 -1.381e+00 -1.548e+00
  6.400e-01  1.438e+00  1.112e+00  1.060e+00 -1.274e+00 -5.100e-01
  4.200e-01 -1.054e+00  9.100e-01  4.600e-01  1.355e+00 -5.500e-01
 -1.380e+00  6.200e-01 -5.750e-01  5.700e-01  4.100e-01  1.500e-01
 -1.288e+00  2.300e-01 -4.000e-01 -1.265e+00  2.000e-01 -9.700e-01
 -1.020e+00 -3.000e-02 -2.100e-01  8.790e-01  7.000e-02 -8.650e-01
 -3.200e-01  5.900e-01 -4.200e-01 -1.457e+00 -1.021e+00 -1.900e-01
  5.070e-01 -4.150e-01 -2.082e+00  9.200e-01 -6.340e-01 -5.110e-01][-1.790e+00  9.300e-01  4.600e-01 -6.100e-01  1.440e-01  1.000e-01
  4.360e-01  2.900e-01 -6.800e-01 -3.800e-01  8.020e-01  1.040e-01
 -2.440e-01  4.300e-01  3.500e-01  1.600e-01 -2.700e-01 -5.400e-01
 -4.940e-01 -3.500e-01  6.260e-01 -2.000e-01 -1.353e+00 -7.700e-01
 -1.810e-01 -1.900e-01  8.300e-01  2.000e-02 -4.000e-01  5.000e-01
 -9.120e-01 -1.320e-01  3.420e-01 -2.000e-03  4.500e-01 -9.800e-01
  1.593e+00 -1.000e+00  1.000e-02 -4.900e-01  1.518e+00 -3.400e-01
  9.230e-01 -1.290e+00 -1.325e+00  8.300e-01 -1.381e+00 -9.830e-01
  6.400e-01  5.900e-01  1.112e+00  1.060e+00 -1.274e+00 -5.100e-01
  4.200e-01 -1.054e+00  9.100e-01  4.600e-01  1.355e+00 -5.500e-01
 -1.380e+00  6.200e-01 -5.750e-01  5.700e-01  4.100e-01  1.500e-01
 -1.288e+00  2.300e-01 -4.000e-01 -1.265e+00  2.000e-01 -9.700e-01
 -1.020e+00 -3.000e-02 -2.100e-01  8.790e-01  7.000e-02 -8.650e-01
 -3.200e-01  5.900e-01 -7.020e-01 -1.457e+00 -1.021e+00 -1.900e-01
  8.460e-01 -4.150e-01 -2.082e+00  9.200e-01 -6.340e-01 -5.110e-01][-1.79   0.93   0.46  -0.61   0.144  0.151  0.436  0.29  -0.68  -0.38
  0.802  0.31  -0.196  0.43   0.35   0.16   1.162 -0.81  -0.494 -0.35
  0.626 -0.2   -1.511 -0.77  -0.181 -0.19   0.83   0.02  -0.4    0.5
 -0.912  0.86   0.342 -0.034  0.45  -0.98   1.483 -1.     0.01  -0.49
  1.518 -0.34   0.923 -1.29  -1.717  0.83  -1.381 -1.948  0.64   0.59
  1.112  1.06  -1.274 -0.51   0.42  -1.054  0.91   0.46   1.355 -0.55
 -1.38   0.62  -0.575  0.899  0.41   0.15  -1.288  0.23  -0.4   -1.265
  0.257 -0.97  -1.02  -0.03  -0.21   0.879 -0.527 -0.865 -0.32   0.59
 -0.42  -1.457 -1.021 -0.19   0.507 -0.415 -2.082  0.92  -1.066 -0.511][-1.79   0.93   0.46  -0.61   0.095  0.148  0.436  0.29  -0.68  -0.38
  0.802  0.31   0.5    0.43   0.35   0.16  -0.27  -0.81  -0.494 -0.35
  0.626 -0.2   -1.511 -0.77  -0.181 -0.19   0.83   0.02  -0.4    0.5
  0.165  0.86   0.342 -0.034  0.45  -1.355  1.593 -1.     0.01  -0.49
  0.545 -0.34   0.923 -1.29  -2.191  0.83  -1.381 -0.983  0.64   0.463
  2.017  1.06  -1.274 -0.51   0.42  -0.98   0.91   0.46   1.355 -0.203
 -1.38   0.984 -0.81   0.57   0.41   0.15  -0.98   0.23  -0.711 -1.265
  0.2   -0.97  -1.486 -0.03  -0.21   0.879  0.07  -0.865 -0.32   0.59
 -0.42  -1.457 -1.021 -0.19   0.507 -0.415 -2.082  0.92  -1.066 -0.511][-1.790e+00  9.300e-01  4.600e-01 -6.100e-01  1.440e-01  1.000e-01
  4.360e-01  2.900e-01 -6.800e-01 -3.800e-01  8.020e-01  1.040e-01
  5.000e-01  1.031e+00  3.500e-01  1.600e-01  1.162e+00 -5.400e-01
 -4.940e-01 -3.500e-01  6.260e-01 -2.000e-01 -7.700e-01 -7.700e-01
 -1.810e-01 -1.900e-01  8.300e-01  2.000e-02 -4.000e-01  5.000e-01
 -9.120e-01 -1.320e-01  3.420e-01 -2.000e-03  9.690e-01 -9.800e-01
  1.483e+00 -1.000e+00  1.000e-02 -4.900e-01  1.518e+00 -3.400e-01
  9.230e-01 -1.290e+00 -2.191e+00  8.300e-01 -1.381e+00 -1.948e+00
  6.400e-01  5.900e-01  2.017e+00  1.060e+00 -1.274e+00 -5.100e-01
  4.200e-01 -1.054e+00  9.100e-01  4.600e-01  4.300e-01 -5.500e-01
 -1.380e+00  6.200e-01 -8.100e-01  5.700e-01  4.100e-01  1.500e-01
 -1.288e+00  2.300e-01 -4.000e-01 -1.265e+00  2.000e-01 -9.700e-01
 -1.020e+00 -3.000e-02 -2.100e-01  8.790e-01  7.000e-02 -8.650e-01
 -3.200e-01  5.900e-01 -4.200e-01 -1.457e+00 -1.021e+00 -1.900e-01
  8.460e-01 -4.150e-01 -2.082e+00  9.200e-01 -1.066e+00 -5.110e-01][-1.79   0.93   0.46  -0.61   0.144  0.151  0.436  0.29  -0.68  -0.38
  0.802  0.31   0.5    0.43   0.35   0.16  -1.13  -0.81  -0.494 -0.35
  0.626 -0.2   -1.511 -0.77  -0.181 -0.19   0.83   0.02  -0.4    0.5
 -0.912  0.86   0.342 -0.808  0.45  -1.355  1.593 -0.512  0.01  -0.49
  0.545 -0.34   0.923 -1.29  -2.191  0.83  -1.381 -0.983  0.64   0.59
  2.017  1.06  -1.274 -0.51   0.42  -0.98   0.91   0.46   1.355 -0.55
 -1.38   0.984 -0.81   0.57   0.41   0.15  -0.98   0.23  -0.357 -1.265
  0.2   -0.97  -1.486 -0.03  -0.21   0.879  0.07  -0.865 -0.32   0.59
 -0.42  -1.457 -1.021 -0.19   0.846 -0.415 -2.082  1.818 -1.066 -0.511][-1.790e+00  9.300e-01  4.600e-01 -6.100e-01  1.440e-01  1.000e-01
  4.360e-01  2.900e-01 -6.800e-01 -3.800e-01  8.020e-01  3.100e-01
  5.000e-01  4.300e-01  8.210e-01  1.600e-01 -2.700e-01 -5.400e-01
 -4.940e-01 -3.500e-01  6.260e-01 -2.000e-01 -7.700e-01 -7.700e-01
 -1.810e-01 -1.900e-01  8.300e-01  2.000e-02 -4.000e-01  5.000e-01
 -9.120e-01  8.600e-01  3.420e-01 -2.000e-03  4.500e-01 -1.355e+00
  1.483e+00 -1.000e+00  1.000e-02 -4.900e-01  1.518e+00 -3.400e-01
  9.230e-01 -1.290e+00 -2.191e+00  8.300e-01 -1.381e+00 -9.830e-01
  6.400e-01  5.900e-01  1.112e+00  1.060e+00 -1.274e+00 -5.100e-01
  4.200e-01 -1.054e+00  9.100e-01  4.600e-01  4.300e-01 -5.500e-01
 -1.380e+00  6.200e-01 -8.100e-01  5.700e-01  4.100e-01  1.500e-01
 -9.800e-01  2.300e-01 -4.000e-01 -1.265e+00  2.000e-01 -9.700e-01
 -1.020e+00 -3.000e-02 -2.100e-01  8.790e-01  7.000e-02 -8.650e-01
 -3.200e-01  5.900e-01 -4.200e-01 -1.457e+00 -1.021e+00 -1.900e-01
  8.460e-01 -4.150e-01 -2.082e+00  9.200e-01 -6.340e-01 -5.110e-01][-1.79   0.93   0.46  -0.61   0.144  0.1    0.436  1.034 -0.68  -0.38
  0.802  0.31   0.302  0.43   0.35   0.16  -0.27  -0.81  -0.494 -0.35
  0.626 -0.2   -1.511 -0.77  -0.181 -0.19   0.83   0.02  -0.4    0.5
  0.1    0.86   0.342 -0.034  0.45  -1.355  1.593 -1.     0.01  -0.49
  0.545 -0.34   0.923 -1.29  -2.191  0.83  -1.381 -0.983  0.64   0.59
  2.017  1.06  -1.274 -0.51   0.42  -0.98   0.91   0.46   1.355 -0.203
 -1.38   0.984 -0.81   0.57   0.974  0.15  -0.98   0.23  -1.259 -1.265
  0.2   -0.97  -1.02  -0.378 -0.21   0.879  0.07  -0.865 -0.32   0.59
 -0.42  -0.89  -1.021 -0.19   0.846 -0.415 -2.082  0.92  -1.066 -0.511][-1.79   0.93   0.46  -0.61   0.144  0.1    0.436  0.29  -0.68  -0.38
  0.802  0.104  0.5    0.43   0.35   0.16  -0.27  -0.54  -0.494 -0.35
  0.626 -0.2   -0.77  -0.77  -0.181 -0.19   0.83   0.02  -0.4    0.5
  0.1   -0.132  0.342 -0.034  0.969 -1.355  1.593 -1.     0.01  -0.49
  0.545 -0.34   0.923 -1.29  -1.325  0.83  -1.381 -1.837  0.64   0.59
  2.017  1.06  -1.274 -0.51   0.42  -1.054  0.91   0.46   1.355 -0.55
 -1.38   0.62  -0.81   0.57   0.41   0.15  -1.288  0.23  -0.711 -1.265
  0.257 -0.97  -1.02  -0.03  -0.21   0.879  0.07  -0.865 -0.32   0.59
 -0.702 -1.457 -1.021 -0.19   0.507 -0.415 -2.082  1.818 -0.634 -0.511][-1.79   0.93   0.46  -0.61   0.095  0.1    0.436  0.29  -0.68  -0.38
  0.802  0.31   0.5    0.43   0.35   0.16  -0.27  -0.54  -0.494 -0.35
  0.626 -0.2   -1.511 -0.77  -0.181 -0.19   0.83   0.02  -0.4    0.5
  0.1    0.86   0.342 -0.034  0.45  -0.98   0.802 -1.     0.01  -0.49
  0.545 -0.34   0.923 -1.29  -1.325  0.83  -1.003 -1.548  0.64   0.59
  1.112  1.06  -1.274 -0.51   0.42  -0.98   0.91   0.46   1.355 -0.55
 -2.286  0.62  -0.81   0.899  0.41   0.15  -1.288  0.23  -0.4   -1.265
  0.257 -0.97  -1.02  -0.503 -0.21   0.879  0.07  -0.865 -0.32   0.59
 -0.42  -1.457 -1.021 -0.19   0.846 -0.415 -1.652  0.92  -1.853 -0.511][-1.790e+00  9.300e-01  4.600e-01 -6.100e-01  1.440e-01  1.000e-01
  4.360e-01  2.900e-01 -6.800e-01 -3.800e-01  8.020e-01  1.040e-01
  5.000e-01  4.300e-01  3.500e-01  1.600e-01  1.162e+00 -8.100e-01
 -4.940e-01 -3.500e-01  6.260e-01 -2.000e-01 -1.353e+00 -7.700e-01
 -1.810e-01 -1.900e-01  8.300e-01 -2.600e-02 -4.000e-01  5.000e-01
 -9.120e-01  8.600e-01  3.420e-01 -2.000e-03  4.500e-01 -9.800e-01
  1.483e+00 -1.000e+00  1.000e-02 -4.900e-01  5.450e-01 -3.400e-01
  9.230e-01 -1.290e+00 -2.191e+00  8.300e-01 -1.381e+00 -1.948e+00
  6.400e-01  5.900e-01  1.112e+00  1.060e+00 -1.274e+00 -5.100e-01
  4.200e-01 -1.054e+00  9.100e-01  1.324e+00  4.300e-01 -5.500e-01
 -1.380e+00  6.200e-01 -5.750e-01  5.700e-01  9.740e-01  1.500e-01
 -9.800e-01  2.300e-01 -4.000e-01 -1.265e+00  2.570e-01 -9.700e-01
 -1.020e+00 -3.780e-01 -2.100e-01  8.790e-01  7.000e-02 -8.650e-01
 -3.200e-01  5.900e-01 -4.200e-01 -1.457e+00 -1.021e+00 -1.900e-01
  5.070e-01  3.250e-01 -2.082e+00  9.200e-01 -1.066e+00 -5.110e-01][-1.790e+00  9.300e-01  4.600e-01 -6.100e-01  1.440e-01  1.510e-01
  4.360e-01  2.900e-01 -6.800e-01 -3.800e-01  8.020e-01  3.100e-01
  5.000e-01  4.300e-01  3.500e-01  1.600e-01  1.162e+00 -8.100e-01
 -4.940e-01 -3.500e-01  6.260e-01 -2.000e-01 -1.511e+00 -7.700e-01
 -1.810e-01 -1.900e-01  8.300e-01  2.000e-02 -4.000e-01  5.000e-01
 -9.120e-01  8.600e-01  3.420e-01 -2.000e-03  4.500e-01 -9.800e-01
  1.483e+00 -1.000e+00  1.000e-02 -4.900e-01  5.450e-01 -3.400e-01
  9.230e-01 -1.290e+00 -1.717e+00  8.300e-01 -1.003e+00 -9.830e-01
  6.400e-01  5.900e-01  1.112e+00  1.499e+00 -1.274e+00 -5.100e-01
  4.200e-01 -9.800e-01  9.100e-01  1.324e+00  4.300e-01 -5.500e-01
 -1.380e+00  6.200e-01 -5.750e-01  5.700e-01  4.100e-01  1.500e-01
 -1.288e+00  2.300e-01 -4.000e-01 -1.265e+00  2.570e-01 -9.700e-01
 -1.020e+00 -5.030e-01 -2.100e-01  8.790e-01  7.000e-02 -8.650e-01
 -3.200e-01  5.900e-01 -4.200e-01 -1.457e+00 -1.021e+00 -1.900e-01
  8.460e-01 -4.150e-01 -2.082e+00  9.200e-01 -1.066e+00 -5.110e-01][-1.79   0.93   0.46  -0.61   0.144  0.1    0.436  0.29  -0.68  -0.38
  0.802  0.104  0.5    0.43   0.35   0.16   1.162 -0.81  -0.259 -0.35
  0.626 -0.2   -0.77  -0.77  -0.181 -0.19   0.83   0.02  -0.4    0.5
 -0.912  0.86   0.342 -0.034  0.45  -0.98   1.483 -1.     0.01  -0.49
  2.121 -0.34   0.923 -1.29  -1.325  0.83  -1.381 -1.948  0.64   0.59
  1.112  1.06  -1.274 -0.51   0.42  -1.054  0.91   0.46   0.43  -0.55
 -1.38   0.62  -0.575  0.57   0.41   0.15  -1.288  0.23  -0.4   -1.265
  0.257 -0.97  -1.02  -0.03  -0.21   0.879  0.07  -0.865 -0.32   0.59
 -0.42  -1.457 -1.021 -0.149  0.507 -0.415 -2.082  0.92  -1.066 -0.511][-1.79   0.93   0.46  -0.61   0.144  0.151  0.436  0.29  -0.68  -0.38
  0.802  0.104  0.5    0.43   0.35   0.16  -0.27  -0.81  -0.494 -0.35
  0.626 -0.2   -0.77   0.059 -0.181 -0.19   0.83   0.02  -0.4    0.5
 -0.912  0.86   0.342 -0.034  0.45  -0.98   1.305 -1.     0.01  -0.49
  0.545 -0.34   0.923 -1.29  -1.717  0.83  -1.381 -0.983  0.64   0.59
  2.017  1.06  -1.274 -0.51   0.42  -1.054  0.91   0.46   1.355 -0.55
 -1.38   0.62  -1.036  0.57   0.41   0.15  -0.98   0.23  -1.259 -1.265
  0.257 -0.97  -1.02  -0.503 -0.21   0.879  0.07  -0.865 -0.32   0.59
 -0.42  -1.457 -1.021 -0.19   0.846 -0.415 -2.082  0.92  -1.066 -0.511][-1.79   0.93   0.46  -0.61   0.144  0.1    0.436  0.29  -0.741 -0.38
  0.802  0.104  0.5    0.43   0.35   0.16   1.162 -0.54  -0.494 -0.35
  0.626 -1.068 -1.353 -0.77  -0.181 -0.19   0.83   0.02  -0.4    0.5
  0.406  0.86   0.342 -0.034  0.45  -0.98   1.483 -1.     0.01  -0.49
  1.518 -0.34   0.923 -1.29  -1.717  0.83  -1.381 -1.948  0.64   0.59
  1.112  1.06  -1.274 -0.51   0.42  -1.054  0.91   1.324  0.43  -0.55
 -1.38   0.62  -0.81   0.899  0.41   0.15  -1.288  0.23  -0.4   -1.265
  0.257 -0.97  -1.02  -0.503 -0.21   0.879  0.07  -0.865 -0.32   0.59
 -0.42  -1.457 -1.021 -0.19   0.507 -0.415 -2.082  0.92  -1.066 -0.159][-1.79   0.93   0.46  -0.61   0.095  0.151  0.436  0.29  -0.68  -0.38
  0.802  0.31   0.5    0.43   0.35   0.16  -0.27  -0.54  -0.494 -0.35
  0.626 -0.2   -1.511 -0.77  -0.181 -0.19   0.83   0.02   0.297  0.5
  0.1   -0.132  0.342 -0.034  0.45  -0.98   1.483 -1.     0.01  -0.49
  1.518 -0.34   0.923 -1.29  -2.191  0.83  -1.381 -0.983  0.64   1.438
  2.017  1.06  -1.274 -0.51   0.42  -0.98   0.91   0.46   1.355 -0.55
 -2.286  0.62  -0.81   0.57   0.41   0.15  -1.288  0.23  -0.4   -1.265
  0.257 -0.97  -1.02  -0.03  -0.21   0.879  0.07  -0.865 -0.32   0.59
 -0.702 -1.457 -1.021 -0.19   0.507 -0.415 -2.082  0.92  -0.634 -0.159][-1.79   0.93   0.46  -0.61   0.144  0.1    0.436  0.29  -0.68  -0.38
  0.802  0.31   0.5    0.43   0.35   0.16   1.162 -0.54  -0.259 -0.35
  0.626 -0.2   -0.77  -0.77  -0.181 -0.19   0.83   0.02  -0.4    0.5
  0.1   -0.132  0.342 -0.034  0.45  -1.355  1.483 -1.     0.01  -0.49
  1.518 -0.34   0.923 -1.29  -1.325  0.83  -1.381 -0.983  0.64   1.438
  2.017  1.06  -1.274 -0.51   0.42  -1.054  0.91   0.46   0.43  -0.55
 -1.38   0.62  -0.575  0.57   0.41   0.15  -1.288  0.23  -0.4   -2.199
  0.257 -0.97  -1.02  -0.03  -0.21   0.879  0.07  -0.865 -0.32   0.59
 -0.42  -1.457 -1.021 -0.19   0.846 -0.415 -2.082  0.92  -0.634 -0.764][-1.79   0.93   0.46  -0.61   0.144  0.1    0.436  0.29  -1.174 -0.38
  0.802  0.104  0.5    0.43   0.35   0.16   1.162 -0.54  -0.494 -0.35
  0.626  0.073 -0.77  -0.77  -0.181 -0.19   0.83   0.02  -0.4    0.5
  0.1    0.86   0.342 -0.034  0.45  -0.98   1.593 -1.     0.01  -0.49
  1.518 -0.34   0.923 -1.29  -2.191  0.83  -1.381 -0.983  0.64   0.59
  2.017  1.06  -1.274 -0.51   0.42  -1.054  0.91   1.324  1.355 -0.55
 -1.38   0.62  -0.81   1.049  0.41   0.15  -0.98   0.23  -1.259 -1.265
  0.2   -0.97  -1.02  -0.03  -0.21   0.879  0.07  -0.865 -0.32   0.59
 -0.702 -1.457 -1.021 -0.19   0.846 -0.415 -2.082  0.92  -1.066 -0.159][-1.79   0.93   0.46  -0.61   0.144  0.1    0.436  0.29  -0.68  -0.38
  0.802  0.104  0.5    0.43   0.35   0.16  -0.27  -0.81  -0.494 -0.35
  0.626  0.073 -1.511 -0.77  -0.181 -0.19   0.83  -0.026 -0.4    0.5
 -0.912  0.86   0.342 -0.034  0.45  -0.98   1.483 -1.     0.01  -0.49
  0.545 -0.34   0.923 -1.29  -2.191  0.83  -1.381 -1.948  0.64   0.59
  2.017  1.06  -1.274 -0.51   0.42  -1.054  0.91   0.46   0.43  -0.55
 -1.38   0.62  -0.575  0.899  0.41   0.15  -0.98   0.23  -0.038 -1.265
  0.2   -0.97  -1.02  -0.378 -0.21   0.879  0.07  -0.43  -0.32   0.409
 -0.42  -0.89  -1.021 -0.57   0.507 -0.415 -2.082  0.92  -1.066 -0.511][-1.790e+00  9.300e-01  4.600e-01 -6.100e-01  1.440e-01  1.000e-01
  4.360e-01  2.900e-01 -6.800e-01 -3.800e-01  8.020e-01  1.040e-01
  5.000e-01  4.300e-01  3.500e-01  1.600e-01 -2.700e-01 -9.070e-01
 -4.940e-01 -3.500e-01  6.260e-01 -2.000e-01 -1.353e+00 -7.700e-01
 -1.810e-01 -1.900e-01  8.300e-01  2.000e-02 -4.000e-01  5.000e-01
 -9.120e-01 -1.320e-01  3.420e-01 -2.000e-03  4.500e-01 -1.355e+00
  1.593e+00 -1.000e+00  1.000e-02 -4.900e-01  5.450e-01 -3.400e-01
  9.230e-01 -1.290e+00 -2.191e+00  8.300e-01 -1.381e+00 -9.830e-01
  6.400e-01  5.900e-01  2.017e+00  1.060e+00 -1.274e+00 -5.100e-01
  4.200e-01 -1.054e+00  9.100e-01  4.600e-01  1.355e+00 -5.500e-01
 -1.380e+00  6.200e-01 -5.750e-01  5.700e-01  4.100e-01  1.500e-01
 -1.288e+00  2.300e-01 -4.000e-01 -1.265e+00  2.000e-01 -9.700e-01
 -1.020e+00 -3.000e-02 -2.100e-01  8.790e-01  7.000e-02 -8.650e-01
 -3.200e-01  5.900e-01 -7.020e-01 -1.457e+00 -1.021e+00 -1.900e-01
  5.070e-01 -4.150e-01 -2.082e+00  9.200e-01 -1.066e+00 -5.110e-01][-1.790e+00  9.300e-01  4.600e-01 -6.100e-01  1.440e-01  1.000e-01
  4.360e-01  2.900e-01 -6.800e-01 -3.800e-01  8.020e-01  1.040e-01
  5.000e-01  4.300e-01  3.500e-01  1.600e-01  1.162e+00 -5.400e-01
 -4.940e-01 -3.500e-01  6.260e-01 -2.000e-01 -1.353e+00 -7.700e-01
 -1.810e-01  3.660e-01  8.300e-01  2.000e-02 -4.000e-01  5.000e-01
 -9.120e-01  8.600e-01  3.420e-01 -2.000e-03  4.500e-01 -1.355e+00
  1.483e+00 -1.000e+00  1.000e-02 -4.900e-01  5.450e-01 -3.400e-01
  9.230e-01 -1.290e+00 -1.717e+00  8.300e-01 -1.381e+00 -9.830e-01
  6.400e-01  5.900e-01  1.112e+00  1.060e+00 -1.274e+00 -5.100e-01
  4.200e-01 -1.054e+00  9.100e-01  1.324e+00  1.355e+00 -5.500e-01
 -1.380e+00  6.200e-01 -5.750e-01  5.700e-01  4.100e-01  1.500e-01
 -9.800e-01  2.300e-01 -4.000e-01 -1.375e+00  2.000e-01 -9.700e-01
 -1.020e+00 -3.000e-02 -2.100e-01  8.790e-01  7.000e-02 -8.650e-01
 -3.200e-01  5.900e-01 -4.200e-01 -1.457e+00 -1.021e+00 -1.900e-01
  5.070e-01 -4.150e-01 -2.082e+00  9.200e-01 -1.066e+00 -1.590e-01][-1.790e+00  9.300e-01  4.600e-01 -6.100e-01  1.440e-01  1.000e-01
  4.360e-01  2.900e-01 -6.800e-01 -3.800e-01  8.020e-01  1.040e-01
  5.000e-01  4.300e-01  3.500e-01  1.600e-01  1.162e+00 -5.400e-01
 -4.940e-01 -3.500e-01  6.260e-01 -2.000e-01 -7.700e-01 -7.700e-01
 -1.810e-01 -1.900e-01  8.300e-01  2.000e-02 -4.000e-01  5.000e-01
  1.000e-01 -1.320e-01  3.420e-01 -2.000e-03  4.500e-01 -9.800e-01
  1.483e+00 -1.000e+00  1.000e-02 -4.900e-01  1.518e+00 -3.400e-01
  9.230e-01 -1.290e+00 -2.191e+00  8.300e-01 -1.381e+00 -1.948e+00
  6.400e-01  5.900e-01  1.112e+00  1.060e+00 -1.274e+00 -5.100e-01
  4.200e-01 -1.054e+00  9.100e-01  1.324e+00  1.355e+00 -5.500e-01
 -1.380e+00  6.200e-01 -5.750e-01  5.700e-01  4.100e-01  1.500e-01
 -1.288e+00  2.300e-01 -4.000e-01 -1.265e+00  2.570e-01 -9.700e-01
 -1.020e+00 -3.000e-02 -2.100e-01  8.790e-01  7.000e-02 -8.650e-01
 -3.200e-01  5.900e-01 -4.200e-01 -1.457e+00 -1.021e+00 -1.900e-01
  8.460e-01 -4.150e-01 -2.082e+00  9.200e-01 -4.650e-01 -5.110e-01][-1.79   0.93   0.46  -0.61   0.144  0.1    0.436  0.29  -0.68  -0.38
  0.802  0.31  -0.196  0.43   0.35   0.16  -0.27  -0.54  -0.494 -0.35
  0.626 -0.2   -1.353 -0.77  -0.181 -0.19   0.83   0.02  -0.4    0.5
 -0.912  0.86   0.342 -0.034  0.45  -1.355  1.483 -1.     0.01  -0.49
  0.545 -0.34   0.923 -1.29  -1.717  0.83  -1.003 -0.983  0.64   0.59
  1.112  1.06  -1.274 -0.51   0.42  -0.98   0.91   0.46   1.355 -0.55
 -1.38   0.62  -1.036  0.57   0.41   0.15  -1.288  0.23  -0.4   -1.923
  0.257 -0.97  -1.02  -0.03  -0.21   0.879  0.07  -0.865 -0.32   0.59
 -0.42  -1.457 -1.021 -0.19   0.507 -0.415 -2.082  0.92  -1.066 -0.511][-1.790e+00  1.752e+00  4.600e-01 -6.100e-01  1.440e-01  1.000e-01
  4.360e-01  2.900e-01 -6.800e-01 -3.800e-01  8.020e-01  1.040e-01
  5.000e-01  4.300e-01  3.500e-01  1.600e-01  1.162e+00 -8.100e-01
 -2.590e-01 -3.500e-01  6.260e-01 -2.000e-01 -7.700e-01 -7.700e-01
 -1.810e-01 -1.900e-01  8.300e-01  2.000e-02 -4.000e-01  5.000e-01
 -9.120e-01  8.600e-01  3.420e-01 -2.000e-03  4.500e-01 -9.800e-01
  1.483e+00 -1.000e+00  1.000e-02 -4.900e-01  2.121e+00 -3.400e-01
  9.230e-01 -1.290e+00 -1.325e+00  8.300e-01 -1.381e+00 -9.830e-01
  6.400e-01  5.900e-01  2.017e+00  1.060e+00 -1.274e+00 -5.100e-01
  4.200e-01 -1.054e+00  9.100e-01  4.600e-01  4.300e-01 -5.500e-01
 -1.380e+00  6.200e-01 -5.750e-01  5.700e-01  4.100e-01  1.500e-01
 -9.800e-01  2.300e-01 -4.000e-01 -1.265e+00  2.570e-01 -9.700e-01
 -1.020e+00 -3.000e-02 -2.100e-01  8.790e-01  7.000e-02 -8.650e-01
 -3.200e-01  5.900e-01 -4.200e-01 -1.457e+00 -1.021e+00 -1.900e-01
  5.070e-01 -4.150e-01 -2.082e+00  9.200e-01 -6.340e-01 -7.640e-01][-1.79   0.93   0.46  -0.61   0.144  0.1    0.436  0.29  -0.68   0.306
  0.802  0.104  0.5    0.43   0.35   0.16  -0.27  -0.81  -0.494 -0.35
  0.626 -0.2   -0.77  -0.77  -0.181 -0.19   0.83   0.02  -0.4    0.5
  0.165 -0.132  0.342 -0.034  0.45  -1.355  1.593 -1.     0.01  -0.49
  0.545 -0.34   0.923 -1.29  -1.325  0.83  -1.381 -1.948  0.64   0.59
  1.112  1.06  -1.274 -0.51   0.42  -1.054  0.91   1.324  1.355 -0.55
 -1.38   0.62  -0.575  0.57   0.41   0.15  -1.288  0.23  -0.4   -1.265
  0.257 -0.97  -1.02  -0.03  -0.21   0.879  0.07  -0.865 -0.32   0.59
 -0.42  -1.457 -1.021 -0.19   0.507 -0.415 -2.082  0.92  -1.066 -0.511][-1.79   0.93   0.46  -0.61   0.144  0.151  0.436  0.29  -0.68  -0.38
  0.802  0.104  0.5    0.43   0.35   0.16  -0.27  -0.81  -0.494 -0.35
  0.626 -0.2   -1.511 -0.77  -0.181 -0.19   0.83   0.02  -0.4    0.5
  0.1    0.86   0.342 -0.034  0.45  -1.944  1.483 -1.     0.01  -0.49
  0.545 -0.34   0.923 -1.29  -2.191  0.83  -1.003 -0.983  0.64   0.59
  2.017  1.06  -1.274 -0.51   0.42  -0.98   0.91   0.46   1.355 -0.55
 -1.38   0.62  -1.036  0.899  0.41   0.15  -0.98   0.23  -0.4   -1.265
  0.2   -0.97  -1.02  -0.378 -0.21   0.879  0.07  -0.865 -0.32   0.59
 -0.42  -1.457 -1.021 -0.19   0.846 -0.415 -2.082  0.92  -1.066 -0.511][-1.79   0.93   0.46  -0.61   0.095  0.1    0.436  0.29  -0.68  -0.38
  0.802  0.104  0.5    0.43   0.35   0.16  -0.27  -0.54  -0.494 -0.35
  0.626 -0.2   -0.77  -0.77  -0.181 -0.19   0.83   0.02  -0.4    0.5
  0.1   -0.132  0.342 -0.034  0.969 -0.98   1.483 -1.     0.01  -0.49
  1.518 -0.34   0.923 -1.29  -2.191  0.83  -1.381 -0.983  0.64   1.438
  2.017  1.06  -1.274 -0.51   0.42  -1.054  0.91   0.46   2.113 -0.55
 -1.38   0.62  -0.81   0.57   0.41   0.15  -1.288  0.23  -0.4   -1.265
  0.2   -0.97  -1.02  -0.03  -0.21   0.879  0.07  -0.865 -0.32   0.59
 -0.702 -1.457 -1.021 -0.19   0.846 -0.415 -2.082  0.92  -0.634 -0.511][-1.790e+00  9.300e-01  4.600e-01 -6.100e-01  1.440e-01  1.000e-01
  4.360e-01  2.900e-01 -6.800e-01 -3.800e-01  8.020e-01  1.040e-01
  5.000e-01  4.300e-01  3.500e-01  1.600e-01  1.162e+00 -5.400e-01
 -4.940e-01 -3.500e-01  6.260e-01 -2.000e-01 -1.353e+00 -7.700e-01
 -1.810e-01 -1.900e-01  8.300e-01  2.000e-02 -4.000e-01  5.000e-01
 -9.120e-01  8.600e-01  3.420e-01 -2.000e-03  4.500e-01 -9.800e-01
  1.305e+00 -1.000e+00  1.000e-02 -1.740e-01  2.121e+00 -3.400e-01
  9.230e-01 -1.290e+00 -1.325e+00  8.300e-01 -1.381e+00 -1.948e+00
  6.400e-01  5.900e-01  1.112e+00  1.060e+00 -1.274e+00 -5.100e-01
  4.200e-01 -1.054e+00  9.100e-01  1.324e+00  4.300e-01 -5.500e-01
 -1.380e+00  6.200e-01 -5.750e-01  5.700e-01  4.100e-01  1.500e-01
 -1.288e+00  2.300e-01 -4.000e-01 -1.265e+00  2.000e-01 -9.700e-01
 -1.020e+00 -3.000e-02 -2.100e-01  8.790e-01  7.000e-02 -8.650e-01
 -3.200e-01  5.900e-01 -4.200e-01 -1.457e+00 -1.021e+00 -1.900e-01
  8.460e-01 -4.150e-01 -2.082e+00  9.200e-01 -1.066e+00 -7.640e-01][-1.79   0.93   0.46  -0.61   0.144  0.151  0.436  0.29  -0.68  -0.38
  0.802  0.31   0.5    0.43   0.35   0.16  -0.27  -0.81  -0.494 -0.35
  0.626 -0.2   -1.511 -0.77  -0.181 -0.19   0.83   0.02  -0.4    0.5
  0.1    0.86   0.342 -0.034  0.45  -1.355  1.483 -1.     0.01  -0.49
  0.545 -0.34   0.923 -1.29  -1.717  0.83  -1.381 -0.983  0.64   0.59
  1.112  1.06  -1.274 -0.51   0.42  -0.98   0.91   0.46   1.355 -0.55
 -1.38   0.62  -0.81   0.899  0.41   0.15  -1.288  0.23  -0.4   -1.265
  0.257 -0.97  -1.02  -0.503 -0.21   0.879  0.07  -0.865 -0.32   1.215
 -0.42  -1.457 -1.021 -0.19   0.507 -0.415 -2.082  0.92  -1.066 -0.159][-1.79   0.93   0.46  -0.61   0.095  0.1    0.436  0.29  -0.68  -0.38
  0.802  0.31   0.5    0.43   0.35   0.16  -0.27  -0.81  -0.494 -0.35
  0.626 -0.2   -1.511 -0.77  -0.181 -0.19   0.83   0.02  -0.4    0.5
  0.1    0.86   0.342 -0.034  0.45  -0.98   1.483 -1.     0.01  -0.49
  2.121 -0.34   0.923 -1.29  -2.191  0.83  -1.381 -1.548  0.64   0.59
  2.017  1.06  -1.274 -0.51   0.42  -1.054  0.91   0.46   0.43  -0.55
 -2.286  0.62  -0.81   0.57  -0.243  0.15  -0.98   0.23  -0.711 -1.375
  0.257 -0.97  -1.02  -0.03  -0.21   0.879  0.07  -0.865 -0.32   0.59
 -0.42  -1.457 -1.021 -0.19   0.846 -0.415 -1.652  0.92  -1.853 -0.764][-1.79   0.93   0.46  -0.61   0.144  0.1    0.436  0.29  -0.68  -0.38
  0.802  0.31   0.5    0.43   0.35   0.16  -0.27  -0.81  -0.494 -0.35
  0.626 -0.2   -0.77  -0.77  -0.181 -0.19   0.83   0.02  -0.4    0.5
  0.1   -0.132  0.342 -0.034  0.969 -1.355  1.483 -1.     0.01  -0.49
  1.518 -0.34   0.923 -1.29  -2.191  0.83  -1.381 -1.548  0.64   1.438
  2.017  0.321 -1.274 -0.51   0.42  -1.054  0.91   0.46   1.355 -0.55
 -1.38   0.62  -0.81   0.57   0.41   0.15  -1.288  0.23  -0.4   -1.265
  0.2   -0.97  -1.02  -0.03  -0.21   0.879  0.07  -0.865 -0.32   0.59
 -0.702 -1.457 -1.021 -0.19   0.846 -0.415 -2.082  0.92  -0.634 -0.511][-1.790e+00  9.300e-01  4.600e-01 -6.100e-01  1.440e-01  1.510e-01
  4.360e-01  2.900e-01 -6.800e-01 -3.800e-01  8.020e-01  1.040e-01
  5.000e-01  4.300e-01  3.500e-01  1.600e-01  1.162e+00 -5.400e-01
 -4.940e-01 -3.500e-01  6.260e-01 -2.000e-01 -1.353e+00 -7.700e-01
 -1.810e-01 -1.900e-01  8.300e-01  2.000e-02 -4.000e-01  5.000e-01
 -9.120e-01  8.600e-01  3.420e-01 -2.000e-03  4.500e-01 -1.355e+00
  1.305e+00 -1.000e+00  1.000e-02 -4.900e-01  2.121e+00 -3.400e-01
  9.230e-01 -1.290e+00 -1.325e+00  8.300e-01 -1.381e+00 -1.948e+00
  6.400e-01  5.900e-01  1.112e+00  1.060e+00 -1.274e+00 -5.100e-01
  4.200e-01 -1.054e+00  9.100e-01  4.600e-01  4.300e-01 -5.500e-01
 -2.286e+00  6.200e-01 -5.750e-01  5.700e-01  4.100e-01  1.500e-01
 -1.288e+00  2.300e-01 -4.000e-01 -1.265e+00  2.570e-01 -9.700e-01
 -1.020e+00 -3.000e-02 -2.100e-01  8.790e-01  8.570e-01 -8.650e-01
 -3.200e-01  5.900e-01 -4.200e-01 -1.457e+00 -1.021e+00 -1.900e-01
  8.460e-01 -4.150e-01 -2.082e+00  9.200e-01 -1.066e+00 -1.590e-01][-1.79   0.93   0.46  -0.61   0.095  0.1    0.436  0.29  -0.741 -0.38
  0.802  0.104  0.5    0.43   0.35  -0.005  1.162 -0.54  -0.494 -0.35
  0.626  0.073 -1.511 -0.77  -0.181 -0.19   0.83   0.02  -0.4    0.5
  0.1    0.86   0.342 -0.034  0.45  -0.98   1.483 -1.     0.01  -0.49
  1.518 -0.34   0.923 -1.29  -2.191  0.83  -1.381 -1.948  0.64   1.438
  1.112  1.06  -1.274 -0.51   0.42  -1.054  0.91   0.46   1.355 -0.55
 -1.38   0.62  -0.575  0.57   0.41   0.15  -1.288  0.23  -0.4   -1.265
  0.2   -0.97  -1.02  -0.03  -0.21   0.879  0.07  -0.865 -0.32   0.409
 -0.702 -1.457 -1.021 -0.57   0.846 -0.415 -2.082  0.92  -0.634 -0.511][-1.79   0.93   0.46  -0.61   0.144  0.1    0.436  0.29  -0.68  -0.38
  0.81   0.31   0.5    0.43   0.35   0.16   1.162 -0.81  -0.494 -0.35
  0.626 -0.2   -0.77  -0.77  -0.181 -0.19   0.83   0.02  -0.4    0.5
  0.1    0.86   0.342 -0.034  0.263 -1.355  1.483 -1.     0.01  -0.49
  0.545 -0.34   0.923 -1.29  -1.325  0.83  -1.381 -0.983  0.64   0.59
  2.017  1.06  -1.274 -0.51   0.42  -1.054  0.91   0.46   1.355 -0.55
 -1.38   0.62  -0.575  0.57   0.41   0.15  -0.98   0.23  -0.357 -1.265
  0.257 -0.97  -1.02  -0.03  -0.21   0.879  0.07  -0.865 -0.32   0.59
 -0.42  -1.457 -1.021 -0.57   0.507 -0.415 -2.082  0.92  -1.066 -0.764][-1.79   0.93   0.46  -0.61   0.144  0.1    0.436  1.034 -0.68  -0.38
  0.802  0.104  0.5    0.43   0.35   0.16  -0.27  -0.54  -0.494 -0.35
  0.626 -0.2   -1.511 -0.77  -0.181 -0.19   0.83   0.02  -0.4    0.5
 -0.912  0.86   0.342 -0.034  0.45  -0.98   1.483 -1.     0.01  -0.49
  1.518 -0.34   0.923 -1.29  -2.262  0.83  -1.381 -1.948  0.64   0.59
  1.112  1.06  -1.274 -0.51   0.42  -1.054  0.91   0.46   1.355 -0.203
 -1.38   0.62  -0.575  0.57   0.41   0.15  -0.98   0.23  -1.259 -1.265
  0.2   -0.97  -1.02  -0.03  -0.21   0.879  0.07  -0.865 -0.32   0.59
 -0.42  -1.457 -1.021 -0.19   0.507 -0.415 -2.082  0.92  -1.066 -0.511][-1.79   0.93   0.46  -0.61   0.144  0.1    0.436  0.29  -0.68  -0.38
  0.802  0.104  0.5    0.43   0.35   0.16   1.162 -0.81  -0.494 -0.35
 -0.362 -0.2   -0.77  -0.77  -0.181 -0.19   0.83   0.02  -0.4    0.5
  0.1    0.86   0.342 -0.034  0.45  -0.98   1.483 -1.     0.01  -0.49
  1.518 -0.34   0.923 -1.29  -1.325  0.83  -1.381 -1.948  0.64   0.59
  2.017  1.06  -1.274 -0.51   0.42  -1.054  0.91   1.324  0.43  -0.55
 -1.38   0.62  -0.575  0.57   0.41   0.15  -1.288  0.23  -0.4   -1.265
  0.257 -0.97  -1.02  -0.03  -0.21   0.879  0.07  -0.865 -0.32   0.59
 -0.42  -1.457 -1.021 -0.19   0.507 -0.415 -2.082  0.92  -0.634 -0.511][-1.79   0.93   0.46  -0.61   0.144  0.151  0.436  0.29  -0.741 -0.38
  0.802  0.31   0.5    0.43   0.35   0.16   1.162 -0.54  -0.494 -0.35
  0.626  0.023 -1.511 -0.77  -0.181 -0.19   0.83   0.02  -0.4    0.5
 -0.912  0.86   0.342 -0.034  0.45  -0.98   1.483 -1.     0.01  -0.49
  1.518 -0.34   0.923 -1.29  -1.325  0.83  -1.381 -1.948  0.64   0.59
  1.112  1.06  -1.274 -0.51   0.42  -1.054  0.91   1.324  0.43  -0.55
 -1.38   0.62  -0.81   0.899  0.41   0.15  -1.288  0.23  -0.4   -1.265
  0.257 -0.97  -1.02  -0.03  -0.21   0.879  0.07  -0.865 -0.32   0.59
 -0.42  -1.457 -1.021 -0.19   0.507 -0.415 -2.082  0.92  -1.066 -0.511][-1.79   0.93   0.46  -0.61   0.144  0.1    0.436  0.29  -0.68  -0.38
  0.802  0.31   0.5    0.43   0.35   0.16   1.162 -0.54  -0.659 -0.35
  0.626 -0.2   -1.511 -0.77  -0.181 -0.19   0.83   0.02  -0.4    0.5
  0.1    0.86   0.342 -0.034  0.45  -1.355  1.483 -1.     0.01  -0.49
  0.545 -0.34   0.923 -1.29  -1.325  0.83  -1.381 -0.983  0.64   0.59
  2.017  1.06  -1.274 -0.51   0.42  -1.054  0.91   0.46   1.355 -0.55
 -1.38   0.62  -0.575  0.57   0.41   0.15  -1.288  0.23  -0.711 -1.265
  0.257 -0.97  -1.02  -0.03  -0.21   0.879  0.07  -0.865 -0.32   0.59
 -0.42  -1.457 -1.021 -0.19   0.846 -0.415 -2.082  1.818 -1.066 -0.511][-1.79   0.93   0.46  -0.61   0.144  0.151  0.436  0.29  -0.68  -0.38
  0.802  0.31   0.686  0.43   0.35   0.16  -0.27  -0.81  -0.494 -0.35
  0.626 -0.2   -1.511 -0.77  -0.181 -0.19   0.83   0.02  -0.4    0.5
  0.406  0.86   0.342 -0.034  0.45  -1.355  1.483 -1.     0.01  -0.49
  0.545 -0.34   0.923 -1.29  -1.717  0.83  -1.003 -0.983  0.64   0.59
  1.112  1.06  -1.274 -0.51   0.42  -0.98   0.91   0.46   1.355 -0.55
 -2.286  0.62  -1.036  0.899  0.41   0.15  -1.288  0.23  -0.4   -1.265
  0.257 -0.97  -1.02  -0.503 -0.21   0.879  0.07  -0.865 -0.32   0.59
 -0.42  -1.457 -1.021 -0.19   0.846 -0.415 -2.082  0.92  -1.066 -0.511][-1.79   0.93   0.46  -0.61   0.095  0.151  0.436  1.034 -0.68  -0.38
  0.802  0.31   0.5    0.43   0.35   0.16  -0.27  -0.81  -0.494 -0.35
  0.626 -0.2   -0.77  -0.77  -0.181 -0.19   0.83   0.02  -0.4    0.5
 -0.912  0.86   0.342 -0.034  0.45  -1.355  1.305 -1.     0.01  -0.49
  2.121 -0.34   0.923 -1.29  -2.191  0.83  -1.381 -0.983  0.64   0.463
  2.017  1.06  -1.274 -0.51   0.42  -1.054  0.91   0.46   0.43  -0.203
 -1.38   0.62  -0.81   0.57   0.41   0.15  -0.98   0.23  -0.4   -1.265
  0.2   -0.97  -1.02  -0.03  -0.21   1.376  0.07  -0.865 -0.32   0.59
 -0.42  -1.457 -1.021 -0.19   0.846 -0.415 -2.082  0.92  -1.066 -0.511][-1.79   1.261  0.46  -0.61   0.095  0.1    0.436  0.29  -0.68  -0.38
  0.802  0.104  0.5    0.43   0.35   0.16   1.162 -0.54  -0.259 -0.35
  0.626 -0.2   -0.77  -0.77  -0.181 -0.19   0.83   0.02  -0.4    0.5
  0.1    0.86   0.342 -0.034  0.45  -1.355  1.483 -1.     0.01  -0.49
  2.121 -0.34   0.923 -1.29  -1.325  0.83  -1.381 -1.548  0.64   1.438
  2.017  1.06  -1.274 -0.51   0.42  -1.054  0.91   0.46   0.43  -0.55
 -1.38   0.62  -0.81   0.57   0.41   0.15  -0.98   0.23  -0.4   -1.265
  0.2   -0.97  -1.02  -0.03  -0.21   0.879  0.07  -0.865 -0.32   0.59
 -0.702 -1.457 -1.021 -0.19   0.846 -0.415 -2.082  0.92  -0.634 -0.764][-1.790e+00  9.300e-01  4.600e-01 -6.100e-01  9.500e-02  1.000e-01
  4.360e-01  2.900e-01 -6.800e-01 -3.800e-01  8.020e-01  1.040e-01
  5.000e-01  4.300e-01  3.500e-01  1.600e-01  1.162e+00 -5.400e-01
 -4.940e-01 -3.500e-01  6.260e-01 -2.000e-01 -1.353e+00 -7.700e-01
 -1.810e-01 -1.900e-01  8.300e-01  2.000e-02 -4.000e-01  5.000e-01
  1.000e-01  8.600e-01  3.420e-01 -2.000e-03  4.500e-01 -9.800e-01
  1.483e+00 -1.000e+00  1.000e-02 -4.900e-01  1.518e+00 -3.400e-01
  9.230e-01 -1.290e+00 -2.191e+00  8.300e-01 -1.381e+00 -1.948e+00
  6.400e-01  5.900e-01  1.112e+00  1.060e+00 -1.274e+00 -5.100e-01
  4.200e-01 -1.054e+00  9.100e-01  1.324e+00  1.355e+00 -5.500e-01
 -1.380e+00  6.200e-01 -8.100e-01  5.700e-01  4.100e-01  1.500e-01
 -1.288e+00  2.300e-01 -4.000e-01 -1.265e+00  2.000e-01 -9.700e-01
 -1.020e+00 -3.000e-02 -2.100e-01  8.790e-01  7.000e-02 -8.650e-01
 -3.200e-01  5.900e-01 -4.200e-01 -1.457e+00 -1.021e+00 -1.900e-01
  8.460e-01 -4.150e-01 -2.535e+00  9.200e-01 -1.066e+00 -5.110e-01][-1.79   0.93   0.46  -0.61   0.095  0.151  0.436  0.29  -0.68  -0.38
  1.266  0.104  0.5    0.43   0.35   0.16   1.162 -0.54  -0.494 -0.201
  0.626 -0.2   -0.77  -0.77  -0.181 -0.19   0.83   0.02  -0.4    0.5
  0.1    0.86   0.342 -0.034  0.969 -1.355  1.305 -1.     0.01  -0.49
  2.121 -0.34   0.923 -1.29  -1.717  0.83  -1.381 -0.983  0.64   0.59
  2.017  1.06  -1.274 -0.51   0.42  -1.054  0.91   0.46   1.355 -0.55
 -2.286  0.62  -0.81   1.83   0.41   0.15  -0.98   0.23  -0.4   -1.265
  0.2   -0.97  -1.02  -0.03  -0.21   0.879  0.07  -0.865 -0.32   0.59
 -0.42  -1.457 -1.021 -0.19   0.846 -0.415 -2.082  0.92  -1.066 -0.159][-1.79   0.93   0.46  -0.61   0.144  0.151  0.436  0.29  -0.68  -0.38
  0.802  0.31  -0.196  0.43   0.35   0.16  -0.27  -0.242 -0.494 -0.35
  0.626 -0.2   -1.511 -0.77  -0.181 -0.19   0.83   0.02  -0.4    0.5
  0.1    0.86   0.342 -0.034  0.45  -1.355  1.483 -1.     0.01  -0.49
  0.545 -0.34   0.923 -1.29  -1.717  0.83  -1.381 -0.983  0.64   0.59
  1.112  1.06  -1.274 -0.51   0.42  -1.054  0.91   0.46   1.355 -0.55
 -1.38   0.62  -1.036  0.57   0.41   0.15  -0.98   0.23  -0.4   -1.265
  0.257 -0.97  -1.02  -0.503 -0.21   0.879  0.07  -0.865 -0.32   0.59
 -0.42  -1.457 -1.021 -0.19   0.846 -0.415 -2.082  0.92  -0.634 -0.511][-2.788  0.93   0.46  -0.61   0.095  0.1    0.436  1.034 -0.68  -0.38
  0.802  0.31   0.5    0.43   0.35   0.16  -0.27  -0.81  -0.494 -0.35
  0.626 -0.2   -1.353 -0.77  -0.181 -0.19   0.83   0.02  -0.4    0.5
 -0.912  0.86   0.342 -0.034  0.45  -0.98   1.593 -1.     0.01  -0.49
  1.518 -0.34   0.923 -1.29  -2.191  0.83  -1.381 -1.948  0.64   0.463
  2.017  1.06  -1.274 -0.51   0.42  -0.98   0.91   1.324  1.355 -0.55
 -1.38   0.984 -0.575  0.57   0.41   0.15  -0.98   0.23  -1.259 -1.265
  0.2   -0.97  -1.02  -0.03  -0.21   0.879  0.07  -0.865 -0.32   0.59
 -0.42  -1.457 -1.021 -0.19   0.507 -0.415 -2.082  0.92  -1.066 -0.511][-1.790e+00  9.300e-01  4.600e-01 -6.100e-01  1.440e-01  1.000e-01
  4.360e-01  2.900e-01 -7.410e-01 -3.800e-01  8.020e-01  3.100e-01
  5.000e-01  4.300e-01  3.500e-01  8.260e-01  1.162e+00 -8.100e-01
 -4.940e-01 -3.500e-01  6.260e-01 -2.000e-01 -1.353e+00 -7.700e-01
 -1.810e-01 -1.900e-01  8.300e-01  2.000e-02 -4.000e-01  5.000e-01
 -9.120e-01  8.600e-01  3.420e-01 -2.000e-03  4.500e-01 -9.800e-01
  1.483e+00 -1.000e+00  1.000e-02 -4.900e-01  5.450e-01 -3.400e-01
  9.230e-01 -1.290e+00 -2.191e+00  8.300e-01 -1.381e+00 -1.948e+00
  6.400e-01  5.900e-01  2.017e+00  1.060e+00 -1.274e+00 -5.100e-01
  4.200e-01 -1.054e+00  9.100e-01  4.600e-01  4.300e-01 -5.500e-01
 -1.380e+00  6.200e-01 -5.750e-01  5.700e-01  4.100e-01  1.500e-01
 -9.800e-01  2.300e-01 -3.570e-01 -1.265e+00  2.000e-01 -9.700e-01
 -1.020e+00 -3.000e-02 -2.100e-01  8.790e-01  7.000e-02 -8.650e-01
 -3.200e-01  5.900e-01 -4.200e-01 -1.457e+00 -1.021e+00 -1.900e-01
  5.070e-01 -4.150e-01 -2.082e+00  1.818e+00 -1.066e+00 -5.110e-01][-1.79   0.93   0.46  -0.61   0.144  0.151  0.436  0.29  -1.174 -0.38
  0.81   0.104  0.5    0.43   0.35   0.16   1.162 -0.81  -0.494 -0.35
  0.626 -0.2   -1.511 -0.77  -0.181 -0.19   0.83   0.02  -0.4    0.5
  0.1    0.86   0.342 -0.034  0.45  -1.355  1.97  -1.     0.01  -0.49
  0.545 -0.34   0.923 -1.29  -2.191  0.83  -1.381 -0.983  0.64   0.59
  1.112  1.06  -1.274 -0.51   0.42  -1.054  0.91   0.46   1.355 -0.55
 -1.38   0.62  -0.81   0.899  0.41   0.15  -1.288  0.23  -0.4   -1.265
  1.181 -0.97  -1.02  -0.503 -0.21   0.879  0.07  -0.865 -0.32   0.59
 -0.42  -1.457 -1.021 -0.19   0.846 -0.415 -2.082  0.92  -1.066 -0.159][-1.79   0.93   0.46  -0.61   0.742  0.1    0.436  1.034 -0.68  -0.38
  0.802  0.104  0.5    0.43   0.35   0.16  -0.27  -0.54  -0.494 -0.35
  0.626 -0.2   -1.511 -0.77  -0.181 -0.19   0.83   0.02  -0.4    0.5
 -0.912  0.86   0.342 -0.034  0.45  -0.98   1.593 -1.     0.01  -0.49
  1.518 -0.34   0.923 -1.29  -2.191  0.83  -1.381 -1.548  0.64   0.463
  2.017  1.06  -1.274 -0.51   0.42  -1.054  0.91   0.46   1.355 -0.203
 -1.38   0.62  -0.81   0.57   0.41   0.15  -0.98   0.23  -0.711 -1.265
  0.257 -0.97  -1.02  -0.03  -0.21   0.879  0.07  -0.865 -0.32   0.59
 -0.42  -1.457 -1.021 -0.19   0.507 -0.415 -2.082  1.818 -1.066 -0.511][-1.790e+00  9.300e-01  4.600e-01 -6.100e-01  9.500e-02  1.000e-01
  4.360e-01  2.900e-01 -8.270e-01 -3.800e-01  8.020e-01  1.040e-01
  5.000e-01  4.300e-01  3.500e-01  1.600e-01  1.162e+00 -5.400e-01
 -4.940e-01 -3.500e-01  6.260e-01 -2.000e-01 -1.511e+00 -7.700e-01
 -1.810e-01 -1.900e-01  8.300e-01  2.000e-02 -4.000e-01  5.000e-01
  1.000e-01  8.600e-01  3.420e-01 -2.000e-03  4.500e-01 -9.800e-01
  1.483e+00 -1.000e+00  1.000e-02 -4.900e-01  5.450e-01 -3.400e-01
  9.230e-01 -1.290e+00 -1.325e+00  8.300e-01 -1.381e+00 -1.948e+00
  6.400e-01  5.900e-01  1.112e+00  1.060e+00 -1.274e+00 -5.100e-01
  4.200e-01 -1.054e+00  9.100e-01  4.600e-01  4.300e-01 -5.500e-01
 -2.286e+00  6.200e-01 -5.750e-01  5.700e-01  4.100e-01  1.500e-01
 -1.288e+00  2.300e-01 -7.110e-01 -1.265e+00  2.570e-01 -9.700e-01
 -1.020e+00 -3.000e-02 -2.100e-01  8.790e-01  7.000e-02 -8.650e-01
 -3.200e-01  5.900e-01 -4.200e-01 -1.457e+00 -1.021e+00 -1.900e-01
  8.460e-01 -4.150e-01 -2.082e+00  9.200e-01 -1.066e+00 -5.110e-01][-1.79   0.93   0.46  -0.61   0.144  0.1    0.436  0.29  -0.68  -0.38
  0.802  0.104  0.5    0.43   0.35   0.16  -0.27  -0.81  -0.494 -0.35
  0.626 -0.2   -0.77  -0.77  -0.181 -0.19   0.83   0.02  -0.4    0.5
  0.165 -0.132  0.342 -0.034  0.45  -1.355  1.593 -1.     0.01  -0.49
  0.545 -0.34   0.923 -1.29  -2.191  0.83  -1.381 -0.983  0.64   0.59
  2.017  1.06  -1.274 -0.51   0.42  -1.054  0.91   0.46   1.355 -0.55
 -2.286  0.62  -0.81   0.899  0.41   0.15  -0.98   0.23  -1.259 -1.265
  0.2   -0.97  -1.02  -0.03  -0.21   1.624  0.07  -0.865 -0.32   0.59
 -0.42  -1.457 -1.021 -0.19   0.846 -0.415 -2.082  0.92  -0.634 -0.511][-1.79   0.93   0.46  -0.61   0.144  0.151  0.436  0.29  -0.68  -0.38
  0.802  0.31  -0.196  0.43   0.35   0.16  -0.27  -0.81  -0.494 -0.35
  0.626 -0.2   -1.511 -0.77  -0.181 -0.19   0.83   0.02  -0.4    0.5
  0.1    0.86   0.342 -0.034  0.45  -1.355  1.483 -1.     0.01  -0.49
  0.545 -0.34   0.923 -1.29  -1.717  0.83  -1.381 -0.983  0.64   0.59
  1.112  1.06  -1.274 -0.51   0.42  -1.054  0.91   0.46   1.355 -0.55
 -1.38   0.62  -1.036  0.899  0.41   0.15  -0.98   0.23  -0.4   -1.265
  0.257 -0.97  -1.02  -0.503  0.309  0.879  0.07  -0.865 -0.32   0.59
 -0.42  -1.457 -1.021 -0.19   0.846 -0.415 -2.082  0.92  -1.066 -0.159][-1.79   0.93   0.46  -0.61   0.144  0.151  0.436  0.29  -0.68  -0.38
  0.802  0.31   0.5    0.43   0.35   0.16  -0.27  -0.81  -0.494 -0.35
  0.626 -0.2   -2.044 -0.77  -0.181 -0.19   0.83   0.02  -0.4    0.5
  0.165  0.86   0.342 -0.034  0.45  -1.355  1.483 -1.     0.01  -0.49
  0.545 -0.34   0.923 -1.29  -2.191  0.83  -1.381 -0.983  0.64   0.765
  1.112  1.06  -1.274 -0.51   0.42  -0.98   0.91   0.46   1.355 -0.55
 -2.286  0.62  -0.81   0.899  0.41   0.15  -0.98   0.23  -0.4   -1.265
  0.2   -0.97  -1.02  -0.03  -0.21   0.879  0.07  -0.865 -0.32   0.59
 -0.42  -1.457 -1.021 -0.19   0.846 -0.415 -2.082  0.92  -1.066 -0.511][-1.79   0.93   0.46  -0.61   0.095  0.1    0.436  0.29  -0.68  -0.38
  0.802  0.104  0.5    0.43   0.35   0.16   1.162 -0.54  -0.494 -0.35
  0.626 -0.2   -1.511 -0.77  -0.181 -0.19   0.83   0.02  -0.4    0.5
  0.1   -0.132 -0.422 -0.034  0.969 -0.98   1.483 -1.     0.01  -0.49
  0.545 -0.34   0.923 -1.29  -1.325  0.83  -1.381 -1.548  0.64   1.438
  2.017  1.06  -1.274 -0.51   0.42  -1.054  0.91   0.46   1.355 -0.55
 -1.38   0.62  -0.575  0.57   0.41   0.15  -1.288  0.23  -0.711 -1.265
  0.257 -0.97  -1.02  -0.03  -0.21   0.879  0.07  -0.865 -0.32   0.59
 -0.702 -1.457 -1.021 -0.19   0.846 -0.415 -2.082  1.818 -1.066 -0.511][-1.79   0.93   0.46  -0.36   0.144  0.1    0.436  0.29  -0.741 -0.38
  0.802  0.31   0.5    0.43   0.35   0.16  -1.13  -0.81  -0.494 -0.35
  0.626 -0.2   -1.353 -0.77  -0.181 -0.19   0.83   0.02  -0.4    0.5
  0.165  0.86   0.342 -0.808  0.45  -1.355  1.483 -1.     0.01  -0.49
  1.518 -0.34   0.923 -1.29  -2.191  0.83  -1.381 -0.983  0.64   0.59
  2.017  1.06  -1.274 -0.51   0.42  -1.054  0.91   0.46   0.43  -0.55
 -1.38   0.62  -0.81   0.57   0.41   0.15  -1.288  0.23  -0.4   -1.265
  0.257 -0.97  -1.02  -0.03  -0.21   0.879  0.07  -0.865 -0.32   0.59
 -0.42  -1.457 -1.021 -0.19   0.507 -0.415 -2.082  1.818 -1.066 -0.511]