[-0.84   0.93   0.336 -0.61  -0.6   -0.863 -0.29   0.29  -0.764  0.616
  0.64   0.31  -0.89   0.43   0.35   0.16  -0.27  -0.81   0.324 -0.35
  0.4   -0.555 -0.77  -0.77  -0.3   -0.19   0.83   0.02  -0.4    0.5
  0.1    0.86   0.99  -0.002  0.45  -0.24   0.95  -1.     0.01  -0.592
  0.92  -0.34   0.77   0.85  -0.86   0.83  -1.    -0.85   0.063  0.59
  0.78   0.26  -0.78  -0.51   0.42  -0.98   0.91   0.46   0.43  -0.55
 -0.67   0.62  -0.81   0.57   0.41   0.71  -0.98   0.23  -0.4   -0.48
  0.2   -0.97  -0.15  -0.03  -0.21   0.31   0.07   0.407 -0.32   0.59
 -0.42  -0.89  -1.056 -0.19   0.08  -0.22  -0.97   0.92  -0.24  -0.544][-0.84   0.93   0.46  -0.61  -0.6   -0.863 -0.29   0.29  -0.68  -0.38
  0.64   0.31   0.5    0.43   0.35   0.16  -0.27  -0.81   0.48  -0.35
  0.4   -0.2   -0.77  -0.77  -0.3   -0.19   0.83   0.02  -0.4    0.5
 -0.912  0.86   0.99  -0.002  0.45  -0.98   0.95  -1.     0.01  -0.66
  0.92  -0.34  -0.15  -1.29  -0.86   0.83  -1.    -1.548  0.063  0.59
  0.14   0.26  -0.78  -0.51   0.42  -0.98   0.91   0.46   0.43  -0.55
 -0.67   0.62  -0.37   0.57   0.41   0.71  -0.98   0.23  -0.4   -0.353
  0.2   -0.97  -0.15  -0.03  -0.21   0.879  0.07  -0.43  -0.32   0.59
 -0.42  -0.89  -0.76  -0.19   0.701 -0.22  -0.97   0.92  -0.24  -0.544][-0.84   0.93   0.46  -0.61  -0.6   -0.863  0.436  0.29  -0.771 -0.38
  0.81   0.31   0.5    0.43   0.35  -0.319 -0.27  -0.421  0.48  -0.35
  0.4   -0.353 -0.77  -0.77  -0.3   -0.19   0.83   0.02  -0.4    0.5
  0.1    0.86   0.99  -0.002  0.45  -0.24   0.95  -1.     0.459 -0.49
  0.92  -0.34   0.77   0.85  -0.86   0.83  -1.    -1.548  0.64   0.59
  0.78   0.26  -0.78  -0.51   0.42  -0.98   0.91   0.46   0.43  -0.55
 -1.38   0.62  -0.37   0.57   0.41   0.71  -0.98   0.23  -0.4   -1.265
  0.2   -0.97  -0.15  -0.03  -0.21   0.879  0.07  -0.43  -0.32   0.59
 -0.42  -1.457 -0.76  -0.19   0.258 -0.32  -1.402  0.92  -0.24  -0.544][-0.84   0.93  -0.501 -0.61  -0.6    0.1   -0.29   0.29  -0.68  -0.38
  0.64   0.31   0.5   -0.259  0.35   0.16  -0.27  -0.81   0.48  -0.35
  0.4   -0.2   -0.77  -0.77  -0.3   -0.19   0.83   0.02  -0.4    1.25
 -0.912  0.86   0.99  -0.002  0.45  -0.98   0.95  -1.     0.01  -0.49
  0.92  -0.34  -0.15  -1.29  -0.86   0.83  -1.    -1.548  0.063  0.59
  0.14   0.26  -0.78  -0.51   0.42  -0.98   0.91   0.46   0.43  -0.55
 -1.38   0.574 -0.37   0.57   0.41   0.71  -0.58   0.23  -0.4   -0.48
  0.2   -0.97  -0.857 -0.03  -0.21   0.31   0.07  -0.43  -0.32   0.59
 -0.42  -0.89  -0.76  -0.19   0.08  -0.22  -0.97   0.92  -0.71  -0.544][-0.84   0.93   0.336 -0.61  -0.6    0.1   -0.29   0.29  -0.68  -0.38
  0.64   0.31   0.5    0.43   0.35   0.16   0.364 -0.81   0.48  -0.35
  0.4   -0.2   -0.77  -0.77  -0.181 -0.19   0.83   0.02  -0.4    0.5
  0.1    0.86   0.99  -0.002  0.45  -0.24   0.95  -1.     0.01  -0.49
  0.92  -0.34   0.77  -1.29  -1.325  0.83  -1.    -0.85   0.64   0.59
  0.78   0.26  -0.78  -0.51   0.42  -0.98   0.91   0.46   0.43  -0.55
 -0.76   0.574 -0.81   0.57   0.41   0.15  -0.98   0.23  -0.4   -0.48
  0.2   -0.97   0.242 -0.406 -0.21   0.879  0.07  -0.43  -0.32   0.59
 -0.42  -0.89  -0.76  -0.19  -0.747 -0.32  -0.97   0.92  -0.24  -0.17 ][-0.84   0.93   0.336 -0.61  -0.44  -0.863 -0.29   0.29  -0.771 -0.38
  1.168  0.31  -0.89   0.43   0.35   0.16  -0.27  -0.81   0.48  -0.35
  0.4   -0.2   -0.77  -0.77  -0.3   -0.19   0.83   0.02  -0.4    0.5
 -0.912  0.86   0.99  -0.002  0.45  -0.98   0.95  -1.     0.01  -0.49
  0.92  -0.34   0.77   0.85  -0.86   0.83  -1.    -0.85   0.64   0.59
  0.14   0.26  -0.78  -0.51   0.42  -0.98   0.91   0.552 -0.061 -0.55
 -0.76   0.62  -0.81   0.528  0.41   0.15  -0.98   0.23  -0.4   -0.48
  0.2   -0.97  -0.15  -0.03  -0.21   0.31   0.07   0.407 -0.32   0.59
 -0.42  -0.89  -0.76  -0.19   0.08  -0.22  -0.97   0.92  -0.71  -0.544][-0.84   0.93   0.336 -0.61  -0.44   0.1   -0.29   0.29  -0.68  -0.38
  0.64   0.31   0.5    0.43   0.35   0.16   0.364 -0.421  0.48  -0.35
  0.4   -0.2   -0.77  -0.77  -0.3   -0.19   0.83   0.02  -0.4    1.25
 -0.912  0.86   0.99  -0.002  0.45  -0.24   0.95  -1.     0.01  -0.49
  0.92  -0.34  -0.15  -1.29  -0.86   0.83  -1.    -0.143  0.063  0.59
  1.344  0.26  -0.78  -0.51   0.42   0.2    0.91   0.46   0.43  -0.55
 -1.38   0.62  -0.37   0.57   0.41   0.15  -0.58   0.23  -0.4   -1.265
  0.2   -0.97  -0.15  -0.03  -0.21   0.31   0.07  -0.43  -1.077  0.59
 -0.42  -0.89  -0.76  -0.19   0.08  -0.32  -1.402  0.92  -0.24  -0.17 ][-0.84   0.93   0.336 -0.61  -0.6   -0.863 -0.29   0.29  -0.68  -0.38
  0.81   0.31   0.5    0.43   0.35   0.16   0.364 -0.104  0.48  -0.35
  0.4   -0.353 -0.77   0.927 -0.3   -0.19   0.83   0.02  -0.4    1.25
  0.1    0.86   0.99  -0.002  0.45  -0.98   0.95  -1.     0.01  -0.49
  0.92  -0.34   0.77  -1.29  -0.86   0.83  -1.    -0.85   0.64   0.59
  0.14   0.26  -0.78  -0.51   1.395  0.2    0.91   0.46  -0.061 -0.55
 -0.76   0.62  -0.37   0.57   0.41   0.15  -0.58   0.273 -0.4   -0.48
  0.2   -0.97  -0.857 -0.406 -0.21   0.31   0.07  -0.43  -0.32   0.59
 -0.42  -0.89   0.12  -0.19   0.08  -0.32  -0.97   0.92  -0.71  -0.544][-0.84   0.93  -0.501 -0.61  -0.6   -0.863 -0.29   0.29  -0.764 -0.38
  0.64   0.31   0.5    1.364  0.35   0.16  -0.27  -0.421  0.48  -0.35
  0.4   -0.2   -0.77  -0.77  -0.3   -0.19   0.83   0.02  -0.4    0.5
 -0.912  0.86   0.99  -0.002  0.45  -0.98   0.95  -1.     0.01  -0.66
  0.92  -0.34  -0.15   0.85  -0.86   0.83  -1.    -1.548  0.063  0.59
  0.14   0.26  -0.78  -0.51   0.42  -0.98   0.91   0.46   0.43  -0.55
 -1.38  -0.297 -0.37   0.57   0.41   0.71  -0.98   0.23  -0.4   -0.48
  0.2   -0.97  -0.15  -0.03  -0.21   0.879  0.07  -0.43  -0.32   0.59
 -0.42  -1.522 -0.76  -0.19   0.701 -0.22  -0.97   0.92  -0.24  -0.544][-0.84   0.93   0.336 -0.61  -0.44  -0.863  0.436  0.29  -0.771 -0.38
  0.64   0.31   0.5    0.43   0.35   0.16  -0.27  -0.81   0.48  -0.35
  0.4   -0.2   -0.77  -0.77  -0.3   -0.19   0.83   0.02  -0.4    0.5
  0.1    0.86   0.99  -0.002  0.45  -0.24   0.95  -1.     0.459 -0.49
  0.92  -0.34   0.77   0.85  -0.86   0.83  -1.    -0.85   0.64   0.59
  0.14   0.26  -0.78  -0.51   0.42  -0.8    0.91   0.46   0.43  -0.55
 -1.38   0.62  -0.81   0.57   0.41   0.71  -0.98   0.23  -0.4   -1.265
  0.2   -0.97  -0.15  -0.03  -0.21   0.879  0.07  -0.43  -0.777  0.59
 -0.42  -0.89  -0.76  -0.19   0.258 -0.32  -1.402  0.92  -0.24  -0.544][-0.84   0.93   0.336 -0.61  -0.44  -0.863  0.436  0.29  -0.68   0.616
  0.64   0.31   0.5    0.43   0.35   0.16   0.364 -0.81   0.48  -0.35
  0.626 -0.2   -0.77  -0.77  -0.3   -0.19   0.83   0.02  -0.4    0.5
  0.1    0.86   0.99  -0.002  0.45  -0.98   0.95  -1.     0.01  -0.49
  0.92  -0.34   0.77   0.85  -0.86   0.83  -1.    -1.548  0.64   0.59
  0.78   0.26  -0.78  -0.51   0.42  -1.704  0.91   0.46  -0.061 -0.55
 -1.38   0.62  -0.37   0.57   0.41   0.15  -0.98   0.23  -0.4   -0.48
  0.2   -0.97   0.242 -0.03  -0.21   0.879  0.07  -0.43  -0.32   0.59
 -0.42  -0.89  -0.76  -0.48  -0.747 -0.32  -0.97   0.92  -0.71  -0.544][-0.84   0.93   0.46  -0.61  -0.6    0.1   -0.29   0.29  -0.68  -0.38
  0.64   0.31   0.5    0.43   0.35   0.16   0.364 -0.81   0.48  -0.35
  0.4   -0.2   -0.77  -0.77  -0.3   -0.19   0.83   0.02  -0.4    0.5
 -0.52   0.86   0.99  -0.002  0.45  -0.98   0.95  -1.     0.848 -0.49
  0.92  -0.34   0.77   0.85   0.008  0.83  -1.    -0.85   0.64   0.59
  0.14   0.26  -0.78  -0.51   0.42   0.2    0.91   0.46   0.43  -0.55
 -1.38  -0.297 -0.37   0.57   0.41  -0.171 -0.825  0.23  -0.4   -0.48
  0.2   -0.97  -0.857 -0.03  -0.21   0.252  0.07  -0.43  -0.32   0.59
 -0.42  -0.89   0.12  -0.19   0.08  -0.22  -0.939  0.92  -0.24  -0.544][-0.84   0.93  -0.501 -0.61  -0.44  -0.863 -0.29   0.29  -0.771 -0.38
  0.64   0.31   0.5    0.43   0.35   0.16  -0.27  -0.81   0.48  -0.35
  0.4   -0.2   -0.77  -0.77  -0.3   -0.19   0.83   0.02  -0.4    0.5
 -0.912  0.86   0.99  -0.002  0.45  -0.98   0.95  -1.     0.01  -0.49
  0.92  -0.34   0.77   0.85  -0.86   0.83  -1.    -0.85   0.063  0.59
  0.14   0.26  -0.78  -0.51   0.42  -0.8    0.91   0.46   0.43  -0.55
 -1.38   0.62  -0.37   0.57   0.41   0.71  -0.98   0.23  -0.4   -1.265
  0.2   -0.97  -0.15  -0.03  -0.21   0.879  0.07  -0.43  -0.32   0.59
 -0.42  -0.89  -0.76  -0.342  0.701 -0.32  -1.402  0.92  -0.24  -0.544][-0.84   0.93   0.336 -0.61  -0.6   -0.863  0.436  0.29  -0.68  -0.38
  0.64   0.31   0.5    0.43   0.35   0.16   0.364 -0.81   0.48  -0.35
  0.4   -0.2   -0.77  -0.77  -0.3   -0.19   0.83   0.02  -0.4    0.5
  0.1    0.86   0.99  -0.002  0.45  -0.24   0.95  -1.     0.848 -0.49
  0.92  -0.34   0.77   0.85  -0.86   0.83  -1.    -0.85   0.063  0.59
  0.14   0.26  -0.78  -0.51   0.42   0.2    0.91   0.46   0.43  -0.55
 -0.67   0.62  -0.37   0.57   0.41  -0.171 -0.825  0.23  -0.4   -0.48
  0.2   -0.97  -0.857 -0.03  -0.21   0.252  0.07  -0.43  -0.32   0.59
 -0.42  -0.89   0.12  -0.19   0.08  -0.22  -0.939  0.92  -0.24  -0.544][-0.84   0.93   0.46  -0.61   0.144  0.1    0.436  0.29  -0.771 -0.38
  0.81   0.31   0.5    0.43   0.35   0.16  -0.27  -0.81   0.48  -0.35
  0.4   -0.2   -0.77  -0.77  -0.3   -0.19   0.83   0.02  -0.4    0.5
  0.1    0.86   0.99  -0.002  0.45  -0.98   0.95  -1.     0.01  -0.49
  0.92  -0.34  -0.15  -1.29  -0.86   0.83  -1.    -1.548  0.64   0.59
  0.78   0.26  -0.78  -0.51   0.42  -0.98   0.91   0.46   0.43  -0.55
 -1.38   0.62  -0.37   0.57   0.41   0.15  -0.58   0.23  -0.4   -1.265
  0.2   -0.97  -0.15  -0.03  -0.21   0.879  0.07  -0.43  -0.32   0.59
 -0.42  -1.457 -0.76  -0.19   0.08  -0.415 -1.402  0.92  -0.24  -0.544][-2.301e+00  9.300e-01  3.360e-01 -6.100e-01 -6.000e-01 -8.630e-01
  4.360e-01  2.900e-01 -7.710e-01  6.160e-01  6.400e-01  3.100e-01
  5.000e-01  4.300e-01  3.500e-01  1.600e-01  3.640e-01 -4.210e-01
  4.800e-01 -3.500e-01  4.000e-01 -2.000e-01 -7.700e-01 -7.700e-01
 -3.000e-01 -1.900e-01  8.300e-01  2.000e-02 -4.000e-01  5.000e-01
  1.000e-01  8.600e-01  9.900e-01 -2.000e-03  4.500e-01 -2.400e-01
  9.500e-01 -1.000e+00  4.590e-01 -4.900e-01  5.450e-01 -3.400e-01
  7.700e-01 -1.290e+00 -8.600e-01  8.300e-01 -1.000e+00 -1.548e+00
  6.400e-01  5.900e-01  7.800e-01  2.600e-01 -7.800e-01 -5.100e-01
  4.200e-01 -9.800e-01  9.100e-01  4.600e-01  4.300e-01 -5.500e-01
 -1.380e+00  6.200e-01 -3.700e-01  5.700e-01  4.100e-01  1.500e-01
 -9.800e-01  2.300e-01 -4.000e-01 -4.800e-01  9.080e-01 -9.700e-01
 -1.500e-01 -3.000e-02 -2.100e-01  8.790e-01  7.000e-02 -4.300e-01
 -3.200e-01  5.900e-01 -4.200e-01 -8.900e-01 -7.600e-01 -1.900e-01
  2.580e-01 -3.200e-01 -9.700e-01  9.200e-01 -7.100e-01 -1.700e-01][-0.84   0.93   0.336 -0.61  -0.44  -0.863 -0.29   0.29  -0.68  -0.38
  0.81   0.31   0.5    0.43   0.35   0.16   0.364 -0.81   0.48  -0.35
  0.4   -0.353 -0.77  -0.77  -0.3   -0.19   0.83   0.02  -0.4    0.5
  0.1    0.86   0.99  -0.002  0.45  -0.98   1.754 -1.     0.01  -0.49
  0.92  -0.34   0.77   0.85  -0.86   0.83  -0.401 -1.548 -0.025  0.59
  0.78   0.26  -0.78  -0.51   0.42   0.2    0.91   0.46   0.43  -0.55
 -1.38   0.62  -0.37   0.57   0.41   0.15  -0.98   0.23  -0.4   -0.48
  0.908 -0.97  -0.15  -0.03  -0.21   0.879  0.07  -0.43  -0.32   0.59
 -0.42  -0.89  -0.76  -0.19   0.701 -0.32  -1.402  0.92  -0.24  -0.544][-0.84   0.93   0.336 -0.61  -0.6   -0.863  0.436  0.29  -0.68  -0.38
  0.399  0.96   0.5    0.43   0.35   0.16   0.364 -0.81   1.258 -0.35
  0.4   -0.2   -0.77  -0.77  -0.3   -0.19   0.83   0.02  -0.4    0.5
 -0.912  0.86   0.99  -0.002  0.45  -0.98   0.037 -1.     0.01  -0.49
  0.92  -0.34   0.77   0.85  -1.325  0.83  -1.    -0.85   0.64   0.59
  0.78   0.26  -0.78  -0.51   0.42  -0.98   0.91   0.46   0.43  -0.55
 -0.76   0.62  -0.37   0.57   0.41   0.15  -0.98   0.23  -0.4   -0.48
  0.2   -0.97   0.242 -0.03  -0.21   0.879  0.07  -0.43  -0.32   0.59
 -0.42  -0.89  -0.76  -0.19   0.701 -0.32  -0.97   0.92  -0.24  -0.544][-0.84   0.93   0.336 -0.61  -0.44  -0.863  0.436  0.29  -0.68  -0.38
  0.64   0.31   0.5    0.43   0.35   0.16   0.364 -0.81   0.48  -0.35
  0.4   -0.2   -0.77  -0.77  -0.3   -0.19   0.83   0.02  -0.4    0.5
  0.1    0.86   0.99  -0.002  0.45  -0.98   0.95  -1.     0.01  -0.49
  0.92  -0.34   0.77   0.85  -1.325  0.83  -1.    -0.85   0.64   0.59
  0.78   0.26  -0.78  -0.51   0.42  -0.98   0.91   0.46   0.43  -0.55
 -0.76   0.62  -0.81   0.57   0.41   0.15  -0.98   0.23  -0.4   -0.48
  0.2   -0.97   0.242 -0.03  -0.21   0.879  0.07  -0.43  -0.32   0.59
 -0.42  -0.89  -0.76  -0.19  -0.747 -0.32  -0.97   0.92  -0.24  -0.544][-0.84   0.93   0.336 -0.61  -0.44  -0.863 -0.29   0.29  -0.68  -0.38
  0.64   0.31   0.5    0.43   0.35   0.16  -0.27  -0.81   0.48  -0.35
  0.4   -0.2   -0.77  -0.77  -0.3   -0.19   0.83   0.02  -0.4    0.5
  0.1    0.86   0.99  -0.002  0.45  -0.98   0.95  -1.     0.01  -0.49
  0.92  -0.34   0.77   0.85  -1.325  0.83  -1.    -0.85   0.64   0.59
  0.14   0.26  -0.78  -0.51   0.42  -0.8    0.91   0.015  0.43  -0.55
 -1.38   0.62  -0.81   0.57   0.41   0.15  -0.98   0.23  -0.4   -1.265
  0.2   -0.97  -0.15  -0.03  -0.21   0.879  0.07  -0.43  -0.32   0.59
 -0.42  -0.89  -0.76  -0.19   0.701 -0.32  -1.402  0.92  -0.24  -0.544][-0.84   0.93   0.336 -0.61  -0.6   -0.863 -0.29   0.29  -0.68  -0.38
  0.64   0.96   0.5    0.43   0.35   0.16   0.364 -0.81   0.48  -0.35
  0.4   -0.2   -0.77  -0.77  -0.3   -0.19   0.83   0.02  -0.4    0.5
  0.1    0.86   0.99  -0.002  0.45  -0.98   0.95  -1.     0.01  -0.49
  0.92  -0.34   0.77   0.85  -0.953  0.83  -1.    -0.85   0.64   0.59
  0.14   0.26  -0.78  -0.51   0.42  -0.98   0.91   0.015  0.43  -0.55
 -1.38   0.62  -0.81   0.57   0.41   0.15  -0.98   0.23  -0.4   -0.48
  0.2   -0.97  -0.15  -0.03  -0.21   0.879  0.07  -0.43  -0.32   0.59
 -0.42  -0.89  -0.76  -0.19   0.701 -0.32  -1.402  0.92  -0.24  -0.544][-0.84   0.93   0.336 -0.61  -0.6   -0.863  0.436  0.29  -0.764  0.616
  0.64   0.31  -0.89   0.43   0.35   0.16  -0.27  -0.81   0.324 -0.35
  0.4   -0.2   -0.77  -0.77  -0.3   -0.19   0.83   0.02  -0.4    0.5
  0.1    0.86   0.99  -0.002  0.45  -0.24   0.95  -1.     0.01  -0.49
  0.92  -0.34   0.77   0.85  -0.86   0.83  -1.    -1.548  0.063  0.59
  0.78   0.26  -0.78  -0.51   0.42  -0.98   0.91   0.46   0.43  -0.55
 -0.67   0.62  -0.37   0.57   0.41   0.71  -0.98   0.23  -0.4   -0.429
  0.2   -0.97  -0.15  -0.03  -0.21   0.31   0.07  -0.43  -0.32   0.59
 -0.42  -0.89  -0.76  -0.19   0.258 -0.32  -0.97   0.92  -0.71  -0.544][-0.84   0.93   0.46  -0.61  -0.44  -0.863 -0.29   0.29  -0.68  -0.38
  0.64   0.31   0.5    0.43   0.35   0.16   0.364 -0.81   0.48   0.506
  0.4   -0.2   -0.77  -0.77  -0.3   -0.19   0.83   0.02  -0.4    0.5
 -0.52   0.86   0.99  -0.002  0.45  -0.98   0.95  -1.     0.01  -0.49
  0.92  -0.34   0.77   0.85   0.008  0.83  -1.    -0.85   0.64   0.59
  0.14   0.26  -0.78  -0.51   0.42   0.2    0.91   0.46   0.43  -0.55
 -1.38   0.62  -0.81   0.57   0.41  -0.171 -0.98   0.23  -0.4   -1.265
  0.2   -0.97  -0.15  -0.03  -0.21   0.252  0.07  -0.43  -0.32   0.59
 -0.42  -0.89   0.12  -0.19   0.701 -0.22  -0.939  0.92  -0.24  -0.544][-0.84   0.93   0.336 -0.61  -0.44   0.1    0.436  0.29  -0.68  -0.38
  0.64   0.31   0.5    0.43   0.35   0.16   0.364 -0.81   0.48  -0.35
  0.4   -0.2   -0.77  -0.77  -0.3   -0.19   0.83   0.02  -0.4    0.5
  0.1    0.86   0.99  -0.002  0.45  -0.98   0.95  -1.     0.848 -0.49
  0.92  -0.34   0.77   0.85  -0.86   0.83  -1.    -0.85   0.64   0.59
  0.14   0.26  -0.78  -0.51   0.42   0.2    0.91   0.46   0.43  -0.55
 -1.38  -0.297 -0.37   0.57   0.41  -0.171 -0.98   0.23  -0.4   -1.265
  0.2   -0.97  -0.857 -0.03  -0.21   0.879  0.07  -0.43  -0.32  -0.059
 -0.42  -0.89  -0.76  -0.19   0.258 -0.22  -0.939  0.92  -0.24  -0.544][-0.84   0.93   0.336 -0.61  -0.44  -0.863  0.436  0.29  -0.771 -0.38
  0.64   0.31   0.5    0.43   0.35   0.16  -0.27  -0.81   0.48  -0.35
  0.4   -0.2   -0.77  -0.77  -0.3   -0.19   0.83   0.02  -0.4    0.5
  0.1    0.86   0.99  -0.002  0.45  -0.98   0.95  -1.     0.01  -0.49
  0.92  -0.34   0.77   0.85  -1.325  0.83  -1.    -0.85   0.64   0.59
  0.14   0.26  -0.78  -1.436  0.42  -0.8    0.91   0.46   0.43  -0.55
 -0.76   0.62  -0.81   0.57   0.41   0.15  -0.98   0.23  -0.4   -0.48
  0.2   -0.97  -0.15  -0.03  -0.21   0.879  0.07  -0.43  -0.32   0.59
 -0.42  -0.89  -0.76  -0.19  -0.747 -0.32  -1.402  0.92  -0.24  -0.544][-0.84   0.93  -0.501 -0.61  -0.6   -0.863  0.436  0.29  -0.68  -0.38
  0.399  0.96   0.5   -0.259  0.35   0.16  -0.27  -0.81   0.48  -0.35
  0.4   -0.2   -0.77  -0.77  -0.3   -0.19   0.83   0.02  -0.4    1.25
 -0.912  0.86   0.99  -0.002  0.45  -0.98   0.037 -1.     0.01  -0.49
  0.92  -0.34   0.77   0.85  -0.86   0.83  -1.    -1.548  0.64   0.59
  1.098  0.26  -0.78  -0.51   0.42  -0.98   0.91   0.46   0.43  -0.55
 -1.38   0.62  -0.37   0.57   0.41   0.15  -0.98   0.23  -0.4   -0.48
  0.2   -0.97   0.242 -0.03  -0.21   0.31   0.07  -0.43  -0.32   0.59
 -0.42  -0.89  -0.76  -0.19   0.08  -0.32  -0.97   0.92  -0.24  -0.544][-0.84   0.93   0.46  -0.61  -0.6   -0.863 -0.29   0.29  -0.68   0.616
  0.64   0.31  -0.89   1.05   0.35   0.16  -0.27  -0.81   0.48  -0.35
  0.4   -0.555 -0.77  -0.77  -0.3   -0.19   0.83   0.02  -0.4    0.5
  0.1    0.86   0.99  -0.002  0.45  -0.24   0.95  -1.     0.01  -0.66
  0.92  -0.34   0.77   0.85  -0.86   0.83  -1.    -1.548  0.063  0.59
  0.78   0.26  -0.78  -0.51   0.42  -0.98   0.91   0.46   0.43  -0.55
 -0.67   0.62  -0.37   0.57   0.41   0.71  -0.98   0.23  -0.4   -0.353
  0.2   -0.97  -0.15  -0.03  -0.21   0.879  0.07   0.407 -0.32   0.59
 -0.42  -0.89  -1.056 -0.19   0.08  -0.22  -0.97   0.92  -0.24  -0.544][-0.84   0.93   0.336 -0.61  -0.44   0.1   -0.29   0.29  -0.68  -0.38
  0.64   0.31   0.5    0.43   0.35   0.16  -0.27  -0.81   0.48  -0.35
  0.4   -0.2   -0.77  -0.77  -0.181 -0.19   0.83   0.02  -0.4    0.5
  0.1    0.86   0.99  -0.002  0.45  -0.24   0.95  -1.     0.01  -0.49
  0.92  -0.34   0.77   0.85  -1.325  0.83  -1.    -0.85   0.64   0.59
  0.14   0.26  -0.78  -0.51   0.42  -0.8    0.91   0.46   0.537 -0.55
 -1.38   0.62  -0.81   0.57   0.41   0.15  -0.98   0.23  -0.4   -0.48
  0.2   -0.97  -0.15  -0.406 -0.21   0.879  0.07  -0.43  -0.777  0.59
 -0.42  -0.89  -0.76  -0.19  -0.747 -0.32  -0.97   0.92  -0.24  -0.17 ][-0.84   0.93   0.46  -0.61  -0.6   -0.863  0.436  0.29  -0.771 -0.38
  0.81   0.31   0.5    0.43   0.35  -0.319 -0.27  -0.81   0.48  -0.35
  0.4   -0.2   -0.77  -0.77  -0.3   -0.19   0.83   0.02  -0.4    0.5
  0.1    0.86   0.99  -0.002  0.45  -0.98   0.95  -1.     0.459 -0.49
  0.92  -0.34   0.77   0.85  -0.86   0.2   -1.    -1.548  0.063  0.59
  0.78   0.26  -0.78  -0.51   0.42  -0.8    0.91   0.46   0.43  -0.55
 -1.38   0.62  -0.37   0.57   0.41   0.71  -0.98   0.23  -0.4   -1.265
  0.2   -0.97  -0.15  -0.03  -0.21   0.879  0.07  -0.43  -0.32   0.59
 -0.42  -0.89  -0.76  -0.342  0.701 -0.32  -1.402  0.92  -0.24  -0.544][-0.84   0.93   0.336 -0.61  -0.44  -0.863 -0.29  -0.128 -0.771 -0.38
  0.81   0.31   0.5    0.43   0.35  -0.319 -0.27  -0.81   0.48  -0.35
  0.4   -0.353 -0.77  -0.77  -0.3   -0.19   0.83   0.02  -0.4    0.5
  0.1    0.86   0.99  -0.002  0.45  -0.24   0.95  -1.     0.459 -0.49
  0.92  -0.34   0.77   0.85  -0.86   0.83  -1.    -0.85   0.64   0.59
  0.78   0.26  -0.78  -0.51   0.42  -0.8    0.91   0.015  0.43  -0.55
 -1.38   0.62  -0.81   0.57   0.41   0.71  -0.98   0.23  -0.4   -1.265
  0.2   -0.97  -0.15  -0.03  -0.21   0.879  0.07  -0.43  -0.32   0.59
 -0.42  -1.457 -0.76  -0.19   0.701 -0.32  -1.402  0.92  -0.24  -0.544][-0.84   0.93   0.336 -0.61  -0.44  -0.863 -0.29   0.29  -0.68  -0.38
  0.64   0.31   0.5    0.43   0.35   0.16  -0.27  -0.81   0.48  -0.35
  0.4   -0.2   -0.77  -0.77  -0.3   -0.19   0.83   0.02  -0.4    0.5
 -0.912  0.86   0.99  -0.002  0.45  -0.98   0.95  -1.     0.01  -0.66
  0.92  -0.34  -0.15  -1.29  -0.86   0.83  -1.    -1.548  0.64   0.59
  0.14   0.26  -0.78  -0.51   0.42  -0.98   0.91   0.015  0.43  -0.55
 -0.67   0.62  -0.81   0.57   0.41   0.15  -0.98   0.23  -0.4    0.306
  0.2   -0.97  -0.15  -0.03  -0.21   0.879  0.07  -0.43  -0.32   0.59
 -0.42  -0.89  -0.76  -0.19   0.701 -0.32  -0.97   0.92  -0.24  -0.544][-0.84   0.93   0.336 -0.61  -0.6   -0.863 -0.29   0.29  -0.68  -0.38
  0.399  0.96   0.5    0.43   0.35   0.16  -0.27  -0.81   1.258 -0.35
  0.4   -0.2   -0.77  -0.77  -0.3   -0.19   0.83   0.02  -0.4    0.5
 -0.912  0.86   0.99  -0.002  0.45  -0.98   0.037 -1.     0.01  -0.49
  0.92  -0.34   0.77   0.85  -1.325  0.83  -1.    -0.85   0.64   0.59
  0.14   0.26  -0.78  -0.51   0.42  -0.98   0.91   0.811  0.43  -0.55
 -1.38   0.62  -0.37   0.57   0.41   0.15  -0.98   0.23  -0.4   -1.265
  0.2   -0.97  -0.15  -0.03  -0.21   0.879  0.07  -0.43  -0.32   0.59
 -0.42  -0.89  -0.76  -0.19   0.701 -0.32  -1.402  0.92  -0.24  -0.544][-0.84   0.93   0.336 -0.61  -0.44  -0.863 -0.29   0.29  -0.764  0.616
  0.64   0.31  -0.89   0.43   0.35   0.16  -0.27  -0.81   0.324 -0.35
  0.4   -0.2   -0.77  -0.77  -0.3   -0.19   0.83   0.02  -0.4    0.5
  0.1    0.86   0.99  -0.002  0.45  -0.24   0.95  -1.     0.01  -0.592
  0.92  -0.34   0.77   0.85  -0.86   0.83  -1.    -0.85   0.063  0.59
  0.14   0.26  -0.78  -0.51   0.42  -0.8    0.91   0.015  0.43  -0.55
 -1.38   0.62  -0.81   0.57   0.41   0.15  -0.98   0.23  -0.4   -1.378
  0.2   -0.97  -0.15  -0.03  -0.21   0.31   0.07  -0.43  -0.32   0.59
 -0.42  -0.89  -1.056 -0.19   0.08  -0.22  -1.402  0.92  -0.24  -0.544][-0.84   0.93   0.336 -0.61  -0.6   -0.863  0.436  0.29  -0.68  -0.38
  0.64   0.31   0.5    0.43   0.35   0.16  -0.27  -0.81   0.48  -0.35
  0.626 -0.2   -0.77  -0.77  -0.3   -0.19   0.83   0.02  -0.4    0.5
  0.1    0.86   0.99  -0.002  0.45  -0.98   0.95  -1.     0.01  -0.66
  0.92  -0.34   0.77  -1.29  -0.86   0.83  -1.    -1.548  0.64   0.59
  0.78   0.26  -0.78  -0.51   0.42  -0.98   0.91   0.46  -0.061 -0.55
 -0.67   0.62  -0.37   0.57   0.41   0.71  -0.98   0.23  -0.4   -0.48
  0.2   -0.97  -0.247 -0.03  -0.21   0.879  0.07  -0.43  -0.32   0.59
 -0.42  -0.89  -0.76  -0.48   0.701 -0.22  -0.97   0.92  -0.24  -0.544][-0.84   0.93   0.336 -0.61  -0.6   -0.863 -0.867  0.29  -0.764  0.616
  0.64   0.31   0.5    0.43   0.35   0.16   0.364 -0.81   0.324 -0.35
  0.4   -0.2   -0.77  -0.77  -0.3   -0.19   0.83   0.02  -0.4    0.5
  0.1    0.86   0.99  -0.002  0.45  -0.24   0.95  -1.     0.01  -0.49
  0.92  -0.34   0.77   0.85  -0.86   0.83  -1.    -0.85   0.063  0.59
  0.78   0.26  -0.78  -0.51   0.42  -0.98   0.91   0.46   0.43  -0.55
 -0.67   0.62  -0.37   0.57   0.41  -0.171 -0.98   0.23  -0.4   -0.48
  0.2   -0.97  -0.15  -0.03  -0.21   0.252  0.07   0.407 -0.32   0.59
 -0.42  -0.89   0.12  -0.19   0.08  -0.22  -0.97   0.92  -0.24  -0.544][-0.84   0.93  -0.501 -0.61  -0.6    0.1   -0.29   0.29  -0.68  -0.38
  0.81   0.31   0.5   -0.259  0.35   0.16  -0.27  -0.421  0.48  -0.35
  0.4   -0.2   -0.77  -0.77  -0.3   -0.19   0.83   0.02  -0.4    0.5
 -0.912  0.86   0.99  -0.002  0.45  -0.98   0.95  -1.     0.01  -0.49
  0.92  -0.34   0.77   0.85  -0.86   0.83  -1.    -1.548  0.063  0.59
  0.14   0.26  -0.78  -0.51   0.42  -0.98   0.91   0.46   0.43  -0.55
 -1.38   0.574 -0.37   0.57   0.41   0.71   0.241  0.23  -0.4   -1.265
  0.2   -0.97  -0.857 -0.03  -0.21   0.879  0.07  -0.43  -0.32   0.59
 -0.42  -0.89  -0.76  -0.19   0.08  -0.32  -0.97   0.92  -0.71  -0.544][-0.84   0.93   0.336 -0.61  -0.6   -0.863 -0.29   0.29  -0.68  -0.38
  0.64   0.31   0.5   -0.259  0.35   0.16  -0.27  -0.81   0.48  -0.35
  0.4   -0.2   -0.77  -0.77  -0.3   -0.19   0.83   0.02  -0.4    0.5
  0.1    0.86   0.99  -0.002  0.45  -0.98   0.95  -1.     0.01  -0.49
  0.92  -0.34  -0.15   0.85  -1.325  0.83  -1.    -0.85   0.64   0.59
  0.14   0.26  -0.78  -0.51   0.42  -0.8    0.91   0.015  0.43  -0.55
 -1.38   0.574 -0.81   0.57   0.5    0.15  -0.98   0.23  -0.4   -1.265
  0.2   -0.97  -0.857 -0.03  -0.21   0.879  0.07  -0.43  -0.32   0.59
 -0.42  -0.89  -0.76  -0.19   0.08  -0.32  -0.97   0.92  -0.71  -0.544][-0.84   0.93   0.336 -0.61  -0.44  -0.863 -0.29   0.29  -0.764  0.616
  0.64   0.31   0.5    0.43   0.35   0.16  -0.27  -0.81   0.324 -0.35
  0.4   -0.2   -0.77  -0.77  -0.3   -0.19   0.83   0.02  -0.4    0.5
  0.1    0.86   0.99  -0.002  0.45  -0.98   0.95  -1.     0.01  -0.49
  0.92  -0.34   0.77   0.85  -0.86   0.83  -1.    -0.85   0.64   0.59
  0.78   0.26  -0.78  -0.51   0.42  -0.8    0.91   0.46   0.43  -0.55
 -1.38   0.62  -0.81   1.039  0.41   0.71  -0.98   0.23  -0.4   -0.48
  0.2   -0.97  -0.15  -0.03  -0.21   0.31   0.07   0.407 -0.32   0.59
 -0.42  -0.89  -0.76  -0.19   0.701 -0.32  -0.97   0.92  -0.24  -0.544][-0.84   0.93   0.336 -0.61  -0.44  -0.863  0.436  0.29  -0.771 -0.38
  0.81   0.31  -0.89   0.43   0.35   0.16  -0.27  -0.81   0.48  -0.35
  0.4   -0.2   -0.77  -0.77  -0.3   -0.19   0.83   0.02  -0.4    0.5
  0.1    0.86   0.99  -0.002  0.45  -0.98   0.95  -1.     0.01  -0.49
  0.92  -0.34   0.77  -1.29  -0.86   0.83  -1.    -1.461  0.64   0.59
  0.14   0.26  -0.78  -0.51   0.42  -0.98   0.91   0.46  -0.061 -0.55
 -1.38   0.62  -0.37   0.528  0.41   0.15  -0.58   0.23  -0.4   -0.48
  0.2   -0.97  -0.15  -0.03  -0.21   0.31   0.07   0.407 -0.32   0.59
 -0.42  -0.89  -0.76  -0.19   0.08  -0.415 -0.97   0.92  -0.24  -0.544][-0.84   0.93   0.46  -0.61  -0.6    0.1   -0.29   0.29  -0.68  -0.38
  0.64   0.31  -0.89   0.43   0.35   0.16  -0.27  -0.81   0.324 -0.35
  0.4   -0.2   -0.77  -0.77  -0.3   -0.19   0.83   0.02  -0.4    0.5
  0.1    0.86   0.99  -0.002  0.45  -0.24   0.95  -1.     0.01  -0.592
  0.92  -0.34   0.77   0.85   0.008  0.83  -1.    -0.85   0.063  0.59
  0.78   0.26  -0.78  -0.51   0.42   0.2    0.91   0.46   0.43  -0.55
 -0.67   0.62  -0.81   0.57   0.41  -0.171 -0.98   0.23  -0.848 -0.48
  0.2   -0.97  -0.15  -0.03  -0.21   0.31   0.07  -0.43  -0.32   0.59
 -0.42  -0.89  -1.056 -0.19   0.08  -0.22  -0.939  0.92  -0.24  -0.544][-0.84   0.93   0.46  -0.61  -0.6   -0.863 -0.29   0.29  -0.68  -0.38
  0.64   0.31   0.5    1.364  0.35   0.16  -0.27  -0.421  0.48  -0.35
  0.4   -0.2   -0.77  -0.77  -0.3   -0.19   0.83   0.02  -0.4    0.5
 -0.912  0.86   0.99  -0.002  0.45  -0.98   0.95  -1.     0.01  -0.66
  0.92  -0.34  -0.15  -1.29  -0.86   0.83  -1.    -1.548  0.063  0.59
  0.14   0.26  -0.78  -0.51   0.42  -0.98   0.91   0.46   0.43  -0.55
 -1.38  -0.297 -0.37   0.57   0.41   0.71  -0.98   0.23  -0.4   -0.353
  0.2   -1.912 -0.15  -0.03  -0.21   0.879  0.07  -0.43  -0.32   0.59
 -0.42  -1.522 -0.76  -0.19   0.701 -0.22  -0.97   0.92  -0.24  -0.544][-0.84   0.93   0.336 -0.61  -0.44  -0.863 -0.29   0.29  -0.771 -0.38
  0.64   0.31   0.5    0.43   0.35   0.16  -0.27  -0.81   0.48  -0.35
  0.4   -0.2   -0.77  -0.77  -0.3   -0.19   0.83   0.02  -0.4    0.5
  0.1    0.86   0.99  -0.002  0.45  -0.24   0.95  -1.     0.01  -0.49
  0.92  -0.34   0.77   0.85  -1.947  0.83  -1.    -0.85   0.64   0.59
  0.14   0.26  -0.78  -0.51   0.42  -0.8    0.91   0.015  0.43  -0.55
 -1.38   0.62  -0.81   0.57   0.41   0.71  -0.98   0.23  -0.4   -1.265
  0.2   -0.97  -0.15  -0.03  -0.21   0.879  0.07  -0.43  -0.32   0.59
 -0.42  -0.89  -0.76  -0.19   0.701 -0.32  -1.402  0.92  -0.24  -0.544][-0.84   0.93   0.243 -0.61   0.144  0.1    0.436  0.29  -0.771 -0.38
  0.81   0.31   0.5   -0.259  0.35   0.16  -0.27  -0.81   0.48  -0.35
  0.4   -0.2   -0.77  -0.77  -0.3   -0.19   0.83   0.02  -0.4    0.5
 -0.912  0.86   0.99  -0.002  0.45  -0.98   0.95  -1.     0.01  -0.49
  0.92  -0.34  -0.15  -1.29  -0.86   0.83  -1.    -1.548  0.64   0.59
  0.14   0.26  -0.78  -0.51   0.42  -0.98   0.91   0.46   0.43  -0.55
 -1.38   0.574 -0.37   0.57   0.41   0.15  -0.58   0.23  -0.4   -1.265
  0.2   -0.97  -0.15  -0.03  -0.21   0.879  0.07  -0.43  -0.32   0.59
 -0.42  -1.457 -0.76  -0.19   0.08  -0.22  -1.402  0.92  -0.71  -0.544][-0.84   1.242  0.46  -0.61  -0.6   -0.863 -0.29   0.29  -0.68  -0.38
  0.64   0.31   0.5    0.43   0.35   0.16  -0.27  -0.81   0.48  -0.35
  0.4   -0.2   -0.77  -0.77  -0.3   -0.19   0.83   0.02  -0.4    1.25
 -0.912  0.86   0.99  -0.002  0.45  -0.98   0.95  -1.     0.01  -0.66
  0.92  -0.34  -0.15  -1.29  -0.86   0.83  -1.    -1.548  0.063  0.59
  0.14   0.26  -0.78  -0.51   0.42  -0.98   0.91   0.46   0.43  -0.55
 -0.67   0.574 -0.37   0.57   0.41   0.71  -0.58   0.23  -0.4   -0.48
  0.2   -0.97  -0.15  -0.03  -0.21   0.879  0.07  -0.43  -0.32   0.59
 -0.42  -0.89  -0.76  -0.19   0.701 -0.22  -0.97   0.92  -0.24  -0.544][-0.84   0.93   0.336 -0.61  -0.44  -0.863 -0.29   0.29  -0.68  -0.38
  0.64   0.31   0.5    0.43   0.35   0.16   0.364 -0.81   0.48  -0.35
  0.4   -0.353 -0.77   0.927 -0.3   -0.19   0.83   0.02  -0.4    1.25
  0.1    0.86   0.99  -0.002  0.45  -0.98   0.95  -1.     0.01  -0.49
  0.92  -0.34   0.77   0.85  -0.86   0.83  -1.    -0.85   0.64   0.59
  0.14   0.26  -0.78  -0.51   0.42  -0.8    0.91   0.015 -0.061 -0.55
 -0.76   0.62  -0.81   0.57   0.41  -0.648 -0.58   0.23  -0.4   -0.48
  0.2   -0.97  -0.15  -0.03  -0.21   0.879  0.07  -0.43  -0.32   0.59
 -0.42  -0.89   0.12  -0.19   0.701 -0.32  -1.402  0.92  -0.24  -0.544][-0.84   0.93   0.336 -0.61  -0.44   0.1   -0.29   0.29  -0.68  -0.38
  0.64   0.31   0.5    0.43   0.35   0.16  -0.27  -0.81   0.48  -0.35
  0.4   -0.2   -0.77  -0.77  -0.3   -0.19   0.83   0.02  -0.4    0.5
  0.1    0.86   0.99  -0.002  0.45  -0.98   0.95  -1.     0.01  -0.49
  0.92  -0.34  -0.15   0.85  -1.7    0.83  -1.    -0.85   0.64   0.59
  0.14   0.26  -0.78  -0.51   0.42   0.2    0.91   0.46   0.43  -0.55
 -1.38   0.62  -0.81   0.57   0.41   0.15  -0.98   0.23  -0.4   -1.265
  0.2   -0.97  -0.15  -0.03  -0.21   0.879  0.07  -0.43  -0.32   0.59
 -0.42  -0.89  -0.76  -0.19   0.08  -0.32  -1.402  0.92  -0.24  -0.17 ][-0.84   0.93  -0.501 -0.61  -0.6    0.1   -0.29   0.29  -0.68  -0.38
  0.64   0.31   0.5   -0.259  0.35   0.16  -0.27  -0.81   0.48  -0.35
  0.4   -0.2   -0.77  -0.77  -0.3   -0.19   0.83   0.02  -0.4    1.25
 -0.912  0.86   0.99  -0.002  0.45  -0.98   0.95  -1.     0.01  -0.66
  0.92  -0.34  -0.15  -1.29  -0.86   0.83  -1.    -1.548  0.063  0.59
  0.14   0.26  -1.492 -0.51   0.42  -0.98   0.91   0.46   0.43  -0.55
 -1.38   0.574 -0.37   0.57   0.41   0.71  -0.58   0.23  -0.4   -0.48
  0.2   -0.97  -0.15  -0.03  -0.21   0.879  0.07  -0.43  -0.32   0.59
 -0.42  -0.89  -0.76  -0.19   0.701 -0.22  -0.97   0.92  -0.24  -0.544][-0.84   0.93   0.336 -0.61  -0.44  -0.863 -0.29   0.29  -0.68   0.616
  0.81   0.31   0.5    0.43   0.35   0.16   0.364 -0.81   0.48  -0.35
  0.626 -0.353 -0.77  -0.77  -0.3   -0.19   0.83   0.02  -0.4    0.5
  0.1    0.86   1.039 -0.002  0.45  -0.98   1.754 -1.     0.01  -0.49
  0.92  -0.34   0.77   0.85  -0.86   0.83  -1.    -1.548  0.64   0.59
  0.78   0.26  -0.78  -0.51   0.42  -1.704  0.91   0.46  -0.061 -0.55
 -1.38   0.62  -0.37   0.57   0.41   0.15  -0.98   0.23  -0.4   -0.48
  0.2   -0.97  -0.15  -0.03  -0.21   0.879  0.07  -0.43  -0.32   0.59
 -0.42  -0.89  -0.76  -0.48   0.701 -0.32  -0.97   0.92  -0.71  -0.544][-0.84   0.93   0.46  -0.61  -0.44  -0.863 -0.29   0.29  -0.68  -0.38
  0.64   0.31   0.306  0.43   0.35   0.16  -0.27  -0.81   0.48  -0.35
  0.4   -0.2   -0.77  -0.77  -0.3   -0.19   0.83   0.02  -0.4    0.5
 -0.912  0.86   0.99  -0.002  0.45  -0.98   0.95  -1.     0.01  -0.66
  0.92  -0.34   0.77  -1.29  -0.86   0.83  -1.    -1.548  0.64   0.59
  0.14   0.26  -0.78  -0.51   0.42  -0.98   0.91   0.015  0.43  -0.55
 -0.67   0.62  -0.81   0.57   0.41   0.71  -0.98   0.23  -0.4   -0.353
  0.2   -0.97  -0.15  -0.03  -0.21   0.879  0.07  -0.43  -0.32   0.59
 -0.42  -0.89  -0.76  -0.19   0.701 -0.32  -0.97   0.92  -0.24  -0.544][-0.84   0.93   0.46  -0.61  -0.44  -0.863  0.436  0.29  -0.68  -0.38
  0.81   0.31   0.5    0.43   0.35   0.16  -0.27  -0.81   0.48  -0.35
  0.4   -0.2   -0.77  -0.77  -0.3   -0.19   0.83   0.02  -0.4    0.5
  0.1    0.86   0.99  -0.002  0.45  -0.98   0.95  -1.     0.01  -0.49
  0.92  -0.34  -0.15   0.85  -0.86   0.83  -1.    -1.548  0.64   0.59
  0.78   0.26  -0.78  -0.51   0.42  -0.8    0.91   0.46   0.43  -0.55
 -1.38   0.62  -0.37   0.57   0.41   0.15  -0.98   0.23   0.286 -1.265
  0.2   -0.97  -0.15  -0.03  -0.21   0.879  0.07  -0.43  -0.32   0.59
 -0.42  -1.457 -0.76  -0.19   0.701 -0.415 -1.402  0.92  -0.24  -0.544][-0.84   0.93   0.336 -0.61  -0.44  -0.863  0.436  0.29  -0.68  -0.38
  0.64   0.31   0.5    0.43   1.047  0.16   0.364 -0.81   0.48  -0.35
  0.4   -0.2   -0.77  -0.77  -0.3   -0.19   0.83   0.02  -0.4    0.5
 -0.912  0.86   0.99  -0.002  0.45  -0.98   0.95  -1.     0.01  -0.49
  0.92  -0.34   0.77  -1.29  -1.325  0.83  -1.    -0.143  0.64   0.59
  0.78   0.26  -0.78  -0.51   0.42  -0.98   0.91   0.46   0.43  -0.55
 -1.38   0.62  -0.81   0.57   0.41   0.15  -0.98   0.23  -0.4   -1.265
  0.2   -0.97  -0.15  -0.03  -0.21   0.879  0.07  -0.43  -0.32   0.59
 -0.42  -0.89  -0.76  -0.19   0.08  -0.32  -0.97   0.92  -0.24  -0.544][-0.84   0.93   0.46  -0.61  -0.6   -0.863 -0.29   0.29  -0.764 -0.38
  0.64   0.31   0.5    0.43   0.35   0.16  -0.27  -0.81   0.324 -0.35
  0.4   -0.555 -0.77  -0.77  -0.3   -0.19   0.83   0.02  -0.4    0.5
  0.1    0.86   0.99  -0.002  0.45  -0.98   0.95  -1.     0.01  -0.49
  0.92  -0.34  -0.15  -1.728 -0.86   0.83  -1.    -0.85   0.64   0.59
  0.78   0.26  -0.78  -0.51   0.42  -0.98   0.91   0.46   0.43  -0.55
 -1.38   0.62  -0.37   0.57   0.41   0.15  -0.98   0.23  -0.4   -0.48
  0.2   -0.97  -0.15  -0.03  -0.21   0.879  0.07   0.407 -0.32   0.59
 -0.42  -0.89  -0.76  -0.19   0.08  -0.22  -0.97   0.92  -0.24  -0.544][-0.84   0.93   0.336 -0.61  -0.44  -0.863 -0.29   0.29  -0.771 -0.38
  1.168  0.31   0.5    0.43   0.35   0.16  -0.27  -0.104  0.48  -0.35
  0.4   -0.2   -0.77   0.927 -0.3   -0.19   0.83   0.02  -0.4    1.25
  0.1    0.86   0.99  -0.002  0.45  -0.98   0.95  -1.     0.01  -0.49
  0.92  -0.34   0.77  -1.29  -0.86   0.83  -1.    -0.85   0.64   0.59
  0.14   0.26  -0.78  -0.51   0.42  -0.98   0.91   0.46  -0.061 -0.55
 -0.76   0.62  -0.37   0.57   0.41   0.15  -0.98  -0.474 -0.4   -0.48
  0.2   -0.97  -0.857 -0.03  -0.21   0.31   0.07  -0.43  -0.32   0.59
 -0.42  -0.89   0.12  -0.19   0.08  -0.32  -0.97   0.92  -0.71  -0.544][-0.84   0.93   0.336 -0.61  -0.44  -0.863 -0.29   0.29  -0.68  -0.38
  0.64   0.31   0.5    0.43   0.35   0.16  -0.27  -0.81   0.48  -0.35
  0.4   -0.2   -0.77  -0.77  -0.3   -0.19   0.83   0.02  -0.4    0.5
 -0.912  0.86   0.99  -0.002  0.45  -0.98   0.95  -1.     0.01  -0.49
  0.92  -0.34   0.77   0.85  -1.325  0.83  -0.375 -0.85   0.64   0.59
  0.14   0.26  -0.78  -0.51   0.42  -0.8    0.91   0.46   0.43  -0.55
 -1.38   0.62  -0.37   0.57   0.41   0.71  -0.98   0.23  -0.4   -1.265
  0.2   -0.97  -0.15  -0.03  -0.21   0.879  0.07  -0.43  -0.32   0.59
 -0.42  -0.89  -0.76  -0.342  0.701 -0.32  -1.402  0.92  -0.24  -0.544][-0.84   0.93   0.336 -0.61   0.144 -0.863  0.436  0.29  -0.771 -0.38
  0.64   0.31   0.5    0.43   0.35   0.16  -0.27  -0.81   0.48  -0.35
  0.4   -0.2   -0.77  -0.77  -0.3   -0.19   0.83   0.02  -0.4    0.5
  0.1    0.86   0.99  -0.002  0.45  -0.98   0.95  -1.     0.01  -0.49
  0.92  -0.34  -0.15   0.85  -1.325  0.83  -1.    -1.548  0.64   0.59
  0.14   0.26  -0.78  -0.51   0.42  -0.98   0.91   0.46   0.43  -0.55
 -1.38   0.62  -0.81   0.57   0.41   0.15  -0.98   0.23  -0.4   -1.265
  0.2   -0.97  -0.15  -0.03  -0.21   0.879  0.07  -0.43  -0.32   0.59
 -0.42  -1.457 -0.76  -0.19   0.08  -0.415 -1.708  0.92  -0.24  -0.544][-0.84   0.93   0.336 -0.61  -0.44  -0.863  0.436  0.29  -0.771  0.616
  1.168  0.31   0.5    0.43   0.35   0.16   0.364 -0.81   0.48  -0.35
  0.4   -0.2   -0.77  -0.77  -0.3   -0.19   0.83   0.02  -0.322  0.5
 -0.912  0.86   0.99  -0.002  0.45  -0.98   0.95  -1.     0.01  -0.49
  0.92  -0.34   0.77   0.85  -0.86   0.83  -1.    -1.548  0.64   0.59
  0.14   0.26  -0.78  -0.51   0.42  -1.704  0.91   0.46  -0.061 -0.55
 -0.76   0.62  -0.81   0.528  0.41   0.15  -0.98   0.23  -0.4   -0.48
  0.2   -0.97   0.242 -0.03  -0.21   0.879  0.07   0.407 -0.32   0.59
 -0.42  -0.89  -0.76  -0.48   0.08  -0.32  -0.97   0.92  -0.71  -0.544][-0.84   0.93   0.336 -0.61  -0.44   0.1   -0.29   0.29  -0.68  -0.38
  1.168  0.31  -0.89   0.43   0.35   0.16   0.364 -0.421  0.48  -0.35
  0.4   -0.2   -0.77  -0.77  -0.3   -0.19   0.83   0.02  -0.4    1.25
 -0.912  0.86   0.99  -0.002  0.45  -0.98   0.95  -1.     0.01  -0.49
  0.92  -0.34  -0.15  -1.29  -0.86   0.83  -1.    -0.85   0.063  0.59
  0.14   0.26  -0.78  -0.51   0.42  -0.98   0.91   0.552 -0.061 -0.55
 -0.76   0.62  -0.37   0.57   0.41   0.15  -0.98   0.23  -0.4   -1.265
  0.2   -0.97  -0.15  -0.03  -0.21   0.31   0.07   0.407 -0.32   0.59
 -0.42  -0.89  -0.76  -0.19   0.08  -0.32  -1.402  1.43  -0.71  -0.544][-0.84   0.93   0.46  -0.61  -0.44   0.1    0.436  0.29  -0.68  -0.38
  0.64   0.31   0.5    0.43   0.35   0.16  -0.27  -0.81  -0.494 -0.35
  0.4   -0.2   -0.77  -0.77  -0.3   -0.19   0.83   0.02  -0.4    0.5
  0.1    0.86   0.99  -0.002  0.45  -0.98   0.95  -1.     0.01  -0.49
  0.92  -0.34  -0.15   0.85  -1.325  0.83  -1.    -1.548  0.64   0.59
  0.78   0.26  -0.78  -0.51   0.42  -0.98   0.91   0.46   0.43  -0.55
 -1.38   0.62  -0.37   0.57   0.41   0.15  -0.58   0.23  -0.4   -1.265
  0.2   -0.97  -0.15  -0.03  -0.21   0.879  0.07  -0.43  -0.32   0.59
 -0.42  -1.457 -0.76  -0.19   0.701 -0.415 -1.402  0.92  -0.24  -0.544][-0.84   0.93   0.46  -0.61  -0.6    0.1   -0.29   0.29  -0.68  -0.38
  0.64   0.31   0.5   -0.259  0.35   0.16  -0.27  -0.81   0.48  -0.35
  0.4   -0.2   -0.77  -0.77  -0.3   -0.19   0.83   0.02  -0.4    0.5
 -0.912  0.86   0.99  -0.002  0.45  -0.98   0.95  -1.     0.01  -0.49
  0.92  -0.34  -0.15  -1.29  -0.86   0.83  -1.    -1.548  0.063  0.59
  0.14   0.26  -0.78  -0.51   0.42  -0.98   0.91   0.46   0.43  -0.55
 -0.67   0.574 -0.37   0.57   0.41   0.71  -0.98   0.23  -0.4   -0.353
  0.541 -0.97  -0.15  -0.03  -0.21   0.879  0.07  -0.43  -0.32   0.59
 -0.42  -0.89  -0.76  -0.19   0.08  -0.22  -0.97   0.92  -0.24  -0.544][-0.84   0.93   0.336 -0.61  -0.44  -0.863  0.436 -0.053 -0.68  -0.38
  0.64   0.31   0.5    0.43   0.35   0.16   0.364 -0.81   0.48  -0.35
  0.4   -0.2   -0.77  -0.77  -0.3   -0.19   0.83   0.02  -0.4    0.5
  0.1    0.86   0.99  -0.002  0.45  -0.24   0.95  -1.     0.848 -0.49
  0.92  -0.34   0.77   0.85  -0.86   0.83  -1.    -0.85   0.64   0.59
  0.14   0.26  -0.78  -0.51   0.42   0.2    0.91   0.46   0.43  -0.55
 -1.38   0.62  -0.37   0.57   0.41   0.15  -0.98   0.23  -0.4   -1.265
  0.2   -0.97  -0.15  -0.03  -0.21   0.252  0.07  -0.43  -0.32   0.59
 -0.42  -0.89  -0.76  -0.19   0.701 -0.32  -0.939  0.92  -0.24  -0.544][-0.84   0.93   0.336 -0.61  -0.6   -0.863  0.436  0.29  -0.68  -0.38
  0.399  0.96   0.5    0.43   0.35   0.16   0.364 -0.81   1.258 -0.35
  0.4   -0.2   -0.77  -0.77  -0.3   -0.19   0.83   0.02  -0.4    0.5
 -0.912  0.86   0.99  -0.002  0.45  -0.98   0.95  -1.339  0.01  -0.49
  0.92  -0.34  -0.15   0.85  -1.325  0.83  -1.    -0.85   0.063  0.59
  0.78   0.26  -0.78  -0.51   0.42  -0.98   0.91   0.46   0.43  -0.55
 -0.76   0.62  -0.37   0.57   0.41   0.15  -0.98   0.23  -0.4   -0.48
  0.2   -0.97  -0.15  -0.03  -0.21   0.879  0.07  -0.43  -0.32   0.59
 -0.42  -0.89  -0.76  -0.19   0.701 -0.32  -0.97   0.92  -0.24  -0.544][-0.84   0.93   0.336 -0.61  -0.6   -0.863 -0.29   0.29  -0.68  -0.38
  0.64   0.31   0.5    0.43   0.35   0.16  -0.27  -0.81   0.48  -0.35
  0.4   -0.2   -0.77  -0.77  -0.3   -0.19   0.83   0.02  -0.4    0.5
  0.1    1.09   0.99  -0.002  0.45  -0.98   0.95  -1.     0.01  -0.66
  0.92  -0.34   0.77  -1.29  -0.86   0.83  -1.    -0.85   0.063  0.59
  0.14   0.26  -0.78  -0.51   0.42  -0.8    0.91   0.015  0.43  -0.55
 -0.67   0.62  -0.81   0.57   0.41   0.71  -0.98   0.23  -0.4   -1.265
  0.2   -0.97  -0.15  -0.03  -0.21   0.879  0.07  -0.43  -0.32   0.59
 -0.42  -0.89  -0.76  -0.19   0.701 -0.22  -1.402  0.92  -0.24  -0.544][-0.84   0.93   0.46  -0.61  -0.6   -0.863  0.436  0.29  -0.835 -0.38
  0.64   0.31   0.5    0.43   0.35   0.16  -0.27  -0.81   0.48  -0.35
  0.4   -0.353 -0.77  -0.77  -0.3   -0.19   0.83   0.02  -0.4    0.5
 -0.912  0.86   0.99  -0.002  0.45  -0.24   0.95  -1.     0.01  -0.49
  0.92  -0.34   0.77  -1.29  -0.86   0.83  -1.    -1.548  0.64   0.59
  0.14   0.26  -0.78  -0.51   0.42  -0.98   0.91   0.46   0.43  -0.55
 -0.67   0.62  -0.37   0.57   0.41   0.71  -0.98   0.23  -0.4   -1.265
  0.2   -0.97  -0.15  -0.03  -0.21   0.879  0.07  -0.43  -0.32   0.59
 -0.42  -1.457 -0.76  -0.19   0.258 -0.22  -1.402  0.92  -0.24  -0.544][-0.84   0.93   0.46  -0.61  -0.6   -0.863 -0.29   0.29  -0.68  -0.38
  0.81   0.31   0.5    0.43   0.35   0.16  -0.27  -0.81   0.48  -0.35
  0.4   -0.2   -0.77  -0.77  -0.3   -0.19   0.83   0.02  -0.4    0.5
  0.1    0.86   0.99  -0.002  0.45  -0.24   0.95  -1.     0.01  -0.49
  0.92  -0.34  -0.84   0.85  -0.86   0.83  -1.    -1.548  0.063  0.59
  0.14   0.26  -0.78  -0.51   0.42  -0.98   0.91   0.46   0.43  -0.55
 -1.38   0.62  -0.37   0.57   0.41   0.71  -0.98   0.23  -0.4   -1.265
  0.2   -0.97  -0.15  -0.03  -0.21   0.879  0.07  -0.43  -0.32   0.59
 -0.42  -1.457 -0.76  -0.19   0.701 -0.32  -1.402  0.92  -0.24  -0.544][-0.84   0.93   0.336 -0.61  -0.6   -0.863 -0.29   0.29  -0.771 -0.38
  1.168  0.31   0.5    0.43   0.35   0.16  -0.27  -0.421  0.48  -0.35
  0.4   -0.353 -0.77  -0.77  -0.3   -0.19   0.83   0.02  -0.4    0.5
 -0.912  0.86   0.99  -0.002  0.45  -0.24   0.95  -1.     0.459 -0.49
  0.92  -0.34   0.77   0.85  -0.86   0.83  -1.    -1.548  0.64   0.59
  0.14   0.26  -0.78  -0.51   0.42  -0.98   0.91   0.46  -0.061 -0.55
 -1.38   0.62  -0.81   0.57   0.41   0.71  -0.98   0.23  -0.4   -1.265
  0.2   -0.97  -0.15  -0.03  -0.21   0.31   0.07  -0.43  -0.32   0.59
 -0.42  -1.457 -0.76  -0.19   0.258 -0.22  -1.402  1.015 -0.71  -0.544][-0.84   0.93   0.336 -0.61  -0.6   -0.863  0.436  0.29  -0.68  -0.38
  0.64   0.96   0.5    0.43   0.35   0.16   0.364 -0.81   1.258 -0.35
  0.4   -0.2   -0.77  -0.77  -0.3   -0.19   0.83   0.02  -0.4    0.5
  0.1    0.86   0.99  -0.002  0.45  -0.98   0.95  -1.     0.01  -0.49
  0.92  -0.34   0.77   0.85  -0.86   0.83  -1.    -1.548  0.64   0.59
  0.78   0.26  -0.78  -0.51   0.42  -0.98   0.91   0.46   0.43  -0.55
 -1.38   0.62  -0.37   0.57   0.41   0.15  -0.98   0.23  -0.4   -0.48
  0.2   -0.97   0.242 -0.03  -0.21   0.879  0.07  -0.43  -0.32   0.59
 -0.42  -0.89  -0.76  -0.48  -0.747 -0.32  -0.97   0.92  -1.018 -0.544][-0.84   0.93   0.336 -0.61  -0.44  -0.863 -0.29   0.29  -0.68  -0.38
  0.64   0.31  -0.89   0.43   0.35   0.16  -0.27  -0.81   0.48  -0.35
  0.4   -0.2   -0.77  -0.77  -0.3   -0.19   0.83   0.02  -0.318  0.5
  0.1    0.86   0.99  -0.002  0.45  -0.98   0.95  -1.     0.01  -0.49
  0.92  -0.34   0.77   0.85  -1.325  0.83  -1.    -0.85   0.64   0.59
  0.14   0.26  -0.78  -0.51   0.42  -0.8    0.91   0.015  0.43  -0.55
 -0.76   0.62  -0.81   0.57   0.41   0.15  -0.98   0.23  -0.4   -1.265
  0.2   -0.97  -0.15  -0.03  -0.21   0.31   0.07   0.407 -0.32   0.59
 -0.42  -0.89  -0.76  -0.19   0.08  -0.32  -1.402  0.92  -0.71  -0.544][-0.84   0.93   0.336 -0.61  -0.44  -0.863 -0.29   0.29  -0.68   0.616
  0.64   0.31   0.5    0.43   0.35   0.16  -0.27  -0.81   0.324 -0.35
  0.4   -0.2   -0.77  -0.77  -0.3   -0.19   0.83   0.02  -0.4    0.5
  0.1    0.86   0.99  -0.002  0.45  -0.98   0.95  -1.     0.01  -0.49
  0.92  -0.34   0.77   0.85  -0.86   0.83  -1.    -0.85   0.64   0.59
  0.78   0.26  -0.78  -0.51   0.42  -0.8    0.91   0.46   0.43  -0.55
 -1.38   0.62  -0.81   0.57   0.41   0.15  -0.98   0.23  -0.4   -1.265
  0.2   -0.97  -0.15   0.506 -0.21   0.31   0.07   0.407 -0.32   0.59
 -0.42  -0.89  -0.76  -0.19   0.08  -0.22  -0.97   0.92  -0.24  -0.544][-0.84   0.93   0.336 -0.61  -0.44  -0.863 -0.29   0.29  -0.68  -0.38
  0.64   0.31   0.5    0.43   0.35   0.16   0.364 -0.81   0.48  -0.35
  0.4   -0.2   -0.77  -0.77  -0.3   -0.19   0.83   0.02  -0.4    0.5
  0.1    0.86   0.99  -0.002  0.45  -0.98   0.95  -1.     0.01  -0.49
  0.92  -0.34   0.77  -1.29  -1.325  0.83  -1.    -0.85   0.64   0.59
  0.78   0.26  -0.78   0.022  0.42  -0.98   0.91   0.015  0.43  -0.55
 -0.76   0.574 -0.81   0.57   0.41   0.15  -0.98   0.23  -0.4   -0.48
  0.2   -0.97   0.242 -0.406 -0.21   0.879  0.07  -0.43  -0.32   0.59
 -0.42  -0.89  -0.76  -0.19   0.701 -0.32  -0.97   0.92  -0.24  -0.17 ][-0.84   0.93   0.336 -0.61  -0.44  -0.863 -0.29   0.29  -0.68  -0.38
  0.64   0.31   0.5    0.43   0.35   0.16  -0.27  -0.81   0.48  -0.35
  0.4   -0.2   -0.77  -0.77  -0.3   -0.19   0.83   0.02  -0.4    0.5
  0.1    0.86   0.99  -0.002  0.45  -0.98   0.95  -1.     0.01  -0.49
  0.92  -0.34   0.77   0.85  -0.86   0.83  -1.    -0.85   0.64   0.59
  0.14   0.26  -0.78  -0.51   0.42  -0.8    0.91   0.015  0.43  -0.55
 -1.38   0.62  -0.81   0.57   0.41   0.15  -0.98   0.23  -0.4   -0.48
  0.2   -0.97  -0.15  -0.03  -0.21   0.879 -0.473 -0.43  -0.32   0.59
 -0.42  -0.89   0.12  -0.19   0.08  -0.32  -0.939  0.92  -0.24  -0.544][-0.84   0.93   0.336 -0.61  -0.6   -0.863 -0.29   0.29  -0.68  -0.38
  0.81   0.31   0.5    0.43   0.35   0.16   0.364 -0.104  0.48  -0.35
  0.4   -0.2   -0.77  -0.77  -0.3   -0.19   0.83   0.02  -0.4    1.25
 -0.912  0.86   0.99  -0.002  0.45  -0.98   0.95  -1.     0.01  -0.49
  0.92  -0.34   0.77  -1.29  -0.86   0.83  -1.    -0.143  0.64   0.59
  1.344  0.26  -0.78  -0.51   0.42   0.2    0.91   0.46  -0.061 -0.55
 -1.38   0.62  -0.37   0.57   0.41   0.15  -0.58   0.273  0.5   -1.265
  0.2   -0.97  -0.15  -0.03  -0.21   0.31   0.07  -0.43  -1.077  0.59
 -0.42  -0.89   0.12  -0.19   0.08  -0.32  -0.97   0.92  -0.71  -0.17 ][-0.84   0.93   0.46  -0.61  -0.6   -0.863  0.436  0.29  -0.771  0.616
  0.81   0.31  -0.89   0.43   0.35  -0.319 -0.27  -0.81   0.324 -0.35
  0.4   -0.353 -0.77  -0.77  -0.3   -0.19   0.83   0.02  -0.4    0.5
  0.1    0.86   0.99  -0.002  0.45   0.675  0.95  -1.     0.459 -0.592
  0.92  -0.34   0.77   0.85  -0.86   0.83  -1.    -1.548  0.063  0.59
  0.78   0.26  -0.78  -0.51   0.42  -0.98   0.91   0.46   0.43  -0.55
 -1.38   0.62  -0.81   0.57   0.41   0.71  -0.98   0.23  -0.4   -1.265
  0.2   -0.97  -0.15  -0.03  -0.21   0.31   0.07  -0.43  -0.32   0.59
 -0.42  -0.89  -0.76  -0.19   0.08  -0.22  -1.402  0.92  -0.24  -0.544][-0.84   0.93   0.336 -0.61  -0.44  -0.863 -0.29   0.29  -0.68  -0.38
  0.64   0.31  -0.89   0.43   0.35   0.16  -0.27  -0.421  0.48  -0.35
  0.4   -0.2   -1.468 -0.77  -0.3   -0.19   0.83   0.02  -0.4    0.5
 -0.912  0.86   0.99  -0.002  0.45  -0.98   0.95  -1.     0.01  -0.49
  0.92  -0.34  -0.15   0.85  -0.86   0.83  -1.    -0.143  0.64   0.59
  1.344  0.26  -0.78  -0.51   0.42   0.2    0.91   0.552 -0.061 -0.55
 -0.76   0.62  -0.37   0.57   0.41   0.15  -0.98   0.23  -0.4   -1.265
  0.2   -0.97  -0.15  -0.03  -0.21   0.31   0.07  -0.43  -0.32   0.59
 -0.42  -0.89  -0.76  -0.19   0.08  -0.32  -1.402  0.92  -0.71  -0.544][-0.84   0.93   0.336 -0.61  -0.6    0.1   -0.29   0.29  -0.68  -0.38
  0.64   0.31   0.5    0.43   0.35   0.16   0.364 -0.81   0.48  -0.35
  0.4   -0.2   -0.77  -0.77  -0.3   -0.19   0.83   0.02  -0.4    1.25
  0.1    0.86   0.99  -0.002  0.45  -0.24   0.95  -1.     0.848 -0.49
  0.92  -0.34   0.77  -1.29  -0.86   0.83  -1.    -0.85   0.063  0.05
  0.14   0.26  -0.78  -0.51   0.42   0.2    0.91   0.46   0.43  -0.55
 -1.38   0.62  -0.37   0.57   0.41  -0.171 -0.825  0.23  -0.4   -1.265
  0.2   -0.97  -0.15  -0.03  -0.21   0.252  0.07  -0.43  -1.077  0.59
 -0.42  -0.89   0.12  -0.19   0.08  -0.22  -1.402  0.92  -0.24  -0.544][-0.84   0.93   0.46  -0.61  -0.6    0.1   -0.29   0.29  -0.764 -0.38
  0.64   0.31   0.5    0.43   0.35   0.16  -0.27  -0.421  0.48  -0.35
  0.4   -0.2   -0.77  -0.77  -0.3   -0.19   0.83   0.02  -0.4    0.5
 -0.912  0.86   0.99  -0.002  0.45  -0.98   0.95  -1.     0.01  -0.678
  0.92  -0.34  -0.15  -1.29  -0.86   0.83  -1.    -1.548  0.64   0.59
  0.14   0.26  -0.78  -0.51   0.42  -0.98   0.91   0.46   0.43  -0.55
 -1.38   0.62  -0.37   0.57   0.41   0.71  -0.58   0.23  -0.4   -0.48
  0.2   -0.97  -0.15  -0.03  -0.21   0.879  0.07  -0.43  -0.32   0.59
 -0.42  -1.522 -0.76  -0.19   0.08  -0.415 -1.402  0.92  -0.24  -0.544]