[-1.79   0.93   0.46  -0.61  -0.6    0.1    0.436  0.29  -0.68  -0.38
  0.81   0.31   0.5    0.43   0.35   0.16  -1.13  -0.81   0.48  -0.35
  0.626 -0.2   -0.77  -0.77  -0.181 -0.19   0.83   0.281 -0.4    0.5
  0.1    0.86   0.99  -0.034  0.45  -1.355  1.593 -1.     0.01  -0.49
  0.92  -0.34   0.923 -1.29  -1.325  0.83  -1.    -1.447  0.64   0.59
  1.112  1.06  -1.274 -0.51   0.42  -0.98   0.91   0.46   0.43  -0.55
 -1.38   0.301 -0.81   0.57   0.974  0.15  -0.98   0.23  -0.4   -1.265
  0.2   -0.97  -1.02  -0.03  -0.21   0.879  0.07  -0.43  -0.32   0.566
 -0.42  -0.89  -1.021 -0.19   0.846 -0.415 -2.082  0.92  -0.593 -0.544][-1.79   0.93   0.46  -0.61  -0.44   0.1    0.436  0.29  -0.68  -0.38
  0.802  0.31   0.5    0.43   0.35   0.16  -0.27  -0.81  -0.494 -0.35
  0.626 -0.2   -0.77  -0.77  -0.181 -0.19   0.83   0.02  -0.4    0.5
  0.165  0.86   0.99  -0.034  0.45  -1.355  1.483 -1.     0.01  -0.49
  0.545 -0.34   0.923 -1.29  -2.191  0.83  -1.381 -1.548  0.64   0.59
  1.647  1.06  -1.274 -0.51   0.42  -0.98   1.347  0.46   0.43  -0.55
 -1.38   0.62  -0.81   0.57   0.41   0.15  -0.98   0.23  -0.4   -1.265
  0.2   -0.97  -1.02  -0.03  -0.21   0.879  0.07  -0.865 -0.32   0.59
 -0.42  -1.457 -0.76  -0.569  0.846 -0.415 -2.082  0.92  -1.066 -0.544][-0.84   0.93   0.46  -0.61   0.144  0.151  0.436  0.29  -0.68  -0.38
  0.81   0.31   0.5    0.43   0.35   0.16  -0.27  -0.81  -0.494 -0.35
  0.4   -0.2   -0.77  -0.77  -0.181 -0.19   0.83   0.02  -0.06   0.5
  0.1    0.86   0.342 -0.034  0.45  -0.98   1.593 -1.     0.01  -0.49
  0.92  -1.217  0.923 -1.29  -1.325  0.83  -1.    -1.548  0.64   0.59
  1.112  1.06  -1.274 -0.51   0.42  -0.98   0.91   0.46   1.355 -0.55
 -1.917  1.563 -0.81   0.57   0.627  0.15  -0.98   0.23  -0.4   -1.265
  0.2   -0.97  -1.02  -0.03  -0.21   0.879  0.12  -0.865 -0.32   0.566
 -0.42  -0.89  -0.76  -0.19   0.846 -0.415 -2.082  0.92  -1.066 -0.544][-0.84   0.93   0.46  -0.61   0.144  0.1    0.436  0.29  -0.68  -0.38
  0.802  0.31   0.5    0.43   0.35   0.16  -0.27  -0.81  -0.494 -0.35
  0.4   -0.2   -0.77  -1.504 -0.181 -0.19   0.83   0.02  -0.4    0.5
 -0.912  0.86   0.342 -0.034  0.45  -1.355  1.483 -1.     0.01  -0.49
  0.545 -0.34   0.923 -1.29  -1.325  0.83  -1.381 -1.548  0.64   0.59
  1.112  1.06  -0.78  -0.51   0.42  -0.98   1.347  0.46   0.43  -0.55
 -1.38   0.62  -0.81   0.57   0.41   0.15  -0.98   0.23  -0.4   -1.265
  0.2   -0.97  -1.02  -0.03  -0.21   0.879  0.07  -0.865 -0.32   0.59
 -0.42  -1.457 -1.703 -0.19   0.846 -0.415 -2.082  0.92  -1.066 -0.159][-1.79   0.93   1.159 -0.61  -0.44   0.151  0.436  0.29  -0.68  -0.38
  0.802  0.31   0.5    0.43   0.35   0.16  -0.27  -0.81  -0.494 -0.35
  0.4   -0.2   -0.77  -0.77  -0.181 -0.19   0.83   0.281 -0.4    0.5
  0.165  0.86   0.342 -0.034  0.45  -1.355  1.593 -1.     0.01  -0.49
  0.545 -0.34   0.923 -1.29  -1.325  0.83  -1.    -1.548  0.64   0.59
  1.112  1.06  -1.274  0.2    0.42  -0.98   0.91   0.723  1.355 -0.55
 -1.917  0.62  -0.37   0.57   0.974  0.15  -0.98   0.23  -0.4   -1.265
  0.2   -0.97  -1.02  -0.03  -0.21   0.879  0.07  -0.43  -0.32   0.59
 -0.42  -1.457 -0.76  -0.19   0.846 -0.415 -2.082  0.92  -0.24  -0.544][-1.79   0.93   0.46  -0.61  -0.6    0.1    0.436  0.29  -0.68  -0.38
  0.81   0.31   0.5    0.43   0.35   0.16  -0.27  -0.81   0.48  -0.35
  0.626 -0.2   -0.77  -0.77  -0.181 -0.19   0.83   0.281 -0.4    0.5
  0.1    0.86   0.99  -0.034  0.45  -1.355  1.593 -1.     0.01  -0.49
  0.92  -0.34   0.923 -1.29  -1.325  0.83  -1.    -1.548  0.64   0.59
  1.112  1.06  -1.274 -0.51   0.42  -0.98   0.91   0.46   0.43  -0.55
 -1.38   0.301 -0.81   0.57   0.974  0.15  -0.98   0.23  -0.4   -1.265
  0.2   -0.97  -1.02  -0.03  -0.21   0.879  0.07  -0.076 -0.32   0.566
 -0.42  -0.89  -1.021 -0.19   0.846 -0.415 -2.082  0.92  -0.24  -0.544][-1.79   0.93   0.46  -0.61  -0.6    0.1    0.436  0.29  -0.68  -0.38
  0.81   0.31   0.5    0.43   0.956  0.16  -0.27  -0.81  -0.494 -0.35
  0.626 -0.2   -0.77  -0.77  -0.181 -0.19   0.83   0.02  -0.06   0.5
  0.165  0.86   0.99  -0.034  0.45  -1.355  1.593 -1.     0.01  -0.49
  0.92  -0.34   0.923 -1.29  -1.325  0.83  -1.    -1.447  0.64   0.59
  1.112  1.06  -0.78  -0.51   0.42  -0.98   0.91   0.46   0.43  -0.55
 -1.38   0.62  -0.81   0.57   0.774  0.15  -0.98   0.23  -0.4   -1.265
  0.2   -0.97  -1.02  -0.03  -0.21   0.879  0.07  -0.43  -0.32   0.59
 -0.42  -0.89  -0.76  -0.19   0.846 -0.415 -2.082  0.92  -0.24  -0.544][-1.79   0.93   0.46  -0.61  -0.44   0.1    0.436  0.29  -0.68  -0.38
  0.802  0.31   0.5    0.43   0.35   0.16  -0.27  -0.81  -0.494 -0.35
  0.4   -0.2   -0.77  -0.77  -0.181 -0.19   0.83   0.02  -0.4    0.5
  0.1    0.86   0.99  -0.034  0.45  -0.98   1.593 -1.     0.01  -0.49
  0.92   0.03   0.923 -1.29  -2.191  0.83  -1.381 -1.548  0.64   0.59
  1.647  1.06  -1.274 -0.51   0.42  -0.98   1.347  0.46   0.43  -0.55
 -1.38   0.62  -0.81   0.57   0.627  0.15  -0.98   0.23  -0.4   -1.265
  0.2   -0.97  -1.02  -0.03  -0.21   0.879  0.07  -0.865 -0.32   0.59
 -0.42  -0.877 -1.021 -0.569  0.846 -0.415 -2.082  0.92  -1.066 -0.544][-1.79   0.93   0.46  -0.61  -0.6    0.151  0.436  0.29  -0.68  -0.6
  0.81   0.31   0.5    0.43   0.35   0.16   1.162 -0.81  -0.494 -0.35
  0.626 -0.2   -0.77  -1.504 -0.181 -0.19   0.83   0.02  -0.4    0.5
  0.1    0.86   0.99  -0.002  0.45  -0.98   1.483 -1.     0.01  -0.49
  0.92  -0.34   0.923 -1.29  -1.325  0.83  -1.    -1.548  0.64   1.083
  1.112  1.06  -0.78  -0.51   0.42  -0.98   0.91   0.46   0.43  -0.55
 -1.917  0.62  -0.37   0.57   0.41   0.15  -0.98   0.23  -0.4   -1.265
  0.2   -0.97  -1.02  -0.03  -0.21   0.879  0.07  -0.865 -0.32   0.566
 -0.42  -0.89  -0.76  -0.19   0.507 -0.415 -1.652  0.92  -0.24  -0.544][-0.84   1.165  0.46  -0.61   0.144  0.1    0.436  0.29  -0.68  -0.38
  0.81   0.31   0.5    0.43   0.35   0.16  -0.27  -0.81  -0.494 -0.35
  0.626 -0.2   -0.77  -0.77  -0.181 -0.19   0.83   0.04  -0.06   0.5
  0.165  0.86   0.99  -0.034  0.45  -1.355  1.483 -1.     0.01  -0.49
  0.92  -0.34   0.923 -1.29  -1.325  0.83  -1.    -1.548  0.64   0.59
  1.112  1.06  -0.173 -0.51   0.42  -0.98   0.91   0.46   0.43  -0.55
 -1.38   0.62  -0.81   0.57   0.41   0.15  -0.98   0.23  -0.4   -1.265
  0.908 -0.97  -1.02  -0.03  -0.21   0.879  0.07  -0.865 -0.32   0.59
 -0.42  -1.457 -0.76  -0.19   0.846 -0.415 -2.082  0.92  -1.066 -0.544][-0.84   0.93   1.159 -0.61   0.144  0.151  0.436  0.29  -0.68  -0.38
  0.802  0.31   0.5    0.43   0.35   0.16  -0.27  -0.81  -0.494 -0.35
  0.4   -0.2   -0.77  -0.77  -0.181 -0.19   0.83   0.02  -0.4    0.5
  0.1    0.86   0.342 -0.034  0.45  -1.355  1.593 -1.     0.01  -0.49
  0.92  -0.34   0.923 -1.29  -1.325  0.83  -1.    -1.548  0.64   0.59
  1.112  1.06  -1.274 -0.51   0.42  -0.98   0.91   0.46   1.355 -0.55
 -1.917  0.62  -0.81   0.57   0.41   0.15  -0.98   0.23  -0.4   -1.265
  0.257 -0.97  -1.02  -0.503 -0.21   0.879  0.07  -0.43  -0.32   0.59
 -0.42  -0.89  -1.021 -0.19   0.846 -0.415 -2.082  0.92  -1.066 -0.544][-0.84   1.165  0.46  -0.61   0.144  0.1    0.306  0.29  -0.68  -0.38
  0.802  0.31   0.5    0.43   0.35   0.16  -0.27  -0.81  -0.494 -0.35
  0.626 -0.2   -0.77  -0.77  -0.181 -0.19   0.83   0.281 -0.06   0.5
  0.165  0.86   0.99  -0.034  0.45  -1.355  1.593 -1.     0.01  -0.49
  0.92  -0.34   0.923 -1.29  -1.325  0.83  -1.    -1.548  0.64   0.59
  2.017  1.06  -0.173 -0.51   0.42  -0.98   0.91   0.46   0.43  -0.55
 -1.38   0.62  -0.81   0.57   0.41   0.15  -0.98   0.23  -0.4   -1.265
  0.908 -0.97  -1.02   0.053 -0.21   0.879  0.07  -0.865 -0.32   0.59
 -0.42  -1.457 -0.76  -0.19   0.846 -0.415 -2.082  0.92  -1.066 -0.544][-1.79   0.93   0.46  -0.61  -0.44   0.1    0.436  0.29  -0.68  -0.38
  0.802  0.31   0.5    0.43   0.35   0.16  -0.27  -0.81  -0.494 -0.35
  0.626 -0.2   -0.77  -0.77  -0.181 -0.19   0.83   0.02  -0.4    0.5
  0.165  0.86   0.342 -0.034  0.45  -1.355  1.483 -1.     0.01  -0.49
  0.545 -0.34   0.923 -1.29  -2.191  0.83  -1.    -1.548  0.64   0.463
  1.647  1.06  -1.274 -0.51   0.42  -0.98   0.91   0.46   0.43  -0.55
 -1.38   0.62  -0.81   0.57   0.41   0.15  -0.98   0.23  -0.4   -1.265
  0.257 -0.97  -1.02  -0.03  -0.21   0.879  0.07  -0.865 -0.32   0.59
 -0.42  -1.457 -0.76  -0.19   0.846 -0.415 -2.082  0.92  -1.066 -0.544][-1.79   0.93   0.46  -0.61  -0.44   0.151  0.436  0.29  -0.68  -0.38
  0.802  0.31   0.5    0.43   0.35   0.16  -0.27  -0.81  -0.494 -0.35
  0.626 -0.2   -0.77  -0.77  -0.181 -0.19   0.83   0.02  -0.4    0.5
  0.1    0.86   0.99  -0.034  0.45  -1.355  1.483 -1.     0.01  -0.49
  0.545 -0.623  0.923 -1.29  -2.191  0.83  -1.381 -1.447  0.64   0.59
  2.017  1.06  -0.78  -0.51   0.42  -0.98   1.347  0.46   0.43  -0.55
 -1.917  0.62  -0.81   0.57   0.41   0.15  -0.98   0.23  -0.4   -1.265
  0.2   -0.97  -1.02  -0.03  -0.21   0.879  0.07  -0.43  -0.32   0.566
 -0.42  -1.457 -0.76  -0.19   0.846 -0.734 -2.082  0.92  -1.066 -0.544][-1.79   0.93   0.46  -0.61   0.144  0.1    0.436  0.29  -0.68  -0.38
  0.81   0.31   0.5    0.43   0.35   0.16   1.162 -0.81  -0.494 -0.35
  0.4   -0.2   -0.77  -0.77  -0.181 -0.19   0.83   0.268 -0.4    0.5
  0.1    0.86   0.99  -0.034  0.45  -0.98   1.593 -1.     0.01  -0.49
  0.92  -0.34   0.923 -1.29  -1.325  0.83  -1.    -1.548  0.64   1.083
  1.112  1.06  -0.78  -0.51   0.42  -0.98   0.91   0.46   0.43  -0.55
 -1.917  0.62  -0.81   0.57   0.41   0.15  -0.98   0.23  -0.4   -1.265
  0.908 -0.97  -1.02  -0.03  -0.21   0.879  0.12  -0.43  -0.32   0.566
  0.312 -0.89  -1.021 -0.19   0.507 -0.415 -1.652  0.92  -1.066 -0.544][-1.79   0.93   1.159 -0.61   0.144  0.151  0.436  0.29  -0.68  -0.38
  0.802  0.31   0.5    0.43   0.35   0.16   1.162 -0.81  -0.494 -0.35
  0.626 -0.2   -0.77  -1.504 -0.181  1.172  0.83   0.02  -0.4    0.5
  0.1    0.86   0.99  -0.034  0.45  -0.98   1.483 -1.     0.01  -0.49
  0.92  -0.34   0.923 -1.29  -1.325  0.83  -1.    -1.548  0.64   0.59
  1.112  1.06  -1.274 -0.51   0.42  -0.98   0.91   0.46   1.355 -0.55
 -1.917  1.563 -0.81   0.57   0.41   0.15  -0.98   0.23  -0.4   -1.265
  0.2   -0.97  -1.02  -0.03  -0.21   0.879  0.12  -0.43  -0.32   0.566
 -0.42  -0.89  -0.76  -0.19   0.507 -0.415 -2.082  0.92  -1.066 -0.159][-0.84   0.93   0.46  -0.563 -0.44   0.1    0.436  0.29  -0.68  -0.38
  0.802  0.31   0.5    0.43   0.35   0.16  -0.27  -0.81  -0.494 -0.35
  0.758 -0.2   -0.77  -0.77  -0.181 -0.19   0.83   0.02  -0.06   0.5
  0.165  0.86   0.99  -0.034  0.45  -1.355  1.483 -1.     0.01  -0.49
  0.545 -0.34   0.923 -1.29  -1.325  0.83  -1.    -1.548  0.64   0.59
  2.017  1.06  -0.173 -0.51   0.42  -0.98   0.91   0.723  0.43  -0.55
 -1.917  0.62  -0.37   0.57   0.974  0.15  -0.98   0.23  -0.4   -1.265
  0.2   -0.97  -1.02  -0.03  -0.21   0.879  0.705 -0.43  -0.32   0.59
 -0.42  -1.457 -0.76  -0.569  0.846 -0.415 -2.082  0.92  -0.24  -0.544][-0.84   0.93   1.159 -0.61   0.144 -0.576  0.436  0.29  -0.68  -0.38
  0.802  0.31   0.5    0.43   0.35  -0.018 -0.27  -0.81  -0.494 -0.35
  0.4   -0.2   -0.77  -1.504 -0.181 -0.19   0.83   0.02  -0.4    0.5
 -0.912  0.86   0.342 -0.034  0.45  -0.98   1.483 -1.     0.01  -0.49
  0.545 -0.34   0.923 -1.29  -1.325  0.83  -1.    -1.548  0.64   0.59
  1.112  1.06  -0.78  -0.51   0.42  -0.98   0.91   0.46   0.43  -0.55
 -1.38   0.301 -0.37   0.57   0.41   0.15  -0.98   0.23  -0.4   -1.265
  0.257 -0.97  -1.02  -0.03  -0.21   0.879  0.07  -0.43  -0.32   0.566
 -0.42  -1.422 -0.76  -0.19   0.846 -0.415 -2.082  0.92  -0.24  -0.159][-1.79   0.93   0.46  -0.61   0.144  0.1    0.436  0.29  -0.68  -0.38
  0.802  0.31   0.5    0.43   0.35   0.16  -0.27  -0.81   0.48  -0.35
  0.626 -0.2   -0.77  -0.77  -0.181 -0.19   0.83   0.02  -0.06   0.5
  0.165  0.86   0.99  -0.034  0.45  -1.355  1.593 -1.     0.01  -0.49
  0.92  -0.34   0.923 -1.29  -1.325  0.83  -1.    -1.548  0.64   0.59
  1.112  1.06  -1.274 -0.51   0.42  -0.98   0.91   0.46   0.43  -0.55
 -1.38   0.301 -0.81   0.57   0.974  0.15  -0.98   0.23  -0.4   -1.265
  0.2   -0.4   -1.02  -0.03  -0.21   0.879  0.07  -0.076 -0.32   0.59
 -0.42  -0.89  -0.76  -0.19   0.846 -0.415 -2.082  0.92  -0.24  -0.544][-1.79   0.93   0.46  -0.61  -0.6    0.151  0.436  0.29  -0.68  -0.38
  0.81   0.31   0.5    0.43   0.35   0.16  -0.27  -0.81   0.48  -0.35
  0.626 -0.2   -0.77  -0.77  -0.181 -0.19   0.83   0.02  -0.4    0.5
  0.1    0.86   0.99  -0.034  0.45  -1.355  1.593 -1.     0.01  -0.49
  0.92  -0.34   0.923 -1.29  -1.325  0.83  -1.    -1.447  0.64   0.59
  1.112  1.06  -0.78  -0.51   0.42  -0.98   0.91   0.46   0.43  -0.55
 -1.38   0.301 -0.81   0.57   0.974  0.15  -0.98   0.23  -0.4   -1.265
  0.2   -0.97  -1.02  -0.03  -0.21   0.879  0.07  -0.43  -0.32   0.566
 -0.42  -0.89  -1.021 -0.19   0.846 -0.415 -2.082  0.92  -0.593 -0.544][-0.84   0.93   0.46  -0.61  -0.6    0.1    0.436  0.29  -0.68  -0.38
  0.81   0.31   0.5    0.43   0.35   0.16  -0.27  -0.81  -0.494 -0.35
  0.626 -0.2   -0.77  -0.77  -0.181 -0.19   0.83   0.281 -0.4    0.5
  0.251  0.86   0.99  -0.034  0.45  -0.98   1.593 -1.     0.01  -0.49
  0.92  -1.217  0.923 -1.29  -1.325  0.83  -1.    -1.447  0.64   0.59
  1.112  1.06  -1.274 -0.51   0.42  -0.98   0.91   0.46   1.355 -0.55
 -1.917  0.301 -0.81   0.57   0.974  0.15  -0.98   0.23  -0.4   -1.265
  0.2   -0.97  -1.02  -0.03  -0.21   0.879  0.07  -0.865 -0.32   0.566
 -0.42  -0.89  -1.021 -0.19   0.846 -0.415 -2.082  0.92  -1.066 -0.544][-0.84   0.93   0.46  -0.61   0.144  0.1    0.436  0.29  -0.68  -0.38
  0.802  0.31   0.5    0.43   0.35   0.16  -0.27  -0.81  -0.494 -0.35
  0.626 -0.2   -0.77  -0.77  -0.181 -0.19   0.83   0.02  -0.4    0.5
  0.165  0.86   0.342 -0.034  0.45  -1.355  1.483 -1.     0.01  -0.49
  0.92  -1.217  0.923 -1.29  -1.325  0.83  -1.381 -1.548  0.64   0.59
  1.112  1.06  -0.37  -0.51   0.42  -0.98   0.91   0.46   1.355 -0.55
 -1.38   0.62  -0.81   0.57   0.41   0.15  -0.98   0.23  -0.4   -1.265
  0.2   -0.97  -1.02  -0.03  -0.21   0.879  0.12  -0.865 -0.32   0.566
 -0.42  -0.89  -0.76  -0.569  0.846 -0.415 -2.082  0.92  -1.066 -0.544][-1.79   0.93   0.46  -0.61  -0.44   0.1    0.436  0.29  -0.68  -0.38
  0.802  0.31   0.5    0.43   0.35   0.16  -1.13  -0.81   0.48  -0.35
  0.4   -0.2   -0.77  -0.77  -0.181 -0.19   0.83   0.281 -0.4    0.5
  0.1    0.86   0.99  -0.034  0.45  -1.355  1.593 -1.     0.01  -0.49
  0.92   0.03   0.923 -1.29  -1.325  0.83  -1.    -1.447  0.64   0.59
  1.647  1.06  -1.274 -0.51   0.42  -0.98   0.91   0.46   0.43  -0.55
 -0.499  0.62  -0.81   0.57   0.974  0.15  -0.98   0.23  -0.4   -1.265
  0.2   -0.97  -1.02  -0.03  -0.21   0.879  0.07  -0.865 -0.32   0.566
 -0.42  -0.89  -1.021 -0.569  0.846 -0.415 -2.082  0.92  -0.593 -0.544][-1.79   0.93   0.46  -0.61   0.144  0.1    0.436  0.29  -0.68  -0.38
  0.81   0.31   0.5    0.43   0.35   0.16  -0.27  -0.81  -0.494 -0.35
  0.626 -0.2   -0.77  -0.77  -0.181 -0.19   0.83   0.02  -0.4    0.5
  0.165  0.86   0.342 -0.034  0.45  -0.98   1.593 -1.     0.01  -0.49
  0.545 -0.34   0.923 -1.29  -2.191  0.83  -1.    -1.548  0.64   0.59
  1.647  1.06  -1.274 -0.51   0.42  -0.98   0.91   0.46   0.43  -0.225
 -1.917  0.62  -0.81   0.57   0.627  0.15  -0.98   0.23  -0.4   -1.265
  0.257 -0.97  -1.02  -0.03  -0.21   0.879  0.07  -0.865 -0.32   0.59
 -0.42  -1.457 -0.76  -0.19   0.846 -0.415 -2.082  0.92  -1.066 -0.544][-0.84   0.93   0.46  -0.61  -0.44   0.1    0.436  0.29  -0.68  -0.38
  0.802  0.31   0.412  0.43   0.35   0.16  -0.27  -0.81  -0.494 -0.35
  0.626 -0.2   -0.77  -0.77  -0.181 -0.19   0.83   0.281 -0.06   0.5
  0.165  0.86   0.342 -0.034  0.45  -1.355  1.593 -1.     0.01  -0.49
  0.545 -0.34   0.923 -1.29  -2.191  0.83  -1.    -1.548  0.64   0.463
  2.017  1.06  -1.274 -0.51   0.42  -0.98   0.91   0.46   0.43  -0.55
 -1.38   0.62  -0.81   0.57   0.41   0.15  -0.98   0.23  -0.4   -1.265
  0.908 -0.97  -1.02  -0.03  -0.21   0.879  0.07  -0.865 -0.32   0.59
 -0.42  -1.457 -0.76  -0.19   0.846 -0.415 -2.082  0.92  -1.066 -0.544][-0.84   0.93   0.46  -0.563 -0.44   0.1    0.436  0.29  -0.68  -0.38
  0.802  0.31   0.5    0.43   0.35   0.16  -0.27  -0.81  -0.494 -0.35
  0.4   -0.2   -0.77  -0.77  -0.181 -0.19   0.83   0.02  -0.4    0.5
  0.165  0.86   0.99  -0.034  0.45  -0.98   1.593 -1.     0.165 -0.49
  0.545 -0.34   0.923 -1.29  -2.191  0.83  -1.    -1.548  0.64   0.59
  1.647  1.06  -1.274 -0.51   0.42  -0.98   0.91   0.46   0.43  -0.55
 -1.38   0.62  -0.37   0.57   0.627  0.15  -0.98   0.23  -0.4   -1.265
  0.2   -0.97  -1.02  -0.03  -0.21   0.879  0.07  -0.43  -0.32   0.59
 -0.42  -0.877 -0.76  -0.569  0.846 -0.415 -2.082  0.92  -0.24  -0.544][-1.79   1.817  0.46  -0.61  -0.6    0.1    0.436  0.29  -0.68  -0.38
  0.802  0.31   0.5    0.43   0.35   0.16  -0.27  -0.81  -0.494 -0.35
  0.626 -0.2   -0.77  -0.77  -0.181 -0.19   0.83   0.02  -0.4    0.5
  0.1    0.86   0.99  -0.034  0.45  -1.355  1.593 -1.     0.01  -0.49
  0.92  -0.623  0.923 -1.29  -2.191  0.83  -1.381 -1.447  0.64   0.59
  2.017  1.06  -1.274 -0.51   0.42  -0.98   0.91   0.46   0.43  -0.55
 -1.38   0.301 -0.81   0.57   0.41   0.15  -0.98   0.23  -0.4   -1.265
  0.2   -0.97  -1.02  -0.03  -0.21   0.879  0.07  -0.43  -0.32   0.566
 -0.42  -0.89  -1.021 -0.19   0.846 -0.415 -2.082  0.92  -0.24  -0.544][-0.84   0.93   0.46  -0.61   0.144  0.151  0.436  0.29  -0.68  -0.38
  0.802  0.31   0.5    0.43   0.35   0.16  -0.27  -0.81  -0.494 -0.35
  0.4   -0.2   -0.77  -0.77  -0.181 -0.19   0.83   0.871 -0.4    0.5
  0.1    0.86   0.342 -0.034  0.45  -1.355  1.483 -1.     0.01  -0.49
  0.545 -0.34   0.923 -1.29  -1.325  0.83  -1.381 -1.447  0.64   0.59
  2.017  1.06  -0.78  -0.51   0.42  -0.98   1.347  0.46   0.43  -0.55
 -1.917  0.62  -0.81   0.57   0.41   0.15  -0.98   0.23  -0.4   -1.265
  0.2   -0.97  -1.02  -0.03  -0.21   0.879  0.07  -0.43  -0.32   0.59
 -0.42  -1.457 -1.703 -0.19   0.846 -0.734 -2.082  0.92  -1.066 -0.159][-1.79   0.93   0.46  -0.61   0.144  0.151  0.436  0.29  -0.68  -0.38
  0.802  0.31   0.5    0.43   0.35   0.16  -0.27  -0.81  -0.494 -0.35
  0.4   -0.2   -0.77  -0.77  -0.181 -0.19   0.83   0.04  -0.06   0.5
  0.165  0.86   0.342 -0.034  0.45  -1.355  1.483 -1.     0.01  -0.49
  0.545 -0.34   0.923 -2.091 -1.325  0.83  -1.    -1.548  0.64   0.59
  1.112  1.06  -1.274 -0.51   0.42  -0.98   0.91   0.46   1.355 -0.55
 -1.38   0.62  -0.37   0.57   0.974  0.15  -0.98   0.23  -0.4   -1.265
  0.908 -0.97  -1.02  -0.03  -0.21   0.879  0.07  -0.43  -0.32   0.59
 -0.42  -1.457 -0.76  -0.19   0.846 -0.415 -2.082  0.92  -1.066 -0.544][-1.79   0.93   0.46  -0.61   0.144  0.151  0.436  0.29  -0.68  -0.38
  0.81   0.31   0.5    0.43   0.35   0.16  -0.27  -0.81  -0.494 -0.35
  0.626 -0.2   -0.77  -0.77  -0.181 -0.19   0.83   0.02  -0.06   0.5
  0.1    0.86   0.99  -0.034  0.45  -1.355  1.483 -1.     0.01  -0.49
  0.545 -0.623  0.923 -1.29  -1.325  0.83  -1.381 -1.447  0.64   0.59
  1.112  1.06  -1.274 -0.51   0.42  -0.98   0.91   0.46   0.43  -0.55
 -1.917  1.563 -0.81   0.57   0.627  0.15  -0.98   0.23  -0.4   -1.265
  0.2   -0.97  -1.02  -0.03  -0.21   0.879 -0.378 -0.865 -0.32   0.566
 -0.42  -1.457 -0.76  -0.19   0.846 -0.415 -2.082  0.92  -1.066 -0.544][-1.790e+00  9.300e-01  4.600e-01 -6.100e-01 -6.000e-01  1.510e-01
  4.360e-01  2.900e-01 -6.800e-01 -6.000e-01  8.020e-01  3.100e-01
  5.000e-01  4.300e-01  3.500e-01  3.180e-01 -2.700e-01 -8.100e-01
 -4.940e-01 -3.500e-01  4.000e-01 -2.000e-01 -7.700e-01 -1.504e+00
 -1.810e-01 -1.900e-01  8.300e-01  2.000e-02 -4.000e-01  5.000e-01
  1.000e-01  8.600e-01  3.420e-01 -2.000e-03  4.500e-01 -9.800e-01
  1.483e+00 -1.000e+00  1.000e-02 -4.900e-01  9.200e-01 -3.400e-01
  9.230e-01 -1.290e+00 -1.325e+00  8.300e-01 -1.381e+00 -1.548e+00
  6.400e-01  1.083e+00  1.112e+00  1.060e+00 -7.800e-01 -5.100e-01
  4.200e-01 -9.800e-01  1.347e+00  4.600e-01  4.300e-01 -5.500e-01
 -1.380e+00  6.200e-01 -3.700e-01  5.700e-01  4.100e-01  1.500e-01
 -9.800e-01  2.300e-01 -4.000e-01 -1.265e+00  2.000e-01 -9.700e-01
 -1.020e+00 -3.000e-02 -2.100e-01  8.790e-01  7.000e-02 -8.650e-01
 -3.200e-01  5.660e-01 -4.200e-01 -8.900e-01 -1.703e+00 -1.900e-01
  5.070e-01 -4.150e-01 -2.082e+00  9.200e-01 -1.066e+00 -1.590e-01][-1.79   0.93   0.46  -0.61  -0.6    0.1    0.436  0.29  -0.68  -0.6
  0.81   0.31   0.5    0.43   0.35   0.16   1.162 -0.81  -0.494 -0.35
  0.4   -0.2   -0.77  -1.504 -0.181 -0.19   0.83   0.02  -0.4    0.5
  0.1    0.86   0.99  -0.034  0.45  -0.98   1.483 -1.     0.01  -0.49
  0.92  -0.34   0.923 -1.29  -1.325  0.83  -1.    -1.548  0.64   1.083
  1.112  1.06  -0.78  -0.51   0.42  -0.337  0.91   0.46   0.43  -0.55
 -1.917  0.62  -0.37   0.57   0.41   0.15  -0.98   0.23  -0.4   -1.265
  0.2   -0.97  -1.02  -0.03  -0.21   0.879  0.07  -0.43  -0.32   0.566
 -0.42  -0.89  -1.021 -0.19   0.507 -0.415 -1.652  0.92  -1.066 -0.544][-1.79   0.93   0.46  -0.61   0.144  0.151  0.436  0.29  -0.68  -0.38
  0.802  0.31   0.5    0.43   0.35   0.16  -0.27  -0.81  -0.494 -0.35
  0.626 -0.2   -0.77  -0.77  -0.181 -0.19   0.83   0.02  -0.4    0.5
 -0.11   0.86   0.99  -0.034  0.45  -1.355  1.483 -1.     0.01  -0.49
  0.545 -0.623  0.923 -1.29  -2.191  0.83  -1.381 -1.548  0.64   0.59
  1.112  1.06  -0.78  -0.51   0.42  -0.98   1.347  0.46   0.43  -0.55
 -1.38   0.62  -0.81   0.57   0.41   0.15  -0.98   0.23  -0.4   -1.265
  0.2   -0.97  -1.02  -0.03  -0.21   0.879  0.07  -0.865 -0.32   0.566
 -0.42  -1.457 -0.76  -0.19   0.846 -0.415 -2.082  0.92  -1.066 -0.159][-0.84   0.93   0.46  -0.61   0.144  0.1    0.436  0.29  -0.68  -0.38
  0.802  0.31   0.5    0.43   0.35   0.16  -0.27  -0.81  -0.494 -0.35
  0.4   -0.2   -0.77  -1.504 -0.181 -0.19   0.83   0.02  -0.4    0.5
 -0.912  0.86   0.342 -0.034  0.45  -1.355  1.483 -1.     0.01  -0.49
  0.545 -0.34   0.923 -1.29  -2.191  0.83  -1.    -1.548  0.64   0.463
  1.112  1.06  -1.274 -0.51   0.42  -0.98   0.91   0.46   0.43  -0.55
 -1.38   0.62  -0.81   0.57   0.41   0.15  -0.98   0.23  -0.4   -1.265
  0.257 -0.97  -1.02  -0.03  -0.21   0.879  0.07  -0.435 -0.32   0.59
 -0.42  -1.457 -0.76  -0.19   0.846 -0.415 -2.082  0.92  -1.066 -0.159][-0.84   1.165  0.46  -0.61   0.144  0.1    0.436  0.29  -0.68  -0.38
  0.81   0.31   0.5    0.43   0.35   0.16  -0.27  -0.81  -0.494 -0.35
  0.626 -0.2   -0.77  -0.77  -0.181 -0.19   0.83   0.04  -0.06   0.5
  0.165  0.86   0.99  -0.034  0.45  -1.355  1.483 -1.     0.01  -0.49
  0.92  -0.34   0.923 -1.29  -1.325  0.83  -1.    -1.548  0.64   0.59
  1.112  1.06  -0.78  -0.51   0.42  -0.98   1.347  0.46   0.43  -0.55
 -1.38   0.62  -0.81   0.57   0.41   0.15  -0.98   0.23  -0.4   -1.265
  0.2   -1.218 -1.02  -0.03  -0.21   0.879  0.07  -0.865 -0.32   0.59
 -0.42  -1.457 -0.76  -0.19   0.846 -0.415 -2.082  0.92  -1.066 -0.544][-0.84   0.93   0.46  -0.61   0.144  0.1    0.436  0.29  -0.68  -0.38
  0.81   0.31   0.5    0.43   0.35   0.16  -0.27  -0.81  -0.494 -0.35
  0.626 -0.2   -0.77  -0.77  -0.181 -0.19   0.83   0.02  -0.4    0.5
  0.1    0.86   0.342 -0.034  0.45  -1.355  1.483 -1.     0.01  -0.49
  0.92  -0.34   0.923 -1.29  -1.325  0.83  -1.381 -1.548  0.64   0.59
  1.112  1.06  -1.274 -0.51   0.42  -0.98   1.347  0.46   0.43  -0.55
 -1.38   1.563 -0.81   0.57   0.41   0.15  -1.518  0.23  -0.4   -1.265
  0.2   -0.97  -1.02  -0.03  -0.21   0.879  0.12  -0.865 -0.32   0.59
 -0.42  -1.457 -0.76  -0.569  0.846 -0.415 -2.082  0.92  -1.066 -0.544][-1.79   0.93   0.46  -0.61  -0.44   0.1    0.436  0.29  -0.68  -0.38
  0.802  0.31   0.5    0.43   0.35   0.16  -0.27  -0.81  -0.494 -0.35
  0.626 -0.2   -0.77  -0.77  -0.181 -0.19   0.83   0.02  -0.06   0.5
  0.165  0.86   0.99  -0.034  0.45  -1.355  1.483 -1.     0.01  -0.49
  0.545 -0.34   0.923 -1.29  -2.191  0.83  -1.    -1.447  0.64   0.59
  1.112  1.06  -1.274 -0.51   0.42  -0.98   0.91   0.46   0.43  -0.55
 -1.38   0.62  -0.81   0.57   0.774  0.15  -0.98   0.23   0.506 -1.265
  0.2   -0.97  -1.02  -0.03  -0.21   0.879  0.07  -0.865 -0.32   0.59
 -0.42  -0.89  -0.76  -0.569  0.846 -0.415 -2.082  0.92  -0.24  -0.544][-1.79   0.93   1.159 -0.61  -0.44   0.151  0.436  0.29  -0.68  -0.38
  0.802  0.31   0.5    0.43   0.35   0.16  -0.27  -0.81  -0.209 -0.35
  0.4   -0.2   -0.77  -0.77  -0.181 -0.19   0.83   0.281 -0.4    0.5
  0.165  0.86   0.342 -0.034  0.45  -1.355  1.593 -1.     0.01  -0.49
  0.545 -0.34   0.923 -1.29  -1.325  0.83  -1.    -1.548  0.64   0.59
  1.112  1.06  -1.274  0.2    0.42  -0.98   0.91   0.46   1.355 -0.55
 -1.917  0.62  -0.37   0.57   0.41   0.15  -0.98   0.23  -0.4   -1.265
  0.257 -0.97  -1.02  -0.03  -0.21   0.879  0.07  -0.43  -0.32   0.59
 -0.42  -0.89  -0.76  -0.19   0.846 -0.415 -2.082  0.92  -0.24  -0.544][-1.79   0.93   0.46  -0.61  -0.44   0.1    0.436  0.29  -0.68  -0.38
  0.802  0.31   0.5    0.43   0.35   0.16  -0.27  -0.81  -0.494 -0.35
  0.626 -0.2   -0.77  -0.77  -0.181 -0.19   0.369  0.02  -0.4    0.5
  0.165  0.86   0.99  -0.034  0.45  -1.355  1.483 -1.     0.01  -0.49
  0.545 -0.34   0.923 -1.29  -2.191  0.83  -1.    -1.548  0.64   0.59
  1.647  1.06  -1.274 -0.51   0.42  -0.98   1.347  0.46   0.43  -0.55
 -1.38   0.62  -0.81   0.57   0.41   0.15  -0.98   0.23  -0.4   -1.265
  0.2   -0.97  -1.02  -0.03  -0.21   0.879  0.07  -0.865 -0.32   0.59
 -0.42  -1.457 -0.76  -0.19   0.846 -0.415 -2.082  0.92  -1.066 -0.544][-0.84   0.93   0.46  -0.61   0.144  0.151  0.436  0.29  -0.68  -0.38
  0.81   0.31   0.5    0.43   0.35   0.16  -0.27  -0.81  -0.494 -0.35
  0.4   -0.2   -0.77  -0.77  -0.181 -0.19   0.83   0.02  -0.06  -0.126
  0.1    0.86   0.99  -0.034  0.45  -1.355  1.593 -1.     0.01  -0.49
  0.92  -1.217  0.923 -1.29  -2.191  0.83  -1.381 -1.548  0.64   0.59
  1.647  1.06  -1.274 -0.51   0.42  -0.98   1.347  0.46   0.43  -0.55
 -1.38   0.62  -0.81   0.57   0.41   0.15  -0.98   0.23  -0.4   -1.265
  0.2   -0.97  -1.02  -0.03  -0.21   0.879  0.12  -0.865 -0.32   0.566
 -0.42  -1.457 -0.76  -0.569  0.846 -0.415 -2.082  0.92  -1.066 -0.544][-0.84   0.93   0.46  -0.61  -0.6    0.151  0.436  0.29  -0.68  -0.38
  0.81   0.31   0.5    0.43   0.35   0.16  -0.27  -0.81  -0.494 -0.35
  0.626 -0.2   -0.77  -0.77  -0.181 -0.19   0.83   0.02  -0.06   0.5
  0.1    0.86   0.342 -0.034  0.45  -1.355  1.593 -1.     0.01  -0.49
  0.92  -0.34   0.923 -1.29  -1.325  0.83  -1.    -1.548  0.975  0.59
  1.112  1.06  -1.274 -0.51   0.42  -0.98   0.91   0.46   1.355 -0.55
 -1.917  1.563 -0.81   0.57   0.627  0.15  -0.98   0.23  -0.4   -1.265
  0.2   -0.97  -1.02  -0.03  -0.21   0.879  0.12  -0.43  -0.32   0.566
 -0.42  -0.89  -1.021 -0.19   0.846 -0.415 -2.082  0.92  -1.066 -0.544][-1.79   0.93   0.46  -0.61  -0.6    0.1    0.436  0.29  -0.68  -0.38
  0.81   0.31   0.5    0.43   0.35   0.16  -0.27  -0.81  -0.494 -0.35
  0.626 -0.2   -0.77  -0.77  -0.181 -0.19   0.83   0.02  -0.06   0.5
  0.165  0.86   0.99  -0.034  0.45  -1.355  1.483 -1.     0.01  -0.49
  0.545 -0.34   0.923 -1.29  -1.325  0.83  -1.381 -1.447  0.64   0.59
  1.647  1.06  -1.274 -0.51   0.42  -0.98   0.91   0.46   0.43  -0.55
 -1.38   0.62  -0.81   0.57   1.036  0.15  -0.98   0.23  -0.4   -1.265
  0.2   -0.97  -1.02  -0.03  -0.21   0.879  0.07  -0.43  -0.32   0.59
 -0.42  -1.457 -0.76  -0.569  0.846 -0.415 -2.082  0.92  -1.066 -0.544][-0.84   1.767  1.159 -0.61  -0.6    0.1    0.436  0.29  -0.68  -0.38
  0.81   0.31   0.5    0.43   0.35   0.16  -0.27  -0.81   0.48  -0.35
  0.4   -0.2   -0.77  -0.77  -0.181 -0.19   0.83   0.02  -0.4    0.5
  0.1    0.86   0.342 -0.034  0.45  -1.355  1.593 -1.     0.01  -0.49
  0.92  -0.34   0.923 -1.29  -1.325  0.83  -1.    -1.447  0.64   0.59
  1.112  1.06  -1.274 -0.51   0.42  -0.98   0.91   0.46   0.43  -0.55
 -1.38   0.62  -0.81   0.57   0.41   0.15  -0.98   0.23  -0.4   -1.265
  0.2   -0.97  -1.02  -0.03  -0.21   0.879  0.07  -0.43  -0.32   0.59
 -0.42  -0.89  -1.021 -0.19   0.846 -0.415 -2.082  0.92  -0.593 -0.544][-1.79   0.93   0.46  -0.61  -0.6    0.1    0.436  0.29  -0.68  -0.38
  0.81   0.31   0.5    0.43   0.35   0.16  -1.13  -0.81   0.48  -0.35
  0.4   -0.2   -0.77  -0.77  -0.181 -0.19   0.83   0.02  -0.4    0.5
  0.1    0.86   0.99  -0.034  0.45  -1.355  1.593 -1.     0.01  -0.49
  0.92  -0.34   0.923 -1.29  -1.325  0.83  -1.    -1.548  0.64   0.59
  1.112  1.06  -1.274 -0.51   0.42  -0.98   0.91   0.46   1.355 -0.55
 -1.38   1.563 -0.81   0.57   0.627  0.15  -0.98   0.23  -0.4   -1.265
  0.2   -0.97  -1.02  -0.03  -0.21   0.879  0.07  -0.865 -0.32   0.566
 -0.42  -0.89  -1.021 -0.19   0.846 -0.415 -2.082  1.842 -0.593 -0.544][-1.79   0.93   0.46  -0.61  -0.6    0.1    0.436  0.29  -0.68  -0.38
  0.802  0.31   0.5    0.43   0.35   0.16  -0.27  -0.81  -0.494 -0.35
  0.626 -0.2   -0.77  -0.77  -0.181 -0.19   0.83   0.281 -0.4    0.5
  0.1    0.86   0.99  -0.034  0.45  -1.355  1.593 -1.     0.01  -0.49
  0.545 -0.34   0.923 -1.29  -1.325  0.83  -1.381 -1.548  0.64   0.59
  1.112  1.06  -1.274 -0.51   0.42  -0.98   1.347  0.46   0.43  -0.55
 -1.38   0.301 -0.81   0.57   0.974  0.15  -0.98   0.23  -0.4   -1.265
  0.2   -0.97  -1.02  -0.03  -0.21   0.879  0.07  -0.076 -0.32   0.59
  0.249 -0.89  -1.703 -0.19   0.846 -0.415 -2.082  0.92  -0.24  -0.159][-1.79   0.93   0.46  -0.61  -0.44   0.1    0.436  0.29  -0.68  -0.38
  0.802  0.31   0.5    0.43   0.35   0.16  -0.27  -0.81  -0.494 -0.35
  0.626 -0.2   -0.77  -0.77  -0.181 -0.19   0.83   0.281 -0.06   0.5
  0.165  0.86   0.99  -0.034  0.45  -1.355  1.483 -1.     0.01  -0.49
  0.92  -0.34   0.923 -1.29  -1.325  0.83  -1.381 -1.548  0.64   0.59
  2.017  1.06  -0.173 -0.51   0.42  -0.98   0.91   0.46   0.43  -0.55
 -1.38   0.62  -0.81   0.57   0.41   0.15  -0.98   0.23  -0.4   -1.265
  0.908 -0.97  -1.02   0.053 -0.212  0.879  0.07  -0.865 -0.32   0.59
 -0.42  -1.457 -0.76  -0.19   0.846 -0.415 -2.082  0.92  -1.066 -0.544][-1.79   0.93   0.46  -0.61  -0.44   0.151  0.436  0.29  -0.68  -0.38
  0.802  0.31   0.5    0.43   0.35   0.16  -0.27  -0.81  -0.494 -0.35
  0.4   -0.2   -0.77  -0.77  -0.181 -0.19   0.83   0.02  -0.4    0.5
  0.1    0.86   0.342 -0.034  1.438 -1.355  1.483 -1.     0.01  -0.49
  0.545 -0.34   0.923 -1.29  -1.325  0.83  -1.    -1.548  0.64   0.59
  2.017  1.06  -0.78   0.2    0.42  -0.98   0.91   0.723  1.355 -0.55
 -1.917  0.62  -0.81   0.57   0.41   0.15  -0.98   0.23  -0.4   -1.265
  0.2   -0.97  -1.02  -0.03  -0.21   0.879  0.07  -0.43  -0.32   0.566
 -0.42  -1.457 -0.76  -0.19   0.846 -0.415 -2.082  0.92  -1.066 -0.544][-0.84   0.93   0.46  -0.61   0.144  0.1    0.436  0.29  -0.68  -0.38
  0.802  0.31   0.5    0.43   0.35   0.16  -0.27  -0.81  -0.148 -0.35
  0.4   -0.2   -0.77  -1.504 -0.181 -0.19   0.83   0.02  -0.4    0.5
  0.1    0.86   0.342 -0.034  0.45  -1.355  1.593 -1.     0.01  -0.49
  0.92  -0.34   0.923 -1.29  -1.325  0.83  -1.381 -1.548  0.64   0.59
  1.112  1.06  -1.274 -0.51   0.42  -0.98   1.347  0.46   1.355 -0.55
 -1.38   0.62  -0.81   0.57   0.41   0.15  -0.98   0.23  -0.4   -1.265
  0.257 -0.97  -1.02  -0.503 -0.21   0.879  0.07  -0.43  -0.32   0.59
 -0.42  -0.89  -1.703 -0.19   0.846 -0.415 -2.082  0.92  -1.066 -0.544][-1.79   0.93   0.46  -0.61  -0.6    0.1    0.436  0.29  -0.68  -0.38
  0.81   0.31   0.5    0.43   0.35   0.16  -0.27  -0.81   0.48  -0.35
  0.626 -0.2   -0.77  -0.77  -0.181 -0.19   0.83   0.281 -0.4    0.5
  0.1    0.86   0.99  -0.034  0.45  -1.355  1.593 -1.     0.01  -0.49
  0.92  -0.34   0.923 -1.29  -1.325  0.83  -1.    -1.548  0.64   0.59
  1.112  1.06  -1.274 -0.51   0.42  -0.98   0.91   0.46   0.43  -0.55
 -1.38   0.301 -0.81   0.57   0.974  0.15  -0.98   0.23  -0.4   -1.265
  0.669 -0.97  -1.02  -0.03  -0.21   0.879  0.07  -0.076 -0.32   0.566
 -0.42  -0.89  -1.021 -0.19   0.846 -0.415 -2.082  0.92  -0.24  -0.544][-0.84   0.93   0.46  -0.61  -0.44   0.1    0.436  0.29  -0.68  -0.38
  0.81   0.31   0.5    0.43   0.35   0.16  -0.27  -0.81  -0.494 -0.35
  0.4   -0.2   -0.77  -0.77  -0.181 -0.19   0.83   0.02  -0.06   0.5
  0.165  0.86   0.342 -0.034  0.45  -1.355  1.483 -1.     0.01  -0.49
  0.92  -1.217  0.923 -1.29  -2.191  0.83  -1.381 -1.548  0.64   0.59
  1.112  1.06  -1.274 -0.51   0.42  -0.98   1.347  0.46   0.43  -0.55
 -1.917  0.62  -0.81   0.57   0.627  0.15  -0.98   0.23  -0.303 -1.265
  0.2   -0.97  -1.02  -0.03  -0.21   0.879  0.12  -0.865 -0.32   0.59
 -0.42  -1.457 -0.76  -0.19   0.846 -0.415 -2.082  0.92  -1.066 -0.544][-1.79   0.93   0.46  -0.61  -0.6    0.1    0.436  0.29  -0.68  -0.38
  0.81   0.31   0.5    0.43   0.956  0.16  -0.27  -0.81   0.48  -0.35
  0.626 -0.2   -0.77  -0.77  -0.181 -0.19   0.83   0.02  -0.06   0.5
  0.1    0.86   0.99  -0.034  0.45  -1.355  1.593 -1.     0.01  -0.49
  0.92  -0.34   0.923 -1.29  -1.325  1.676 -1.    -1.447  0.64   0.59
  1.112  1.06  -0.78  -0.51   0.42  -0.98   0.91   0.46   0.43  -0.55
 -1.38   0.62  -0.81   0.57   0.974  0.15  -0.98   0.23  -0.4   -1.265
  0.2   -0.97  -1.02  -0.03  -0.21   0.879  0.07  -0.43  -0.32   0.566
 -0.42  -0.89  -0.76  -0.19   0.846 -0.415 -2.082  0.92  -0.593 -0.544][-1.79   0.93   1.159 -0.61   0.144  0.1    0.436  0.29  -0.68  -0.38
  0.802  0.31   0.5    0.43   0.35   0.16   1.162 -0.81  -0.494 -0.35
  0.4   -0.2   -0.77  -1.504 -0.181 -0.19   0.83   0.733 -0.4    0.5
 -0.912  0.86   0.99  -0.034  0.45  -1.355  1.483 -1.     0.01  -0.49
  0.92  -0.34   0.923 -1.29  -1.325  0.83  -1.381 -1.548  0.64   0.59
  1.112  1.06  -0.78  -0.51   0.42  -0.98   0.91   0.46   0.43  -0.55
 -1.38   0.62  -0.81   0.57   0.41   0.15  -0.98   0.23  -0.4   -1.265
  0.2   -0.97  -1.02  -0.03  -0.21   0.879  0.12  -0.43  -0.32   0.566
 -0.42  -0.89  -1.703 -0.19   0.846 -0.415 -2.082  0.92  -1.066 -0.159][-1.79   1.165  0.46  -0.61   0.144  0.1    0.436  0.29  -0.68  -0.38
  0.81   0.31   0.5    0.43   0.35   0.16  -0.27  -0.81  -0.494 -0.35
  0.626 -0.2   -0.77  -0.77  -0.181 -0.19   0.83   0.02  -0.06   0.5
  0.165  0.86   0.99  -0.034  0.45  -1.355  1.483 -1.     0.01  -0.49
  0.92  -0.34   0.923 -1.29  -1.325  0.83  -1.    -1.548  0.64   0.59
  1.112  1.06  -0.78  -0.51   0.42  -0.98   0.91   0.46   0.43  -0.55
 -1.38   0.62  -0.81   0.57   0.111  0.15  -0.98   0.23  -0.4   -1.265
  0.2   -0.97  -1.02  -0.03  -0.21   0.879  0.07  -0.865 -0.32   0.59
 -0.42  -1.457 -0.76  -0.19   0.846 -0.415 -2.082  0.92  -1.066 -0.544][-1.79   0.93   0.46  -0.61   0.144  0.1    0.436  0.29  -0.68  -0.38
  0.802  0.31   0.5    0.43   0.35   0.16  -0.27  -0.81  -0.494 -0.35
  0.4   -0.2   -0.77  -0.77  -0.181 -0.19   0.83   0.02  -0.4    0.5
  0.1    0.86   0.99  -0.034  0.45  -0.98   1.593 -1.     0.01  -0.49
  0.92   0.03   0.923 -1.29  -2.191  0.83  -1.    -1.548  0.64   1.083
  1.112  1.06  -1.274 -0.51   0.42  -0.98   0.91   0.46   0.43  -0.55
 -1.38   0.1   -0.81   0.57   0.627  0.15  -0.98   0.23  -0.4   -1.265
  0.908 -0.97  -1.02  -0.03  -0.21   0.879  0.07  -0.43  -0.32   0.59
  0.312 -0.89  -1.021 -0.19   0.846 -0.415 -1.652  0.92  -1.066 -0.544][-1.79   0.93   0.46  -0.61   0.144  0.1    0.436  0.29  -0.68  -0.38
  0.802  0.31   0.5    0.43   0.35   0.16  -0.27  -0.81  -0.494 -0.35
  0.626 -0.2   -0.77  -0.77  -0.181 -0.19   0.83   0.02  -0.06   0.5
  0.1    0.86   0.99  -0.034  0.45  -0.98   1.593 -1.     0.01  -0.49
  0.92  -0.34   0.923 -1.29  -2.191  0.83  -1.    -1.548  0.64   0.59
  1.112  1.06  -1.274 -0.51   0.42  -0.98   0.91   0.46   0.43  -0.55
 -1.38   0.62  -0.81   0.57   0.627  0.15  -0.98   0.23  -0.4   -1.265
  0.2   -0.4   -1.02  -0.03  -0.21   0.879  0.07  -0.076 -0.097  0.59
 -0.42  -0.89  -0.76  -0.569  0.846 -0.415 -2.082  0.92  -0.24  -0.544][-0.84   0.93   0.46  -0.61  -0.6    0.1    0.436  0.29  -0.68  -0.38
  0.802  0.31   0.5    0.43   0.35   0.16  -1.13  -0.81  -0.494 -0.35
  0.4   -0.2   -0.77  -0.77  -0.181 -0.19   0.83   0.281 -0.4    0.5
 -0.912  0.86   0.99  -0.034  0.45  -1.355  1.593 -1.     0.01  -0.49
  0.92  -0.34   0.923 -1.29  -1.325  0.83  -1.    -1.447  0.64   0.59
  1.112  1.06  -0.78  -0.51   0.42  -0.98   0.91   0.46   0.43  -0.55
 -1.38   0.62  -0.81   0.57   0.992  0.15  -0.98   0.23  -0.4   -1.265
  0.2   -0.97  -1.02  -0.03  -0.21   0.879  0.07  -0.43  -0.32   0.566
 -0.42  -1.457 -1.703 -0.19   0.846 -0.415 -2.082  0.92  -1.066 -0.159][-1.790e+00  9.300e-01  3.400e-01 -6.100e-01  1.440e-01  1.510e-01
  4.360e-01  2.900e-01 -6.800e-01 -6.000e-01  8.100e-01  3.100e-01
  5.000e-01  4.300e-01  3.500e-01  1.600e-01 -2.700e-01 -8.100e-01
 -4.940e-01 -3.500e-01  6.260e-01 -2.000e-01 -7.700e-01 -1.504e+00
 -1.810e-01 -1.900e-01  8.300e-01  2.000e-02 -4.000e-01  5.000e-01
  1.000e-01  8.600e-01  9.900e-01 -2.000e-03  4.500e-01 -9.800e-01
  1.593e+00 -1.000e+00  1.000e-02 -4.900e-01  9.200e-01 -1.217e+00
  9.230e-01 -1.290e+00 -1.325e+00  8.300e-01 -1.000e+00 -1.548e+00
  6.400e-01  1.083e+00  1.112e+00  1.060e+00 -7.800e-01 -5.100e-01
  4.200e-01 -9.800e-01  9.100e-01  4.600e-01  1.355e+00 -5.500e-01
 -1.917e+00  6.200e-01 -8.100e-01  5.700e-01  6.270e-01  1.500e-01
 -9.800e-01  2.300e-01 -4.000e-01 -1.265e+00  2.000e-01 -9.700e-01
 -1.020e+00 -3.000e-02 -2.100e-01  8.790e-01  1.200e-01 -8.650e-01
 -3.200e-01  5.660e-01 -4.200e-01 -8.900e-01 -7.600e-01 -1.900e-01
  5.070e-01 -4.150e-01 -2.082e+00  9.200e-01 -2.400e-01 -5.440e-01][-1.79   1.165  0.46  -0.61   0.144  0.1    0.436  0.29  -0.68  -0.38
  0.802  0.31   0.5    0.43   0.35   0.16  -0.27  -0.81  -0.494 -0.35
  0.626 -0.2   -0.77  -0.77  -0.181 -0.19   0.83   0.281 -0.4    0.5
  0.165  0.86   0.99  -0.034  0.45  -1.355  1.593 -1.     0.01  -0.49
  0.92  -0.34   0.923 -1.29  -2.191  0.83  -1.    -1.548  0.64   0.59
  2.017  1.06  -1.274 -0.51   0.42  -0.98   1.347  0.46   0.43  -0.55
 -1.38   0.62  -0.81   0.57   0.41   0.15  -0.601  0.23  -0.4   -1.265
  0.2   -0.97  -1.02  -0.03  -0.21   0.879  0.07  -0.865 -0.32   0.59
 -0.42  -1.457 -0.76  -0.19   0.846 -0.415 -2.082  0.92  -1.066 -0.544][-1.79   0.93   0.46  -0.61  -0.44   0.151  0.436  0.518 -0.68  -0.38
  0.802  0.31   0.5    0.43   0.35   0.16  -0.27  -0.81  -0.494 -0.35
  0.626 -0.2   -0.77  -0.77  -0.181 -0.19   0.83   0.02  -0.4    0.5
  0.165  0.86   0.99  -0.034  0.45  -1.355  1.483 -1.     0.01  -0.49
  0.545 -0.623  0.923 -1.29  -2.191  0.83  -1.381 -1.548  0.64   0.59
  1.647  1.06  -0.78  -0.51   0.42  -0.98   1.347  0.46   0.43  -0.55
 -1.38   0.62  -0.81   0.57   0.41   0.15  -0.98   0.23  -0.4   -1.265
  0.2   -0.97  -1.02  -0.03  -0.21   0.879  0.07  -0.43  -0.32   0.59
 -0.42  -1.457 -0.76  -0.569  0.846 -0.415 -2.082  0.92  -1.066 -0.544][-1.79   0.93   0.46  -0.61   0.144  0.1    0.436  0.29  -0.68  -0.38
  0.802  0.31   0.5    0.43   0.35   0.16  -0.27  -0.81   0.48  -0.35
  0.4   -0.2   -0.77  -1.504 -0.181 -0.19   0.83   0.02  -0.4    0.5
 -0.912  0.86   0.342 -0.034  0.45  -1.355  1.593 -1.     0.01  -0.49
  0.92  -0.34   0.923 -1.29  -1.325  0.83  -1.381 -1.447  0.64   0.59
  1.112  1.06  -0.78  -0.51   0.42  -0.98   0.91   0.46   0.43  -0.55
 -1.38   0.301 -0.81   0.57   0.41   0.15  -0.98   0.23  -0.4   -1.265
  0.2   -0.97  -1.02  -0.03  -0.21   0.879  0.07  -0.865 -0.32   0.59
 -0.42  -1.457 -1.021  0.501  0.846 -0.415 -2.082  0.92  -1.066 -0.544][-1.79   0.93   0.46  -0.61  -0.6    0.1    0.436  0.29  -0.68  -0.38
  0.81   0.31   0.5    0.43   0.35   0.16  -0.27  -0.81   0.48  -0.35
  0.999 -0.2   -0.77  -0.77  -0.181 -0.19   0.83   0.02  -0.4    0.5
  0.1    0.86   0.99  -0.034  0.45  -1.355  1.593 -1.     0.01  -0.49
  0.92  -0.34   0.923 -1.29  -1.325  0.83  -1.    -1.447  0.64   0.59
  1.112  1.06  -1.274 -0.51   0.42  -0.98   0.91   0.46   0.43  -0.55
 -1.38   0.301 -0.81   0.57   0.974  0.15  -0.98   0.23  -0.4   -1.265
  0.2   -0.97  -1.02  -0.03  -0.21   0.879  0.07  -0.43  -0.32   0.566
 -0.42  -0.89  -1.021 -0.19   0.846 -0.415 -2.082  0.92  -0.593 -0.544][-0.84   0.93   0.46  -0.61  -0.44   0.1    0.436  0.29  -0.68  -0.38
  0.81   0.31   0.5    0.43   0.35   0.16  -0.27  -0.81  -0.494 -0.35
  0.626 -0.2   -0.77  -0.77  -0.181 -0.19   0.83   0.04  -0.4    0.5
  0.1    0.86   0.99  -0.034  0.45  -0.98   1.483 -1.     0.01  -0.49
  0.92   0.03   0.923 -1.29  -1.325  0.83  -1.    -1.548  0.64   0.59
  1.647  1.06  -0.173 -0.51   0.42  -0.98   1.347  0.46   0.43  -0.55
 -1.38   0.62  -0.81   0.57   0.627  0.15  -0.98   0.23  -0.4   -1.265
  0.908 -0.97  -1.02  -0.03  -0.21   0.879  0.07  -0.865 -0.32   0.59
 -0.42  -1.38  -1.021 -0.569  0.846 -0.415 -2.082  0.92  -1.066 -0.544][-0.84   1.165  0.46  -0.61   0.144  0.1    0.306  0.29  -0.68  -0.38
  0.81   0.31   0.5    0.43   0.35   0.16  -0.27  -0.81   0.48  -0.35
  0.626 -0.2   -0.77  -0.77  -0.181 -0.19   0.83   0.281 -0.4    0.5
  0.165  0.86   0.99  -0.034  0.45  -1.355  1.593 -1.     0.01  -0.49
  0.92  -0.34   0.923 -1.29  -1.325  0.83  -1.    -1.548  0.64   0.59
  2.017  1.06  -0.173 -0.51   0.42  -0.98   0.91   0.46   0.43  -0.55
 -2.284  0.301 -0.81   0.57   0.41   0.15  -0.98   0.23  -0.4   -1.265
  0.908 -0.97  -1.02  -0.03  -0.21   0.879  0.07  -0.865 -0.32   0.566
 -0.42  -0.89  -0.76  -0.19   0.846 -0.415 -2.082  0.92  -0.593 -0.544][-1.79   1.088  0.46  -0.61   0.144  0.1    0.436  0.29  -0.68  -0.38
  0.802  0.31   0.5    0.43   0.35   0.16  -0.27  -0.81  -0.494 -0.35
  0.4   -0.2   -0.77  -1.504 -0.181 -0.19   0.83   0.02  -0.4    0.5
  0.165  0.86   0.342 -0.034  0.45  -1.355  1.483 -1.     0.01  -0.49
  0.545 -0.34   0.923 -1.29  -1.325  0.83  -1.381 -1.548  0.64   0.59
  1.112  1.06  -0.78  -0.51   0.42  -0.98   1.347  0.46   0.43  -0.55
 -1.38   0.62  -0.81   0.57   0.41   0.15  -0.98   0.23  -0.4   -1.265
  0.2   -0.97  -1.02  -0.03  -0.21   0.879  0.07  -0.865 -0.32   0.59
 -0.42  -1.457 -0.76  -0.569  0.846 -0.415 -2.082  0.92  -1.066 -0.159][-1.79   0.93   0.46  -0.61  -0.44  -0.576  0.436  0.29  -0.68  -0.38
  0.802  0.31   0.5    0.43   0.35   0.16  -0.27  -0.81  -0.494 -0.35
  0.626 -0.2   -0.77  -1.504 -0.181 -0.19   0.83   0.02  -0.4    0.5
 -0.912  0.86   0.342 -0.034  0.45  -0.98   1.483 -1.     0.01  -0.49
  0.545  0.106  0.923 -1.29  -2.191  0.83  -1.    -1.548  0.64   0.463
  1.112  1.06  -0.78  -0.51   0.42  -0.98   0.91   0.46   0.43  -0.55
 -1.38   0.301 -0.81   0.57   0.41   0.15  -0.98   0.23  -0.4   -1.265
  0.257 -0.97  -1.02  -0.03  -0.21   0.879  0.07  -0.43  -0.32   0.59
 -0.42  -1.457 -0.76  -0.19   0.846 -0.415 -2.082  0.92  -1.066 -0.544][-0.84   0.93   0.46  -0.61   0.144  0.1    0.436  0.29  -0.68  -0.38
  0.81   0.31   0.5    0.43   0.35   0.16  -0.27  -0.81  -0.494 -0.35
  0.4   -0.2   -0.77  -1.504 -0.181 -0.19   0.83   0.02  -0.06   0.5
  0.165  0.86   0.99  -0.034  0.45  -1.355  1.483 -1.     0.01  -0.49
  0.92  -0.34   0.923 -1.29  -1.325  0.83  -1.381 -1.447  0.64   0.59
  1.112  1.06  -0.78  -0.51   0.42  -0.98   0.91   0.46   0.43  -0.55
 -1.38   0.62  -0.81   0.57   0.41   0.15  -0.98   0.23  -0.4   -1.265
  0.2   -0.97  -1.02  -0.03  -0.21   0.879  0.07   0.006 -0.32   0.59
 -0.42  -0.89  -1.703 -0.19   0.846 -0.415 -2.082  0.92  -0.24  -0.159][-0.84   0.93   1.159 -0.563  0.144  0.151  0.436  0.29  -0.68  -0.38
  0.802  0.31   0.5    0.43   0.35   0.16  -0.27  -0.81  -0.494 -0.35
  0.4   -0.2   -0.77  -0.77  -0.181 -0.19   0.83   0.02   0.03   0.5
  0.1    0.86   0.99  -0.034  0.45  -1.355  1.593 -1.     0.01  -0.49
  0.545 -0.34   0.923 -1.29  -1.325  0.83  -1.    -1.548  0.64   0.59
  1.112  1.06  -1.274 -0.51   0.42  -0.98   0.91   0.723  1.355 -0.55
 -1.917  0.62  -0.81   0.57   0.41   0.15  -0.98   0.23  -0.4   -1.265
  0.257 -0.97  -1.02  -0.03  -0.21   0.879  0.705 -0.43  -0.32   0.59
 -0.42  -1.457 -1.021 -0.19   0.846 -0.415 -2.082  0.92  -0.24  -0.544][-0.84   0.93   0.46  -0.61   0.144  0.1    0.436  0.29  -0.68  -0.38
  0.81   0.31   0.5    0.43   0.35   0.16  -0.27  -0.81   0.48  -0.35
  0.626 -0.2   -0.77  -0.77  -0.181 -0.19   0.83   0.04  -0.4    0.5
  0.1    0.86   0.99  -0.074  0.45  -1.355  1.593 -1.     0.01  -0.49
  0.92  -0.34   0.923 -1.29  -1.325  0.83  -1.    -1.447  0.64   0.59
  1.112  1.06  -1.274 -0.51   0.42  -0.98   0.91   0.46   0.43  -0.55
 -1.38   0.62  -0.81   0.57   0.41   0.15  -0.98   0.23  -0.4   -1.265
  0.2   -0.97  -1.02  -0.03  -0.21   0.879  0.07  -0.43  -0.32   0.59
 -0.42  -0.89  -1.021 -0.19   0.846 -0.415 -2.082  0.92  -1.066 -0.544][-1.79   0.93   1.159 -0.61   0.144  0.1    0.436  0.29  -0.68  -0.38
  0.802  0.31   0.5    0.43   0.35   0.16  -0.27  -0.81  -0.494 -0.35
  0.626 -0.2   -0.77  -0.77   0.462 -0.19   0.83   0.02  -0.4    0.5
  0.1    0.86   0.342 -0.034  0.45  -1.355  1.593 -1.     0.01  -0.49
  0.92  -0.34   0.923 -1.29  -1.325  0.83  -1.    -1.548  0.64   0.59
  1.647  1.06  -1.274 -0.51   0.42  -0.98   0.91   0.46   1.355 -0.55
 -1.917  0.62  -0.81   0.57   0.41   0.15  -0.98   0.23  -0.4   -1.265
  0.257 -0.97  -1.02  -0.03  -0.21   0.879  0.07  -0.865 -0.32   0.59
 -0.42  -1.457 -1.021 -0.19   0.846 -0.415 -2.082  0.92  -1.066 -0.544][-1.79   0.93   0.46  -0.61  -0.6    0.1    0.436  0.29  -0.68  -0.38
  0.81   0.31   0.5    0.43   0.35   0.16  -0.27  -0.81   0.48  -0.35
  0.626 -0.2   -0.77  -0.77  -0.181 -0.19   0.83   0.281 -0.4    0.5
  0.1    0.86   0.99  -0.034  0.45  -1.355  1.593 -1.     0.01  -0.49
  0.92  -0.34   0.923 -0.73  -2.191  0.83  -1.    -1.548  0.64   0.59
  1.112  1.06  -1.274 -0.51   0.42  -0.98   0.91   0.46   0.43  -0.55
 -1.38   0.301 -0.81   0.57   0.974  0.15  -0.98   0.23  -0.4   -1.265
  0.257 -0.97  -1.02  -0.03  -0.21   0.879  0.07  -0.865 -0.32   0.566
 -0.42  -0.89  -1.021 -0.19   0.846 -0.415 -2.082  0.92  -0.24  -0.544][-1.79   0.93   0.46  -0.61  -0.44   0.1    0.436  0.29  -0.68  -0.38
  0.802  0.31   0.5    0.43   0.35   0.16  -0.27  -0.81  -0.494 -0.35
  0.4   -0.2   -0.77  -0.77   0.523 -0.19   0.83   0.02  -0.4    0.5
  0.1    0.86   0.99  -0.034  0.45  -1.355  1.483 -1.     0.01  -0.49
  0.92  -0.34   0.923 -1.29  -2.191  0.83  -1.381 -1.548  0.64   0.59
  1.647  1.06  -1.274 -0.51   0.42  -0.98   1.347  0.46   0.43  -0.55
 -1.38   0.62  -0.81   0.57   0.41   0.15  -0.98   0.23  -0.4   -1.265
  0.2   -0.97  -1.02  -0.03  -0.21   0.879  0.07  -0.865 -0.32   0.59
 -0.42  -0.877 -0.76  -0.569  0.846 -0.415 -2.082  0.92  -1.066 -0.544][-2.604  0.93   1.159 -0.61  -0.6    0.151  0.436  0.29  -0.68  -0.6
  0.81   0.31   0.5    0.43   0.35   0.16  -0.27  -0.81  -0.494 -0.35
  0.4   -0.2   -0.77  -1.504 -0.181 -0.19   0.83   0.281 -0.4    0.5
  0.165  0.86   0.99  -0.034  0.45  -1.355  1.593 -1.     0.01  -0.49
  0.545 -0.34   0.923 -1.29  -1.325  0.83  -1.    -1.548  0.64   1.083
  1.112  1.06  -0.78   0.2    0.42  -0.98   0.91   0.723  0.43  -0.55
 -1.917  0.62  -0.37   0.57   0.974  0.15  -0.98   0.23  -0.4   -1.265
  0.2   -0.97  -1.02  -0.03  -0.21   0.879  0.07  -0.865 -0.32   0.59
 -0.42  -1.457 -0.76  -0.19   0.846 -0.415 -2.082  0.92  -0.24  -0.544][-1.79   0.93   0.46  -0.61  -0.6    0.151  0.436  0.29  -0.68  -0.38
  0.81   0.31   0.5    0.43   0.35   0.16  -0.27  -0.81  -0.494 -0.35
  0.626 -0.2   -0.77  -0.77  -0.181 -0.19   0.83   0.02  -0.06   0.5
  0.165  0.86   0.99  -0.034  0.45  -1.355  1.483 -1.     0.01  -0.49
  0.92  -0.623  0.923 -1.29  -2.191  0.83  -1.381 -1.447  0.64   0.59
  1.112  1.06  -0.78  -0.51   0.42  -0.98   0.91   0.46   0.43  -0.55
 -2.178  0.62  -0.81   0.57   0.41   0.15  -0.98   0.23  -0.4   -1.265
  0.2   -0.97  -1.02  -0.03  -0.21   0.879  0.07  -0.43  -0.32   0.59
 -0.42  -1.457 -0.76  -0.19   0.846 -0.415 -2.082  0.92  -0.24  -0.544][-0.84   1.165  0.46  -0.61   0.144  0.151  0.436  0.29  -0.68  -0.38
  0.802  0.31   0.5    0.43   0.35   0.16  -0.27  -0.81  -0.494 -0.35
  0.4   -0.2   -0.77  -0.77  -0.181 -0.19   0.83   0.281 -0.06   0.5
  0.1    0.86   0.99  -0.034  0.45  -0.98   1.593 -1.     0.01  -0.49
  0.92  -1.217  0.923 -1.29  -1.325  0.83  -1.    -1.548  0.64   0.59
  1.112  1.06  -1.274 -0.51   0.42  -0.98   0.91   0.46   1.355 -0.55
 -1.917  1.563 -0.81   0.57   0.41   0.15  -0.98   0.23  -0.4   -1.265
  0.908 -0.97  -1.02   0.053 -0.21   0.879  0.07  -0.865 -0.32   0.566
 -0.42  -1.457 -0.76  -0.19   0.846 -0.415 -2.082  0.689 -1.066 -0.544][-1.79   0.93   0.46  -0.61   0.52   0.1    0.436  0.29  -0.68  -0.38
  0.802  0.31   0.5    0.43   0.35   0.16  -0.27  -0.81  -0.494 -0.35
  0.626 -0.2   -0.77  -0.77  -0.181 -0.19   0.83   0.02  -0.4    0.5
  0.165  0.86   0.342 -0.034  0.45  -0.98   1.483 -1.     0.01  -0.49
  0.92  -0.34   0.923 -1.29  -2.191  0.83  -1.    -1.548  0.64   0.463
  1.647  1.06  -1.274 -0.51   0.42  -0.98   1.347  0.46   0.43  -0.55
 -1.38   0.62  -0.81   0.57   0.627  0.15  -0.98   0.23  -0.4   -1.265
  0.2   -0.97  -1.02  -0.03  -0.21   0.879  0.07  -0.865 -0.32   0.59
 -0.42  -1.457 -1.021 -0.19   0.846 -0.415 -2.082  0.92  -1.066 -0.544]