[-8.400e-01  9.300e-01  4.600e-01 -6.100e-01  1.440e-01  1.000e-01
  4.360e-01  2.900e-01 -6.800e-01 -3.800e-01  8.020e-01  3.100e-01
  5.000e-01  4.300e-01  3.500e-01  1.600e-01 -2.700e-01 -8.100e-01
 -4.940e-01 -3.500e-01  4.000e-01 -2.000e-01 -7.700e-01 -7.700e-01
 -1.810e-01 -1.900e-01  8.300e-01  2.000e-02 -4.000e-01  5.000e-01
 -9.120e-01  8.600e-01  9.900e-01 -2.000e-03  4.500e-01 -1.355e+00
  1.593e+00 -1.000e+00  1.000e-02 -4.900e-01  5.450e-01 -3.400e-01
  9.230e-01 -1.290e+00 -1.325e+00  8.300e-01 -1.000e+00 -1.548e+00
  6.400e-01  5.900e-01  1.112e+00  1.060e+00 -9.240e-01 -5.100e-01
  4.200e-01 -9.800e-01  9.100e-01  4.600e-01  4.300e-01 -5.500e-01
 -1.380e+00  6.200e-01 -3.700e-01  5.700e-01  4.100e-01  1.500e-01
 -9.800e-01  2.300e-01 -4.000e-01 -1.265e+00  2.000e-01 -9.700e-01
 -1.020e+00 -3.000e-02 -2.100e-01  8.790e-01  7.000e-02 -4.300e-01
 -3.200e-01  5.660e-01 -4.200e-01 -1.457e+00 -7.600e-01 -5.690e-01
  8.460e-01 -4.150e-01 -2.082e+00  9.200e-01 -2.400e-01 -5.440e-01][-0.84   0.93   0.46  -0.61  -0.44   0.1    0.436  0.29  -0.68  -0.38
  0.802  0.31   0.5    0.43   0.35   0.16   1.162 -0.81  -0.494 -0.35
  0.4   -0.2   -0.77  -0.77  -0.181 -0.19   0.83   0.02  -0.4    0.5
  0.1    0.86   0.99  -0.034  0.45  -0.98   1.483 -1.     0.01  -0.49
  0.545 -0.34   1.817 -1.29  -1.325  0.83  -1.    -1.548  0.64   0.59
  1.112  1.06  -1.274 -0.51   0.42  -0.98   0.91   0.46   0.43  -0.55
 -1.917  0.62  -0.37   0.57   0.41   0.15  -0.98   0.23  -0.4   -1.265
  0.908 -0.97  -0.15  -0.03  -0.21   0.879  0.07  -0.43  -0.32   0.566
 -0.42  -1.457 -0.76  -0.19   0.846 -0.415 -0.97   0.92  -0.24  -0.544][-0.84   0.93   0.46  -0.61   0.144  0.1    0.436  0.29  -0.68  -0.38
  0.802  0.31   0.5    0.43   0.35   0.16   1.162 -0.81  -0.494 -0.35
  0.107 -0.2   -0.77  -0.77  -0.181 -0.19   0.83   0.02  -0.4    0.5
  0.1    0.86   0.99  -0.002  0.45  -0.98   1.483 -1.     0.01  -0.49
  0.545 -0.34   0.923 -1.29  -1.325  0.83  -1.    -1.548  0.64   0.59
  1.112  1.06  -0.78  -0.51   0.42  -0.98   0.91   0.46   1.355 -0.55
 -1.38   0.62  -0.81   0.57   0.41   0.15  -0.98   0.23  -0.4   -1.265
  0.2   -0.97  -1.02  -0.03  -0.21   0.879  0.07  -0.43  -0.32   0.59
 -0.42  -1.457 -0.76  -0.19   0.846 -0.415 -0.97   0.92  -1.066 -0.544][-0.84   0.93   0.46  -0.61  -0.6    0.1    0.436  0.29  -0.68  -0.38
  0.81   0.31   0.5    0.43   0.35   0.16   1.162 -0.81   0.48  -0.35
  0.4   -0.2   -0.77  -0.77  -0.3   -0.19   0.83   0.02  -0.4    0.5
  0.1    0.86   0.99  -0.002  0.45  -0.98   1.483 -1.     0.01  -0.49
  0.92  -0.34   0.923 -1.29  -1.325  0.83  -1.    -1.548  0.64   0.59
  0.78   0.121 -0.173 -0.51   0.42  -0.98   0.91   0.46   0.43  -0.55
 -1.917  0.62  -0.37   0.57   0.974  0.15  -0.98   0.23  -0.4   -1.265
  0.2   -0.97  -1.02  -0.03  -0.21   0.879  0.07  -0.43  -0.32   0.59
 -0.42  -1.457 -0.76  -0.19   0.507 -0.32  -1.652  0.92  -0.24  -0.544][-0.84   0.93   0.46  -0.61  -0.6    0.1    0.436  0.29  -0.68  -0.38
  0.81   0.31   0.5    0.43   0.35   0.16  -0.27  -0.81  -0.494 -0.35
  0.4   -0.2   -0.77  -1.504 -0.181 -0.19   0.83   0.02  -0.4    0.5
  0.1    0.86   0.342 -0.002  0.45  -0.98   1.593 -1.     0.01  -0.49
  0.545 -0.34   0.923 -1.29  -1.325  0.83  -1.18  -1.548  0.64   0.59
  1.112  0.26  -1.274 -0.51   0.42  -0.98   0.91   0.46   0.43  -0.55
 -1.917  0.301 -0.37   0.57   0.41   0.15  -0.98   0.23  -0.4   -1.265
  0.2   -0.97  -0.15  -0.03  -0.21   0.879  0.07  -0.43  -0.32   0.59
 -0.42  -1.457 -1.021 -0.19   0.846 -0.415 -1.652  0.92  -0.24  -0.544][-1.771  0.93   0.46   0.038 -0.44   0.1    0.436  0.29  -0.68  -0.38
  0.802  0.31   0.5    0.43   0.35   0.16   1.162 -0.81   0.48  -0.35
  0.4   -0.2   -0.77  -1.504 -0.181 -0.19   0.83   0.02  -0.4    0.5
 -0.912  0.86   0.99  -0.034  0.45  -0.98   1.483 -1.     0.01  -0.49
  0.545 -0.34   0.923 -1.29  -1.325  0.83  -1.    -1.548  0.64   0.59
  1.112  1.06  -1.065 -0.51   0.42  -0.98   0.91   0.46   1.355 -0.55
 -1.917  0.62  -0.81   0.57   0.41   0.15  -0.98   0.23  -0.4   -1.265
  0.908 -0.97  -1.02  -0.03  -0.21   0.879  0.07  -0.43  -0.32   0.566
 -0.42  -1.457 -0.76  -0.19   0.846 -0.415 -1.652  0.92  -0.24  -0.544][-1.771  0.93   0.46  -0.61  -0.6    0.1    0.436  0.29  -0.68  -0.38
  0.81   0.31   0.5    0.43   0.35   0.16  -0.27  -0.81   0.48  -0.35
  0.4   -0.2   -0.77  -1.504 -0.181 -0.19   0.83   0.02  -0.4    0.5
 -0.912  0.86   0.99  -0.034  0.45  -0.98   0.95  -1.     0.01  -0.49
  0.92  -0.34   0.923 -1.29  -1.325  0.83  -1.    -1.548  0.64   0.59
  1.112  0.26  -1.274 -0.51   0.42  -0.98   0.91   0.46   0.43  -0.55
 -1.917  0.62  -0.81   0.57   0.41   0.15  -0.98   0.23  -0.4   -1.265
  0.908 -0.97  -1.02  -0.03  -0.21   0.879  0.07  -0.43  -0.32   0.566
 -0.42  -1.457 -0.76  -0.19   0.507 -0.415 -1.652  0.92  -0.24  -0.544][-0.84   0.93   0.46  -0.61  -0.6    0.1    0.436  0.29  -0.68  -0.38
  0.81   0.31   0.5    0.43   0.35   0.16   0.364 -0.81   0.48  -0.35
  0.4   -0.2   -0.77  -0.77  -0.181 -0.19   0.83   0.02  -0.4    0.5
  0.1    0.86   0.99  -0.034  0.45  -0.98   0.95  -1.     0.01  -0.49
  0.056 -0.34   0.923 -1.29  -1.325  0.83  -1.    -1.548  0.64   0.59
  1.112  1.06  -1.274 -0.51   0.42  -0.98   0.91   0.46   0.43  -0.55
 -1.917  0.62  -0.81   0.57   0.41   0.15  -1.283  0.23  -0.4   -1.265
  0.2   -0.97  -1.02  -0.03  -0.21   0.595  0.07  -0.43  -0.32   0.566
 -0.42  -1.457 -0.76  -0.19   0.846 -0.415 -1.652  0.92  -0.24  -0.544][-0.84   0.93   0.46  -0.61  -0.6    0.1    0.436  0.29  -0.68  -0.38
  0.81   0.31   0.5    0.43   0.35  -0.018 -0.27  -0.81   0.48  -0.35
  0.626 -0.2   -0.77  -0.77  -0.181 -0.19   0.83   0.281 -0.4    0.5
  0.1    0.86   0.99  -0.034  0.45  -0.98   0.95  -1.     0.01  -0.49
  0.545 -0.34   0.923 -1.29  -1.325  0.83  -1.    -1.548  0.64   0.59
  1.112  0.26  -1.274 -0.51   0.42  -0.98   0.91   0.46   0.43  -0.55
 -1.917  0.62  -0.37   0.57   0.41   0.15  -0.98   0.23  -0.4   -1.265
  0.2   -0.97  -1.02  -0.03  -0.21   0.879  0.07  -0.43  -0.32   0.566
 -0.42  -0.89  -1.021 -0.19   0.507 -0.415 -1.652  0.92  -0.24  -0.544][-0.84   0.93   0.46  -0.61  -0.44   0.1    0.436  0.29  -0.68  -0.38
  0.81   0.31   0.5    0.43   0.35  -0.018 -0.27  -0.81  -0.494 -0.35
  0.4   -0.2   -0.77  -1.504 -0.3   -0.19   0.83   0.02  -0.4    0.5
  0.1    0.86   0.99  -0.034  0.45  -0.98   0.703 -1.     0.01  -0.49
  0.545 -0.34   0.923 -1.29  -1.325  0.83  -0.163 -1.548  0.64   0.59
  1.112  0.121 -0.78  -0.51   0.42  -0.98   0.91   0.46   0.43  -0.55
 -1.917  0.62  -0.81   0.57   0.41   0.15  -0.98   0.23  -0.4   -1.265
  0.2   -0.97  -0.15  -0.03  -0.21   0.879  0.07  -0.43  -0.32   0.566
 -0.42  -1.457 -0.76  -0.19   0.701 -0.415 -1.652  0.92  -0.24  -0.544][-0.84   0.93   0.46  -0.61  -0.6    0.1    0.436  0.29  -0.68  -0.38
  0.81   0.31   0.5    0.43   0.35   0.16   1.374 -0.81   0.48  -0.35
  0.626 -0.2   -0.77  -0.77  -0.181 -0.19   0.83   0.02  -0.4    0.5
  0.1    1.409  0.99  -0.002  0.45  -0.98   1.593 -1.     0.01  -0.49
  0.545 -0.34   0.923 -1.29  -1.325  0.83  -1.    -1.548  0.64   0.59
  1.112  0.26  -0.78  -0.51   0.42  -0.98   0.91   0.46   1.355 -0.55
 -1.917  0.62  -0.37   0.57   0.41   0.15  -0.98   0.23  -0.4   -1.265
  0.2   -0.97  -1.02  -0.03  -0.21   0.879  0.07  -0.865 -0.32   0.566
 -0.42  -1.457 -0.76  -0.19   0.846 -0.931 -1.652  0.92  -0.24  -0.544][-0.84   0.93   0.46  -0.61  -0.44   0.1    0.436  0.29  -0.68  -0.38
  0.81   0.31   0.5    0.43   0.35  -0.018 -0.27  -0.81  -0.494 -0.35
  0.4   -0.2   -0.77  -1.504 -0.3   -0.19   0.83   0.02  -0.4    0.5
 -0.912  0.86   0.99  -0.034  0.45  -0.98   1.593 -1.     0.01  -0.49
  0.545 -0.34   0.923 -1.29  -1.325  0.83  -0.163 -1.548  0.64   0.59
  1.112  0.121 -1.274 -0.51   0.42  -0.98   0.91   0.46   0.43  -0.55
 -1.917  0.62  -0.81   0.57   0.41   0.15  -0.98   0.23  -0.4   -1.265
  0.908 -0.97  -0.15  -0.03  -0.21   0.879  0.07  -0.43  -0.32   0.566
 -0.42  -1.457 -1.4   -0.19   0.846 -0.415 -1.652  1.76  -0.24  -0.544][-8.400e-01  9.300e-01  4.600e-01 -6.100e-01  1.440e-01  1.000e-01
  4.360e-01  2.900e-01 -6.800e-01 -3.800e-01  8.100e-01  3.100e-01
  5.000e-01  4.300e-01  3.500e-01  1.600e-01 -2.700e-01 -8.100e-01
  4.800e-01 -3.500e-01  4.000e-01  2.480e-01 -7.700e-01 -7.700e-01
 -1.810e-01 -1.900e-01  8.300e-01  2.000e-02 -4.000e-01  5.000e-01
  1.000e-01  8.600e-01  9.900e-01 -2.000e-03  4.500e-01 -9.800e-01
  1.593e+00 -1.000e+00  1.000e-02 -4.900e-01  9.200e-01 -3.400e-01
  9.230e-01 -1.290e+00 -1.325e+00  8.300e-01 -1.000e+00 -1.548e+00
  6.400e-01  5.900e-01  1.112e+00  1.060e+00 -1.274e+00 -5.100e-01
  4.200e-01 -9.800e-01  9.100e-01  4.600e-01  4.300e-01 -5.500e-01
 -1.917e+00  6.200e-01 -8.100e-01  5.700e-01  4.100e-01  1.500e-01
 -9.800e-01  2.300e-01 -4.000e-01 -1.265e+00  2.000e-01 -9.700e-01
 -1.020e+00 -3.000e-02 -2.100e-01  8.790e-01  7.000e-02 -8.650e-01
 -3.200e-01  5.660e-01 -4.200e-01 -1.457e+00 -7.600e-01 -1.900e-01
  8.460e-01 -4.150e-01 -2.082e+00  9.200e-01 -1.066e+00 -5.440e-01][-0.84   0.93   0.46  -0.61  -0.6    0.1    0.436  0.29  -0.68  -0.38
  0.64   0.31   0.5    0.43   0.35   0.16  -0.27  -0.81   0.48  -0.35
  0.4   -0.2   -0.77  -0.77  -0.181 -0.19   0.83   0.02  -0.4    0.5
 -0.912  0.86   0.99  -0.164  0.45  -0.98   1.483 -1.     0.01  -0.49
  0.92  -0.34   0.923 -1.29  -1.325  0.83  -1.    -1.548  0.64   0.59
  1.112  0.26  -1.274 -0.51   0.42  -0.98   0.91   0.46   0.43  -0.55
 -1.917  0.62  -0.81   0.57   0.41   0.15  -0.98   0.23  -0.4   -1.265
  0.908 -0.97  -1.02  -0.03  -0.21   0.879  0.07  -0.43  -0.32   0.566
 -0.42  -1.457 -0.76  -0.19   0.507 -0.415 -1.402  0.92  -0.24  -0.544][-1.026  0.93   0.46  -0.61  -0.6    0.1    0.436  0.29  -0.68  -0.38
  0.81   0.31   0.5    0.43   0.35  -0.018 -0.27  -0.81  -0.268 -0.35
  0.4   -0.2   -0.77  -0.77  -0.08  -0.19   0.83   0.02  -0.4    0.5
  0.1    0.86   0.99  -0.002  0.45  -0.98   0.95  -1.     0.01  -0.49
  0.92  -0.34   0.923 -1.29  -1.325  0.83  -1.    -1.548  0.64   0.59
  1.112  0.26  -1.274 -0.51   0.42  -0.98   0.91   0.46   0.43  -0.55
 -1.38   0.62  -0.81   0.57   0.41   0.15  -0.98   0.23  -0.4   -1.265
  0.908 -0.97  -1.02  -0.03  -0.21   0.879  0.07  -0.43  -0.32   0.59
 -0.42  -1.457 -0.76  -0.19   0.846 -0.415 -1.652  0.92  -0.24  -0.544][-0.84   0.93   0.46  -0.61  -0.6    0.1    0.436 -0.275 -0.68  -0.38
  0.81   0.31   0.5    0.43   0.35   0.16  -0.27  -0.81   0.48  -0.35
  0.4   -0.2   -0.77  -1.504 -0.3   -0.19   0.83   0.268 -0.4    0.5
  0.1    0.86   0.99  -0.002  0.45  -0.98   0.95  -1.     0.01  -0.49
  0.92  -0.34   0.923 -1.29  -1.325  0.83  -1.    -1.548  0.64   0.59
  1.112  0.121 -0.173 -0.51   0.42  -0.98   0.91   0.46   0.43  -0.55
 -1.38   0.62  -0.37   0.57   0.41   0.15  -0.98   0.23  -0.4   -1.265
  0.2   -0.97  -0.15  -0.03  -0.21   0.879  0.07  -0.43  -0.32   0.59
 -0.42  -1.457 -0.76  -0.19   0.507 -0.32  -1.652  0.92  -0.24  -0.544][-0.84   0.93   0.46  -0.61   0.193  0.237  0.436  0.29  -0.614 -0.38
  0.81   0.31   0.5    0.43   0.35   0.16  -0.27  -0.81   0.48  -0.35
  0.626 -0.2   -0.77  -0.77  -0.181 -0.19   0.83   0.268 -0.4    0.5
  0.1    0.86   0.99  -0.034  0.45  -0.98   1.483 -1.     0.01  -0.49
  0.545 -0.34   0.77  -1.29  -1.325  0.83  -1.    -1.548  0.64   0.59
  0.78   0.26  -1.274 -0.51   0.42  -0.98   0.91   0.46   0.43  -0.55
 -1.38   0.62  -0.81   0.57   0.41   0.15  -0.98   0.23  -0.4   -1.265
  0.908 -0.97  -0.15  -0.03  -0.21   0.879  0.07  -0.43  -0.32   0.59
 -0.42  -1.457 -0.76  -0.19   0.701 -0.415 -1.652  0.92  -0.24  -0.544][-0.84   0.93   0.46  -0.61  -0.6    0.1    0.436  0.29  -0.68  -0.38
  0.81   0.31   0.5    0.43   0.35   0.16   1.162 -0.81  -0.494 -0.35
  0.4   -0.2   -0.77  -0.77  -0.181 -0.19   0.83   0.02  -0.4    0.5
  0.1    0.86   0.99  -0.002  0.45  -0.98   1.483 -1.     0.01  -0.49
  0.92  -0.34   0.923 -1.29  -1.325  0.83  -1.    -1.548  0.64   1.083
  0.78   0.26  -0.173 -0.51   0.42  -0.98   0.91   0.46   0.43  -0.55
 -1.917  0.62  -0.37   0.57   0.41   0.15  -0.98   0.23  -0.4   -1.265
  0.2   -0.97  -1.02  -0.03  -0.21   0.879  0.07  -0.43  -0.32   0.59
 -0.42  -1.457 -1.021 -0.19   0.712 -0.415 -1.652  0.92  -0.24  -0.544][-0.84   0.93   0.46  -0.61  -0.44   0.237  0.436  0.29  -0.614 -0.38
  0.802  0.31   0.5    0.43   0.35   0.16   1.162 -0.81   0.48  -0.35
  0.626 -0.2   -0.77  -0.77  -0.181 -0.19   0.83   0.02  -0.4    0.5
  0.1    0.86   0.99  -0.002  0.45  -0.98   1.483 -1.     0.01  -0.49
  0.545 -0.34   0.923 -1.29  -1.325  0.83  -1.    -1.548  0.64   0.59
  0.78   0.26  -0.924 -0.51   0.42  -0.98   0.91   0.46   1.355 -0.55
 -1.917  0.62  -0.37   0.57   0.41   0.15  -0.98  -0.193 -0.4   -1.265
  0.908 -0.97  -0.15  -0.03  -0.21   0.879  0.07  -0.43  -0.32   0.566
 -0.42  -1.457 -0.76  -0.569  0.507 -0.415 -0.97   0.92  -0.24  -0.544][-1.026  0.93   0.46  -0.61  -0.6    0.1    0.436  0.29  -0.68  -0.38
  0.81   0.31   0.5    0.43   0.35   0.16  -0.27  -0.81   0.48  -0.35
  0.4   -0.2   -0.77  -0.77  -0.3   -0.19   0.83   0.268 -0.4    0.5
  0.1    0.028  0.99  -0.002  0.45  -0.98   1.483 -1.     0.01  -0.49
  0.92  -0.34   0.923 -1.29  -1.325  0.83  -1.    -1.548  0.64   0.59
  1.112  0.26  -1.274 -0.51   0.42  -0.98   0.91   0.46   0.43  -0.55
 -1.38   0.62  -0.37   0.57   0.41   0.15  -0.98   0.23  -0.4   -1.265
  0.2   -0.97  -0.15  -0.03  -0.21   0.879  0.07  -0.43  -0.32   0.59
 -0.42  -1.457 -0.76  -0.19   0.701 -0.415 -1.652  0.92  -0.24  -0.544][-1.79   0.93   0.46  -0.61  -0.44   0.1    0.436  0.29  -0.68  -0.38
  0.802  0.31   0.5    0.43   0.35   0.16   1.162 -0.81  -0.494 -0.35
  0.4   -0.2   -0.77  -1.504 -0.181 -0.19   0.83   0.02  -0.4    0.5
  0.1    0.86   0.342 -0.034  0.45  -0.98   1.593 -1.     0.01  -0.49
  0.545 -0.34   0.923 -1.29  -1.325  0.83  -1.    -1.548  0.64   0.59
  1.112  1.06  -1.274 -0.51   0.42  -0.98   0.91   0.46   0.43  -0.55
 -1.917  0.301 -0.81   0.57   0.41   0.15  -0.98   0.23  -0.4   -1.265
  0.908 -0.97  -1.02  -0.03  -0.21   0.879  0.07  -0.43  -0.32   0.59
 -0.42  -1.457 -1.021 -0.19   0.846 -0.415 -1.652  0.92  -0.24  -0.544][-1.026  0.93   0.46  -0.61  -0.6    0.1    0.436  0.29  -0.68  -0.38
  0.81   0.31   0.5    0.43   0.35   0.16  -0.27  -0.81  -0.494 -0.35
  0.4   -0.2   -0.77  -1.504 -0.3   -0.19   0.83   0.02  -0.4    0.5
  0.1    0.86   0.99  -0.002  0.45  -0.98   1.593 -1.     0.01  -0.49
  0.545 -0.34   0.923 -1.29  -1.325  0.83  -1.    -1.548  1.602  0.59
  1.112  0.26  -1.274 -0.51   0.42  -0.98   0.91   0.46   0.43  -0.55
 -1.38   0.62  -0.37   0.57   0.41   0.15  -0.98   0.23  -0.4   -1.265
  0.2   -0.97  -0.15  -0.03  -0.21   0.879  0.07  -0.43  -0.32   0.59
 -0.42  -1.457 -0.76  -0.19   0.846 -0.415 -1.652  0.92  -0.24  -0.544][-8.400e-01  9.300e-01  4.600e-01 -6.100e-01  1.440e-01  1.000e-01
  4.360e-01  2.900e-01 -6.800e-01 -3.800e-01  8.100e-01  3.100e-01
  5.000e-01  4.300e-01  3.500e-01  1.600e-01  1.374e+00 -8.100e-01
  4.800e-01 -3.500e-01  4.000e-01 -2.000e-01 -7.700e-01 -7.700e-01
 -1.810e-01 -1.900e-01  8.300e-01  2.000e-02 -4.000e-01  5.000e-01
  1.000e-01  1.409e+00  9.900e-01 -2.000e-03  4.500e-01 -1.355e+00
  1.593e+00 -1.000e+00  1.000e-02 -4.900e-01  5.450e-01 -3.400e-01
  9.230e-01 -1.290e+00 -1.325e+00  8.300e-01 -1.000e+00 -1.548e+00
  6.400e-01  5.410e-01  1.112e+00  1.060e+00 -9.240e-01 -5.100e-01
  4.200e-01 -9.800e-01  9.100e-01  4.600e-01  1.355e+00 -5.500e-01
 -1.380e+00  6.200e-01 -3.700e-01  5.700e-01  4.100e-01  1.500e-01
 -9.800e-01  2.300e-01 -4.000e-01 -1.265e+00  2.000e-01 -9.700e-01
 -1.020e+00 -3.000e-02 -2.100e-01  8.790e-01  7.000e-02 -8.650e-01
 -3.200e-01  5.660e-01 -4.200e-01 -1.457e+00 -7.600e-01 -1.900e-01
  8.460e-01 -9.310e-01 -2.082e+00  9.200e-01 -2.400e-01 -5.440e-01][-0.84   0.93   0.46  -0.61  -0.6    0.1    0.436  0.29  -0.68  -0.38
  0.81   0.31   0.5    0.43   0.35   0.16  -0.27  -0.81  -0.494 -0.35
  0.4   -0.2   -0.77  -0.77  -0.181 -0.19   0.83   0.02  -0.4    0.5
  0.1    0.86   0.99  -0.002  0.45  -0.98   1.593 -1.     0.01  -0.49
  0.545 -0.34   0.923 -1.29  -1.325  0.83  -1.    -1.548  0.64   0.59
  1.112  0.26  -1.274 -0.51   0.42  -0.98   0.91   0.46   0.43  -0.55
 -1.917  0.301 -0.81   0.57   0.41   0.15  -0.98   0.23  -0.4   -1.265
  0.2   -0.97  -1.02  -0.03  -0.304  0.879  0.07  -0.865 -0.32   0.59
 -0.42  -1.457 -1.021 -0.19   0.846 -0.415 -1.652  0.92  -0.24  -0.544][-1.771  0.93   0.46  -0.61  -0.6    0.1    0.436  0.29  -0.68  -0.38
  0.81   0.31   0.5    0.43   0.35   0.16   1.162 -0.81   0.48  -0.35
  0.4   -0.2   -0.77  -1.504 -0.3   -0.19   0.83   0.02  -0.4    0.5
  0.1    0.86   0.99  -0.034  0.45  -0.98   0.95  -1.     0.01  -0.49
  0.92  -0.34   0.923 -1.29  -1.325  0.83  -1.    -1.548  0.64   0.152
  1.112  0.121 -1.274 -0.51   0.42  -0.98   0.91   0.46   0.43  -0.55
 -1.917  0.62  -0.81   0.57   0.41   0.15  -0.98   0.23  -0.4   -1.265
  0.2   -0.97  -1.02  -0.03  -0.21   0.879  0.07  -0.43  -0.32   0.566
 -0.42  -1.457 -0.76  -0.19   0.507 -0.415 -1.652  0.92  -0.24  -0.544][-0.84   0.93   0.46  -0.61  -0.44   0.1    0.436  0.29  -0.68  -0.38
  0.802  0.31   0.5    0.43   0.35   0.16   1.162 -0.81  -0.275 -0.35
  0.4   -0.2   -0.77  -1.504 -0.181 -0.19   0.83   0.02  -0.4    0.5
  0.1    0.86   0.99  -0.034  0.45  -0.98   0.95  -1.     0.01  -0.49
  0.545 -0.34   1.817 -1.29  -1.325  0.83  -1.    -1.548  0.64   0.59
  1.112  0.26  -1.274 -0.51   0.42  -0.98   0.91   0.46   0.43  -0.55
 -1.917  0.62  -0.37   0.57   0.41   0.15  -0.98   0.23  -0.4   -1.265
  0.908 -0.97  -0.15  -0.03  -0.21   0.879  0.07  -0.43  -0.32   0.566
 -0.42  -1.457 -0.76  -0.19   0.846 -0.415 -0.97   0.92  -0.24  -0.544][-0.84   0.93   0.46  -0.61  -0.6    0.1    0.436  0.29  -0.68  -0.38
  0.81   0.31   0.5    0.43   0.35  -0.018 -0.27  -0.81   0.48  -0.35
  0.4   -0.2   -0.77  -1.504 -0.181 -0.19   0.83   0.02  -0.4    0.5
  0.1    0.86   0.99  -0.034  0.45  -0.98   1.483 -1.     0.01  -0.49
  0.545 -0.34   0.923 -1.29  -1.325  0.83  -1.    -1.548  0.64   0.59
  1.112  0.26  -1.274 -0.51   0.42  -0.98   0.91   0.46   1.262 -0.55
 -1.917  0.62  -0.37   0.57   0.41   0.15  -0.98   0.23  -0.4   -1.265
  0.908 -0.97  -1.02  -0.03  -0.21   0.879  0.07  -0.43  -0.32   0.566
 -0.42  -1.457 -0.76  -0.19   0.507 -0.415 -1.652  0.92  -0.24  -0.544][-8.400e-01  9.300e-01 -2.940e-01 -6.100e-01  1.440e-01  2.370e-01
  4.360e-01  2.900e-01 -6.800e-01 -3.800e-01  8.020e-01  3.100e-01
  5.000e-01  4.300e-01  3.500e-01  1.600e-01 -2.700e-01 -8.100e-01
 -4.940e-01 -3.500e-01  4.000e-01 -2.000e-01 -7.700e-01 -7.700e-01
 -1.810e-01 -1.900e-01  8.300e-01  2.000e-02 -4.000e-01  5.000e-01
  1.000e-01  8.600e-01  9.900e-01 -2.000e-03  4.500e-01 -1.355e+00
  1.593e+00 -1.000e+00  1.000e-02 -4.900e-01  5.450e-01 -3.400e-01
  9.230e-01 -1.290e+00 -1.325e+00  8.300e-01 -1.000e+00 -1.548e+00
  6.400e-01  5.900e-01  7.800e-01  1.060e+00 -9.240e-01 -5.100e-01
  4.200e-01 -9.800e-01  9.100e-01  4.600e-01  4.300e-01 -5.500e-01
 -1.917e+00  6.200e-01 -3.700e-01  5.700e-01  4.100e-01  1.500e-01
 -9.800e-01 -1.930e-01 -4.000e-01 -1.265e+00  2.000e-01 -9.700e-01
 -1.020e+00 -3.000e-02 -2.100e-01  8.790e-01  7.000e-02 -4.300e-01
 -3.200e-01  5.660e-01 -4.200e-01 -1.457e+00 -7.600e-01 -5.690e-01
  5.070e-01 -4.150e-01 -2.082e+00  9.200e-01 -2.400e-01 -5.440e-01][-0.84   0.93   0.46  -0.61  -0.6    0.1    0.436  0.29  -0.68  -0.38
  0.81   0.31   0.5    0.43   0.35   0.16  -0.27  -0.81   0.48  -0.35
  0.4   -0.2   -0.77  -0.77  -0.181 -0.19   0.83   0.281 -0.4    0.5
  0.1    0.86   0.342 -0.002  0.45  -0.98   1.593 -1.     0.01  -0.49
  0.545 -0.34   0.923 -0.361 -1.325  0.83  -1.18  -1.548  0.64   0.59
  1.112  0.26  -1.274 -0.51   0.42  -0.98   0.91   0.46   0.43  -0.55
 -1.917  0.62  -0.37   0.57   0.41   0.15  -0.98   0.23  -0.4   -1.265
  0.2   -0.97  -0.15  -0.03  -0.21   0.879  0.07  -0.43  -0.32   0.59
 -0.42  -0.89  -1.021 -0.19   0.507 -0.415 -1.652  0.92  -0.24  -0.544][-1.026  0.93   0.46  -0.61  -0.6    0.1    0.436  0.29  -0.68  -0.38
  0.81   0.31   0.5    0.43   0.35   0.16  -0.27  -0.81   0.48  -0.35
  0.4   -0.2   -0.77  -1.504 -0.181 -0.19   0.83   0.268 -0.4    0.5
  0.1    0.86   0.876 -0.002  0.45  -0.98   1.483 -1.     0.01  -0.49
  0.92  -0.34   0.923 -1.29  -1.325  0.83  -1.18  -1.548  0.64   0.59
  1.112  0.26  -1.274 -0.51   0.42  -0.98   0.91   0.46   0.43  -0.55
 -1.38   0.301 -0.37   0.57   0.41   0.15  -0.98   0.23  -0.4   -1.265
  0.2   -0.97  -0.15  -0.03  -0.21   0.879  0.07  -0.43  -0.32   0.59
 -0.42  -1.457 -1.021 -0.19   0.701 -0.415 -1.652  0.92  -0.24  -0.544][-0.84   0.93   0.46  -0.61  -0.6    0.1    0.436 -0.275 -0.68  -0.38
  0.802  0.31   0.5    0.43   0.35   0.16  -0.27  -0.81   0.48  -0.35
  0.4   -0.2   -0.77  -0.77  -0.181 -0.19   0.83   0.02  -0.4    0.5
  0.1    0.86   0.99  -0.034  0.45  -0.98   0.95  -1.     0.01  -0.49
  0.92  -0.34   0.923 -1.29  -2.084  0.83  -1.    -1.548  0.64   0.59
  1.112  0.121 -1.274 -0.51   0.42  -0.98   0.91   0.46   0.43  -0.55
 -1.38   0.62  -0.37   0.57   0.41   0.15  -0.98   0.23  -0.4   -1.265
  0.2   -0.97  -0.15  -0.03  -0.21   0.879  0.07  -0.43  -0.32   0.566
 -0.42  -1.457 -0.76  -0.19   0.846 -0.415 -1.652  0.92  -0.24  -0.544][-0.84   0.93   0.46  -0.61  -0.6    0.1    0.436  0.29  -0.68  -0.38
  0.81   0.31   0.5    0.43   0.35   0.16  -0.27  -0.81  -0.494 -0.35
  0.626 -1.189 -0.77  -0.77  -0.181 -0.19   0.83   0.02  -0.4    0.5
  0.1    0.86   0.99  -0.002  0.45  -0.98   1.593 -1.     0.01  -0.49
  0.545 -0.34   0.923 -1.29  -1.325  0.83  -1.    -1.548  0.64   0.59
  1.112  0.26  -1.274 -0.51   0.42  -0.98   0.91   0.46   1.355 -0.55
 -1.917  0.62  -0.37   0.57   0.41   0.15  -0.98   0.23  -0.4   -1.265
  0.2   -0.97  -1.02  -0.03  -0.21   0.879  0.07  -0.865 -0.32   0.566
 -0.42  -1.457 -0.76  -0.19   0.846 -0.415 -1.652  0.92  -0.24  -0.544][-0.84   0.93   0.46   0.038 -0.44   0.1    0.436  0.29  -0.68  -0.38
  0.802  0.31   0.5    0.43   0.35   0.16   1.162 -0.81   0.48  -0.35
  0.4   -0.2   -0.77  -0.77  -0.181 -0.19   0.83   0.02  -0.4    0.5
  0.1    0.86   0.99  -0.034  0.45  -0.98   1.483 -1.     0.01  -0.49
  0.545 -0.34   0.923 -1.29  -1.325  0.83  -1.    -1.548  0.64   0.59
  1.112  1.06  -0.78  -0.51   0.42  -0.98   0.91   0.46   0.541 -0.55
 -1.917  0.62  -0.81   0.57   0.41   0.15  -0.98   0.23  -0.4   -1.265
  0.908 -0.97  -1.02  -0.03  -0.21   0.879  0.07  -0.43  -0.32   0.59
 -0.42  -1.457 -0.76  -0.19   0.846 -0.415 -0.97   0.92  -1.066 -0.544][-0.84   0.93   0.46  -0.61   0.144  0.1    0.436  0.29  -0.195 -0.38
  0.81   0.31   0.5    0.43   0.35   0.16   1.162 -0.81   0.48  -0.35
  0.107 -0.2   -0.77  -0.77  -0.3   -0.19   0.83   0.02  -0.4    0.5
  0.1    0.86   0.99  -0.002  0.45  -0.98   1.483 -1.     0.01  -0.49
  0.92  -0.34   0.923 -1.29  -1.325  0.83  -1.    -1.548  0.64   0.59
  0.78   1.06  -0.78  -0.51   0.42  -0.98   0.91   0.46   1.355 -0.55
 -1.38   0.62  -0.37   0.57   0.974  0.15  -0.98   0.23  -0.4   -1.265
  0.2   -0.97  -1.02  -0.03  -0.21   0.879  0.07  -0.43  -0.32   0.59
 -0.42  -1.457 -0.76  -0.19   0.507 -0.415 -0.97   0.92  -1.066 -0.544][-0.84   0.93   0.46  -0.61  -0.44   0.1    0.436  0.29  -0.68  -0.38
  0.802  0.31   0.5    0.43   0.35   0.16   1.162 -0.81  -0.494 -0.35
  0.4   -0.2   -0.77  -0.77  -0.181 -0.19   0.83   0.02  -0.4    0.5
 -0.912  0.86   0.99  -0.002  0.45  -0.98   1.483 -1.     0.01  -0.49
  0.545 -0.34   0.923 -1.29  -1.325  0.83  -1.    -1.548  0.64   0.59
  1.112  1.06  -1.274 -0.51   0.42  -0.98   0.91   0.46   0.43  -0.55
 -1.917  0.62  -0.37   0.57   0.41   0.15  -0.98   0.23  -0.4   -1.265
  0.2   -0.97  -0.15   0.023 -0.21   0.879  0.07  -0.43  -0.32   0.566
 -0.42  -1.457 -0.76  -0.569  0.846 -0.415 -0.97   0.92  -0.24  -0.544][-0.84   0.93   0.46  -0.61  -0.6    0.1    0.436  0.29  -0.68  -0.38
  0.81   0.31   0.5    0.43   0.35   0.16  -0.27  -0.81   0.48  -0.35
  0.4   -0.2   -0.77  -0.77  -0.3   -0.19   0.83   0.02  -0.4    0.5
  0.1    0.86   0.99  -0.002  0.45  -0.98   1.483 -1.     0.01  -0.49
  0.92  -0.34   0.923 -1.29  -1.325  0.83  -1.    -1.548  0.64   0.59
  1.112  0.26  -1.274 -0.51   0.502 -0.98   0.91   0.46   0.43  -0.55
 -1.917  0.62  -0.37   0.57   0.41   0.15  -0.98   0.23  -0.4   -1.265
  0.2   -0.97  -1.02  -0.03  -0.21   0.879  0.07  -0.43  -0.32   0.59
 -0.42  -1.457 -0.76  -0.19   0.701 -0.415 -1.652  0.92  -0.24  -0.544][-0.84   0.93   0.46  -0.61  -0.6    0.1    0.436  0.29  -0.68  -0.38
  0.81   0.31   0.5    0.43   0.35  -0.176 -0.27  -0.81   0.48  -0.35
  0.4   -0.2   -0.77  -0.77  -0.181 -0.19   0.83   0.02  -0.4    0.5
  0.1    0.86   0.99  -0.002  0.45  -0.98   0.95  -1.     0.01  -0.49
  0.545 -0.34   0.923 -1.29  -1.325  0.83  -1.18  -1.548  0.64   0.59
  1.112  1.06  -1.274 -0.51   0.42  -0.98   0.91   0.46   0.43  -0.55
 -1.917  0.62  -0.81   0.57   0.41   0.15  -0.98   0.23  -0.4   -1.265
  0.2   -0.97  -0.15  -0.03  -0.21   0.595  0.07  -0.43  -0.32   0.566
 -0.42  -1.457 -0.76  -0.19   0.846 -0.415 -1.652  0.92  -0.24  -0.544][-0.84   0.93   0.46  -0.61  -0.6    0.1    0.436  0.29  -0.68  -0.38
  0.81   0.31   0.5    0.43   0.35   0.16   1.162 -0.81  -0.494 -0.35
  0.4   -0.2   -0.77  -0.77  -0.181 -0.19   0.83   0.02  -0.4    0.5
  0.1    0.86   0.99  -0.002  0.45  -0.98   1.483 -1.     0.01  -0.49
  0.545 -0.34   0.923 -1.29  -1.663  0.83  -1.    -1.548  0.64   0.59
  1.112  1.06  -0.78  -0.51   0.42  -0.98   0.91   0.46   0.43  -0.55
 -1.917  0.62  -0.81   0.57   0.41   0.15  -0.98   0.23  -0.4   -1.265
  0.2   -0.97  -1.02  -0.03  -0.21   0.595  0.07  -0.43  -0.32   0.566
 -0.42  -1.457 -0.76  -0.19   0.846 -0.415 -1.652  0.92  -0.24  -0.544][-0.84   0.93   0.46  -0.61   0.193  0.237  0.436  0.29  -0.68  -0.38
  1.506  0.31   0.5    0.43   0.35  -0.018 -0.27  -0.81   0.48  -0.35
  0.626 -0.2   -0.77  -0.77  -0.181 -0.19   0.83   0.268 -0.4    0.5
  0.1    0.86   0.99  -0.034  0.45  -0.98   0.95  -1.     0.01  -0.49
  0.545 -0.34   0.77  -1.29  -1.325  0.83  -1.    -1.548  0.64   0.59
  1.112  0.26  -1.274 -0.51   0.42  -0.98   0.91   0.46   0.43  -0.55
 -1.917  0.62  -0.37   0.57   0.41   0.15  -0.98   0.23  -0.4   -1.265
  0.2   -0.97  -1.02  -0.03  -0.21   0.879  0.07  -0.43  -0.32   0.59
 -0.42  -1.457 -0.76  -0.19   0.507 -0.415 -1.652  0.92  -0.24  -0.544][-0.84   0.93   0.46  -0.61  -0.6    0.1    0.436  0.29  -0.68  -0.38
  0.802  0.31   0.5    0.43   0.35   0.16   1.998 -0.81  -0.494 -0.35
  0.107 -0.2   -0.77  -0.77  -0.181 -0.19   0.83   0.02  -0.4    0.5
  0.1    0.86   0.99  -0.002  0.45  -0.98   0.95  -1.     0.01  -0.49
  0.545 -0.34   0.923 -1.29  -1.325  0.83  -1.    -1.548  0.64   0.59
  1.112  0.26  -1.274 -0.51   0.42  -0.98   0.91   0.46   0.43  -0.55
 -1.917  0.62  -0.81   0.57   0.41   0.15  -0.98   0.23  -0.4   -1.265
  0.2   -0.97  -1.02  -0.03  -0.21   0.879  0.07  -0.43  -0.32   0.59
 -0.42  -0.89  -0.76  -0.19   0.846 -0.415 -1.652  0.92  -1.066 -0.544][-0.84   0.93   0.46  -0.61  -0.44   0.1    0.436  0.29  -0.68  -0.38
  0.81   0.31   0.5    0.43   0.35  -0.018 -0.27  -0.81   0.48  -0.35
  0.4   -0.2   -0.77  -1.504 -0.181 -0.19   0.83   0.02  -0.4    0.5
 -0.912  0.86   0.99  -0.034  0.45  -0.98   0.95  -1.     0.01  -0.49
  0.545 -0.34   0.923 -1.29  -1.325  0.83  -1.    -1.548  0.64   0.59
  1.112  0.121 -1.274 -0.51   0.42  -0.98   0.91   0.46   0.43  -0.55
 -1.917  0.62  -0.81   0.57   0.41   1.036 -0.98   0.23  -0.4   -1.265
  0.908 -0.97  -0.15  -0.03  -0.21   0.879  0.07  -0.43  -0.32   0.566
 -0.42  -1.457 -1.4   -0.19   0.846 -0.415 -1.652  0.92  -0.24  -0.544][-0.84   0.93   0.46  -0.61   0.193  0.1    0.436  0.29  -0.68  -0.38
  0.81   0.31   0.5    0.43   0.35   0.16  -0.27  -0.81   0.48  -0.35
  0.4   -0.2   -0.77  -0.77  -0.181 -0.19   0.83   0.268 -0.4    0.5
  0.1    0.86   0.99  -0.164  0.45  -0.98   1.483 -1.     0.01  -0.49
  0.92  -0.34   0.77  -1.29  -0.595  0.83  -1.    -1.548  0.64   0.59
  0.78   0.26  -1.274 -0.51   0.42  -0.98   0.91   0.46   0.43  -0.55
 -1.917  0.62  -0.81   0.57   0.41   0.15  -0.98   0.23  -0.4   -1.265
  0.908 -0.97  -0.15  -0.03  -0.21   0.879  0.07  -0.43  -0.32   0.566
 -0.42  -1.457 -0.76  -0.19   0.701 -0.415 -1.652  0.92  -0.24  -0.544][-1.026  0.93   0.46  -0.61  -0.6    0.237  0.436  0.29  -0.614 -0.38
  0.81   0.31   0.5    0.43   0.35   0.16  -0.27  -0.81   0.48  -0.35
  0.4   -0.2   -0.77  -0.77  -0.3   -0.19   0.83   0.268 -0.4    0.5
  0.1    0.028  0.99  -0.034  0.45  -0.98   1.483 -1.     0.01  -0.49
  0.92  -0.34   0.77  -1.29  -1.325  0.83  -1.    -1.548  0.64   0.59
  0.78   0.26  -1.274 -0.51   0.42  -0.98   0.953  0.46   0.43  -0.55
 -1.38   0.62  -0.81   0.57   0.41   0.15  -0.98   0.23  -0.4   -1.265
  0.908 -0.97  -0.15  -0.03  -0.21   0.879  0.07  -0.43  -0.32   0.59
 -0.42  -1.457 -0.76  -0.19   0.701 -0.415 -1.652  0.92  -0.24  -0.544][-1.026  0.93   0.46  -0.61  -0.6    0.1    0.436  0.29  -0.68  -0.38
  0.81   0.31   0.5    0.43   0.35   0.16  -0.27  -0.81   0.48  -0.35
  0.4   -0.2   -0.77  -0.77  -0.3   -0.19   0.83   0.268 -0.4    0.5
  0.1    0.028  0.99  -0.002  0.45  -0.98   1.483 -1.     0.01  -0.49
  0.92  -0.34   0.923 -1.29  -1.325  0.83  -0.011 -1.548  0.64   0.59
  1.112  0.121 -1.274 -0.51   0.42  -0.98   0.91   0.46   0.43  -0.55
 -1.38   0.62  -0.37   0.57   0.41   0.15  -0.98   0.23  -0.4   -1.265
  0.2   -0.97  -1.02  -0.03  -0.21   0.879  0.07  -0.43  -0.32   0.59
 -0.42  -1.457 -0.76  -0.19   0.507 -0.32  -1.652  0.92  -0.24  -0.544][-8.400e-01  9.300e-01  4.600e-01 -6.100e-01  1.440e-01  1.000e-01
  4.360e-01  2.900e-01 -6.800e-01 -3.800e-01  8.020e-01  3.100e-01
  5.000e-01  4.300e-01  3.500e-01  1.600e-01  1.162e+00 -8.100e-01
 -4.940e-01 -3.500e-01  1.070e-01 -2.000e-01 -7.700e-01 -7.700e-01
 -1.810e-01 -1.900e-01  8.300e-01  2.000e-02 -4.000e-01  5.000e-01
  1.000e-01  8.600e-01  9.900e-01 -2.000e-03  4.500e-01 -9.800e-01
  1.483e+00 -1.000e+00  1.000e-02 -4.900e-01  9.200e-01 -3.400e-01
  9.230e-01 -1.290e+00 -2.191e+00  8.300e-01 -1.000e+00 -1.548e+00
  6.400e-01  1.083e+00  1.112e+00  2.600e-01 -1.730e-01 -5.100e-01
  4.200e-01 -9.800e-01  9.100e-01  4.600e-01  4.300e-01 -5.500e-01
 -1.917e+00  6.200e-01 -8.100e-01  5.700e-01  4.100e-01  1.500e-01
 -9.800e-01  2.300e-01 -4.000e-01 -1.265e+00  2.000e-01 -9.700e-01
 -1.020e+00 -3.000e-02 -2.100e-01  8.790e-01  7.000e-02 -4.300e-01
 -3.200e-01  5.900e-01 -4.200e-01 -1.457e+00 -1.021e+00 -1.900e-01
  8.460e-01 -4.150e-01 -1.652e+00  9.200e-01 -2.400e-01 -5.440e-01][-0.84   0.93   0.46  -0.61  -0.6    0.1    0.436  0.29  -0.68  -0.38
  0.81   0.31   0.5    0.43   0.35   0.16  -0.27  -0.81  -0.494 -0.35
  0.4   -0.2   -0.912 -1.504 -0.3   -0.19   0.83   0.02  -0.4    0.5
  0.1    0.86   0.99  -0.002  0.45  -0.98   0.95  -1.     0.01  -0.49
  0.92  -0.34   0.923 -1.29  -1.325  0.83  -1.18  -1.548  0.64   0.59
  1.112  0.26  -0.173 -0.51   0.42  -0.98   0.91   0.46   0.43  -0.55
 -1.38   0.62  -0.37   0.57   0.41   0.15  -0.98   0.23  -0.4   -1.265
  0.2   -0.97  -0.15  -0.03  -0.21   0.879  0.07  -0.43  -0.32   0.59
 -0.42  -1.457 -1.021 -0.19   0.507 -0.32  -1.652  0.92  -0.24  -0.544][-1.771  0.93   0.46   0.038 -0.6    0.1    0.436  0.29  -0.68  -0.38
  0.802  0.31   0.5    0.43   0.35   0.16   0.364 -0.81   0.48  -0.35
  0.4   -0.2   -1.012 -1.504 -0.181 -0.19   0.83   0.02  -0.4    0.5
  0.1    0.86   0.99  -0.034  0.45  -0.98   0.95  -1.     0.01  -0.49
  0.056 -0.34   0.923 -1.29  -1.325  0.83  -1.    -1.548  0.64   0.59
  1.112  1.06  -1.065 -0.51   0.42  -0.98   0.91   0.46   1.355 -0.55
 -1.917  0.62  -0.81   0.57   0.41   0.15  -0.98   0.23  -0.4   -1.265
  0.908 -0.97  -1.02  -0.03  -0.21   0.879  0.07  -0.43  -0.32   0.566
 -0.42  -1.457 -0.76  -0.19   0.846 -0.415 -1.652  0.92  -0.24  -0.544][-0.84   0.93   0.46  -0.61  -0.44   0.237  0.436  0.29  -0.68  -0.38
  0.802  0.31   0.5    0.43   0.35   0.16  -0.27  -0.81   0.48  -0.35
  0.626 -0.2   -0.77  -0.77  -0.3   -0.19   0.83   0.02  -0.4    0.5
  0.1    0.86   0.99  -0.002  0.45  -0.98   0.703 -1.     0.01  -0.49
  0.545 -0.34   0.923 -1.29  -1.325  0.83  -1.    -1.548  0.64   0.59
  1.112  0.26  -0.924 -0.51   0.42  -0.98   0.91   0.46   0.43  -0.55
 -1.917  0.62  -0.81   0.57   0.41   0.15  -0.98  -0.193 -0.4   -1.265
  0.2   -0.97  -0.15  -0.03  -0.21   0.428  0.07  -0.43  -0.32   0.566
 -0.42  -1.457 -0.76  -0.19   0.507 -0.415 -0.97   0.92  -0.24  -0.544][-0.84   0.93   0.46  -0.61  -0.6    0.237  0.436  0.29  -0.614 -0.38
  0.81   0.31   0.5    0.43   0.35   0.16   1.162 -1.244 -0.494 -0.35
  0.4   -0.2   -0.77  -1.504 -0.181 -0.19   0.83   0.02  -0.4    0.5
  0.1    0.86   0.342 -0.002  0.45  -0.98   1.483 -1.     0.01  -0.49
  0.545 -0.34   0.923 -1.29  -1.325  0.83  -1.    -1.548  0.64   0.59
  1.112  0.26  -1.274 -0.51   0.42  -0.98   0.91   0.46   1.355 -0.55
 -1.917  0.301 -0.37   0.57   0.41   0.15  -0.98   0.23  -0.4   -1.265
  0.908 -0.97  -0.15  -0.03  -0.21   0.879  0.07  -0.43  -0.32   0.59
 -0.42  -1.457 -0.76  -0.569  0.846 -0.415 -0.97   0.92  -0.24  -0.544][-0.84   0.93   0.46  -0.61  -0.6    0.615  0.436  0.29  -0.68  -0.38
  0.81   0.31   0.5    0.43   0.35   0.16  -0.27  -0.81  -0.494 -0.35
  0.4   -0.2   -0.77  -1.504 -0.181 -0.19   0.83   0.02  -0.4    0.5
  0.1    0.86   0.342 -0.034  0.45  -0.98   1.593 -1.     0.01  -0.49
  0.056 -0.34   0.923 -1.29  -1.325  0.83  -1.    -1.548  0.64   0.59
  1.112  1.06  -1.274 -0.51   0.42  -0.98   0.91   0.46   0.43  -0.55
 -1.917  0.62  -0.81   0.57   0.41   0.15  -0.98   0.23  -0.4   -1.265
  0.2   -0.97  -0.15  -0.03  -0.21   0.879  0.07  -0.43  -0.32   0.59
 -0.42  -1.457 -0.76  -0.19   0.846 -0.415 -1.652  0.92  -0.24  -0.544][-1.026  0.93   0.46  -0.61  -0.44   0.1    0.436  0.29  -0.68  -0.38
  0.81   0.31   0.5    0.43   0.35   0.16   1.162 -0.81   0.48  -0.35
  0.4   -0.2   -0.77  -1.504 -0.3   -0.19   0.83   0.268 -0.4    0.5
  0.1    0.028  0.99  -0.034  0.45  -0.98   1.483 -1.     0.01  -0.49
  0.545 -0.34   0.923 -1.29  -1.325  0.83  -1.    -1.548  0.64   0.59
  1.112  0.26  -1.274 -0.51   0.42  -0.98   0.91   0.46   0.43  -0.55
 -1.38   0.62  -0.81   0.57   0.41   0.15  -0.98   0.23  -0.4   -1.265
  0.908 -0.97  -1.02  -0.03  -0.21   0.879  0.764 -0.43  -0.32   0.59
 -0.42  -1.457 -0.76  -0.19   0.701 -0.415 -1.652  0.92  -0.24  -0.544][-0.84   0.93   0.46  -0.61   0.193  0.237  0.436  0.29  -0.614 -0.38
  0.802  0.31   0.5    0.43   0.35   0.16   1.162 -0.81   0.48  -0.35
  0.4   -0.2   -0.77  -0.77  -0.979 -0.19   0.83   0.268 -0.4    0.5
  0.1    0.86   0.99  -0.034  0.45  -0.98   1.483 -1.     0.01  -0.49
  0.545 -0.34   0.77  -1.29  -1.325  0.83  -1.    -1.548  0.64   0.59
  1.112  1.06  -1.274 -0.51   0.42  -0.98   0.91   0.46   0.43  -0.55
 -1.38   0.62  -0.81   0.57   0.41   0.15  -0.98   0.23  -0.4   -1.265
  0.908 -0.97  -0.15  -0.03  -0.21   0.879  0.07  -0.43  -0.32   0.566
 -0.42  -1.457 -0.76  -0.19   0.701 -0.415 -1.652  0.92  -0.24  -0.544][-0.84   0.93   0.46  -0.61  -0.6    0.1    0.436  0.29  -0.68  -0.38
  0.81   0.31   0.5    0.43   0.35   0.16   1.162 -0.81   0.48  -0.35
  0.107 -0.2   -1.592 -0.77  -0.181 -0.19   0.83   0.02  -0.4    0.5
  0.1    0.86   0.99  -0.034  0.45  -0.98   1.483 -1.     0.01  -0.49
  0.545 -0.34   0.923 -1.29  -1.325  0.83  -1.    -1.548  0.64   0.59
  1.112  1.06  -0.78  -0.51   0.42  -0.98   0.91   0.46   1.355 -0.55
 -1.38   0.62  -0.37   0.57   0.41   0.15  -0.98   0.23  -0.4   -1.265
  0.2   -0.97  -1.02  -0.03  -0.21   0.879  0.07  -0.43  -0.32   0.566
 -0.42  -0.89  -0.76  -0.19   0.507 -0.415 -1.652  0.92  -1.066 -0.544][-0.84   0.93   0.46  -0.61  -0.6    0.1    0.436  0.29  -0.68  -0.38
  0.802  0.31   0.5    0.43   0.35   0.16   1.162 -0.81   0.48  -0.35
  0.4   -0.2   -0.77  -0.77  -0.3   -0.19   0.83   0.02  -0.4    0.5
  0.1    0.86   0.99  -0.034  0.45  -0.98   1.483 -1.     0.01  -0.49
  0.545 -0.34   0.923 -1.29  -1.325  0.83  -1.    -1.548  0.64   0.59
  1.112  0.121 -0.173 -0.51   0.42  -0.98   0.91   0.46   0.43  -0.867
 -1.917  0.62  -0.37   0.57   0.974  0.15  -0.98   0.23  -0.4   -1.265
  0.908 -0.97  -1.02  -0.03  -0.21   0.879  0.07  -0.43  -0.32   0.566
 -0.42  -1.457 -0.76  -0.19   0.507 -0.32  -0.97   0.92  -0.24  -0.544][-8.400e-01  9.300e-01  4.600e-01 -6.100e-01  1.440e-01  1.000e-01
  4.360e-01  2.900e-01 -6.800e-01 -3.800e-01  8.100e-01  3.100e-01
  5.000e-01  4.300e-01  3.500e-01  1.600e-01 -2.700e-01 -8.100e-01
  4.800e-01 -3.500e-01  6.260e-01 -2.000e-01 -7.700e-01 -7.700e-01
 -1.810e-01 -1.900e-01  8.300e-01  2.000e-02 -4.000e-01  5.000e-01
  1.000e-01  8.600e-01  9.900e-01 -2.000e-03  4.500e-01 -1.355e+00
  1.593e+00 -1.000e+00  1.000e-02 -4.900e-01  5.450e-01 -3.400e-01
  9.230e-01 -1.290e+00 -1.325e+00  8.300e-01 -1.000e+00 -1.548e+00
  6.400e-01  5.900e-01  1.112e+00  2.600e-01 -9.240e-01 -5.100e-01
  4.200e-01 -9.800e-01  9.100e-01  5.490e-01  4.300e-01 -5.500e-01
 -1.917e+00  6.200e-01 -3.700e-01  5.700e-01  4.100e-01  1.500e-01
 -9.800e-01  2.300e-01 -4.000e-01 -1.265e+00  2.000e-01 -9.700e-01
 -1.020e+00 -3.000e-02 -2.100e-01  8.790e-01  7.000e-02 -8.650e-01
 -3.200e-01  5.660e-01 -4.200e-01 -1.457e+00 -7.600e-01 -1.900e-01
  8.460e-01 -9.310e-01 -2.082e+00  9.200e-01 -2.400e-01 -5.440e-01][-0.84   0.93   0.46  -0.61   0.144  0.1    0.436  0.29  -0.68  -0.38
  0.64   0.31   0.5    0.43   0.35   0.16  -0.27  -0.81  -0.494 -0.808
  0.4   -0.2   -0.77  -0.77  -0.181 -0.19   0.83   0.02  -0.4    0.5
 -0.912  0.86   0.99  -0.164  0.45  -1.355  1.483 -1.     0.01  -0.49
  0.92  -0.34   0.923 -1.29  -1.325  0.83  -1.    -1.548  0.64   0.59
  1.112  0.26  -1.274 -0.51   0.42  -0.98   0.91   0.46   0.43  -0.55
 -1.38   0.62  -0.37   0.57   0.41   0.15  -0.98   0.23  -0.4   -1.265
  0.908 -0.97  -1.02  -0.03  -0.21   0.879  0.07  -0.43  -0.32   0.566
 -0.42  -1.457 -0.76  -0.569  0.846 -0.415 -2.082  0.92  -0.24  -0.544][-8.400e-01  9.300e-01  4.600e-01 -6.100e-01  1.440e-01  1.000e-01
  4.360e-01  2.900e-01 -6.800e-01 -3.800e-01  8.020e-01  3.100e-01
  5.000e-01  4.300e-01  3.500e-01  1.600e-01 -2.700e-01 -8.100e-01
 -4.940e-01 -3.500e-01  4.000e-01 -2.000e-01 -7.700e-01 -7.700e-01
 -1.810e-01 -1.900e-01  8.300e-01  2.680e-01 -4.000e-01  5.000e-01
  1.000e-01  2.800e-02  9.900e-01 -2.000e-03  4.500e-01 -9.800e-01
  1.483e+00 -1.000e+00  1.000e-02 -4.900e-01  5.450e-01 -3.400e-01
  9.230e-01 -1.290e+00 -1.325e+00  8.300e-01 -1.381e+00 -1.548e+00
  6.400e-01  5.900e-01  1.112e+00  2.600e-01 -1.274e+00 -5.100e-01
  4.200e-01 -9.800e-01  9.100e-01  4.600e-01  4.300e-01 -5.500e-01
 -1.380e+00  6.200e-01 -3.700e-01  5.700e-01  4.100e-01  1.500e-01
 -9.800e-01  2.300e-01 -4.000e-01 -1.265e+00  2.000e-01 -9.700e-01
 -1.500e-01 -3.000e-02 -2.100e-01  8.790e-01  7.000e-02 -4.300e-01
 -3.200e-01  5.900e-01 -4.200e-01 -1.457e+00 -7.600e-01 -1.900e-01
  8.460e-01 -4.150e-01 -2.082e+00  9.200e-01 -2.400e-01 -5.440e-01][-8.400e-01  9.300e-01  4.600e-01 -6.100e-01 -4.400e-01  1.000e-01
  4.360e-01  2.900e-01 -6.800e-01 -3.800e-01  8.020e-01  3.100e-01
  5.000e-01  4.300e-01  3.500e-01  1.600e-01  1.162e+00 -8.100e-01
  4.800e-01 -3.500e-01  4.000e-01  2.480e-01 -7.700e-01 -7.700e-01
 -1.810e-01 -1.900e-01  8.300e-01  2.000e-02 -4.000e-01  5.000e-01
  1.000e-01  8.600e-01  9.900e-01 -2.000e-03  4.500e-01 -9.800e-01
  1.593e+00 -1.000e+00  1.000e-02 -4.900e-01  9.200e-01 -3.400e-01
  9.230e-01 -1.290e+00 -1.325e+00  8.300e-01 -1.000e+00 -1.548e+00
  6.400e-01  3.480e-01  1.112e+00  1.060e+00 -1.274e+00 -5.100e-01
  4.200e-01 -9.800e-01  9.100e-01  4.600e-01  4.300e-01 -5.500e-01
 -1.917e+00  6.200e-01 -3.700e-01  5.700e-01  4.100e-01  1.500e-01
 -9.800e-01  2.300e-01 -4.000e-01 -1.265e+00  2.000e-01 -9.700e-01
 -1.500e-01 -3.000e-02 -2.100e-01  8.790e-01  7.000e-02 -8.650e-01
 -3.200e-01  5.660e-01 -4.200e-01 -1.457e+00 -7.600e-01 -1.900e-01
  8.460e-01 -4.150e-01 -2.082e+00  9.200e-01 -1.066e+00 -5.440e-01][-1.771  0.93   0.46  -0.61   0.144  0.1    0.436  0.29  -0.68  -0.38
  0.802  0.31   0.5    0.43   0.35   0.16  -0.27  -0.81   0.48  -0.35
  0.4   -0.2   -0.77  -0.77  -0.181 -0.19   0.83   0.02  -0.4    0.5
 -0.912  0.86   0.99  -0.034  0.496 -1.355  1.593 -1.     0.01  -0.49
  0.92  -0.34   0.923 -1.29  -1.325  0.83  -1.    -1.548  0.64   0.59
  1.112  1.06  -0.924 -0.51   0.42  -0.98   0.91   0.46   0.43  -0.55
 -1.917  0.62  -0.81   0.57   0.41   0.15  -0.98   0.23  -0.4   -1.265
  0.2   -0.97  -1.02  -0.03  -0.21   0.879  0.07  -0.43  -0.32   0.566
 -0.42  -1.457 -0.76  -0.19   0.846 -0.415 -2.082  0.92  -0.24  -0.544][-1.026  0.93   0.46  -0.61  -0.6    0.1    0.436  0.29  -0.68  -0.38
  0.81   0.31   0.5    0.43   0.35   0.16  -0.27  -0.81  -0.494 -0.35
  0.4   -0.2   -0.77  -0.77  -0.181 -0.19   0.83   0.02  -0.4    0.5
  0.1    0.86   0.99  -0.002  0.45  -0.98   1.593 -1.     0.01  -0.49
  0.92  -0.34   0.923 -1.29  -1.325  0.83  -1.418 -1.548  0.64   0.59
  1.112  0.26  -1.274 -0.51   0.42  -0.98   0.91   0.46   0.43  -0.55
 -1.38   0.62  -0.37   0.57   0.41   0.15  -0.98   0.23  -0.4   -1.265
  0.2   -0.97  -0.15  -0.03  -0.21   0.879  0.07  -0.43  -0.32   0.59
 -0.42  -1.457 -0.76  -0.19   0.701 -0.415 -1.652  0.92  -0.24  -0.544][-0.84   0.93   0.46  -0.61  -0.6    0.1    0.436  0.29  -0.68  -0.38
  0.81   0.31   0.5    0.43   0.35  -0.018 -0.27  -0.81  -0.494 -0.35
  0.626 -0.2   -0.77  -0.77  -0.181 -0.19   0.83   0.281 -0.4    0.5
  0.1    0.86   0.99  -0.034  0.45  -0.98   0.95  -1.     0.01  -0.49
  0.545 -0.34   0.923 -1.29  -1.325  0.83  -1.    -1.548  0.64   0.59
  1.112  0.26  -1.274 -0.51   0.42  -0.98   0.91   0.46   0.43  -0.55
 -1.917  0.489 -0.37   0.57   0.41   0.15  -0.98   0.23  -0.4   -1.265
  0.2   -0.97  -0.15  -0.03  -0.21   0.879  0.07  -0.43  -0.32   0.59
 -0.42  -1.457 -1.021 -0.19   0.507 -0.415 -1.652  0.92  -0.24  -0.544][-1.771  0.93   0.46  -0.61  -0.6    0.1    0.436 -0.275 -0.68  -0.38
  0.81   0.31   0.5    0.43   1.234  0.16   1.162 -0.81   0.48  -0.35
  0.4   -0.2   -0.77  -1.504 -0.181 -0.19   0.83   0.02  -0.4    0.5
  0.1    0.86   0.99  -0.002  0.45  -0.98   1.483 -1.     0.01  -0.49
  0.92  -0.34   0.923 -1.29  -1.325  0.83  -1.    -1.548  0.64   0.59
  1.112  1.06  -0.173 -0.51   0.42  -0.98   0.91   0.46   0.43  -0.55
 -1.917  0.62  -0.37   0.57   0.41   0.15  -0.98   0.23  -0.4   -1.265
  0.2   -0.97  -1.02  -0.03  -0.21   0.879  0.07  -0.43  -0.32   0.566
 -0.42  -1.457 -0.76  -0.19   0.846 -0.415 -1.652  0.92  -0.24  -0.544][-8.400e-01  9.300e-01  4.600e-01 -6.100e-01  1.440e-01  1.000e-01
  4.360e-01  2.900e-01 -6.800e-01 -3.800e-01  8.020e-01  3.100e-01
  5.000e-01  4.300e-01  3.500e-01  1.600e-01  1.162e+00 -8.100e-01
 -4.940e-01 -3.500e-01  4.000e-01 -2.000e-01 -7.700e-01 -7.700e-01
 -1.810e-01 -1.900e-01  8.300e-01  2.000e-02 -4.000e-01  5.000e-01
 -9.120e-01  8.600e-01  9.900e-01 -2.000e-03  4.500e-01 -9.800e-01
  1.483e+00 -1.000e+00  1.000e-02 -4.900e-01  5.450e-01 -3.400e-01
  9.230e-01 -1.290e+00 -1.325e+00  8.300e-01 -1.000e+00 -1.548e+00
  6.400e-01  6.350e-01  1.112e+00  1.060e+00 -9.240e-01 -5.100e-01
  4.200e-01 -9.800e-01  9.100e-01  4.600e-01  1.355e+00 -5.500e-01
 -1.380e+00  6.200e-01 -3.700e-01  5.700e-01  4.100e-01  1.500e-01
 -9.800e-01  2.300e-01 -4.000e-01 -1.265e+00  2.000e-01 -9.700e-01
 -1.020e+00 -3.000e-02 -2.100e-01  8.790e-01  7.000e-02 -4.300e-01
 -3.200e-01  5.660e-01 -4.200e-01 -1.457e+00 -7.600e-01 -5.690e-01
  8.460e-01 -4.150e-01 -2.082e+00  9.200e-01 -2.400e-01 -5.440e-01][-1.771  0.93   0.46  -0.61   0.529  0.1    0.436  0.29  -0.68  -0.38
  0.802  0.31   0.5    0.43   0.35   0.16   1.162 -0.81  -0.494 -0.35
  0.4   -0.2   -0.77  -1.504 -0.181 -0.19   0.83   0.02  -0.4    0.5
  0.1    0.86   0.99  -0.034  0.45  -0.98   1.483 -1.     0.01  -0.49
  0.545 -0.34   1.817 -1.29  -1.325  0.83  -1.    -1.548  0.64   0.59
  1.112  1.06  -1.274 -0.51   0.42  -0.98   0.91   0.46   0.43  -0.55
 -1.917  0.62  -0.81   0.57   0.41   0.15  -0.98   0.23  -0.4   -1.265
  0.908 -0.97  -1.02  -0.03  -0.21   0.879  0.07  -0.43  -0.32   0.566
 -0.42  -1.457 -0.76  -0.19   0.846 -0.415 -0.97   0.92  -0.24  -0.544][-0.84   0.93   0.46  -0.61  -0.44   0.1    0.436  0.29  -0.68  -0.38
  0.802  0.31   0.5    0.43   0.35   0.16   1.162 -0.81  -0.494 -0.35
  0.4   -0.2   -0.77  -0.77  -0.181 -0.19   0.83   0.02  -0.4    0.5
  0.1    0.86   0.99  -0.034  0.45  -0.98   0.95  -1.     0.01  -0.49
  0.056 -0.34   1.817 -1.29  -1.325  0.83  -0.054 -1.548  0.64   0.59
  1.112  1.06  -1.274 -0.51   0.42  -0.98   0.91   0.46   0.43  -0.55
 -1.917  0.62  -0.37   0.57   0.41   0.15  -1.283  0.23  -0.4   -1.265
  0.2   -0.97  -1.02  -0.03  -0.21   0.879  0.07  -0.43  -0.32   0.566
 -0.42  -1.457 -0.76  -0.19   0.846 -0.415 -0.97   0.92  -0.24  -0.544][-0.84   0.93   0.46  -0.61   0.144  0.1    0.436  0.29  -0.68  -0.38
  0.802  0.31   0.5    0.43   0.35  -0.018 -0.27  -0.81   0.48  -0.35
  0.626 -0.2   -0.77  -0.77  -0.181 -0.19   0.83   0.281 -0.4    0.5
  0.1    0.86   0.99  -0.002  0.45  -0.98   0.95  -1.     0.01  -0.49
  0.545 -0.34   0.923 -1.29  -1.325  0.83  -1.    -1.548  0.64   0.59
  1.112  0.26  -1.274 -0.51   0.42  -0.98   0.91   1.208  0.43  -0.55
 -1.917  0.62  -0.37   0.57   0.41   0.15  -0.98   0.23  -0.4   -1.265
  0.2   -0.97  -1.02  -0.03  -0.21   0.879  0.07  -0.43  -0.32   0.59
 -0.42  -1.457 -1.021 -0.19   0.507 -0.415 -0.97   0.92  -1.066 -0.544][-0.84   0.93   0.46  -0.61  -0.6    0.1    0.436  0.29  -0.68  -0.38
  0.81   0.31   0.5    0.43   0.35   0.16   1.162 -0.81  -0.494 -0.35
  0.4   -0.2   -0.77  -0.77  -0.181 -0.19   0.83   0.02  -0.4    0.5
  0.1    0.86   0.99  -0.002  0.45  -0.98   1.483 -1.     0.01  -0.49
  0.92  -0.34   0.923 -1.29  -1.325  0.83  -1.    -1.548  0.64   0.59
  1.112  0.26  -0.173 -0.975  0.42  -0.98   0.91   0.46   0.43  -0.55
 -1.917  0.62  -0.81   0.57   0.41   0.15  -0.98   0.23  -0.4   -1.265
  0.2   -0.97  -1.02  -0.03  -0.21   0.879  0.07  -0.43  -0.32   0.59
 -0.42  -1.457 -1.021 -0.19   0.507 -0.415 -1.652  0.92  -0.24  -0.544][-0.84   0.93   0.46  -0.61   0.144  0.1    0.436  0.29  -0.68  -0.38
  0.802  0.31   0.5    0.43   0.35   0.16  -0.27  -0.81  -0.494 -0.35
  0.626 -0.2   -0.77  -0.77  -0.181 -0.19   0.83   0.02  -0.4    0.5
 -0.912  0.86   0.99  -0.034  0.45  -1.355  1.593 -1.     0.01  -0.49
  0.545 -0.34   0.923 -1.29  -1.325  0.83  -1.    -1.548  0.64   0.59
  1.112  1.06  -1.274 -0.51   0.42  -0.98   0.91   0.46   0.43  -0.55
 -1.38   0.62  -0.37   0.57   0.41   0.15  -0.98   0.23  -0.4   -1.265
  0.2   -0.97  -1.02  -0.03  -0.21   0.879  0.07  -0.43  -0.32   0.566
 -0.42  -1.966 -1.021 -0.569  0.846 -0.415 -2.082  0.92  -0.24  -0.544][-1.771  0.93   0.46  -0.61  -0.6    0.1    0.436  0.29  -0.68  -0.38
  0.81   0.31   0.5    0.43   0.35   0.16  -0.27  -0.81   0.48  -0.35
  0.4    0.248 -0.77  -0.77  -0.181 -0.19   0.83   0.02  -0.4    0.5
  0.1    0.86   0.99  -0.034  0.45  -0.98   0.95  -1.     0.01  -0.49
  0.92  -0.34   0.923 -1.29  -1.325  0.83  -1.    -1.548  0.64   0.59
  1.112  1.06  -1.274 -0.51   0.42  -0.98   0.91  -0.482  0.43  -0.55
 -1.917  0.62  -0.81   0.57   0.41   0.15  -0.98   0.23  -0.4   -1.265
  0.2   -0.97  -1.02  -0.03  -0.21   0.879  0.07  -0.43  -0.32   0.566
 -0.42  -1.457 -0.76  -0.19   0.507 -0.415 -1.652  0.92  -0.24  -0.544][-0.84   0.93   0.46  -0.61  -0.6    0.1    0.436  0.29  -0.68  -0.38
  0.81   0.31   0.5    0.43   0.35  -0.018 -0.27  -0.81   0.48  -0.35
  0.626 -0.2   -0.77  -0.77  -0.181 -0.19   0.83   0.281 -0.4    0.5
  0.1    0.86   0.99  -0.034  0.45  -0.98   0.95  -1.     0.01  -0.49
  0.545 -0.34   0.77  -1.29  -1.325  0.83  -1.    -1.548  0.64   0.59
  1.112  0.26  -1.274 -0.51   0.42  -0.058  0.91   0.46   0.43  -0.55
 -1.917  0.62  -0.81   0.57   0.41   0.15  -0.98   0.23  -0.4   -1.265
  0.908 -0.97  -1.02  -0.03  -0.21   0.879  0.07  -0.43  -0.32   0.566
 -0.42  -1.457 -0.76  -0.19   0.507 -0.415 -1.652  0.92  -0.24  -0.544][-0.84   0.93   0.46  -0.61  -0.6    0.1    0.436  0.29  -0.68  -0.38
  0.81   0.31   0.5    0.43   0.35   0.16   1.162 -0.81  -0.494 -0.35
  0.4   -0.2   -0.77  -1.504 -0.181 -0.19   0.83   0.02  -0.4    0.5
  0.1    0.86   0.342 -0.002  0.45  -0.98   1.593 -1.     0.01  -0.49
  0.92  -0.34   0.923 -1.29  -1.325  0.83  -1.    -1.548  1.363  0.59
  0.78   0.26  -1.274 -0.51   0.42  -0.98   0.91   0.46   0.43  -0.55
 -1.917  0.301 -0.37   0.57   0.41   0.15  -0.98   0.23  -0.4   -1.265
  0.2   -0.97  -1.02  -0.03  -0.21   0.879  0.07  -0.43  -0.32   0.59
 -0.42  -1.457 -1.021 -0.19   0.846 -0.415 -1.652  0.92  -0.24  -0.544][-2.316  0.93   0.46   0.038 -0.44   0.1    0.436  0.29  -0.68  -0.38
  0.81   0.31   0.5    0.43   0.35   0.16   0.364 -0.81   0.48  -0.35
  0.4   -0.2   -0.77  -1.504 -0.181 -0.19   0.83   0.02  -0.4    0.5
 -0.912  0.86   0.99  -0.034  0.45  -0.98   1.483 -1.     0.01  -0.49
  0.545 -0.34   0.923 -1.29  -1.325  0.83  -1.    -1.548  0.64   0.59
  1.112  1.06  -1.065 -0.51   0.42  -0.98   0.91   0.46   0.43  -0.55
 -1.917  0.62  -0.81   0.57   0.41   0.15  -1.283  0.23  -0.4   -1.265
  0.908 -0.97  -1.02  -0.03  -0.21   0.879  0.07  -0.43  -0.32   0.566
 -0.42  -1.457 -0.76  -0.19   0.846 -0.415 -1.652  0.92  -0.24  -0.544][-0.84   0.93   0.46  -0.61  -0.6   -0.782  0.436  0.29  -0.68  -0.38
  0.81   0.31   0.5    0.43   0.35   0.16   0.364 -0.81   0.48  -0.35
  0.4   -0.2   -0.77  -0.77  -0.3   -0.19   0.83   0.02  -0.4    0.5
  0.1    0.86   0.99  -0.002  0.45  -0.98   1.483 -1.     0.01  -0.49
  0.056 -0.34   0.923 -1.29  -1.325  0.83  -1.    -1.548  0.64   0.59
  1.112  1.06  -1.274 -0.51   0.42  -0.98   0.91   0.46   0.43  -0.55
 -1.917  0.62  -0.81   0.57   0.41   0.15  -0.98   0.23  -0.4   -1.265
  0.2   -0.97  -1.02  -0.03  -0.21   0.879  0.07  -0.43  -0.32   0.566
 -0.42  -1.457 -0.76  -0.19   0.701 -0.415 -1.652  0.92  -0.24  -0.544][-0.84   0.93   0.46  -0.61   0.144  0.1    0.436  0.29  -0.68  -0.38
  0.81   0.31   0.5    0.43   0.35  -0.018 -0.27  -0.81   0.48  -0.35
  0.626 -0.2   -0.77  -0.77  -0.181 -0.19   0.83   0.02  -0.4    0.5
  0.1    0.86   0.99  -0.034  0.45  -0.98   1.483 -1.     0.01  -0.49
  0.545 -0.34   0.923 -1.29  -1.325  0.83  -1.    -1.548  0.64   0.59
  1.112  1.06  -1.274 -0.51   0.42  -0.98   0.91   0.46   1.355 -0.55
 -1.38   0.62  -0.81   0.57   0.41   0.15  -0.98   0.23  -0.4   -1.265
  0.2   -0.97  -1.02  -0.03  -0.21   0.879  0.07  -0.43  -0.32   0.59
 -0.42  -0.89  -0.76  -0.19   0.507 -0.415 -0.97   0.141 -0.24  -0.544][-1.771  0.93   0.46  -0.61  -0.6    0.1    0.436 -0.696 -0.68  -0.38
  0.802  0.31   0.5    0.43   0.35   0.16  -0.27  -0.81   0.48  -0.35
  0.4   -0.2   -0.77  -1.504 -0.181 -0.19   0.83   0.02  -0.4    0.5
 -0.912  0.86   0.99  -0.034  0.45  -0.98   0.95  -1.     0.01  -0.49
  0.92  -0.34   0.923 -1.29  -1.325  0.83  -1.    -1.548  0.64   0.59
  1.112  0.26  -1.274 -0.51   0.42  -0.98   0.91   0.46   0.43  -0.55
 -1.917  0.62  -0.37   0.57   0.41   0.15  -0.98   0.23  -0.4   -1.265
  0.908 -0.97  -0.15  -0.03  -0.21   0.879  0.07  -0.43  -0.32   0.566
 -0.42  -1.457 -0.76  -0.19   0.507 -0.415 -0.97   0.92  -0.24  -0.544]