[-0.84   0.93   0.46  -0.61  -0.44  -0.863  0.436  0.29  -0.68  -0.38
  0.64   0.96   0.5    0.43   0.35   0.16   0.664 -0.81   0.48  -0.35
  0.4   -0.2   -0.77  -0.77  -0.88  -0.19   0.83   0.02  -0.4    0.5
  0.1    0.86   0.99   0.41   0.45  -0.98   0.95  -1.     0.01  -0.49
  0.92  -0.34   0.77   0.85  -0.86   0.83  -1.    -0.85   0.64   0.59
  0.78   0.26  -0.78  -0.51   0.42   0.2    0.91   0.46   0.43  -0.55
 -0.76   0.62  -0.493  0.57   0.41   0.71  -0.98   0.23  -0.4   -0.48
  0.2   -0.97  -0.15  -0.03  -0.21   0.31   0.07  -0.43  -0.32   0.59
 -0.42  -0.89   0.12  -0.19   0.258 -0.32  -0.97   0.92  -0.71  -0.544][-0.84   0.981  1.065 -0.61  -0.44  -0.5   -0.29   0.29  -0.68  -0.38
  0.64   0.96   0.5    0.43   0.35   0.16   0.62  -0.81   0.48  -0.35
  0.4   -0.2   -0.77   0.8   -0.3   -0.19   0.83   0.02  -0.4    0.5
 -0.52   0.86   0.99   1.083  0.45  -0.98  -0.27  -1.     0.01  -0.05
  0.92  -0.34  -0.15  -0.54  -0.86   0.83  -1.    -0.85   0.256  0.23
  0.14   0.26  -0.78  -0.51   0.42  -0.98   0.91   0.46   0.43  -0.55
 -0.67   0.62  -0.81   0.57   0.41   0.71  -0.58   0.23  -0.4   -0.48
  0.2   -0.97  -0.15  -0.03  -0.21   0.31   0.07  -0.43  -0.32   0.59
 -0.42  -0.89   0.12  -0.19   0.08  -0.22  -0.97   0.92  -0.24  -0.17 ][-0.84   0.93   0.46  -0.61  -0.44   0.1   -0.29   0.29  -0.68  -0.38
  0.64   0.96   0.5   -0.74   0.35   0.16  -0.27  -0.81   0.48  -0.35
  0.4   -0.2   -0.77   0.8   -0.88  -0.19   0.83   0.02  -0.4    0.5
  0.1    0.86   0.99   0.41   0.45  -0.98  -0.27  -1.     0.01  -0.49
  0.92  -0.34  -0.15  -0.54  -0.86   0.83  -1.    -0.85   0.256  0.59
  0.78   0.26  -0.78  -0.51   0.42  -0.98   1.789  0.46   0.43  -0.55
 -0.76   0.62  -0.81   0.57   0.41   0.15  -0.98   0.23  -0.4   -0.48
  0.908 -0.97  -0.15  -0.03  -0.21   0.31   0.07  -0.43  -0.32   0.59
 -0.42  -0.89   0.12  -0.19   0.08  -0.22  -0.97   0.92  -0.24  -0.17 ][-0.84   0.93   0.46  -0.484 -0.44   1.061  0.436  0.29  -0.68  -0.38
  0.64   0.96  -0.89   0.43   0.008  0.98   0.62  -0.81   0.48  -0.35
  0.4    0.667 -0.77   0.8   -0.3   -0.19   0.6    0.02  -0.4    0.5
 -0.52   0.86   0.99   0.41  -0.57  -0.98   0.95  -1.     0.01  -0.393
  0.92  -0.34   0.77   0.85  -0.86   0.83  -1.009 -0.028  0.64   0.59
  0.14  -0.16  -0.78  -0.51   0.42  -0.98   0.91   0.46   0.43  -0.55
 -0.67   0.62  -0.37   0.57   0.41   0.71  -0.58   0.23  -0.4   -0.48
  0.39  -0.97  -0.15  -0.03   0.12   0.31   0.07  -0.43  -0.32   0.59
 -0.42  -0.89   0.12  -0.19   0.08  -0.22  -0.97  -0.18  -0.71  -0.17 ][-0.84   0.93   1.065 -0.61  -0.6   -0.5    0.436  0.29  -0.68  -0.38
  0.64   0.96   0.5    0.43   0.35   0.16   0.62  -0.81   0.48  -0.35
  0.4    0.667 -0.08   0.8   -0.3   -0.19   0.6    0.02  -0.4    0.5
 -0.52   0.86   0.99   0.41   0.45  -0.98   0.95  -1.     0.01  -0.848
  0.92  -0.34   0.77   0.85  -0.86   0.83  -1.    -0.85   0.64   0.59
  0.14   0.26  -0.78  -0.51   0.42  -0.98   0.91   0.46  -0.061 -0.45
 -0.67   0.62  -0.37   0.57   0.41   0.71  -0.58   0.23  -0.4   -0.48
  0.2   -0.97  -0.15  -0.18   0.12   0.31   0.07  -0.43  -0.146  0.59
 -0.42  -0.89   0.12  -0.19   0.08  -0.22  -0.97   0.92  -0.71  -0.17 ][-0.84   0.93   0.46  -0.61  -0.44   0.1   -0.29   0.29  -0.68  -0.38
  0.81   0.96   0.5    0.43   0.35   0.16  -0.27  -0.81   0.48  -0.35
  0.4   -0.353 -0.77   0.8   -0.88  -0.19   0.83   0.02  -0.4    0.5
  0.1    0.86   0.99  -0.002  0.45  -0.98   0.95  -1.     0.01  -0.49
  0.92  -0.34   0.495 -0.54  -0.86   0.83  -1.    -0.85   0.256  0.59
  0.78   0.26  -0.78  -0.51   0.42   0.2    0.91   0.46   0.43  -0.55
 -0.76   0.62  -0.37   0.57   0.41   0.15  -0.98   0.23  -0.4   -0.48
  0.908 -0.97  -0.15  -0.03  -0.21   0.31   0.07  -0.43  -0.32   0.59
 -0.42  -0.89   0.12  -0.19   0.258 -0.32  -0.318  0.92  -0.71  -0.544][ 0.94   0.93   0.46  -0.61  -0.44   1.061  0.436  0.29  -0.68  -0.38
  0.81   0.96   0.5   -0.74   0.35   0.16   0.62  -0.81   0.48  -0.35
  0.4   -0.2   -0.77   0.8   -0.3   -0.19   0.83   0.02  -0.4    0.5
 -0.52   0.86   0.99   0.41   0.45  -0.98   0.95  -1.     0.01  -0.848
  0.92  -0.34   0.77   0.85  -0.86   0.83  -1.    -0.85   0.64   0.59
  0.14   0.26  -0.78  -0.51   0.42  -0.98   0.91   0.46   0.43  -0.45
 -1.145  0.62  -0.37   0.57   0.41   0.71  -0.58   0.23  -0.4   -0.48
  0.2   -0.97  -0.15  -0.03   0.12   0.31   0.07   0.08  -0.32   0.59
 -0.42  -0.89   0.12  -0.19   0.08  -0.22  -0.97  -0.18  -0.71  -0.17 ][ 0.94   0.93   0.46  -0.61  -0.6    0.1   -0.29   0.29  -0.41  -0.38
  0.64   0.667  0.5   -0.74   0.35   0.16   0.62  -0.81   0.48  -0.35
  0.4   -0.2   -0.77   0.927 -0.88  -0.19   0.83   0.02  -0.4    0.5
 -0.52   0.86   0.99   0.41   0.45  -0.98   0.95  -1.     0.01  -0.49
  0.92  -0.34   0.77   0.85  -0.86   0.51  -1.    -0.85   0.64   0.59
  0.78   0.26  -0.78  -0.51   0.42   0.2    0.91   0.46   0.43  -0.55
 -0.76   0.62  -0.37   0.57   0.41   0.71  -0.58   0.23  -0.4   -0.48
  0.2   -0.97  -0.15  -0.03  -0.21   0.31   0.07  -0.43  -0.32   0.169
 -0.42  -0.89   0.12  -0.19   0.24  -0.22  -0.97   0.92  -0.71  -0.17 ][-0.84   0.93   0.595 -0.61  -0.44   0.1   -0.29   0.29  -0.68  -0.38
  0.64   0.96   0.5   -0.74   0.35   0.16   0.62  -0.81   0.48  -0.35
  0.4    0.667 -0.08   0.8   -0.3   -0.19   0.83   0.02  -0.4    0.5
  0.1    0.645  0.99   0.41   0.45  -0.98   1.534 -1.     0.01  -0.49
  0.92  -0.34   0.77   0.85  -0.86   0.83  -1.    -0.85   0.64   0.59
  0.78   0.26  -0.78  -0.51   0.42   0.2    0.91   0.46   0.43  -0.45
 -0.76   1.538 -0.37  -0.23   0.41   0.71  -0.58   0.23  -0.4   -0.48
  0.39  -0.97  -0.15  -0.03  -0.21   0.31   0.07  -0.43  -0.32   0.59
  0.76  -0.89   0.12  -0.19   0.258 -0.22  -0.97   0.92  -0.24  -0.17 ][-0.84   0.93   0.46  -0.61  -0.6    1.061 -0.29   0.29  -0.771 -0.38
  0.64   0.31  -0.89  -0.74   0.35   0.16   0.62  -0.81   1.259 -0.35
  0.4    0.667 -0.77   0.8   -0.3   -0.19   0.83   0.02  -0.4    0.5
 -0.52   0.86   0.99   0.41   0.45  -0.98   0.95  -1.     0.01  -0.848
  0.92  -0.34   0.77   0.85  -0.86   0.83  -1.    -0.85   0.64   0.59
  0.14   0.26  -0.78  -0.51   0.42  -0.98   0.91   0.46   0.43  -0.982
 -0.67   0.62  -0.37   0.57   0.41   0.71  -0.58   0.23  -0.4   -0.48
  0.2   -0.97  -0.15  -0.03  -0.21   0.31   0.07   0.08  -0.32  -0.387
 -0.42  -0.89   0.12  -0.19   0.08  -0.22  -0.97   0.92  -0.71  -0.17 ][-0.84   0.93   0.595 -0.61  -0.6    1.061 -0.29   0.29  -0.68  -0.38
  0.389  0.31  -0.89   0.43   0.35   0.16   0.62  -0.81   0.48  -0.35
  0.4    0.667 -0.08   0.8   -0.3   -0.19   0.83   0.02  -0.4    0.5
 -0.52   0.86   0.99   0.41   0.45  -0.98   0.95  -1.     0.01  -0.848
  0.92  -0.34   0.77   0.85  -0.86   0.83  -1.    -0.85   0.64   0.59
  0.14   0.26  -0.78  -0.51   0.42  -0.98   0.91   0.46   0.43  -0.982
 -0.76   0.62  -0.37  -0.23   0.41   0.71  -0.58   0.23  -0.4   -0.48
  0.2   -0.97  -0.15  -0.03  -0.21   0.31   0.07  -0.43  -0.32  -0.387
 -0.42  -0.89   0.12  -0.19   0.08  -0.22  -0.97   0.92  -0.71  -0.17 ][-0.84   0.93   0.26  -0.61  -0.6    1.061 -0.29   0.29  -0.68  -0.38
  0.64   0.31  -0.89  -0.74   0.35   0.16   0.62  -0.81   1.259 -0.35
  0.4    0.667 -0.77   0.8   -0.3   -0.19   0.83   0.02  -0.4    0.5
 -0.52   0.86   0.99   0.41   0.45  -0.98   0.95  -1.     0.01  -0.848
  0.92  -0.34   0.77   0.85  -0.86   0.83  -1.    -0.85   0.64   0.59
  0.14   0.26  -0.78  -0.51   0.42  -0.98   0.91   0.46   0.43  -0.982
 -0.67   0.62  -0.37   0.57   0.41   0.71  -0.58   0.23  -0.4   -0.48
  0.2   -0.97  -0.15  -0.03  -0.21   0.31   0.07   0.08  -0.32  -0.387
 -0.42  -0.89   0.12  -0.19   0.08  -0.22  -0.97   0.92  -0.71  -0.17 ][-0.84   0.93   1.065 -0.61  -0.6   -0.5   -0.29   0.29  -0.68  -0.38
  0.81   0.96   0.5    0.43   0.35   0.16   0.62  -0.81   0.48  -0.35
 -0.198 -0.2   -0.08   0.8   -0.3   -0.19   0.6    0.02  -0.4    0.5
 -0.52   0.86   0.99   0.41   0.45  -0.98   0.95  -1.     0.01  -0.848
  0.92  -0.34   0.77   0.85  -0.86   0.83  -1.    -0.85   0.64   0.59
  0.81   0.26  -0.78  -0.06   0.42  -0.98   0.91   0.46   0.43  -0.45
 -0.67   0.62  -0.37   0.57   0.41   0.71  -0.58   0.23  -0.4   -0.48
  0.2   -0.97  -0.15  -0.03  -0.21   0.31   0.07   0.08  -0.32   0.59
  0.76  -0.89   0.12  -0.19   0.08  -0.22  -0.97   0.92  -0.24  -0.17 ][-0.84   0.93   0.46  -0.61  -0.44   0.1   -0.29   0.29  -0.68  -0.38
  0.64   0.667  0.5    0.43   0.35   0.16   0.62  -0.81   0.48  -0.35
 -0.198  0.667 -0.77   0.8   -0.3   -0.19   0.83   0.02  -0.4    0.5
  0.1    0.645  0.99   0.41   0.45  -0.98   0.95  -1.     0.01  -0.49
  0.549 -0.34   0.77   0.85  -0.86   0.83  -1.    -0.85   0.64   0.402
  0.78   0.26  -0.78  -0.51   0.42   0.2    0.91   0.46   0.43  -0.55
 -0.67   0.62  -0.37   0.57   0.41   0.71  -0.58   0.23  -0.4   -0.48
  0.2   -0.97  -0.15  -0.03  -0.21   0.31   0.07  -0.43  -0.32   0.59
 -0.42  -0.89   0.12  -0.19   0.08  -0.32  -0.97   0.92  -0.71  -0.17 ][-0.84   0.93   0.46  -0.61  -0.44   0.1   -0.29   0.29  -0.68  -0.38
  0.64   0.96   0.5   -0.74   0.35   0.16   0.264 -0.81   0.48  -0.35
  0.4   -0.2   -0.08   0.8   -0.3   -0.19   0.83   0.02  -0.4    0.5
  0.1    0.86   0.99   0.41   0.45  -0.24  -0.27  -1.     0.01  -0.49
  0.92  -0.34   1.545  0.85  -0.86   0.83  -1.    -0.85   0.64   0.59
  0.14   0.26  -0.78  -0.51   0.42   0.2    0.91   0.46   0.43  -0.55
 -0.76   0.62  -0.37   0.57   0.41   0.15  -0.98   0.23  -0.4   -0.48
  0.2   -0.97  -0.15  -0.03  -0.21   0.31   0.07  -0.43  -0.32   0.59
 -0.42  -0.89   0.12  -0.19   0.24  -0.32  -0.97   0.92  -0.71  -0.17 ][-1.486  0.93   0.336 -0.61  -0.44   0.1   -0.29   0.29  -0.68  -0.38
  0.64   0.96   0.5    0.43   0.36   0.16  -0.27  -0.81   0.48  -0.35
  0.4   -0.2   -0.08   0.8   -0.3   -0.19   0.83   0.02  -0.4    0.5
  0.1    0.86   0.99   0.41   0.45  -0.24  -0.27  -1.     0.01  -0.05
  0.92  -0.34   1.545  0.85  -0.86   0.83  -1.    -0.028  0.64   0.59
  0.14   0.26  -0.78  -0.06   0.42   0.2    0.91   0.46  -0.552 -0.55
 -0.67   0.62  -0.37   0.57   0.41   0.15  -0.98   0.23  -0.4   -0.48
  0.39  -0.97  -0.15  -0.03   0.12   0.31   0.07  -0.43  -0.32   0.59
  0.76  -0.89   0.12  -0.19   0.24  -0.22  -0.97   0.92  -0.71  -0.17 ][-0.84   0.93   0.336 -0.61  -0.44   0.1   -0.29   0.29  -0.68  -0.38
  0.64   0.96   0.5    0.43   0.35   0.16   0.62  -0.81   0.48  -0.35
  0.4   -0.2   -0.77   0.8   -0.3   -0.19   0.83   0.02  -0.4    0.5
 -0.912  0.86   0.99   0.41   0.45  -0.24   0.95  -1.     0.01  -0.49
  0.92  -0.34  -0.15   0.85  -0.86   0.83  -1.    -0.028  0.64   0.59
  0.14   0.26  -0.78  -0.51   0.42  -0.98   0.91   0.46   0.43  -0.55
 -0.67   0.62  -0.37   0.57   0.41   0.71  -0.98   0.23  -0.4   -0.48
  0.908 -0.97  -0.15  -0.18  -0.21   0.31   0.07  -0.43  -0.32   0.59
 -0.42  -0.89  -0.76  -0.19   0.08  -0.22  -0.97   0.92  -0.71  -0.17 ][ 0.94   0.93   0.336 -0.61  -0.44   0.1    0.436  0.29  -0.743 -0.38
  0.64   0.96  -0.89  -0.74   0.008  0.16   0.62  -0.81   0.48  -0.35
  0.4   -0.2   -0.77   0.8   -0.3   -0.19   0.83   0.02  -0.4    0.5
 -0.912  0.86   0.99   0.41   0.45  -0.24   0.95  -1.     0.01  -0.49
  0.92  -0.34   0.77   0.85  -0.86   0.83  -1.009 -0.028  0.64   0.59
  0.14   0.26  -0.78  -0.51   0.42  -0.98   0.91   0.46   0.43  -0.55
 -0.67   0.62  -0.37   0.57   0.41   0.71  -0.98   0.23  -0.4   -0.48
  0.39  -0.97  -0.15  -0.18   0.12   0.31   0.07  -0.43  -0.32   0.59
 -0.42  -0.89   0.12  -0.19   0.08  -0.22  -0.97   0.92  -0.71  -0.17 ][ 0.94   0.93   1.065 -0.61  -0.6    0.1   -0.29   0.29  -0.41  -0.38
  0.64   0.96   0.5    0.43   0.35  -0.184  0.62  -0.81   1.259 -0.35
  0.4   -0.2   -0.77   0.8   -0.88  -0.19   0.6    0.02  -0.4    0.5
 -0.52   1.73   0.99   0.41   0.45  -0.98   0.95  -1.     0.01  -0.393
  0.92  -0.34   0.77   0.85  -0.86   0.83  -1.    -0.85   0.64   0.59
  0.14   0.26  -0.78  -0.51   0.42  -0.98   0.91  -0.68   0.43  -0.55
 -0.67   0.62  -0.37   0.57   0.41   0.71  -0.58   0.23  -0.4   -0.48
  0.2   -0.97  -0.15  -0.03  -0.21   0.31   0.07  -0.43  -0.32   0.59
 -0.42  -0.89   0.12  -0.19   0.08  -0.22  -0.97   0.92  -0.24  -0.17 ][-0.84   0.93   0.46  -0.61  -0.44  -0.863 -0.29   0.29  -0.68  -0.38
  0.64   0.96   0.5   -0.74   0.35   0.16  -0.27  -0.81   0.48  -0.35
  0.4   -0.2   -0.77   0.8   -0.88  -0.19   0.83   0.02  -0.4    0.5
  0.1    0.86   0.99   0.41   0.45  -1.768 -0.27  -1.     0.01  -0.49
  0.92  -0.34   0.77   0.85  -0.86   0.83  -1.    -0.85   0.64   0.59
  0.78   0.26  -0.78  -0.51   0.42   0.2    0.91   0.46   0.43  -0.55
 -0.76   0.62  -0.493  0.57   0.41   0.71  -0.98   0.23  -0.4   -0.48
  0.2   -0.97  -0.15  -0.03  -0.21   0.31   0.07  -0.43  -0.32   0.59
 -0.42  -0.89   0.12  -0.19   0.258 -0.32  -0.97   0.92  -0.24  -0.17 ][ 0.94   0.93   1.065 -0.61  -0.6    1.061 -0.29   0.29  -0.771 -0.38
  0.64   0.96  -0.89   0.43   0.35  -0.184  0.62  -0.81   1.259 -0.35
  0.4    0.667 -0.77   0.8   -0.88  -0.19   0.83   0.02  -0.4    0.5
 -0.52   1.73   0.99   0.41   0.45  -0.98   0.95  -0.719  0.01  -0.393
  0.92  -0.34   0.77   0.85  -0.86   0.83  -1.    -0.85   0.64   0.59
  0.14   0.26  -0.78  -0.51   0.42  -0.98   0.91   0.46   0.43  -0.982
 -0.67   0.62  -0.37   0.57   0.41   0.71  -0.58   0.23  -0.4   -0.48
  0.2   -0.97  -0.15  -0.03  -0.21   0.31   0.07  -0.43  -0.32   0.59
 -0.42  -0.89   0.12  -0.19   0.08  -0.22  -0.97   0.92  -0.24  -0.17 ][-0.84   0.93   1.065 -0.61  -0.44  -0.5   -0.29   0.29  -0.68  -0.38
  0.64   0.667  0.5    0.43   0.35   0.16   0.62  -0.81   0.48  -0.35
 -0.198  0.667 -0.08   0.8   -0.3   -0.19   0.83   0.02  -0.4    0.5
  0.1    0.86   0.99   0.41   0.45  -0.98   0.95  -1.     0.01  -0.49
  0.92  -0.34   0.77   0.85  -0.86   0.83  -1.    -0.85   0.64   0.59
  0.78   0.26  -0.78  -0.51   0.42  -0.98   0.91   0.46   0.43  -0.55
 -0.67  -0.157 -0.37   0.57   0.41   0.71  -0.58   0.23  -0.4   -0.48
  0.2   -0.97  -0.15  -0.18   0.12   0.31   0.07  -0.43  -0.146  0.59
 -0.42  -0.89   0.12  -0.19   0.08  -0.32  -0.97   0.92  -0.71  -0.17 ][ 0.94   0.93   0.336 -0.61  -0.44   0.1   -0.29   0.29  -0.743 -0.38
  0.64   0.96  -0.89  -0.74   0.35  -0.184  0.62  -0.81   0.48  -0.35
  0.4   -0.2   -0.77   0.8   -0.3   -0.19   0.6    0.02  -0.4    0.5
 -0.912  1.73   0.99   0.41   0.45  -0.98   0.95  -1.     0.01  -0.49
  0.92  -0.34   1.685  0.85  -0.86   0.83  -1.009 -0.028  0.64   0.59
  0.14   0.26  -0.78  -0.51   0.42  -0.98   0.91  -0.68   0.43  -0.55
 -0.67   0.62  -0.37   0.57   0.41   0.71  -0.58   0.23  -0.4   -0.48
  0.39  -0.97  -0.15  -0.18  -0.21   0.31   0.07  -0.43  -0.32   0.59
 -0.42  -0.89   0.12  -0.19   0.08  -0.22  -0.97   0.92  -0.24  -0.17 ][-0.84   0.93   0.46  -0.61  -0.44   0.1   -0.29   0.29  -0.743 -0.38
  0.64   0.96  -0.89  -0.74   0.008  0.16  -0.27  -0.81   0.48  -0.35
  0.4    0.731 -0.77   0.8   -0.3   -0.19   0.83   0.02  -0.4    0.5
 -0.912  0.86   0.99   0.41   0.45  -0.24  -0.27  -1.     0.01  -0.49
  0.92  -0.34   0.77   0.85  -0.86   0.83  -1.009 -0.85   0.64   0.59
  0.14   0.26  -0.78  -0.51   0.42  -0.98   0.91   0.46   0.43  -0.55
 -0.67   0.62  -0.37   0.57   0.41   0.71  -0.98   0.23  -0.4   -0.48
  0.39  -0.97  -0.15  -0.03   0.12   0.31   0.07  -0.43  -0.32   0.59
 -0.42  -0.89   0.12  -0.19   0.258 -0.32  -0.97   0.92  -0.24  -0.17 ][-0.84   0.93   0.46  -0.61  -0.6   -0.863  0.436  0.253 -0.68  -0.38
  0.64   0.96   0.5    0.43   0.35   0.16   0.62  -0.81   0.48  -0.35
  0.4   -0.2   -0.77  -0.77  -0.88  -0.19   0.6    0.02  -0.4    0.5
 -0.52   0.86   0.99   0.41   0.45  -0.98   0.95  -1.     0.01  -0.49
  0.92  -0.34   0.77   0.85  -0.86   0.83  -1.    -0.85   0.64   0.59
  0.78   0.26  -0.78  -0.51   0.42  -0.98   0.91   0.46  -0.061 -0.55
 -0.67   0.62  -0.493  0.57   0.41   0.71  -0.98   0.23  -0.4   -0.48
  0.2   -0.97  -0.15  -0.03  -0.21   0.31   0.07  -0.43  -0.32   0.59
 -0.42  -0.89   0.12  -0.19   0.08  -0.32  -0.97   0.92  -0.71  -0.544][-0.84   0.93   0.46  -0.484 -0.44   1.061  0.436  0.29  -0.68  -0.38
  0.64   0.96   0.023  0.43   0.008  0.98   0.62  -0.81   0.48  -0.35
  0.4    0.667 -0.08   0.8   -0.3   -0.19   0.83   0.02  -0.4    0.5
  0.1    0.645  0.99   0.41  -0.57  -0.98   0.95  -1.     0.01  -0.49
  0.92  -0.34   0.77   0.85  -0.86   0.83  -1.009 -0.028  0.64   0.59
  0.14  -0.16  -0.78  -0.51   0.42   0.2    0.91   0.46   0.43  -0.55
 -0.76   0.62  -0.37  -0.23   0.41   0.71  -0.58   0.23  -0.4   -0.48
  0.39  -0.97  -0.15  -0.03  -0.21   0.31   0.07  -0.43  -0.32   0.59
 -0.42  -0.89   0.12  -0.19   0.08  -0.22  -0.97  -0.18  -0.24  -0.17 ][-0.84   0.93   0.46  -0.61  -0.44   1.061  0.436  0.29  -0.68  -0.38
  0.64   0.31  -0.89  -0.74   0.35   0.16   0.046 -0.81   1.259 -0.35
  0.4    0.667 -0.77  -0.77  -0.88  -0.19   0.83   0.02  -0.4    0.5
 -0.52   0.86   0.99   0.41   0.45  -0.98   0.95  -1.     0.01  -0.49
  0.92  -0.34   0.77   0.85  -0.86   0.83  -1.    -0.85   0.64   0.59
  0.78   0.26  -0.78  -0.51   0.42   0.2    0.91   0.46   0.43  -0.982
 -0.67   0.62  -0.37   0.57   0.41   0.71  -0.98   0.23  -0.4   -0.48
  0.2   -0.97  -0.15  -0.03  -0.21   0.31   0.07  -0.43  -0.32  -0.387
 -0.42  -0.89   0.12  -0.19   0.258 -0.22  -0.97   0.92  -0.71  -0.544][-0.84   0.981  1.065 -0.61  -0.44  -0.5   -0.29   0.29  -0.68  -0.38
  0.64   0.96   0.5    0.43   0.35   0.16   0.664 -0.81   0.48  -0.35
  0.4   -0.2   -0.77  -0.77  -0.3   -0.19   0.83   0.02  -0.4    0.5
 -0.52   0.86   0.99   1.083  0.45  -0.98   0.95  -1.     0.01  -0.49
  0.92  -0.34  -0.15  -0.54  -0.86   0.83  -1.    -0.85   0.64   0.59
  0.14   0.26  -0.78  -0.51   0.42   0.2    0.91   0.46   0.43  -0.55
 -0.76   0.62  -0.493  0.57   0.41   0.71  -0.58   0.23  -0.4   -0.48
  0.2   -0.97  -0.15  -0.03  -0.21   0.31   0.07  -0.43  -0.32   0.59
 -0.42  -0.89   0.12  -0.19   0.392 -0.32  -0.97   0.92  -0.24  -0.544][-0.84   0.93   0.46  -0.61  -0.6    0.1   -0.29   0.29  -0.41  -0.38
  0.64   0.667  0.5   -0.74   0.35   0.16   0.62  -0.81   0.48  -0.35
  0.4   -0.2   -0.77   0.8   -0.88  -0.19   0.83   0.02  -0.4    0.5
 -0.52   0.86   0.99   0.41   0.45  -0.98  -0.27  -1.     0.01  -0.49
  0.92  -0.34   1.545  0.85  -0.86   0.83  -1.    -0.85   0.64   0.59
  0.14   0.26  -0.78  -0.51   0.42   0.2    0.91   0.46   0.43  -0.55
 -0.76   0.62  -0.37   0.57   0.41   0.15  -0.58   0.23  -0.4   -0.48
  0.2   -0.97  -0.15  -0.03  -0.21   0.31   0.07  -0.43  -0.32   0.169
 -0.42  -0.893  0.12  -0.19   0.24  -0.32  -0.97   0.92  -0.71  -0.17 ][-0.84   0.93   0.46  -0.61  -0.6   -0.5    0.436  0.29  -0.68  -0.38
  0.64   1.154  0.5    0.43   0.35   0.16   0.664 -0.81   0.48  -0.35
  0.4   -0.2   -0.77  -0.77  -0.3   -0.19   0.83   0.02  -0.4    0.5
 -0.52   0.86   0.99   0.41   0.45  -0.98   0.95  -1.     0.01  -0.49
  0.92  -0.34   0.77   0.85  -0.86   0.83  -1.    -0.85   0.64   0.59
  0.81   0.26  -0.78  -0.51   0.42  -0.98   0.91   0.46   0.43  -0.45
 -0.76   0.62  -0.37   0.57   0.41   0.71  -0.98   0.23  -0.4   -0.48
  0.2   -0.97  -0.15  -0.03  -0.21   0.31   0.07  -0.43  -0.32   0.59
  0.76  -0.89   0.12  -0.19   0.258 -0.22  -0.97   0.92  -0.71  -0.544][-0.84   0.93   0.46  -0.61  -0.44   0.1    0.436  0.29  -0.68  -0.38
  0.64   0.96   0.5   -0.74   0.35   0.16  -0.27  -0.81   0.48  -0.35
  0.4   -0.2   -0.77   0.8   -0.88  -0.19   0.83   0.02  -0.4    0.5
 -0.52   0.86   0.99   0.41   0.45  -0.98   0.95  -1.     0.01  -0.49
  0.92  -0.34   0.77   0.85  -0.86   0.83  -1.    -0.85   0.256  0.59
  0.78   0.26  -0.78  -0.51   0.42  -0.98   0.91   0.46   0.43  -0.45
 -1.145  0.62  -0.81   0.57   0.41   0.71  -0.98   0.375 -0.4   -0.48
  0.2   -0.97  -0.15  -0.03   0.12   0.31   0.07   0.08  -0.32   0.59
 -0.42  -0.89   0.12  -0.19   0.08  -0.22  -0.97  -0.18  -0.24  -0.17 ][ 0.94   0.93   0.46  -0.61  -0.44  -0.863 -0.29   0.29  -0.41  -0.38
  0.64   0.96   0.5    0.43   0.35   0.16   0.664 -0.81   0.48  -0.35
  0.4   -0.2   -0.77   0.927 -0.88  -0.19   0.83   0.02  -0.4    0.5
 -0.52   0.86   0.99   0.41   0.45  -0.98   0.95  -1.     0.01  -0.49
  0.92  -0.34   0.77   0.85  -0.86   0.83  -1.    -0.85   0.64   0.59
  0.78   0.26  -0.78  -0.51   0.42   0.2    0.91   0.46   0.43  -0.55
 -0.76   0.62  -0.37   0.57   0.41   0.71  -0.98   0.23  -0.4   -0.48
  0.2   -1.328 -0.15  -0.03  -0.21   0.31   0.07  -0.43  -0.32   0.169
 -0.42  -0.89   0.12  -0.19   0.258 -0.32  -0.97   0.92  -0.71  -0.17 ][ 0.94   0.93   0.46  -0.61  -0.44   1.061  0.436  0.29  -0.771 -0.38
  0.64   0.31   0.5   -0.74   0.35   0.16   0.62  -0.81   1.259 -0.35
  0.4   -0.2   -0.77   0.8   -0.3   -0.19   0.83   0.02  -0.4    0.5
 -0.52   0.86   0.99   0.41   0.45  -0.98   0.95  -1.     0.01  -0.848
  0.92  -0.34   0.77   0.85  -0.86   0.83  -1.    -0.85   0.64   0.59
  0.14   0.26  -0.78  -0.51   0.42  -0.98   0.91   0.46   0.43  -0.45
 -0.67   0.62  -0.37   0.57   0.41   0.71  -0.58   0.23  -0.4   -0.48
  0.2   -0.97  -0.15  -0.03   0.12   0.31   0.07   0.08  -0.32  -0.387
 -0.42  -0.89   0.12  -0.19   0.08  -0.22  -0.97   0.92  -0.283 -0.17 ][-1.486  0.93   0.46  -0.61  -0.44   0.1   -0.29   0.29  -0.68  -0.38
  0.64   0.96   0.5    0.43   0.35   0.16  -0.27  -0.81   0.48  -0.35
  0.4   -0.2   -0.08   0.8   -0.88  -0.19   0.83   0.02  -0.4    0.5
  0.1    0.86   0.99   0.41   0.45  -0.24  -0.27  -0.919  0.01  -0.05
  0.92  -0.34   0.77   0.85  -0.86   0.83  -1.    -0.028  0.64   0.59
  0.14   0.26  -0.78  -0.51   0.42   0.2    0.91   0.46   0.43  -0.55
 -0.76   0.62  -0.493  0.57   0.41   0.15  -0.98   0.23  -0.4   -0.48
  0.2   -0.97  -0.15  -0.03  -0.21   0.31   0.07  -0.43  -0.32   0.59
  0.76  -0.89   0.12  -0.19   0.258 -0.32  -0.97   0.92  -0.71  -0.17 ][ 0.94   0.93   0.46  -0.61  -0.44   1.061 -0.29   0.29  -0.68  -0.38
  0.81   0.96   0.5   -0.74   0.35   0.16   0.62  -0.81   0.48  -0.35
  0.4   -0.2   -1.243  0.8   -0.3   -0.19   0.83   0.02  -0.4    0.5
 -0.52   0.86   0.99   1.083  0.45  -0.98  -0.27  -1.     0.01  -0.848
  0.92  -0.34  -0.15  -0.54  -0.86   0.83  -1.    -0.85   0.256  0.23
  0.14   0.26  -0.78  -0.51   0.42  -0.98   0.91   0.46   0.43  -0.45
 -1.145  0.62  -0.37   0.57   0.41   0.71  -0.58   0.23  -0.4   -0.48
  0.2   -0.97  -0.15  -0.03   0.12   0.31   0.07  -0.43  -0.32   0.59
 -0.42  -0.89   0.12  -0.19   0.08  -0.22  -0.97  -0.18  -0.24  -0.17 ][ 0.94   0.93   0.46  -0.61  -0.6    0.1   -0.29   0.29  -0.41  -0.38
  0.81   0.667  0.5    0.43   0.35   0.16   0.62  -0.81   0.48  -0.35
  0.4   -0.2   -0.77   0.351 -0.88  -0.19   0.6    0.02  -0.4    0.5
 -0.52   0.86   0.99   0.41   0.45  -0.98   0.95  -1.     0.01  -0.848
  0.92  -0.34   0.77   0.85  -0.86   0.83  -1.    -0.85   0.64   0.59
  0.81   0.26  -0.78  -0.06   0.42   0.2    0.91   0.46   0.43  -0.45
 -0.67   0.62  -0.37   0.57   0.41   0.71  -0.58   0.23  -0.4   -0.48
  0.2   -0.97  -0.15  -0.03  -0.21   0.31   0.07  -0.43  -0.32   0.169
  0.76  -0.89   0.12  -0.19   0.08  -0.22  -0.97   0.92  -0.24  -0.17 ][-0.84   0.93   0.46  -0.61  -0.44   1.061 -0.29   0.29  -0.68  -0.38
  0.64   1.354  0.5   -0.74   0.35   0.16   0.62  -0.81   0.48  -0.35
  0.4   -0.2   -0.77   0.8   -0.88  -0.19   0.83   0.02  -0.4    0.5
 -0.52   0.86   0.99   0.41   0.45  -0.98   0.95  -1.     0.01  -0.49
  0.92  -0.34   0.77  -0.54  -0.86   0.83  -1.    -0.85   0.64   0.59
  0.78   0.26  -0.78  -0.51   0.42  -0.98   1.789  0.46   0.43  -0.45
 -1.145  0.62  -0.37   0.57   0.41   0.15  -0.98   0.23  -0.4   -0.48
  0.2   -0.97  -0.15  -0.03  -0.21   0.31   0.07   0.08  -0.32   0.59
 -0.42  -0.89   0.12  -0.19   0.08  -0.22  -0.97   0.92  -0.71  -0.17 ][-0.84   0.93   0.595 -0.61  -0.44   0.1   -0.29   0.29  -0.68  -0.38
  0.64   0.96   0.5   -0.74   0.35   0.16  -0.27  -0.81   0.48  -0.35
  0.4    0.667 -0.08   0.8   -0.88  -0.19   0.83   0.02  -0.4    0.5
  0.1    0.645  0.99   0.41   0.45  -0.98  -0.27  -1.     0.01  -0.49
  0.92  -0.34   0.77   0.85  -0.86   0.83  -1.    -0.85   0.256  0.59
  0.78   0.26  -0.78  -0.51   0.42  -0.98   1.789  0.46   0.43  -0.55
 -0.76   1.538 -0.81   0.57   0.41   0.71  -0.98   0.23  -0.4   -0.48
  0.908 -0.97  -0.15  -0.03  -0.21   0.31  -0.751 -0.43  -0.32   0.59
 -0.42  -0.89   0.12  -0.19   0.258 -0.22  -0.97   0.92  -0.24  -0.17 ][-0.84   0.93   0.46  -0.61   0.337 -0.863 -0.29   0.29  -0.68  -0.38
  0.64   0.96   0.5   -0.74   0.35   0.16  -0.27  -0.81   0.48  -0.35
  0.4   -0.2   -0.77   0.8   -0.88  -0.19   0.83   0.02  -0.4    0.5
  0.1    0.86   0.99   0.41   0.45  -1.768 -0.27  -1.     0.01  -0.49
  0.92  -0.34   0.77  -0.54  -0.86   0.83  -1.    -0.85   0.64   0.59
  0.78   0.26  -0.78  -0.51   0.42  -0.98   0.91   0.46   0.43  -0.55
 -0.76   0.62  -0.81   0.57   0.41   0.71  -0.98   0.23  -0.4   -0.48
  0.2   -0.97  -0.15  -0.03  -0.21   0.31   0.07  -0.43  -0.32   0.59
 -0.42  -0.89   0.12  -0.19   0.08  -0.22  -0.97   0.92  -0.24  -0.17 ][-0.84   0.93   0.46  -0.61  -0.44   0.1   -0.29   0.29  -0.68  -0.38
  0.64   0.96   0.5   -0.74   0.35   0.16  -0.27  -0.81   0.48  -0.35
  0.769 -0.2   -0.77   0.8   -0.88  -0.19   0.83   0.02  -0.4    0.5
  0.1    0.86   0.99   0.41   0.45  -0.98  -0.27  -1.     0.01  -0.49
  0.92  -0.34  -0.15  -0.54  -0.86   0.83  -1.    -0.85   0.256  0.59
  0.78   0.26  -0.78  -0.51   0.42   0.2    0.91   0.46   0.43  -0.55
 -0.76   0.62  -0.493  0.57   0.41   0.15  -0.98   0.23  -0.4   -0.48
  0.2   -0.97  -0.15  -0.03  -0.21   0.31   0.07  -0.43  -0.32   0.59
 -0.42  -0.89   0.12  -0.19   0.258 -0.32  -0.97   0.92  -0.24  -0.17 ][-0.84   0.93   0.46  -0.61  -0.6    0.1    0.436  0.29  -0.68  -0.38
  0.64   0.667  0.5    0.43   0.35   0.16   0.62  -0.81   0.48  -0.35
  0.4    0.667 -0.08   0.927 -0.88  -0.19   0.83   0.02  -0.4    0.5
 -0.52   0.86   0.99   0.41   0.45  -0.98   0.95  -1.     0.01  -0.49
  0.92  -0.34   0.77   0.85  -0.86   0.83  -1.    -0.85   0.64   0.59
  0.14   0.26  -0.78  -0.51   0.42  -0.98   0.91   0.46   0.43  -0.45
 -0.67   0.62  -0.37   0.57   0.41   1.415 -0.58   0.23  -0.4   -0.48
  0.2   -0.97  -0.15  -0.03   0.12   0.31   0.07  -0.43  -0.32   0.169
 -0.42  -0.89   0.12  -0.19   0.08  -0.22  -0.97   0.92  -0.71  -0.17 ][ 0.94   0.93   1.065 -0.61  -0.44   0.1    0.436  0.29  -0.68  -0.38
  0.64   0.96   0.5   -0.74   0.35   0.16   0.62  -0.81   0.48  -0.35
  0.4   -0.2   -0.77   0.8   -0.3   -0.19   0.83   0.02  -0.4    0.5
 -0.912  0.86   0.99   1.083  0.45  -0.98  -0.27  -1.     0.01  -0.49
  0.92  -0.34   0.77  -0.54  -0.86   0.83  -1.009 -0.85   0.517  0.59
  0.14   0.26  -0.78  -0.51   0.42  -0.98   0.91   0.46   0.43  -0.55
 -0.67   0.62  -0.37   0.57   0.41   0.71  -0.58   0.23  -0.4   -0.48
  0.2   -0.97  -0.15  -0.18  -0.21   0.31   0.07  -0.43  -0.32   0.59
 -0.42  -0.89   0.12  -0.19   0.08  -0.22  -0.97   0.92  -0.24  -0.17 ][-0.84   0.93   0.46  -0.484 -0.44   1.061  0.436 -0.525 -0.68  -0.38
  0.81   0.96   0.5    0.43   0.008  0.98   0.62  -0.81   0.48  -0.35
  0.4   -0.353 -0.77   0.8   -0.3   -0.19   0.83   0.02  -0.4    0.5
  0.1    0.86   0.99  -0.002 -0.57  -0.98   0.95  -1.     0.01  -0.393
  0.92  -0.34   0.495 -0.54  -0.86   0.83  -1.009 -0.85   0.64   0.59
  0.14   0.26  -0.78  -0.51   0.42   0.2    0.91   0.46   0.43  -0.55
 -0.76   0.62  -0.37   0.57   0.41   0.15  -0.58   0.23  -0.4   -0.48
  0.908 -0.97  -0.15  -0.03   0.12   0.31   0.07  -0.43  -0.32   0.59
 -0.42  -0.89   0.12  -0.19   0.08  -0.22  -0.318  0.92  -0.71  -0.544][-0.84   0.93   0.46  -0.61  -0.44  -0.863 -0.29   0.29  -0.68  -0.38
  0.64   0.96   0.5   -0.74   0.35   0.16  -0.27  -0.81   0.48  -0.35
  0.4   -0.2   -0.77   0.927 -0.88  -0.19   0.83   0.02  -0.4    0.5
 -0.52   0.86   0.99   0.41   0.45  -1.768 -0.27  -1.     0.01  -0.49
  0.92  -0.34   0.77   0.85  -0.86   0.51  -1.    -0.85   0.64   0.59
  0.78   0.26  -0.78  -0.51   0.42   0.2    0.489  0.46   0.43  -0.55
 -0.76   0.62  -0.37   0.57   0.41   0.71  -0.58   0.23  -0.4   -0.48
  0.2   -0.97  -0.15  -0.03  -0.21   0.31   0.07  -0.43  -0.32   0.59
 -0.42  -0.89   0.12  -0.19   0.24  -0.22  -0.97   0.92  -0.24  -0.17 ][-0.84   0.93   0.26  -0.61  -0.6    1.061 -0.29   0.29  -0.68  -0.38
  0.64   0.31  -0.89  -0.74   0.35   0.16   0.62  -0.81   0.48  -0.35
  0.4    0.667 -0.08   0.8   -0.3   -0.19   0.83   0.02  -0.4    0.5
 -0.52   0.86   0.99   0.41   0.45  -0.98   0.95  -0.113  0.01  -0.848
  0.92  -0.34   0.77   0.85  -0.86   0.83  -1.    -0.85   0.64   0.59
  0.14   0.26  -0.78  -0.51   0.42  -0.98   0.91   0.46   0.43  -0.982
 -0.76   0.62  -0.37   0.57   0.41   0.71  -0.58   0.23  -0.4   -0.48
  0.2   -0.97  -0.15  -0.03  -0.21   0.31   0.07   0.08  -0.32  -0.387
 -0.42  -0.89   0.12  -0.19   0.08  -0.22  -0.97   0.92  -0.71  -0.17 ][-0.84   0.93   0.46  -0.61  -0.44   0.1    0.436  0.29  -0.68  -0.38
  0.81   0.96   0.5   -0.74   0.35   0.16   0.62  -0.81   0.48  -0.35
  0.4    0.667 -0.08   0.8   -0.3   -0.19   0.83   0.02  -0.4    0.5
  0.1    0.645  0.99   0.41   0.45  -0.98   1.534 -1.     0.01  -0.848
  0.92  -0.34   0.77  -0.04  -0.86   0.83  -1.    -0.85   0.64   0.59
  0.78   0.26  -0.78  -0.51   0.42   0.2    0.91   0.46   0.43  -0.45
 -0.76   0.62  -0.37  -0.23   0.41   0.71  -0.58   0.23  -0.4   -0.48
  0.2   -0.97  -0.15  -0.03   0.12   0.31   0.07  -0.43  -0.32   0.59
  0.76  -0.89   0.12  -0.19   0.258 -0.22  -0.97   0.92  -0.71  -0.17 ][-0.84   0.93   0.46  -0.61  -0.44   0.1   -0.29   0.29  -0.68  -0.38
  0.81   0.96   0.5    0.43   0.35   0.16  -0.27  -0.81   0.48  -0.35
  0.4   -0.2   -0.77   0.8   -0.88  -0.19   0.83   0.02  -0.4    0.5
  0.1    0.86   0.99   0.41   0.45  -0.98   0.95  -1.     0.01  -0.49
  0.92  -0.34   0.495 -0.54  -0.86   0.83  -1.    -0.85   0.256  0.59
  0.78   0.26  -0.78  -0.51   0.42   0.2    1.789  0.46   0.43  -0.55
 -0.76   0.62  -0.37   0.57   0.41   0.15  -0.98   0.23  -0.4   -0.48
  1.354 -0.97  -0.15  -0.03  -0.21   0.31   0.07  -0.43  -0.32   0.59
 -0.42  -0.89   0.12  -0.19   0.08  -0.32  -0.318  0.92  -0.24  -0.17 ][-0.84   0.93   0.336 -0.61  -0.6    0.1    0.436  0.29  -0.68  -0.38
  0.64   0.96   0.5    0.43   0.35   0.16   0.62  -0.81   0.48  -0.35
  0.4    0.667 -0.77   0.8   -0.3   -0.19   0.6    0.02  -0.4    0.5
 -0.912  0.86   0.99   0.41   0.45  -0.24   0.95  -1.     0.01  -0.49
  0.92  -0.34  -0.15   0.85  -0.86   0.83  -1.    -0.028  0.64   0.59
  0.14   0.26  -0.78  -0.51   0.42  -0.98   0.91   0.46  -0.061 -0.55
 -0.67   0.62  -0.37   0.57   0.41   0.71  -0.58   0.23  -0.4   -0.48
  0.908 -0.97  -0.15  -0.18  -0.21   0.31   0.506 -0.43  -0.146  0.59
 -0.42  -0.89   0.12  -0.19   0.08  -0.22  -0.97   0.92  -0.71  -0.17 ][-0.84   0.93   1.065 -0.61  -0.6   -0.863 -0.29   0.29  -0.68  -0.38
  0.64   0.96   0.5    0.43   0.35   0.16   0.664 -0.81   0.48  -0.35
  0.4   -0.2   -0.08   0.8   -0.88  -0.19   0.6    0.02  -0.4    0.5
 -0.52   0.86   0.99   0.41   0.45  -0.98   0.95  -1.     0.01  -0.49
  0.92  -0.34   0.77   0.85  -0.86   0.83  -1.    -0.85   0.64   0.59
  0.81   0.332 -0.78  -0.51   0.42   0.2    0.91   0.46   0.43  -0.55
 -0.67   0.62  -0.493  0.57   0.41   0.71  -0.98   0.23  -0.4   -0.48
  0.2   -0.97  -0.15  -0.03  -0.21   0.31   0.07  -0.43  -0.32   0.59
 -0.42  -0.89   0.12  -0.19   0.08  -0.32  -0.97   0.92  -0.71  -0.544][-0.84   0.93   0.336 -0.61  -0.44   0.1   -0.29   0.29  -0.68  -0.38
  0.64   0.96   0.5   -0.74   0.35   0.16   0.62  -0.81   0.48  -0.35
  0.4   -0.2   -0.77   0.8   -0.3   -0.19   0.83   0.02  -0.4    0.5
 -0.912  0.86   0.99   0.41   0.45  -0.98   0.95  -1.     0.01  -0.49
  0.92  -0.34  -0.15   0.85  -0.86   0.83  -1.    -0.85   0.64   0.59
  0.78   0.26  -0.78  -0.51   0.42  -0.98   1.789  0.46   0.43  -0.55
 -0.76   0.62  -0.37   0.57   0.41   0.858 -0.98   0.23  -0.4   -0.48
  0.908 -0.97  -0.15  -0.03  -0.21   0.31   0.07  -0.43  -0.32   0.59
 -0.42  -0.89   0.12  -0.19   0.08  -0.22  -0.97   0.92  -0.71  -0.17 ][-0.84   0.93   0.46  -0.61  -0.6    0.1    0.502  0.29  -0.771 -0.38
  0.64   0.31  -0.89  -0.74   0.35   0.16  -0.27  -0.81   1.259 -0.35
  0.4   -0.2   -0.77   0.8   -0.88  -0.19   0.83   0.02  -0.4    0.5
  0.1    0.86   0.99   0.41   0.45  -0.98   0.95  -1.     0.01  -0.49
  0.92  -0.34  -0.15  -0.54  -0.86   0.83  -1.    -0.85   0.64   0.59
  0.14   0.26  -0.78  -0.51   0.42  -0.98   1.789  0.46   0.43  -0.55
 -0.76   0.62  -0.81   0.57   0.41   0.71  -0.58   0.23  -0.4   -0.48
  0.908 -0.97  -0.15  -0.03  -0.21   0.31   0.07  -0.43  -0.32   0.59
 -0.42  -0.89   0.12  -0.19   0.08  -0.22  -0.97   0.92  -0.24  -0.17 ][-0.84   0.981  1.065 -0.484 -0.44   1.061  0.436  0.29  -0.68  -0.38
  0.64   0.96  -0.89   0.43   0.008  0.16   0.62  -0.81   0.48  -0.35
  0.4    0.667 -0.77   0.8   -0.3   -0.19   0.6    0.02  -0.4    0.5
 -0.52   0.86   0.99   1.083 -0.57  -0.98  -0.27  -1.     0.01  -0.393
  0.92  -0.34  -0.15   0.85  -0.86   0.83  -1.009 -0.028  0.64   0.59
  0.14   0.26  -0.78  -0.51   0.42  -0.98   0.91   0.46   0.43  -0.55
 -0.67   0.62  -0.37   0.57   0.41   0.71  -0.58   0.23  -0.4   -0.48
  0.2   -0.97  -0.15  -0.03   0.12   0.31   0.07  -0.43  -0.94   0.59
 -0.42  -0.89   0.12  -0.19   0.08  -0.22  -0.97   0.92  -0.24  -0.17 ][ 0.94   0.93   0.46  -0.61  -0.6    0.1   -0.29   0.29  -0.41  -0.38
  0.64   0.667  0.5   -0.74   0.35   0.16   0.62  -0.81   0.48  -0.35
  0.4   -0.2   -0.77   0.8   -0.88  -0.19   0.83   0.02  -0.4    0.5
 -0.52   0.86   0.99   0.41   0.45  -0.98  -0.27  -1.     0.01  -0.49
  0.92  -0.34  -0.15   0.85  -0.86   0.51  -1.    -0.85   0.256  0.59
  0.78   0.26  -0.78  -0.51   0.42   0.2    1.789  0.46   0.43  -0.55
 -0.76   0.62  -0.81   0.57   0.41   0.71  -0.98   0.23  -0.4   -0.48
  0.2   -0.97  -0.15  -0.03  -0.331  0.31   0.07  -0.43  -0.32   0.59
 -0.42  -0.89   0.12  -0.19   0.08  -0.22  -0.97   0.92  -0.24  -0.17 ][-0.84   0.981  1.065 -0.61  -0.44   0.1   -0.29   0.319 -0.68  -0.38
  0.64   0.96   0.5    0.43   0.35   0.16   0.62  -0.81   0.48  -0.35
  0.4   -0.2   -0.77   0.8   -0.3   -0.19   0.83   0.02  -0.4    0.5
  0.1    0.645  0.99   1.083  0.45  -0.98  -0.27  -1.     0.01  -0.49
  0.92  -0.34   0.77   0.85  -0.86   0.83  -1.    -0.85   0.64   0.59
  0.14   0.26  -0.78  -0.51   0.42   0.2    0.91   0.46   0.43  -0.45
 -0.76   0.62  -0.37  -0.23   0.41   0.71  -0.58   0.23  -0.4   -0.48
  0.2   -0.97  -0.15  -0.03  -0.21   0.31   0.07  -0.43  -0.32   0.59
  0.76  -0.89   0.12  -0.19   0.08  -0.22  -0.97   0.92  -0.24  -0.17 ][ 0.94   0.93   0.46  -0.61  -0.44  -0.863 -0.29   0.29  -0.41  -0.38
  0.64   0.667  0.5    0.43   0.35   0.16   0.62  -0.81   0.48  -0.35
  0.4   -0.2   -0.77   0.927 -0.88  -0.19   0.83   0.02  -0.4    0.5
 -0.52   0.86   0.99   0.41   0.45  -0.98   0.95  -1.     0.01  -0.49
  0.92  -0.34   0.77   0.85  -0.86   0.83  -1.    -0.85   0.64   0.59
  0.78   0.26  -0.78  -0.51   0.42   0.2    0.91   0.46   0.43  -0.55
 -0.76   0.62  -0.37   0.57   0.41   0.71  -0.98   0.23  -0.4   -0.48
  0.2   -0.97  -0.15  -0.03  -0.21   0.31   0.07  -0.43  -0.32  -0.161
 -0.42  -0.89   0.12  -0.19   0.258 -0.22  -0.97   0.92  -0.71  -0.544][-0.84   0.93   1.065 -0.61  -0.44  -0.5   -0.29   0.29  -0.68  -0.38
  0.64   0.96   0.5   -0.27   0.35   0.16  -0.27  -0.81   0.48  -0.35
  0.4   -0.2   -0.77   0.8   -0.3   -0.19   0.83   0.02  -0.4    0.5
  0.1    0.86   0.99   0.41   0.45  -0.98  -0.27  -1.     0.01  -0.05
  0.92  -0.34  -0.15  -0.54  -0.86   0.83  -1.    -0.85   0.256  0.23
  0.14   0.26  -0.78  -0.51   0.42  -0.98   1.789  0.46   0.43  -0.55
 -0.67   0.62  -0.81   0.57   0.41   0.15  -0.58   0.23  -0.4   -0.48
  0.2   -0.97  -0.15  -0.03  -0.21   0.31   0.07  -0.43  -0.32   0.59
 -0.42  -0.89   0.12  -0.19   0.08  -0.22  -0.97   0.92  -0.24  -0.17 ][-0.84   0.93   0.46  -0.61  -0.44   0.1    0.436  0.29  -0.68  -0.38
  0.64   0.667  0.5    0.43   0.35   0.16   0.62  -0.81   0.48  -0.35
 -0.198  0.667 -0.77   0.8   -0.3   -0.19   0.83   0.02  -0.4    0.5
  0.1    0.86   0.99   0.41   0.45  -0.98   0.95  -1.     0.01  -0.49
  0.549 -0.34   0.77   0.85  -0.86   0.83  -1.    -0.85   0.64   0.59
  0.14   0.26  -0.78  -0.51   0.42   0.2    0.91  -0.482  0.43  -0.55
 -0.67   0.62  -0.37   0.57   0.41   0.71  -0.58   0.23  -0.4   -0.48
  0.2   -0.97  -0.15  -0.03   0.12   0.31   0.07  -0.43  -0.32   0.59
 -0.42  -0.89   0.12  -0.19   0.08  -0.22  -0.97   0.92  -0.71  -0.17 ][-0.84   0.93   0.46  -0.61  -0.44   0.1   -0.29   0.29  -0.68  -0.38
  0.64   0.96   0.5   -0.74   0.35   0.16   0.264 -0.81   0.48  -0.35
  0.4   -0.635 -0.77   0.8   -0.88  -0.19   0.83   0.02  -0.4    0.5
  0.1    0.86   0.99   0.41   0.45  -1.768 -0.27  -1.     0.01  -0.49
  0.92  -0.34   1.545  0.85  -0.86   0.83  -1.    -0.85   0.64   0.59
  0.14   0.26  -0.78  -0.51   0.42   0.2    0.91   0.46   0.43  -0.55
 -0.76   0.62  -0.37   0.57   0.41   0.71  -0.98   0.23  -0.4   -0.48
  0.2   -0.97  -0.15  -0.03  -0.21   0.31   0.07  -0.43  -0.32   0.59
 -0.42  -0.89   0.12  -0.19   0.258 -0.32  -0.97   0.92  -0.71  -0.17 ][-0.84   0.93   0.46  -0.61  -0.6    0.1   -0.29   0.29  -0.68  -0.38
  0.64   0.96   0.5   -0.74   0.35   0.16   0.62  -0.81   0.48  -0.35
  0.4    0.667 -0.08   0.927 -0.3   -0.19   0.6    0.605 -0.4    0.5
 -0.52   0.86   0.99   0.41   0.45  -0.98   0.95  -1.     0.01  -0.49
  0.92  -0.34   0.77   0.85  -0.86   0.83  -1.    -0.85   0.64   0.59
  0.14   0.26  -0.78  -0.51   0.42   0.2    0.91   0.46   0.43  -0.45
 -0.67   0.62  -0.37   0.57   0.41   0.71  -0.58   0.23  -0.4   -0.48
  0.2   -0.97  -0.15  -0.03   0.12   0.31   0.07  -0.43  -0.146  0.169
 -0.42  -0.89   0.12  -0.19   0.24  -0.22  -0.97   0.92  -0.71  -0.17 ][-0.84   0.93   0.46  -0.61  -0.6    1.061  0.436  0.29  -0.68  -0.38
  0.64   0.96  -0.89  -0.74   0.35   0.16   0.664 -0.81   1.259 -0.35
  0.4    0.667 -0.77   0.8   -0.88  -0.19   0.83   0.02  -0.4    0.5
  0.1    0.86   0.99   0.41   0.45  -0.98   0.95  -1.     0.01  -0.848
  0.92  -0.34   0.77   0.85  -0.86  -0.091 -1.    -0.85   0.64   0.59
  0.14   0.26  -0.78  -0.51   0.42  -0.98   0.91   0.46   0.43  -0.55
 -0.67   0.62  -0.37   0.57   0.41   0.71  -0.98   0.23  -0.4   -0.48
  0.2   -0.97  -0.15  -0.03  -0.21   0.31   0.07  -0.43  -0.32  -0.387
 -0.42  -0.89   0.12  -0.19   0.08  -0.32  -0.97   0.92  -0.71  -0.17 ][ 0.94   0.93   0.46  -0.61  -0.6   -0.863 -0.29   0.29  -0.68  -0.38
  0.64   0.96   0.5   -0.74   0.35   0.16   0.664 -0.81   0.48  -0.35
  0.4   -0.2   -0.77   0.927 -0.88  -0.19   0.83   0.02  -0.4    0.5
  0.1    0.86   0.99   0.41   0.45  -0.98   0.95  -1.     0.01  -0.49
  0.92  -0.34   0.77   0.85  -0.86   0.51  -0.015 -0.85   0.64   0.59
  0.78   0.26  -0.78  -0.51   0.42   0.2    0.91   0.46   0.43  -0.55
 -0.76   0.62  -0.493  0.57   0.41   0.71  -0.98   0.23  -0.4   -0.48
  0.2   -0.97  -0.15  -0.03  -0.21   0.31   0.07  -0.43  -0.32   0.169
 -0.42  -0.89   0.12  -0.19   0.24  -0.22  -0.97   0.92  -0.71  -0.544][-0.84   0.93   0.46  -0.61  -0.44   0.1   -0.29   0.29  -0.68  -0.38
  0.64   0.96   0.5   -0.74   0.35   0.16   0.62  -0.81   0.48  -0.35
  0.4   -0.2   -0.08   0.8   -0.3   -0.19   0.83   0.02  -0.4    0.5
  0.1    0.645  0.99   0.41   0.45  -0.98  -0.27  -1.     0.01  -0.49
  0.92  -0.34  -0.15  -0.54  -0.86   0.83  -1.    -0.85   0.256  0.59
  0.78   0.26  -0.78  -0.51   0.42   0.2    1.789  0.46   0.43  -0.55
 -0.76   0.62  -0.37  -0.23   0.41   0.71  -0.58   0.23  -0.4   -0.48
  0.908 -0.97  -0.15  -0.03  -0.21   0.31   0.07  -0.43  -0.32   0.59
  0.76  -0.89   0.12  -0.216  0.258 -0.22  -0.97   0.92  -0.24  -0.17 ][ 0.94   0.93   0.336 -0.61  -0.44   0.1   -0.29   0.29  -0.68  -0.38
  0.64   0.96  -0.89  -0.74   0.008  0.16  -0.27  -0.81   0.48  -0.35
  0.4   -0.2   -0.77   0.8   -0.3   -0.19   0.83   0.02   0.448  0.5
  0.1    0.86   0.99   0.41   0.45  -0.24  -0.27  -1.     0.01  -0.05
  0.92  -0.34   0.77   0.85  -0.86   0.83  -1.009 -0.028  0.64   0.59
  0.14   0.26  -0.78  -0.06   0.42  -0.98   0.91   0.46   0.43  -0.55
 -0.67   0.62  -0.37   0.57   0.41   0.71  -0.98   0.23  -0.4   -0.48
  0.39  -0.97  -0.15  -0.18   0.12   0.31   0.07  -0.43  -0.32   0.59
 -0.42  -0.89   0.12  -0.19   0.24  -0.22  -0.97   0.92  -0.71  -0.17 ][-0.84   0.93   0.46  -0.61  -0.44  -0.863 -0.29   0.29  -0.68  -0.38
  0.64   0.96   0.5    0.43   0.35   0.16  -0.27  -0.81   0.48  -0.35
  0.4   -0.2   -0.77  -0.77   0.109 -0.19   0.83   0.02  -0.4    0.5
  0.1    0.86   0.99   0.41   0.45  -1.768  0.95  -1.     0.01  -0.49
  0.92  -0.34   0.77   0.85  -0.86   0.83  -1.    -0.85   0.64   0.59
  0.78   0.26  -0.78  -0.51   0.42   0.2    0.91   0.46   0.43  -0.55
 -0.76   0.62  -0.493  0.57   0.41   0.71  -0.98   0.23  -0.4   -0.48
  0.2   -0.97  -0.15  -0.03  -0.21   0.31   0.07  -0.43  -0.32   0.59
 -0.42  -0.89   0.12  -0.19   0.258 -0.32  -0.97   0.92  -0.71  -0.544][-0.84   0.135  0.46  -0.484 -0.44   1.061  0.436  0.29  -0.68  -0.38
  0.64   0.96   0.5    0.43   0.35   0.98   0.62  -0.81   0.48  -0.35
  0.4    0.667 -0.77  -0.77  -0.88  -0.19   0.83   0.02  -0.4    0.5
 -0.52   0.86   0.99   0.41   0.45  -0.98   0.95  -1.     0.01  -0.393
  0.92  -0.34   0.77   0.85  -0.86   0.83  -1.009 -0.028  0.64   0.59
  0.14   0.26  -0.78  -0.51   0.42   0.2    0.91   0.46   0.43  -0.55
 -0.76   0.62  -0.493  0.57   0.41   0.71  -0.58   0.23  -0.4   -0.48
  0.2   -0.97  -0.15  -0.03  -0.21   0.31   0.07  -0.43  -0.32   0.59
 -0.42  -0.89   0.12  -0.19   0.08  -0.32  -0.97  -0.18  -0.71  -0.544][-0.84   0.93   0.46  -0.61  -0.44  -0.863 -0.29   0.29  -0.68  -0.38
  0.64   0.96   0.5   -0.74   0.35   0.16   0.664 -0.81   0.48  -0.35
  0.4   -0.2   -0.77   0.8   -0.88  -0.19   0.83   0.02  -0.4    0.5
  0.1    0.86   0.99   0.41   0.45  -1.768 -0.27  -1.     0.01  -0.49
  0.92  -0.34   0.77   0.85  -0.86   0.83  -1.    -0.85   0.64   0.053
  0.78   0.26  -0.78  -0.51   0.42   0.2    0.91   0.46   0.43  -0.55
 -0.76   0.62  -0.493  0.57   0.41   0.71  -0.98   0.23  -0.4   -0.48
  0.2   -0.97  -0.15  -0.03  -0.21   0.31   0.07  -0.43  -0.32   0.59
 -0.42  -0.89   0.12  -0.19   0.258 -0.32  -0.97   0.92  -0.24  -0.544][-0.84   0.93   0.336 -0.61  -0.44   0.1   -0.29   0.29  -0.68  -0.38
  0.64   0.96   0.5   -0.74   0.35   0.16  -0.27  -0.81   0.48  -0.35
  0.4   -0.2   -0.77   0.8   -0.3   -0.19   0.83   0.02  -0.4    0.5
 -0.912  0.86   0.99   0.41   0.45  -1.768  0.95  -1.     0.01  -0.49
  0.92  -0.34   0.77   0.85  -0.86   0.83  -1.    -0.85   0.64   0.59
  0.78   0.26  -0.78  -0.51   0.42   0.2    0.91   0.46   0.43  -0.55
 -0.67   0.62  -0.493  0.57   0.41   0.71  -0.98   0.23  -0.4   -0.48
  0.2   -0.97  -0.15  -0.03  -0.21   0.31   0.07  -0.43  -0.32   0.59
 -0.42  -0.89   0.12  -0.19   0.08  -0.22  -0.97   0.592 -0.24  -0.17 ][-0.84   0.93   1.065 -0.61  -0.44  -0.5   -0.29   0.29  -0.68  -0.38
  0.81   0.96   0.5   -0.74   0.35   0.16   0.62  -0.81   0.48  -0.35
 -0.198 -0.2   -0.08   0.8   -0.88  -0.19   0.6    0.02  -0.4    0.5
  0.1    0.86   0.99   0.41   0.45  -0.98   0.95  -1.     0.01  -0.848
  0.92  -0.34   0.77   0.85  -0.86   0.83  -1.    -0.85   0.256  0.59
  0.81   0.26  -0.78  -0.51   0.42  -0.98   0.91   0.46   0.43  -0.45
 -0.67   0.62  -0.37   0.57   0.41   0.15  -0.199  0.23  -0.4   -0.48
  0.908 -0.97  -0.15  -0.03  -0.21   0.31   0.07  -0.43  -0.32   0.59
 -0.42  -0.89   0.12  -0.19   0.08  -0.22  -0.97   0.92  -0.24  -0.17 ][-0.84   0.93   0.46  -0.61  -0.44   0.1   -0.29   0.29  -0.68  -0.38
  0.64   0.667 -0.08  -0.74   0.35   0.16  -0.27  -0.81   0.48  -0.35
 -0.198 -0.2   -0.77   0.8   -0.3   -0.19   0.83   0.02  -0.4    0.5
  0.1    0.645  0.99   0.41   0.45  -0.98  -0.27  -1.     0.01  -0.49
  0.92  -0.34  -0.15   0.85  -0.86   0.83  -1.    -0.85   0.64   0.59
  0.78   0.26  -0.78  -0.51   0.42  -0.98   1.789  0.46   0.43  -0.55
 -0.76   0.62  -0.37   0.57   0.41   0.71  -0.58   0.23  -0.4   -0.48
  0.2   -0.97  -0.15  -0.03  -0.21   0.31   0.07  -0.43  -0.32   0.59
 -0.42  -0.89   0.12  -0.19   0.08  -0.22  -0.97   0.92  -0.24  -0.17 ][-0.84   0.981  1.065 -0.61  -0.44  -0.863 -0.29   0.29  -0.68  -0.38
  0.64   0.96   0.5    0.43   0.35   0.16  -0.27  -0.81   0.48  -0.35
  0.4   -0.2   -0.77   0.8   -0.3   -0.19   0.83   0.02  -0.4    0.5
  0.1    0.86   0.99   0.41   0.45  -1.768 -0.27  -1.     0.01  -0.05
  0.92  -0.34  -0.15  -0.54  -0.86   0.83  -1.    -0.85   0.64   0.59
  0.78   0.26  -0.78  -0.51   0.42   0.2    0.91   0.46   0.43  -0.55
 -0.67   0.62  -0.493  0.57   0.41   0.71  -0.58   0.23  -0.4   -0.48
  0.2   -0.97  -0.15  -0.03  -0.21   0.31   0.07  -0.43  -0.32   0.59
 -0.42  -0.89   0.12  -0.19   0.258  0.204 -0.97   0.92  -0.24  -0.17 ][-0.84   0.981  0.46  -0.61  -0.44  -0.863  0.436  0.29  -0.68  -0.38
  0.64   0.96   0.5    0.43   0.35   0.16   0.664 -0.81   0.48  -0.35
  0.4   -0.2   -0.77  -0.77  -0.3   -0.19   0.83  -0.057 -0.4    0.5
 -0.52   0.86   0.99   1.083  0.45  -0.98   0.95  -1.     0.01  -0.05
  0.92  -0.34   0.77  -0.54  -0.86   0.83  -1.    -0.85   0.64   0.59
  0.14   0.26  -0.78  -0.51   0.42   0.2    0.91   0.46   0.43  -0.55
 -0.76   0.62  -0.81   0.57   0.41   0.71  -0.58   0.23  -0.4   -0.48
  0.2   -0.97  -0.15  -0.03  -0.21   0.31   0.07  -0.43  -0.32   0.59
 -0.42  -0.89   0.12  -0.19   0.258 -0.22  -0.97   0.92  -0.24  -0.544][-0.84   0.981  1.065 -0.88  -0.44   1.061 -0.29   0.29  -0.68  -0.38
  0.64   0.96  -0.89  -0.74   0.35   0.16   0.62  -0.81   1.259 -0.35
  0.4   -0.2   -0.77   0.8   -0.3   -0.19   0.83   0.02  -0.4    0.5
 -0.52   0.86   0.99   1.083  0.45  -0.98   0.95  -1.     0.01  -0.848
  0.92  -0.34   0.77   0.85  -0.86   0.83  -1.    -0.85   0.64   0.23
  0.14   0.26  -0.78  -0.51   0.42  -0.98   0.91   0.46   0.43  -0.55
 -0.67   0.62  -0.81   0.57   0.41   0.71  -0.58   0.23  -0.4   -0.48
  0.2   -0.97  -0.15  -0.03  -0.21   0.31   0.07   0.08  -0.32   0.59
 -0.42  -0.89   0.12  -0.19   0.08  -0.22  -0.97   0.92  -0.71  -0.17 ][-0.84   0.93   1.065 -0.61  -0.44  -0.5   -0.29   0.29  -0.68  -0.38
  0.64   0.96   0.5   -0.74   1.056  0.16   0.62  -0.81   0.48  -0.35
  0.4   -0.2   -0.77   0.8   -0.88  -0.19   0.83   0.02  -0.4    0.5
 -0.52   0.86   0.99   0.41   0.45  -1.768 -0.27  -1.     0.01  -0.49
  0.92  -0.34   0.77  -0.54  -0.86   0.83  -1.    -0.85   0.64   0.59
  0.14   0.26  -0.78  -0.51   0.42  -0.98   0.91   0.46   0.43  -0.55
 -0.67   0.62  -0.493  0.57   0.41   0.71  -0.98   0.23  -0.4   -0.48
  0.2   -0.97  -0.15  -0.03  -0.21   0.31   0.07  -0.43  -0.32   0.59
 -0.42  -0.89   0.12  -0.19   0.258 -0.22  -0.97   0.92  -0.24  -0.17 ][-0.84   0.93   0.46  -0.61  -0.44  -0.5   -0.29   0.29  -0.68  -0.38
  0.64   0.96   0.5   -0.74   0.35   0.16   0.62  -0.81   0.48  -0.35
  0.4   -0.2   -0.77   0.8   -0.88  -0.19   0.83   0.02  -0.4    0.5
 -0.52   0.86   0.99   1.083  0.45  -0.98  -0.27  -1.     0.01  -0.49
  0.92  -0.34  -0.15  -0.54  -0.86   0.83  -1.    -0.85   0.256  0.23
  0.14   0.26  -0.78  -0.51   0.42  -0.98   1.789  0.46   0.43  -0.55
 -0.67   0.62  -0.088  0.57   0.41   0.71  -0.98   0.23  -0.4   -0.48
  0.908 -0.97  -0.15  -0.03  -0.21   0.31   0.07  -0.43  -0.32   0.59
 -0.42  -0.89   0.12  -0.19   0.08  -0.22  -0.97   0.92  -0.24  -0.17 ][-0.84   0.93   0.26  -0.61  -0.44   0.1   -0.29   0.29  -0.68  -0.38
  0.64   0.31  -0.89  -0.74   0.35   0.16   0.62  -0.81   0.48  -0.35
  0.4    0.667 -0.77   0.8   -0.88  -0.19   0.83   0.02  -0.4    0.5
  0.1    0.86   0.99   0.41   0.45  -0.98   0.95  -1.     0.01  -0.49
  0.92  -0.34   0.77   0.85  -0.86   0.83  -1.    -0.85   0.256  0.59
  0.14   0.26  -0.78  -0.51   0.42  -0.98   1.789  0.46   0.43  -0.55
 -0.67   0.62  -0.81   0.57   0.41  -0.09  -0.98   0.23  -0.4   -0.48
  0.908 -0.97  -0.15  -0.03  -0.21   0.31   0.07  -0.43  -0.32  -0.387
 -0.42  -0.89   0.12  -0.19   0.08  -0.22  -0.97   0.92  -0.24  -0.17 ]