[-0.84   0.93   0.46  -0.61  -0.44   0.1    0.436  0.29  -0.68  -0.38
  0.64   0.96   0.5    0.43   0.35   0.16   0.62  -0.81   0.48  -0.35
  0.4    0.667 -0.08   0.927 -0.3   -0.19   0.83   0.02  -0.4    0.5
 -0.52   0.86   0.99   0.41   0.45  -0.24   0.95  -1.     0.01  -0.49
  0.92  -0.34   0.77   0.85  -0.86   0.83  -1.    -0.85   0.64   0.59
  0.14   0.26  -0.78  -0.51   0.42  -0.98   0.91   0.46   0.43  -0.55
 -1.38   0.62  -0.37   0.57   0.41   1.415 -0.98   0.23  -0.4   -0.48
  0.2   -0.97  -0.15  -0.03  -0.21   0.31   0.07  -0.43  -0.32   0.169
 -0.42  -0.89   0.12  -0.19   0.08  -0.22  -0.97   0.92  -0.71  -0.17 ][-1.731  0.93   0.336 -0.61  -0.44   0.1    0.502  0.29  -0.771 -0.38
  0.64   0.31   0.5    0.43   0.35   0.16  -0.27  -0.81   0.48  -0.35
  0.4   -0.353 -0.77  -0.77  -0.3   -0.19   0.83   0.02  -0.4    0.072
  0.1    0.86   0.99   0.41   0.45  -0.98   0.95  -1.     0.01  -0.49
  0.92  -0.34   0.77   0.85  -0.86   0.83  -1.    -0.85   0.64   0.59
  0.78   0.26  -0.78  -0.51   0.42  -0.98   0.91   0.46  -0.061 -0.45
 -0.67   0.62  -0.37   0.57   0.41   0.71  -0.98   0.23  -0.4   -0.48
  0.2   -0.97  -0.15  -0.18   0.12  -0.123  0.07  -0.43  -0.146  0.59
 -0.42  -0.89   0.12  -0.19   0.258 -0.22  -0.97   0.92  -0.71  -0.17 ][-0.84   0.93   0.46  -0.61  -0.6    0.1    0.502  0.29  -0.771 -0.38
  0.64   0.31  -0.89   0.43   0.35   0.16  -0.27  -0.81   1.259 -0.35
  0.4   -0.2   -0.77   0.8   -0.381 -0.19   0.83   0.02  -0.4    0.5
  0.1    0.86   0.99  -0.002  0.45  -0.98   0.95  -1.     0.01  -0.49
  0.92  -0.34   0.495 -0.54  -0.86   0.83  -1.    -0.85   0.256  0.59
  0.78   0.26  -0.78  -0.51   0.42  -0.98   0.91   0.46   0.43  -0.55
 -0.76   0.62  -0.81   0.57   0.41   0.15  -0.58   0.23  -0.4   -0.48
  0.908 -0.97  -0.15  -0.03  -0.21   0.31   0.07  -0.43  -0.32   0.59
 -0.42   0.005  0.12  -0.19   0.08  -0.22  -0.97   0.92  -0.71  -0.544][-0.84   0.93   1.065 -0.61  -0.44  -0.5   -0.29   0.29  -0.68  -0.38
  0.64   0.96   0.5    0.43   0.35   0.16   0.62  -0.81   0.48  -0.35
  0.4    0.667 -0.937  0.8   -0.3   -0.19   0.83   0.02  -0.4    0.5
  0.1    0.86   0.99   0.41   0.45  -0.24   0.95  -1.     0.01  -0.848
  0.92  -0.34  -0.15   0.85  -0.86   0.83  -1.    -0.85   0.64   0.59
  0.14   0.26  -0.78  -0.51   0.42  -0.98   0.91   0.46  -0.061 -0.45
 -0.67  -0.157 -0.37   0.57   0.41   0.71  -0.98   0.23  -0.4   -0.48
  0.908 -0.97  -0.15  -0.18   0.12   0.31   0.07  -0.43  -0.146  0.59
 -0.42  -0.89  -0.76  -0.19   0.762 -0.22  -0.97   0.92  -0.71  -0.17 ][-0.84   0.93   0.336 -0.61  -0.44   0.1   -0.29   0.29  -0.68  -0.38
  0.64   0.31   0.5    0.43   0.35   0.16  -0.27  -0.81   0.48  -0.35
  0.4   -0.353 -0.77   0.8   -0.3   -0.19   0.83   0.02  -0.4    0.5
  0.1    0.86   0.99  -0.002  0.45  -0.24   0.95  -1.     0.01  -0.49
  0.92  -0.34  -0.15   0.85  -0.86   0.83  -1.    -0.85   0.64   0.59
  0.78   0.26  -0.78  -0.51   0.42  -0.98   0.91   0.46  -0.199 -0.982
 -0.67   0.62  -0.37   0.57   0.41   0.15  -0.98   0.23  -0.4   -0.48
  0.2   -0.97  -0.15  -0.18  -0.21   0.31   0.07  -0.43  -0.218  0.59
 -0.42  -0.89  -0.76  -0.19   0.08  -0.22  -0.97   0.92  -0.71  -0.544][-0.84   0.93   1.065 -0.61  -0.44  -0.863  0.436  0.29  -0.68  -0.38
  0.64   0.96   0.5    0.43   0.35   0.16  -0.27  -0.81   0.48  -0.35
  0.4   -0.2   -0.77   0.8   -0.381 -0.19   0.83   0.02  -0.4    0.5
 -0.912  0.86   0.99   0.41   0.45  -0.24   0.95  -1.     0.01  -0.49
  0.92  -1.105  0.77   0.85  -0.86   0.83  -1.    -0.85   0.64   0.59
  0.14   0.26  -0.78  -0.51   0.42  -0.98   0.91   0.46   0.43  -0.55
 -0.76   0.62  -0.493  0.57   0.41   0.71  -0.98   0.23  -0.4   -0.48
  0.908 -0.97  -0.15  -0.03   0.12   0.31   0.07  -0.43  -0.32   0.59
 -0.42  -0.89  -0.76  -0.19   0.258 -0.22  -0.97   0.92  -0.71  -0.544][-0.84   0.93   0.336 -0.61  -0.44   0.1    0.436  0.29  -0.771 -0.38
  0.81   0.96   0.5   -0.74   0.35   0.16  -0.27  -0.81   0.48  -0.35
  0.4   -0.2   -0.77   0.8   -0.88  -0.19   0.83   0.02  -0.4    0.5
 -0.912  0.86   0.99   0.41   0.45  -0.98   0.95  -1.     0.01  -0.49
  0.92  -0.34  -0.15  -0.54  -0.86   0.83  -1.    -0.85   0.64   0.59
  0.14   0.26  -0.78  -0.51   0.42  -0.98   0.91   0.46   0.43  -0.55
 -0.67   0.62  -0.37   0.57   0.41  -0.124 -0.58   0.23  -0.4   -0.48
  0.908 -0.97  -0.15  -0.03  -0.21   0.31   0.07  -0.43  -0.32   0.59
 -0.42  -0.89   0.12  -0.19   0.258 -0.22  -0.97   0.92  -0.24  -0.17 ][-0.84   0.93   1.065 -0.61  -0.44  -0.5    0.436  0.29  -0.68  -0.38
  0.81   0.96   0.5    0.43   0.35   0.16  -0.27  -0.81   0.48  -0.35
  0.4    0.667 -0.937  0.8   -0.3   -0.19   0.83   0.02  -0.4    0.5
 -0.912  0.86   0.99  -0.002  0.45  -0.24   0.95  -1.     0.01  -0.49
  0.92  -0.34  -0.15   0.85  -0.86   0.83  -1.    -0.85   0.64   0.59
  0.14   0.26  -0.78  -0.51   0.42  -0.98   0.91   0.46  -0.061 -0.982
 -0.67  -0.157 -0.37   0.57   0.41   0.71  -0.98   0.23  -0.4   -0.48
  0.908 -0.97  -0.15  -0.18   0.12   0.31   0.07  -0.43  -0.32   0.59
 -0.42  -0.89  -0.76  -0.19   0.08  -0.22  -0.97   1.255 -0.71  -0.17 ][-0.84   0.93   0.46  -0.61  -0.6    0.1   -0.29   0.29  -0.771 -0.38
  0.64   0.96   0.5    0.43   0.35   0.16   0.62  -0.81   0.655 -0.35
  0.4    0.458 -0.08   0.8   -0.3   -0.19   0.83   0.02  -0.4    0.5
 -0.912  0.86   0.99   0.41   0.45  -0.24   0.95  -1.     0.01  -0.49
  0.92  -0.34   0.495  0.85  -0.86   0.83  -1.    -0.85   0.64   0.59
  0.14   0.26  -0.78  -0.51   0.42   0.2    0.91   0.46   0.43  -0.55
 -0.76   0.62  -0.37   0.57   0.41   0.71  -0.98   0.23  -0.4   -0.48
  0.908 -0.97  -0.15  -0.18  -0.21   0.31   0.07  -0.43  -0.32   0.59
 -0.42  -0.89  -0.76  -0.19   0.08  -0.22  -0.97   0.92  -0.787 -0.544][-1.731  0.93   0.336 -0.61  -0.44  -0.863  0.436  0.29  -0.68  -0.38
  0.64   0.96   0.5    0.43   0.35   0.16   0.62  -0.81   0.48  -0.35
  0.4    0.667 -0.937 -0.77  -0.3   -0.19   0.83   0.02  -0.4    0.072
 -0.912  0.86   0.99   0.41   0.45  -0.24   0.95  -1.     0.01  -0.848
  0.92  -0.34  -0.15   0.85  -0.86   0.83  -1.    -0.85   0.64   0.59
  0.78   0.26  -0.78  -0.51   0.42  -0.98   0.91   0.46  -0.061 -1.303
 -0.67  -0.157 -0.37   0.57   0.41   0.71  -0.98   0.23  -0.4   -0.48
  0.908 -0.97  -0.15  -0.18  -0.21   0.31   0.07  -0.43  -0.32   0.59
 -0.42  -0.89   0.12  -0.19   0.258 -0.22  -0.97   0.92  -0.71  -0.17 ][-0.84   0.93   0.336 -0.61  -0.44   0.1    0.436  0.29  -0.68  -0.38
  0.81   0.96   0.5   -0.74   0.35   0.16   0.62  -0.81   0.48  -0.35
  0.4   -0.2   -0.77   0.8   -0.3   -0.19   0.83   0.02  -0.4    0.5
 -0.912  0.86   0.99   0.41   0.45  -0.98   0.95  -1.     0.01  -0.49
  0.92  -0.34  -0.15   0.85  -0.86   0.83  -1.    -0.85   0.64   0.59
  0.14   0.26  -0.78  -0.51   0.42  -0.98   0.91   0.46   0.43  -0.55
 -0.67   0.62  -0.37   0.57   0.41   1.415 -0.98   0.23  -0.4   -1.265
  0.908 -0.97  -0.15  -0.03  -0.21   0.31   0.07  -0.43  -0.32   0.59
 -0.42  -0.89   0.12  -0.19   0.08  -0.22  -0.97   0.92  -0.71  -0.17 ][-0.84   0.93   0.46  -0.61  -0.44  -0.863 -0.29   0.29  -0.764 -0.38
  0.64   0.31   0.5    0.43   0.35   0.16  -0.27  -0.81   0.48  -0.35
  0.4   -0.353 -0.77   0.8   -0.3   -0.19   0.83   0.02  -0.4    0.5
  0.1    0.86   0.99  -0.002  0.45  -0.24   0.95  -1.     0.01  -0.49
  0.92  -0.34  -0.15   0.85  -0.86   0.83  -1.    -0.85   0.64   0.59
  0.78   0.26  -0.78  -0.51   0.42  -0.98   0.91   0.46   0.43  -0.982
 -0.76   0.62  -0.37   0.57   0.41   0.71  -0.98   0.23  -0.4   -0.48
  0.2   -0.97  -0.15  -0.18  -0.21   0.31   0.07  -0.43  -0.32   0.59
 -0.42  -0.89  -0.76  -0.19   0.08  -0.22  -0.97   0.92  -0.71  -0.544][-0.84   0.93   0.336 -0.484 -0.44  -0.5    0.436  0.29  -0.68  -0.38
  0.64   0.96   0.023  0.43   0.008  0.16   0.62  -0.81   0.48  -0.35
  0.4    0.667 -0.937  0.8   -0.3   -0.19   0.83   0.02  -0.4    0.5
 -0.912  0.86   0.99   0.41   0.45  -0.98   0.95  -1.     0.01  -0.848
  0.92  -0.34   0.77   0.85  -0.86   0.83  -1.    -0.85   0.64   0.59
  0.14   0.26  -0.78  -0.51   0.42  -0.725  0.91   0.46  -0.061 -0.45
 -0.67  -0.157 -0.37   0.57   0.41   0.71  -0.98   0.23  -0.4   -0.48
  0.908 -0.97  -0.15  -0.18  -0.21   0.31   0.07  -0.43  -0.146  0.59
 -0.42  -0.89  -0.622 -0.19   0.762 -0.22  -0.97   0.92  -0.71  -0.17 ][-0.84   0.93   0.46  -0.61  -0.44  -0.863 -0.29   0.29  -0.68  -0.38
  0.64   0.96   0.5   -0.74   0.35   0.16   0.62  -0.81   0.655 -0.35
  0.4   -0.2   -0.08   0.8   -0.3   -0.19   0.83   0.02  -0.4    0.5
  0.1    0.645  0.99   0.41   0.45  -0.98   1.534 -1.     0.01  -0.49
  0.92  -0.34   0.77   0.85  -0.86   0.83  -1.    -0.85   0.64   0.59
  0.78   0.26  -0.78  -0.51   0.42   0.2    0.91   0.46   0.43  -0.55
 -0.76   0.62  -0.37   0.57   0.41   0.71  -0.98   0.23  -0.4   -0.48
  0.39  -0.97  -0.15  -0.03  -0.21   0.31   0.07  -0.43  -0.32   0.59
 -0.42  -0.89   0.12  -0.19   0.258 -0.32  -0.97   0.92  -0.24  -0.17 ][-0.84   0.93   0.46  -0.61  -0.6    0.1    0.502  0.29  -0.771 -0.38
  0.64   0.31  -0.89  -0.74   0.35   0.16  -0.27  -0.81   1.259 -0.35
  0.4   -0.2   -0.77   0.8   -0.88  -0.19   0.83   0.02  -0.4    0.5
  0.1    0.86   0.99   0.41   0.45  -0.98   0.95  -1.     0.01  -0.49
  0.92  -0.34  -0.15  -0.54  -0.86   0.83  -1.    -0.85   0.64   0.59
  0.14   0.26  -0.78  -0.51   0.42  -0.98   1.789  0.46   0.43  -0.55
 -0.76   0.62  -0.81   0.57   0.41   0.71  -0.58   0.23  -0.4   -0.48
  0.908 -0.97  -0.15  -0.03  -0.21   0.31   0.07  -0.43  -0.32   0.59
 -0.42  -0.89   0.12  -0.19   0.08  -0.22  -0.97   0.92  -0.24  -0.17 ][-0.84   0.93   0.46  -0.61  -0.44  -0.863  0.436  0.29  -0.68  -0.38
  0.64   0.96   0.5    0.43   0.35   0.16   0.62  -0.81   0.48  -0.35
  0.4   -0.2   -0.77  -0.77  -0.3   -0.19   0.83   0.02  -0.4    0.5
 -0.912  0.645  0.99   0.41   0.45  -0.98   1.534 -1.     0.01  -0.49
  0.92  -0.34   0.624  0.85  -0.86   0.83  -1.    -0.028  0.64   0.59
  0.78   0.26  -0.78  -0.51   0.42  -0.98   0.91   0.46   0.43  -0.55
 -0.76   0.62  -0.493  0.57   0.41   0.71  -0.98   0.23  -0.4   -0.48
  0.908 -0.97  -0.15  -0.18  -0.21   0.31   0.07  -0.43  -0.32   0.59
 -0.42  -0.89   0.12  -0.19   0.258 -0.32  -0.97   0.92  -0.24  -0.17 ][-0.84   0.93   0.46  -0.61  -0.44  -0.863  0.436  0.29  -0.68  -0.38
  0.64   0.96   0.5    0.43   0.35   0.16   0.62  -0.81   0.48  -0.35
  0.4   -0.2   -0.77  -0.77  -0.3   -0.19   0.83   0.02  -0.4    0.5
 -0.912  0.86   0.99   0.41   0.45  -0.24   0.95  -1.     0.01  -0.49
  0.92  -0.34  -0.15   0.85  -0.86   0.83  -1.    -0.028 -0.025  0.59
  0.78   0.26  -0.78  -0.51   0.42  -0.98   0.91   0.46   0.43  -0.55
 -0.76   0.62  -0.493  0.57   0.41   0.71  -0.98   0.23  -0.4   -0.48
  0.908 -0.97  -0.15  -0.18  -0.21   0.31   0.07  -0.43  -0.32   0.59
 -0.42  -0.89  -0.76  -0.19   0.258 -0.22  -0.97   0.92  -0.71  -0.17 ][-0.84   0.93   1.542 -0.61  -0.44   0.1    0.436  0.29  -0.68  -0.38
  0.64   0.31  -0.89  -0.74   0.35   0.16  -0.27  -0.81   0.655 -0.35
  0.4    0.667 -0.08   0.8   -0.88  -0.19   0.83   0.02  -0.4    0.5
 -0.912  0.86   0.99   0.41   0.45  -0.98   0.95  -1.     0.01  -0.49
  0.92  -0.34   0.77   0.85  -0.86   0.83  -1.    -0.85   0.64   0.59
  0.78   0.26  -0.78  -0.51   0.42   0.2    0.91   0.46   0.43  -0.55
 -0.67  -0.157 -0.37   0.57   0.41   0.71  -0.98   0.23  -0.4   -0.48
  0.39  -0.97  -0.15  -0.03   0.12   0.31   0.07  -0.43  -0.146  0.59
 -0.42  -0.89   0.975 -0.19   0.258 -0.32  -0.97   0.92  -0.71  -0.17 ][-0.84   0.93   0.46  -0.61  -0.44  -0.5    0.436  0.29  -0.68  -0.38
  0.64   0.96   0.5    0.43   0.35   0.16   0.62  -0.81   0.48  -0.35
  0.4   -0.2   -0.77   0.8   -0.3   -0.19   0.83   0.02  -0.4    0.5
  0.1    0.86   0.99   0.41   0.45  -0.24   0.95  -1.     0.01  -0.49
  0.92  -0.34   0.77   0.85  -0.86   0.83  -1.    -0.028 -0.025  0.59
  0.78   0.26  -0.78  -0.51   0.42  -0.98   0.91   0.46  -0.061 -0.45
 -0.76   0.62  -0.37   0.57   0.153  0.71  -0.58   0.23  -0.4   -0.48
  0.2   -0.97  -0.15  -0.18   0.12   0.31   0.07  -0.43  -0.32   0.59
 -0.42  -0.89  -0.76   0.313  0.258 -0.22  -0.97   0.92  -0.71  -0.17 ][-0.84   0.93   0.46  -0.61  -0.6    0.1    0.436  0.29  -0.68  -0.38
  0.64   0.31  -0.89   0.43   0.35   0.16  -0.27  -0.81   1.259 -0.35
  0.4   -0.2   -0.77   0.8   -0.3   -0.19   0.83   0.02  -0.4    0.5
  0.1    0.86   0.99  -0.002  0.45  -0.98   0.95  -1.     0.01  -0.49
  0.92  -0.34  -0.15  -0.54  -0.86   0.83  -1.    -0.85   0.063  0.59
  0.78   0.26  -0.78  -0.51   0.42  -0.98   0.91   0.46   0.43  -0.55
 -0.76   0.62  -0.37   0.57   0.41   1.224 -0.58   0.23  -0.4   -0.48
  0.908 -0.97  -0.15  -0.03  -0.21   0.31   0.07  -0.43  -0.32   0.59
 -0.42  -0.89   0.12  -0.19   0.08  -0.22  -0.97   0.92  -0.24  -0.544][-0.84   0.93   1.065 -0.61  -0.44   0.1   -0.29   0.29  -0.68  -0.38
  0.64   0.31   0.5    0.43   0.35   0.16  -0.27  -0.81   1.259 -0.35
  0.4    0.667 -0.77   0.8   -0.3   -0.19   0.83   0.02  -0.4    0.5
  0.1    0.86   0.99  -0.002  0.45  -0.24   0.95  -1.     0.01  -0.49
  0.92  -0.34  -0.15  -0.54  -0.86   0.83  -1.    -0.85   0.64   0.59
  0.78   0.26  -0.78  -0.51   0.42  -0.98   0.91   0.46   0.43  -0.55
 -0.76   0.62  -0.461  0.57   0.41   1.224 -0.98   0.23  -0.4   -0.48
  0.908 -0.97  -0.15  -0.03   0.12   0.31   0.07  -0.43  -0.32   0.59
 -0.42  -0.89  -0.76  -0.19   0.762 -0.22  -0.97   0.92  -0.71  -0.544][-1.731  0.93   0.336 -0.61  -0.44  -0.863  0.436  0.29  -0.68  -0.38
  0.64   0.96   0.5    0.43   0.35   0.16   0.62  -0.81   0.48  -0.35
  0.4    0.667 -0.77  -0.77  -0.3   -0.19   0.83   0.02  -0.4    0.072
 -0.912  0.86   0.99   0.41   0.45  -0.24   0.95  -1.     0.01  -0.49
  0.92  -0.34  -0.15   0.85  -0.86   0.83  -1.    -0.028  0.64   0.59
  0.78   0.26  -0.78  -0.51   0.42  -0.98   0.353  0.46  -0.061 -1.303
 -0.67   0.62  -0.493  0.57   0.41   0.71  -0.98   0.23  -0.4   -0.48
  0.908 -0.97  -0.15  -0.18  -0.21   0.31   0.07  -0.43  -0.32   0.59
 -0.42  -0.89   0.12  -0.19   0.258 -0.22  -0.97   0.92  -0.71  -0.17 ][-0.84   0.93   0.46  -0.61  -0.44   0.1   -0.29   0.29  -0.68  -0.38
  0.64   0.96   0.5    0.43   0.35   0.16  -0.27  -0.81   0.48  -0.35
  0.4    0.667 -0.937  0.8   -0.3   -0.19   0.83   0.02  -0.4    0.5
  0.1    0.86   0.99   0.41   0.45  -0.98   0.95  -1.     0.01  -0.49
  0.92  -0.34  -0.15  -0.54  -0.86   0.83  -1.    -0.85   0.64   0.59
  0.78   0.26  -0.78  -0.51   0.42  -0.98   0.91   0.46  -0.395 -0.45
 -0.76   0.62  -0.37   0.57   0.41   0.71  -0.58   0.23  -0.4   -0.48
  0.908 -0.97  -0.15  -0.18   0.12   0.31   0.07  -0.43  -0.32   0.59
 -0.42  -0.89   0.12  -0.19   0.762 -0.22  -0.97   0.92  -0.71  -0.544][-0.84   0.93   1.065 -0.61  -0.44  -0.119 -0.29   0.29  -0.68  -0.38
  0.64   0.96   0.5    0.43   0.35   0.16   0.62  -0.81   0.48  -0.35
  0.4    0.667 -0.937  0.927 -0.3   -0.19   0.83   0.02  -0.4    0.5
 -0.52   0.86   0.99   0.41   0.45  -0.24   0.95  -1.     0.01  -0.848
  0.92  -0.34  -0.15   0.85  -0.86   0.83  -1.    -0.85   0.64   0.59
  0.14   0.26  -0.78  -0.51   0.42  -0.98   0.91   0.46   0.43  -0.55
 -1.38  -0.157 -0.37   0.57   0.41   0.71  -0.98   0.23  -0.4   -0.48
  0.2   -0.97  -0.15  -0.03  -0.21   0.31   0.07  -0.43  -0.32   0.59
 -0.42  -0.89  -0.76  -0.19   0.762 -0.22  -0.97   0.92  -0.71  -0.17 ][-0.84   0.93   0.46  -0.484 -0.44  -1.511  0.436  0.29  -0.68  -0.38
  0.64   0.96   0.5    0.43   0.008  0.16   0.62  -0.81   0.48  -0.35
  0.4   -0.2   -0.77   0.8   -0.3   -0.19   0.83   0.02  -0.4    0.5
 -0.912  0.86   0.99   0.41   0.45  -0.98   0.95  -1.     0.01  -0.49
  0.92  -0.34   0.77   0.85  -0.86   0.83  -1.    -0.85  -0.025  0.59
  0.78   0.26  -0.78  -0.51   0.42  -0.98   0.91   0.46  -0.061 -0.45
 -0.76   0.62  -0.493  0.57   0.41   0.71  -0.98   0.23  -0.4   -0.48
  0.908 -0.97  -0.15  -0.18  -0.21   0.31   0.07  -0.43  -0.146  0.59
 -0.42  -0.89  -0.76  -0.19   0.762 -0.22  -0.97   0.92  -0.71  -0.17 ][-0.84   0.93   1.065 -0.61  -0.44  -0.5    0.436  0.29  -0.68  -0.38
  0.81   0.96  -0.89  -0.74   0.35   0.16  -0.27  -0.81   0.48  -0.35
  0.4    0.667 -0.08   0.8   -0.3   -0.19   0.83   0.02  -0.4    0.5
 -0.912  0.894  0.99  -0.002  0.45  -0.98   0.95  -1.     0.01  -0.49
  0.92  -0.34  -0.15   0.85  -0.86   0.83  -1.    -0.85   0.64   0.59
  0.14   0.26  -0.78  -0.51   0.42  -0.98   0.91   0.46  -0.061 -0.55
 -0.67  -0.157 -0.37   0.57   0.41   0.71  -0.98   0.23  -0.4   -0.48
  0.908 -0.97  -0.15  -0.18   0.12   0.31   0.07  -0.43  -0.32   0.59
 -0.42  -0.89   0.975 -0.19   0.258 -0.22  -0.97   1.255 -0.71  -0.17 ][-0.84   0.93   0.46  -0.61  -0.44  -0.5   -0.29   0.29  -0.68  -0.38
  0.64   0.31   0.5    0.43   0.35   0.16   0.62  -0.81   1.259 -0.35
  0.4    0.667 -0.937  1.738 -0.381 -0.19   0.83   0.02  -0.4    0.5
  0.1    0.86   0.99  -0.002  0.45  -0.98   0.95  -1.     0.01  -0.848
  0.92  -0.34  -0.15  -0.54  -0.86   0.83  -1.    -0.85   0.64   0.59
  0.14   0.26  -0.78  -0.51   0.42  -0.98   0.91   0.46   0.43  -0.55
 -0.67  -0.157 -0.81   0.57   0.41   0.15  -0.58   0.23  -0.4   -0.48
  0.908 -0.97  -0.15  -0.18  -0.21   0.31   0.07  -0.43  -0.146  0.59
 -0.42   0.005  0.12  -0.19   0.762 -0.22  -0.97   0.92  -0.71  -0.17 ][-0.84   0.93   0.46  -0.61  -0.6    0.1   -0.29   0.29  -0.68  -0.38
  0.64   0.31  -0.89   0.43   0.35   0.16  -0.27  -0.81   1.259 -0.35
  0.4   -0.353 -0.77   0.8   -0.3   -0.19   0.83   0.02  -0.4    0.5
  0.1    0.86   0.99  -0.002  0.45  -0.98   0.95  -1.     0.01  -0.49
  0.92  -0.34  -0.15   0.85  -0.86   0.83  -1.    -0.85   0.063  0.59
  0.78   0.26  -0.78  -0.51   0.42  -0.98   0.91   0.46   0.43  -0.982
 -0.67   0.62  -0.37   0.57   0.41   1.224 -0.58   0.23  -0.4   -0.48
  0.2   -0.97  -0.15  -0.18  -0.21   0.31   0.07  -0.43  -0.218  0.59
 -0.42  -0.89  -0.76  -0.19   0.08  -0.724 -0.97   0.92  -0.71  -0.544][-0.84   0.93   0.46  -0.61  -0.44  -0.863  0.436  0.29  -0.68  -0.38
  0.64   0.96   0.5    0.43   0.35   0.16   0.62  -0.81   0.48  -0.35
  0.4    0.667 -0.937 -0.77  -0.3   -0.19   0.83   0.02  -0.4    0.072
  0.1    0.86   0.99   0.41   0.45  -0.24   0.95  -1.     0.01  -0.49
  0.92  -0.34   0.77   0.85  -0.86   0.83  -1.    -0.85  -0.025  0.59
  0.78   0.26  -0.78  -0.51   0.42  -0.98   0.91   0.46  -0.061 -0.45
 -0.76   0.62  -0.37   0.57   0.153  0.71  -0.98   0.23  -0.4   -0.48
  0.2   -0.97  -0.15  -0.18   0.12   0.31   0.07  -0.43  -0.32   0.59
 -0.42  -0.89  -0.47   0.313  0.258 -0.22  -0.97   0.92  -0.71  -0.17 ][-0.84   0.93   0.46  -0.61  -0.44   0.1    0.436  0.29  -0.68  -0.38
  0.64   0.31  -0.89   0.43   0.35   0.16   0.62  -0.81   1.259 -0.35
  0.4   -0.2   -0.08   0.927 -0.381 -0.19   0.83   0.02  -0.4    0.5
 -0.52   0.86   0.99   0.41   0.45  -0.98   0.95  -1.     0.01  -0.49
  0.92  -0.34   0.77  -0.54  -0.86   0.83  -1.    -0.85   0.64   0.59
  0.14   0.26  -0.78  -0.51   0.42  -0.98   0.91   0.46   0.43  -0.55
 -1.38   0.62  -0.81   0.57   0.41   0.15  -0.58   0.23  -0.4   -0.48
  0.908 -0.97  -0.15  -0.03  -0.21   0.31   0.07  -0.43  -0.32   0.169
 -0.42  -0.89   0.12  -0.19   0.08  -0.22  -0.97   1.689 -0.71  -0.17 ][-0.84   0.93   0.46  -0.61  -0.44   0.1    0.436  0.29  -0.771 -0.38
  0.64   0.31  -0.89   0.43   0.35   0.16  -0.27  -0.81   1.259 -0.35
  0.4   -0.2   -0.77   0.8   -0.381 -0.19   0.83   0.02  -0.4    0.5
  0.1    0.86   0.99  -0.002  0.45  -0.24   0.95  -1.     0.01  -0.49
  0.92  -0.34   0.495  0.85  -0.86   0.83  -1.    -0.028 -0.025  0.59
  0.78   0.26  -0.78  -0.51   0.42  -0.98   0.91   0.46   0.43  -0.55
 -0.76   0.62  -0.81   0.57   0.153  0.15  -0.58   0.23  -0.4   -0.48
  0.908 -0.97  -0.15  -0.03  -0.21   0.31   0.35  -0.43  -0.32   0.59
 -0.42   0.005  0.12  -0.19   0.08  -0.22  -0.97   0.92  -0.71  -0.544][-0.84   0.93   0.46  -0.61  -0.6    0.1    0.436  0.29  -0.68  -0.38
  0.81   0.96   0.5    0.43   0.35   0.16  -0.27  -0.81   1.259 -0.35
  0.4   -0.2   -0.77   0.695 -0.3   -0.19   0.83   0.02  -0.4    0.5
  0.1    0.86   0.99   0.41   0.45  -0.98   0.95  -1.     0.01  -0.49
  0.92  -0.34  -0.15  -0.54  -0.86   0.83  -1.    -0.85   0.063  0.59
  0.78   0.26  -0.78  -0.51   0.42  -0.98   0.91   0.46   0.43  -0.55
 -0.76   0.62  -0.37   0.57   0.41   1.224 -0.58   0.23  -0.4   -0.48
  0.908 -0.97  -0.15  -0.03  -0.21   0.31   0.07  -0.43  -0.32   0.59
 -0.42  -0.89   0.12  -0.19   0.08  -0.22  -0.97   0.92  -0.24  -0.17 ][-0.84   0.93   0.336 -0.484 -0.44  -0.5    0.436  0.29  -0.771 -0.38
  0.81   0.96   0.5   -0.74   0.35   0.16  -0.27  -0.81   0.48  -0.35
  0.4   -0.2   -0.77   0.8   -0.88  -0.19   0.83   0.02  -0.4    0.5
 -0.912  0.86   0.99   0.41   0.45  -0.98   0.95  -1.     0.01  -0.49
  0.92  -0.34  -0.15  -0.54  -0.86   0.83  -1.    -0.85   0.64   0.59
  0.14   0.26  -0.78  -0.51   0.753 -0.98   0.91   0.46   0.43  -0.55
 -0.67   0.62  -0.37   0.57   0.41   0.71  -0.98   0.23  -0.4   -0.48
  0.908 -0.97  -0.15  -0.03  -0.21   0.31   0.07  -0.43  -0.146  0.59
 -0.42  -0.89   0.12  -0.19   0.258 -0.22  -0.97   0.92  -0.71  -0.17 ][-2.301  0.93   1.065 -0.61  -0.44   0.1    0.502  0.29  -0.68  -0.38
  0.64   0.31   0.5    0.43   0.35   0.16  -0.27  -0.81   0.48  -0.35
  0.4    0.667 -0.77  -0.77  -0.3   -0.19   0.83   0.02  -0.4    0.5
 -0.912  0.86   0.99   0.41   0.45  -0.98   0.95  -1.     0.01  -0.49
  0.92  -0.34  -0.15   0.85  -0.86   0.83  -1.    -0.85   0.64   0.59
  0.78   0.26  -0.78  -0.51   0.42  -0.98   0.91   0.46  -0.061 -0.45
 -0.67   0.62  -0.37   0.57   0.41   0.71  -0.98   0.23  -0.4   -0.48
  0.2   -0.97  -0.15  -0.18   0.12   0.31   0.07  -0.43  -0.146  0.59
 -0.42  -0.89   0.12  -0.19   0.258 -0.22  -0.97   1.255 -0.71  -0.17 ][-0.84   0.93   0.46  -0.61  -0.44  -0.863 -0.29   0.29  -0.764 -0.38
  0.64   0.96   0.5    0.43   0.35   0.16  -0.27  -0.81   0.48  -0.35
  0.4   -0.353 -0.77   0.8   -0.3   -0.19   0.83   0.02  -0.4    0.5
  0.1    0.86   0.99  -0.002  0.45  -0.24   0.95  -1.     0.01  -0.49
  0.92  -0.34   0.77   0.85  -0.86   0.83  -1.    -0.85   0.64   0.59
  0.78   0.26  -0.78  -0.51   0.42  -0.98   0.91   0.46  -0.061 -0.982
 -0.76   0.62  -0.37   0.57   0.41   0.71  -0.98   0.23  -0.4   -0.48
  0.2   -0.97  -0.15  -0.18  -0.21   0.31   0.107 -0.43  -0.32   0.59
 -0.42  -0.89  -0.76  -0.19   0.08  -0.22  -0.97   0.92  -0.71  -0.17 ][-0.84   0.93   0.336 -0.61  -0.44   0.1    0.436  0.29  -0.771 -0.38
  0.81   0.96   0.5   -0.74   0.35   0.16  -0.27  -0.81   0.48  -0.35
  0.4   -0.2   -0.77   0.8   -0.3   -0.19   0.83   0.02  -0.4    0.5
 -0.912  0.86   0.99   0.41   0.45  -0.98   0.95  -1.     0.01  -0.49
  0.92  -0.34  -0.15  -1.29  -0.86   0.83  -1.    -0.85   0.64   0.59
  0.14   0.26  -0.78  -0.51   0.42  -0.98   0.91   0.46   0.43  -0.55
 -0.67   0.62  -0.37   0.57   0.41  -0.124 -0.98   0.23  -0.4   -1.265
  0.908 -0.97  -0.15  -0.03  -0.21   0.31   0.07  -0.43  -0.32   0.59
 -0.42  -0.89   0.12  -0.19   0.08  -0.22  -0.97   0.92  -0.24  -0.17 ][-0.84   0.93   0.46  -0.61  -0.44   0.1    0.436  0.29  -0.68  -0.38
  0.64   0.96   0.5    0.43   0.35   0.16  -0.27  -0.81   0.48  -0.35
  0.4   -0.2   -0.937  0.8   -0.3   -0.19   0.83   0.02  -0.4    0.5
  0.1    0.86   0.99  -0.002  0.45  -0.98   0.95  -1.     0.01  -0.848
  0.92  -0.34  -0.15  -0.54  -0.86   0.83  -1.    -0.85   0.64   0.59
  0.78   0.26  -0.78  -0.51   0.42  -0.98   0.91   0.46  -0.061 -0.55
 -0.76   0.62  -0.532  0.57   0.41   0.71  -0.58   0.23  -0.4   -0.48
  0.908 -0.97  -0.15  -0.18  -0.21   0.31   0.07  -0.43  -0.32   0.59
 -0.42  -0.89   0.12  -0.19   0.762 -0.22  -0.97   0.92  -0.71  -0.544][-0.84   0.93   0.46  -0.61  -0.6    0.1   -0.29   0.29  -0.68  -0.38
  0.64   0.31  -0.89   0.43   0.35   0.16  -0.27  -0.81   1.259 -0.35
  0.4   -0.2   -0.77   0.8   -0.3   -0.19   0.83   0.02  -0.4    0.5
  0.1    0.86   0.99  -0.002  0.45  -0.98   0.95  -1.     0.01  -0.49
  0.92  -0.34  -0.15   0.85  -0.86   0.83  -1.    -0.85   0.063  0.59
  0.78   0.26  -0.78  -0.51   0.42  -0.98   0.91   0.46   0.43  -0.55
 -0.76   0.62  -0.37   0.57   0.41   0.71  -0.58   0.23  -0.4   -0.48
  0.2   -0.97  -0.754 -0.03  -0.21   0.31   0.07  -0.43  -0.32   0.59
 -0.42  -0.89   0.12  -0.19   0.08  -0.22  -0.97   0.92  -0.24  -0.544][-0.84   0.93   1.065 -0.61  -0.44  -0.5    0.436  0.29  -0.68  -0.38
  0.64   0.96   0.5    0.43   0.35   0.16  -0.27  -0.81   0.48  -0.35
 -0.435  0.667 -0.937  0.8   -0.3   -0.19   0.83   0.02  -0.4    0.5
 -0.912  0.86   0.99  -0.002  0.45  -0.24   0.95  -1.     0.01  -0.49
  0.92  -0.34  -0.15   0.85  -0.86   0.83  -1.    -0.85   0.64   0.59
  0.14   0.26  -0.78  -0.51   0.42  -0.98   0.91   0.46   0.43  -0.55
 -0.76  -0.157 -0.37   0.57   0.41   0.71  -0.98   0.23  -0.4   -0.48
  0.908 -0.97  -0.15  -0.18   0.12   0.31   0.07  -0.43  -0.32   0.59
 -0.42  -0.89  -0.76  -0.19   0.258 -0.22  -0.97   1.255 -0.71  -0.17 ][-0.84   0.93   0.46  -0.61  -0.44  -0.863  0.436  0.29  -0.68  -0.38
  0.81   0.96   0.5   -0.74   0.35   0.503  0.62  -0.81   0.48  -0.35
  0.4   -0.2   -0.77   0.8   -0.3   -0.19   0.83   0.02  -0.4    0.5
 -0.912  0.86   0.99   0.41   0.45  -0.98   0.95  -1.     0.01  -0.49
  0.92  -0.34   0.624  0.85  -0.86   0.83  -1.    -0.85   0.64   0.59
  0.78   0.26  -0.78  -0.51   0.42  -0.98   0.91   0.46   0.43  -0.55
 -0.76   0.62  -0.493  0.57   0.41   0.71  -0.98   0.23  -0.4   -1.265
  0.908 -0.97  -0.15  -0.03  -0.21   0.31   0.07  -0.43  -0.32   0.59
 -0.42  -0.89   0.12  -0.19   0.08  -0.32  -0.97   0.92  -0.24  -0.17 ][-0.84   0.93   0.46  -0.61  -0.44   0.1    0.436  0.29  -0.68  -0.38
  0.64   0.96   0.5    0.43   0.35   0.16  -0.27  -0.81   1.259 -0.35
  0.4    0.667 -0.08   0.8   -0.3   -0.19   0.83   0.02  -0.4    0.5
  0.1    0.86   0.99   0.41   0.45  -0.24   0.95  -1.     0.01  -0.49
  0.92  -0.34   0.77  -0.54  -0.86   0.83  -1.    -0.85   0.64   0.59
  0.14   0.26  -0.78  -0.51   0.42  -0.98   0.91   0.46   0.43  -0.55
 -0.76   0.62  -0.37   0.57   0.41   1.415 -0.58   0.23  -0.4   -0.48
  0.2   -0.97  -0.15  -0.03  -0.21   0.31   0.07  -0.43  -0.32   0.169
 -0.42  -0.89   1.043 -0.19   0.08  -0.22  -0.97   0.92  -0.71  -0.544][-0.84   0.93   0.336 -0.61  -0.44   0.1    0.436  0.29  -0.771 -0.38
  0.81   0.96  -0.89   0.43   0.35   0.16  -0.27  -0.81   1.259 -0.35
  0.4   -0.2   -0.77   0.8   -0.88  -0.19   0.83   0.02  -0.4    0.5
 -0.912  0.86   0.99  -0.002  0.45  -0.98   0.95  -1.     0.01  -0.49
  0.92  -0.34  -0.15  -0.54  -0.86   0.83  -1.    -0.85   0.64   0.59
  0.78   0.26  -0.78  -0.51   0.42  -0.98   0.91   0.46   0.43  -0.55
 -0.76   0.62  -0.81   0.57   0.41   0.15  -0.58   0.23  -0.4   -0.48
  0.908 -0.97  -0.15  -0.03  -0.21   0.31   1.008 -0.43  -0.32   0.59
 -0.42  -0.89   0.12  -0.19   0.258 -0.22  -0.97   0.92  -0.24  -0.17 ][-0.84   0.93   0.46  -0.484 -0.6    0.1    0.502  0.29  -0.68  -0.38
  0.64   0.96   0.023  0.43   0.008  0.16   0.62  -0.81   0.48  -0.35
  0.4    0.667 -0.937  0.8   -0.381 -0.19   0.83   0.02  -0.4    0.5
 -0.912  0.86   0.99   0.41   0.45  -0.98   0.95  -1.    -0.092 -0.848
  0.92  -0.34   0.77   0.85  -0.86   0.83  -1.    -0.85   0.64   0.59
  0.78   0.26  -0.78  -0.51   0.42  -0.725  0.91   0.46   0.43  -0.45
 -0.67  -0.157 -0.37   0.57   0.41   0.71  -0.98   0.23  -0.4   -0.48
  0.908 -0.97  -0.15  -0.03  -0.21   0.31   0.07  -0.43  -0.32   0.59
 -0.42  -0.89   0.12  -0.19   0.08  -0.22  -0.97   0.92  -0.71  -0.17 ][-0.84   0.93   0.46  -0.484  0.172  0.1    0.436  0.29  -0.68  -0.38
  0.64   0.96   0.023  0.43   0.008  0.16   0.62  -0.81   0.48  -0.35
  0.4    0.667 -0.937  0.8   -0.3   -0.19   0.83   0.02  -0.4    0.5
 -0.52   0.86   0.99   0.41   0.45  -0.98   0.95  -1.     0.01  -0.848
  0.92  -0.34   0.77   0.85  -0.86   0.83  -1.    -0.85   0.64   0.59
  0.14   0.26  -0.78  -0.51   0.42  -0.725  0.91   0.46   0.43  -0.45
 -0.67   0.62  -0.37   0.57   0.41   1.415 -0.98   0.23  -0.4   -0.48
  0.908 -0.97  -0.15  -0.03  -0.21   0.31   0.07  -0.43  -0.146  0.169
 -0.42  -0.89  -0.622 -0.19   0.762 -0.22  -0.97   0.92  -0.71  -0.17 ][-0.84   0.93   0.46  -0.61  -0.44   0.1    0.436  0.29  -0.68  -0.38
  0.64   0.31   0.5    0.43   0.35   0.16  -0.27  -0.81   1.259 -0.35
  0.4   -0.2   -0.77   0.8   -0.3   -0.19   0.83   0.02  -0.4    0.5
  0.1    0.86   0.99   0.41   0.45  -0.98   0.95  -1.     0.01  -0.49
  0.92   0.612 -0.15  -0.54  -0.86   0.83  -1.    -0.028  0.063  0.59
  0.78   0.26  -0.78  -0.51   0.42  -0.98   0.91   0.46  -0.061 -0.55
 -0.76   0.62  -0.37   0.57   0.41   1.224 -0.58   0.23  -0.4   -0.48
  0.908 -0.97  -0.15  -0.03   0.12   0.31   0.07  -0.43  -0.32   0.59
 -0.42  -0.89   0.12   0.313  0.08  -0.22  -0.97   0.92  -0.24  -0.544][-0.84   0.93   0.46  -0.61  -0.6    0.1    0.436  0.29  -0.68  -0.38
  0.64   0.31  -0.89   0.43   0.35   0.16   0.62  -0.81   0.48  -0.35
  0.4    0.667 -0.08   0.927 -0.3   -0.19   0.83   0.02  -0.4    0.5
  0.1    0.86   0.99  -0.002  0.45  -0.98   0.95  -1.     0.01  -0.49
  0.92  -0.34  -1.023 -0.54  -0.86   0.83  -1.    -0.85   0.063  0.59
  0.14   0.26  -0.78  -0.51   0.42  -0.98   0.91   0.46   0.43  -0.55
 -1.38   0.62  -0.37   0.57   0.41   1.415 -0.98   0.23  -0.4   -0.48
  0.2   -0.97  -0.15  -0.03  -0.21   0.31   0.07  -0.43  -0.32   0.169
 -0.42  -0.89   0.12  -0.19   0.08  -0.22  -0.97   0.92  -0.71  -0.544][-0.84   0.93   0.46  -0.61  -0.6    0.1    0.436  0.29  -0.68  -0.38
  0.64   0.96  -0.89   0.43   0.35   0.16   0.62  -0.81   0.48  -0.35
  0.4   -0.2   -0.08   0.927 -0.3   -0.19   0.83   0.02  -0.4    0.5
 -0.52   1.477  0.99  -0.002  0.45  -0.24   0.95  -1.     0.01  -0.49
  0.92  -0.34   0.77  -0.54  -0.86   0.83  -1.    -0.85   0.64   0.59
  0.14   0.26  -0.78  -0.51   0.42  -0.98   0.91   0.46   0.43  -0.55
 -0.76   0.62  -0.37   0.57   0.41   1.224 -0.98   0.23  -0.4   -0.48
  0.908 -0.97  -0.15  -0.03  -0.21   0.31   0.07  -0.43  -0.32   0.169
 -0.42  -0.89   0.12  -0.19   0.08  -0.22  -0.97   0.92  -0.71  -0.544][-0.84   0.93   0.46  -0.61  -0.44   0.1    0.502  0.29  -0.68  -0.38
  0.64   0.31  -0.89   0.43   0.35   0.16  -0.27  -0.81   1.259 -0.35
  0.4    0.667 -0.77   0.8   -0.381 -0.19   0.83   0.02  -0.4    0.5
  0.1    0.86   0.99  -0.002  0.45  -0.98   0.95  -1.     0.01  -0.49
  0.92  -0.34   0.77   0.85  -0.86   0.83  -1.    -0.85   0.256  0.59
  0.165  0.26  -0.78  -0.51   0.42   0.2    0.91   0.46   0.43  -0.55
 -0.67   0.62  -0.81   0.57   0.41   0.71  -0.98   0.23  -0.4   -0.48
  0.908 -0.97  -0.15  -0.03  -0.21   0.31   0.07  -0.43  -0.32   0.59
 -0.42  -0.89   0.12  -0.19   0.258 -0.32  -0.97   0.92  -0.71  -0.17 ][-0.84   0.93   0.46  -0.61  -0.44   0.1    0.436  0.29  -0.68  -0.38
  0.64   0.96   0.5    0.43   0.35   0.16   0.62  -0.81   0.48  -0.35
  0.4    0.667 -0.08   0.927 -0.3   -0.19   0.83   0.02  -0.4    0.5
  0.1    0.86   0.99   0.41   0.45  -0.24   0.95  -1.     0.01  -0.49
  0.92  -0.34   0.77   0.85  -0.86   0.83  -1.    -0.85  -0.025  0.59
  0.14   0.26  -0.78  -0.51   0.42  -0.98   0.91   0.46   0.17  -0.45
 -0.76   0.62  -0.37   0.57   0.153  0.71  -0.98   0.23  -0.4   -0.48
  0.2   -0.97  -0.15  -0.18   0.12   0.31   0.07  -0.43  -0.32   0.59
 -0.42  -0.89  -0.76  -0.19   0.08  -0.22  -0.97   0.92  -0.71  -0.17 ][-0.84   0.93   0.336 -0.61  -0.44   0.1    0.436  0.29  -0.68  -0.38
  0.64   0.31   0.5    0.43   0.35   0.16  -0.27  -0.81   1.259 -0.35
  0.4    0.067 -0.77   0.8   -0.3   -0.19   0.83   0.02  -0.4    0.5
  0.1    0.86   0.99  -0.002  0.45  -0.98   0.95  -1.     0.01  -0.49
  0.92  -0.34  -0.15   0.85  -0.86   0.83  -1.    -0.85   0.64   0.59
  0.78   0.26  -0.78  -0.51   0.42  -0.98   0.91   0.46   0.43  -0.55
 -0.76   0.62  -0.37   0.57   0.41   1.224 -0.58   0.23  -0.4   -0.48
  0.908 -0.97  -0.15  -0.18   0.12  -0.123  0.07  -0.43  -0.32   0.59
 -0.42  -0.89   0.12  -0.19   0.08  -0.22  -0.97   0.92  -0.71  -0.17 ][-0.84   0.93   0.336 -0.61  -0.44   0.1    0.436  0.29  -0.68  -0.38
  0.64   0.31   0.5   -0.74   0.35   0.16  -0.27  -0.81   0.48  -0.35
  0.4   -0.353 -0.77   0.8   -0.3   -0.19   0.83   0.02  -0.4    0.5
  0.1    0.86   0.99   0.091  0.45  -0.98   0.95  -1.     0.01  -0.49
  0.92  -0.34  -0.15   0.85  -0.86   0.83  -1.    -0.85   0.64   0.59
  0.14   0.26  -0.78  -0.51   0.42  -0.98   0.91   0.46  -0.199 -0.55
 -0.67   0.62  -0.37   0.57   0.41   1.415 -0.98   0.23  -0.4   -0.48
  0.908 -0.97  -0.15  -0.03  -0.21   0.31   0.07  -0.43  -0.218  0.59
 -0.42  -0.89  -0.76  -0.19   0.08  -0.22  -0.97   0.92  -0.71  -0.17 ][-0.84   0.93   0.46  -0.61  -0.44  -0.5    0.502  0.29  -0.68  -0.38
  0.81   0.31  -0.89   0.43   0.35   0.16  -0.27  -0.81   1.259 -0.35
  0.4   -0.2   -0.937  0.8   -0.3   -0.19   0.83   0.02  -0.4    0.5
 -0.912  0.86   0.99  -0.002  0.45  -0.98   0.95  -1.     0.01  -0.49
  0.92  -0.34  -0.15   0.85  -0.86   0.83  -1.    -0.85   0.256  0.59
  0.14   0.26  -0.78  -0.51   0.42  -0.98   0.91   0.46   0.43  -0.982
 -0.67   0.62  -0.81   0.57   0.41   0.15  -0.98   0.23  -0.4   -0.48
 -0.085 -0.97  -0.15  -0.03   0.12   0.31   0.07  -0.43  -0.32   0.59
 -0.42   0.005 -0.76  -0.19   0.08  -0.22  -0.97   0.92  -0.71  -0.17 ][-0.84   0.93   0.336 -0.61  -0.44   0.1    0.502  0.29  -0.68  -0.38
  0.64   0.31   0.5    0.43   0.35   0.16   0.62  -0.81   0.48  -0.35
  0.4   -0.353 -0.77   0.927 -0.3   -0.19   0.83   0.02  -0.4    0.072
 -0.52   0.86   0.99   0.41   0.45  -0.24   0.95  -1.     0.01  -0.49
  0.92  -0.34   0.77   0.85  -0.86   0.83  -1.    -0.85   0.64   0.59
  0.78   0.26  -0.78  -0.51   0.42  -0.98   0.91   0.46   0.43  -0.55
 -1.38   0.62  -0.37   0.57   0.41   0.71  -0.98   0.23  -0.4   -0.48
  0.2   -0.97  -0.15  -0.18  -0.21   0.31   0.07  -0.43  -0.32   0.59
 -0.42  -0.89   0.12  -0.19   0.08  -0.22  -0.97   0.92  -0.71  -0.841][-0.84   0.93   0.336 -0.61  -0.44   0.1   -0.29   0.29  -0.68  -0.38
  0.64   0.31   0.5    0.43   0.35   0.16   0.364 -0.81   0.48  -0.35
  0.4    0.667 -0.77   0.927 -0.3   -0.19   0.83   0.02  -0.4    0.5
 -0.52   0.86   0.99   0.41   0.45  -0.24   0.95  -1.     0.01  -0.49
  0.92  -0.34   0.77   0.85  -0.86   0.83  -1.    -0.85   0.64   0.59
  0.78   0.26  -0.78  -0.51   0.42  -0.98   0.91   0.46  -0.199 -0.982
 -1.38   0.62  -0.37   0.57   0.41   0.15  -0.98   0.23  -0.4   -0.48
  0.2   -0.97  -0.15  -0.03  -0.21   0.31   0.07  -0.43  -0.32   0.59
 -0.42  -0.89  -0.76  -0.19   0.08  -0.22  -0.97   0.92  -0.71  -0.544][-0.84   0.93   0.46  -0.61  -0.6    0.1   -0.29   0.29  -0.68  -0.38
  0.64   0.31  -0.89  -0.74   0.35   0.16  -0.27  -0.81   1.259 -0.35
  0.4   -0.2   -0.77   0.8   -0.3   -0.19   0.83   0.02  -0.4    0.5
  0.1    0.86   0.99  -0.002  0.45  -0.98   0.95  -1.     0.01  -0.49
  0.92   0.24  -0.15  -0.54  -0.86   0.83  -1.    -0.85   0.64   0.59
  0.78   0.26  -0.78  -0.51   0.42   0.2    0.91   0.46   0.43  -0.55
 -0.76   0.62  -0.37   0.57   0.41   0.71  -0.98   0.23  -0.4   -0.48
  0.39  -0.97  -0.15  -0.03  -0.21   0.31   0.07  -0.43  -0.32   0.59
 -0.42  -0.89   0.12  -0.19   0.258 -0.22  -0.97   0.92  -0.24  -0.544][-0.84   0.93   0.46  -0.61  -0.44  -0.863  0.436  0.29  -0.68  -0.38
  0.64   0.96   0.5    0.43   0.35   0.16  -0.27  -0.81   0.48  -0.35
  0.4   -0.2   -0.77   0.8   -0.381 -0.19   0.83   0.02  -0.4    0.5
 -0.912  0.86   0.99   0.41   0.45  -0.24   0.95  -1.     0.01  -0.49
  0.92  -0.34   0.77   0.85  -0.86   0.83  -1.    -0.85  -0.025  0.59
  0.78   0.26  -0.78  -0.51   0.42  -0.98   0.91   0.46  -0.061 -0.55
 -0.76   0.62  -0.37   0.57   0.41   0.71  -0.98   0.23  -0.4   -0.48
  0.908 -1.228 -0.15  -0.03   0.12   0.31   0.07  -0.43  -0.32   0.59
 -0.42  -0.89  -0.76  -0.19   0.258 -0.22  -0.97   0.92  -0.71  -0.544][-0.84   0.93   0.46  -0.61  -0.44   0.1    0.436  0.29  -0.68  -0.38
  0.64   0.96  -0.89   0.43   0.35   0.16  -0.27  -0.81   1.259 -0.35
  0.4   -0.2   -0.77   0.8   -0.3   -0.19   0.83   0.02  -0.4    0.5
 -0.912  0.86   0.99   0.41   0.45  -0.24   0.95  -1.     0.01  -0.49
  0.92  -1.105  0.77   0.85  -0.86   0.83  -1.    -0.85   0.64   0.59
  0.14   0.26  -0.78  -0.51   0.42  -0.98   0.91   0.46   0.43  -0.55
 -0.76   0.62  -0.493  0.57   0.41   1.224 -0.58   0.23  -0.4   -0.48
  0.908 -0.97  -0.15  -0.03  -0.21   0.31   0.07  -0.56  -0.32   0.59
 -0.42  -0.89   0.12  -0.19   0.258 -0.22  -0.97   0.92  -0.24  -0.544][-0.84   0.93   0.46  -0.61  -0.44   0.1    0.436  0.29  -0.68  -0.38
  0.64   0.96   0.5    0.43   0.35   0.16   0.62  -0.81   0.48  -0.35
  0.4    0.667 -0.08   0.8   -0.3   -0.19   0.83   0.02  -0.4    0.5
 -0.912  0.86   0.99   0.41   0.45  -0.98   0.95  -1.     0.01  -0.49
  0.92  -0.34   0.77   0.85  -0.86   0.83  -1.    -0.85   0.64   0.59
  0.14   0.26  -0.78  -0.51   0.42  -0.98   0.91   0.46   0.43  -0.55
 -1.38   0.62  -0.37   0.57   0.41   1.415 -0.335  0.23  -0.4   -0.48
  0.2   -0.97  -0.15  -0.03  -0.21   0.31   0.07  -0.43  -0.32   0.169
 -0.42  -0.89   0.12  -0.19   0.258 -0.22  -0.97   0.92  -0.24  -0.17 ][-0.84   0.93   0.46  -0.61  -0.6    0.1    0.436  0.29  -0.68  -0.38
  0.64   0.31   0.5    0.43   0.35   0.16   0.62  -0.81   0.48  -0.35
  0.4   -0.2   -0.77   0.8   -0.3   -0.19   0.83   0.02  -0.4    0.5
 -0.912  0.86   0.99  -0.002  0.45  -0.98   0.95  -1.     0.01  -0.49
  0.92  -0.34  -0.15  -0.54  -0.86   0.83  -1.    -0.028 -0.025  0.59
  0.78   0.26  -0.78  -0.51   0.42  -0.98   0.91  -0.077  0.43  -0.55
 -0.76   0.62  -0.493  0.57   0.41   0.71  -0.98   0.23  -0.4   -0.48
  0.908 -0.97  -0.15  -0.18  -0.21   0.31   0.07  -0.43  -0.32   0.59
 -0.42  -0.89  -0.76  -0.19   0.258 -0.22  -0.97   0.92  -0.24  -0.544][-0.84   0.93   0.46  -0.61  -0.44   0.1    0.436  0.29  -0.771 -0.38
  0.64   0.96   0.5   -0.74   0.35   0.16  -0.27  -0.81   1.259 -0.35
  0.4   -0.2   -0.77   0.8   -0.3   -0.19   0.83   0.02  -0.4    0.072
 -0.912  0.86   0.99   0.41   0.45  -0.98   0.95  -1.     0.01  -0.49
  0.92  -0.34  -0.15   0.85  -0.86   0.83  -1.    -0.85   0.64   0.59
  0.14   0.26  -0.78  -0.51   0.42  -0.98   1.789  0.46   0.43  -1.303
 -0.67   0.62  -0.37   0.57   0.41   0.71  -0.98   0.23  -0.4   -0.48
  0.908 -0.97  -0.15  -0.03  -0.21   0.31   0.07  -0.43  -0.32   0.59
 -0.42  -0.89   0.966 -0.19   0.08  -0.22  -0.97   0.92  -0.24  -0.17 ][-0.84   0.93   0.46  -0.61  -0.44   0.1    0.436  0.29  -0.771 -0.38
  0.64   0.96   0.5    0.43   0.35   0.16   0.62  -0.81   0.48  -0.35
  0.4   -0.2   -0.08   0.321 -0.3   -0.19   0.83   0.02  -0.4    0.5
  0.1    0.86   0.99   0.41   0.45  -0.24   0.95  -1.     0.01  -0.49
  0.92  -0.34   0.495  0.85  -0.86   0.83  -1.    -0.85   0.64   0.59
  0.78   0.26  -0.78  -0.51   0.42   0.2    0.91   0.46   0.43  -0.55
 -0.76   0.62  -0.37   0.57   0.153  0.71  -0.58   0.23  -0.4   -0.48
  0.908 -0.97  -0.15  -0.18   0.12   0.31   0.07  -0.43  -0.32   0.59
 -0.42  -0.89  -0.76   0.313  0.258 -0.22  -0.97   0.92  -0.71  -0.17 ][-1.731  0.93   0.336 -0.61  -0.44   0.1    0.502  0.29  -0.771 -0.38
  0.64   0.31   0.5    0.43   0.35   0.16  -0.27  -0.81   0.48  -0.35
  0.4   -0.353 -0.77  -0.77  -0.3   -0.19   0.83   0.02  -0.4    0.5
  0.1    0.86   0.99  -0.002  0.45  -0.98   0.95  -1.     0.01  -0.49
  0.92  -0.34  -0.15   0.85  -0.86   0.83  -1.    -0.85   0.64   0.59
  0.78   0.26  -0.78  -0.51   0.42  -0.98   0.91   0.46  -0.061 -0.982
 -0.67   0.62  -0.37   0.57   0.41   0.15  -0.98   0.23  -0.4   -0.48
  0.2   -0.97  -0.15  -0.18   0.12   0.31   0.07  -0.43  -0.862  0.59
 -0.42  -0.89  -0.76  -0.19   0.258 -0.22  -0.97   0.92  -0.71  -0.17 ][-1.731  0.93   0.46  -0.61  -0.44  -0.863  0.436  0.29  -0.68  -0.38
  0.64   0.96   0.5    0.43   0.35   0.16   1.54  -0.81   0.48  -0.35
  0.4   -0.2   -0.77  -0.77  -0.3   -0.19   0.83   0.02  -0.4    0.072
 -0.912  0.86   0.99   0.41   0.45  -0.24   0.95  -1.     0.01  -0.848
  0.92  -0.34  -0.15   0.85  -0.86   0.83  -1.    -0.028  0.64   0.59
  0.78   0.26  -0.78  -0.51   0.42  -0.98   0.91   0.46   0.43  -1.303
 -0.67   0.62  -0.37   0.57   0.41   0.71  -0.98   0.23  -0.4   -0.48
  0.908 -0.97  -0.15  -0.18  -0.21   0.31   0.07  -0.43  -0.32   0.59
 -0.42  -0.89  -0.76  -0.19   0.258 -0.22  -0.97   0.92  -0.71  -0.17 ][-0.84   0.93   0.336 -0.61  -0.44   0.1    0.436  0.29  -0.771 -0.38
  0.81   0.31   0.5    0.43   0.35   0.16  -0.27  -0.81   0.48  -0.35
  0.4   -0.2   -0.77   0.8   -0.88  -0.19   0.83   0.02  -0.4    0.5
 -0.912  0.86   0.99  -0.002  0.45  -0.98   0.95  -1.     0.01  -0.49
  0.92  -0.34  -0.15  -0.54  -0.86   0.83  -1.    -0.85   0.64   0.59
  0.14   0.26  -0.78  -0.51   0.42  -0.089  0.91   0.46   0.43  -0.982
 -0.67   0.62  -0.37   0.57   0.41   0.15  -0.98   0.23  -0.4   -0.48
  0.908 -0.97  -0.15  -0.03  -0.21   0.31   0.07  -0.43  -0.218  0.59
 -0.42  -0.89  -0.76  -0.19   0.08  -0.22  -0.97   0.92  -0.24  -0.544][-0.84   0.93   0.336 -0.61  -0.44   0.1   -0.29   0.29  -0.771 -0.38
  0.64   0.96   0.5    0.43   0.35   0.16  -0.27  -0.81   0.655 -0.35
  0.4   -0.353 -0.08   0.8   -0.3   -0.19   0.83   0.02  -0.4    0.5
  0.1    0.86   0.99   0.41   0.45  -0.24   0.95  -1.     0.01  -0.49
  0.92  -0.34  -0.15   0.85  -0.86   0.83  -1.    -0.85   0.64   0.59
  0.78   0.26  -0.78  -0.51   0.816  0.2    0.91   0.46   0.43  -0.982
 -0.67   0.62  -0.37   0.57   0.41   0.71  -0.98   0.23  -0.4   -0.48
  0.908 -0.97  -0.15  -0.18  -0.21   0.31   0.07  -0.43  -0.32   0.59
 -0.42  -0.89  -0.76  -0.19   0.08  -0.22  -0.97   0.92  -0.787 -0.544][-0.84   0.93   1.542 -0.61  -0.44  -0.5    0.436  0.29  -0.68  -0.38
  0.64   0.96  -0.89  -0.74   0.35   0.16  -0.27  -0.81   0.655 -0.35
  0.4    0.667 -0.08   0.8   -0.3   -0.19   0.83   0.02  -0.4    0.5
  0.1    0.86   0.99   0.41   0.45  -0.24   0.95  -1.     0.01  -0.848
  0.92  -0.34  -0.15   0.85  -0.86   0.83  -1.    -0.85   0.64   0.59
  0.78   0.26  -0.78  -0.51   0.42  -0.769  0.91   0.46  -0.061 -0.45
 -0.67  -0.157 -0.37   0.57   0.41   0.71  -0.98   0.23  -0.4   -0.48
  0.908 -0.97  -0.15  -0.18   0.12   0.31   0.07  -0.43  -0.146  0.59
 -0.42  -0.89   0.975 -0.19   0.258 -0.22  -0.97   0.92  -0.71  -0.17 ][-0.84   0.93   0.46  -0.61  -0.6    0.1   -0.29   0.29  -0.771 -0.38
  0.64   0.96   0.5    0.43   0.35   0.16   0.62  -0.81   0.655 -0.35
  0.4   -0.2   -0.77   0.8   -0.3   -0.19   0.83   0.02  -0.4    0.5
 -0.912  0.86   0.99   0.41   0.45  -0.98   0.005 -1.     0.01  -0.49
  0.92  -0.34   0.495  0.85  -0.86   0.83  -1.    -0.85   0.063  0.59
  0.14   0.26  -0.78  -0.51   0.42  -0.98   0.91   0.46   0.43  -0.55
 -0.76   0.62  -0.37   0.57   0.41   1.224 -0.98   0.23  -0.4   -0.48
  0.908 -0.97  -0.15  -0.03  -0.21   0.31   0.07  -0.43  -0.32   0.59
 -0.42  -0.89  -0.76  -0.19   0.08  -0.22  -0.97   0.92  -0.24  -0.544][-0.84   0.93   0.336 -0.61  -0.44   0.1   -0.29   0.29  -0.68  -0.38
  0.64   0.31   0.5    0.43   0.008  0.16   0.62  -0.81   0.48  -0.35
  0.4   -0.353 -0.937  0.8   -0.3   -0.19   0.83   0.02  -0.4    0.5
 -0.912  0.86   0.99  -0.002  0.45  -0.98   0.95  -1.     0.01  -0.848
  0.92  -0.34  -0.15   0.85  -0.86   0.83  -1.    -0.85   0.64   0.59
  0.14   0.26  -0.78  -0.51   0.42  -0.98   0.91   0.46  -0.199 -0.982
 -0.67   0.62  -0.37   0.57   0.41   0.15  -0.98   0.23  -0.4    0.121
  0.908 -0.97  -0.15  -0.18  -0.21   0.31   0.07  -0.43  -0.146  0.59
 -0.42  -0.89  -0.76  -0.19   0.08  -0.22  -0.97   0.92  -0.71  -0.17 ][-0.84   0.93   0.46  -0.61  -0.44  -0.863 -0.29   0.29  -0.68  -0.38
  0.64   0.31   0.5    0.43   0.35   0.16  -0.27  -0.81   0.48  -0.35
  0.4   -0.353 -0.77  -0.77   0.587 -0.19   0.83   0.02  -0.4    0.5
 -0.912  0.86   0.99  -0.002  0.45  -0.24   0.95  -1.     0.01  -0.49
  0.92  -0.34  -0.15   0.85  -0.86   0.83  -1.    -0.85  -0.025  0.59
  0.78   0.26  -0.78  -0.51   0.42  -0.98   0.91   0.46   0.43  -0.55
 -0.76   0.62  -0.37   0.57   0.41   0.71  -0.98   0.23  -0.4   -0.48
  0.908 -0.97  -0.15  -0.18  -0.21   0.31   0.07  -0.43  -0.32   0.59
 -0.42  -0.89  -0.76  -0.19   0.08  -0.22  -0.97   0.92  -0.71  -0.544][-0.84   0.93   1.065 -0.61  -0.44   0.1    0.502  0.29  -0.771 -0.38
  0.64   0.31  -0.89   0.43   0.35   0.16  -0.27  -0.376  1.259 -0.35
  0.4    0.667 -0.77   0.8   -0.3   -0.19   0.83   0.02  -0.4    0.5
  0.1    0.86   0.99  -0.002  0.45  -0.24   0.95  -1.     0.01  -0.848
  0.92  -0.34   0.495  0.85  -0.86   0.83  -1.    -0.85   0.64   0.59
  0.14   0.26  -0.78  -0.51   0.42  -0.98   0.91   0.46  -0.061 -0.55
 -0.76   0.62  -0.37   0.57   0.41   0.15  -0.98   0.23  -0.4   -0.48
  0.908 -0.97  -0.15  -0.03   0.12   0.31   0.07  -0.43  -0.146  0.59
 -0.42   0.005 -0.76  -0.19   0.762 -0.22  -0.97   0.92  -0.71  -0.544][-0.84   0.93   0.46  -0.61  -0.44   0.1   -0.29   0.29  -0.68  -0.38
  0.64   0.31   0.5    0.43   0.35   0.16  -0.27  -0.81   0.48  -0.35
  0.4   -0.353 -0.77   0.8   -0.3   -0.19   0.83   0.02  -0.4    0.5
  0.1    0.86   0.99  -0.002  0.45  -0.98   0.95  -1.     0.01  -0.49
  0.92  -0.34  -0.15   0.85  -0.86   0.83  -0.227 -0.85   0.063  0.59
  0.78   0.26  -0.78  -0.51   0.42  -0.98   0.91   0.46   0.43  -0.55
 -0.76   0.62  -0.37   0.57   0.41   0.71  -0.98   0.23  -0.4   -0.48
  0.908 -0.97  -0.15  -0.03  -0.21   0.31   0.07  -0.43  -0.32   0.59
 -0.42  -0.89  -0.76  -0.19   0.08  -0.22  -0.97   0.92  -0.24  -0.544][-0.84   0.871  0.46  -0.61  -0.44  -0.5    0.436  0.29  -0.68  -0.38
  0.81   0.96   0.5    0.43   0.35   0.16  -0.27  -0.81   0.48  -0.35
  0.4    0.667 -0.08   0.927 -0.3   -0.19   0.83   0.02  -0.4    0.5
 -0.52   0.86   0.99   0.41   0.45  -0.24   0.95  -1.     0.01  -0.49
  0.92  -0.34   0.77   0.85  -0.86   0.83  -1.    -0.85   0.64   0.59
  0.14   0.26  -0.78  -0.51   0.42  -0.98   0.91   0.46  -0.061 -0.982
 -0.67  -0.157 -0.37   0.57   0.41   1.415 -0.98   0.23  -0.4   -0.48
  0.2   -0.97  -0.15  -0.18   0.12   0.31   0.07  -0.43  -0.32   0.59
 -0.42  -0.89   0.12  -0.19   0.08  -0.22  -0.97   1.255 -0.71  -0.17 ][-0.84   0.93   0.46  -0.61  -0.6    0.1    0.436  0.29  -0.68  -0.38
  0.64   0.96  -0.89   0.43   0.35   0.16  -0.27  -0.81   1.259 -0.35
  0.4    0.458 -0.08   0.8   -0.3   -0.19   0.83   0.02  -0.4    0.5
  0.1    0.86   0.99  -0.002  0.45  -0.24   0.95  -1.     0.01  -0.49
  0.92  -0.34  -0.15  -0.54  -0.86   0.83  -1.    -0.85   0.063  0.59
  0.78   0.26  -0.78  -0.51   0.42  -0.98   0.91   0.46   0.43  -0.55
 -0.76   0.62   0.011  0.57   0.41   0.71  -0.58   0.23  -0.4   -0.48
  0.908 -0.97  -0.15  -0.18  -0.21   0.31   0.07  -0.43  -0.32   0.59
 -0.42  -0.89   0.12  -0.19   0.08  -0.22  -0.97   0.92  -0.24  -0.544][-0.84   0.93   0.336 -0.61  -0.44   0.1   -0.29   0.29  -0.68  -0.38
  0.81   0.96   0.5    0.43   0.35   0.16  -0.27  -0.81   0.48  -0.35
  0.4   -0.353 -0.77   0.8   -0.3   -0.19   0.83   0.02  -0.4    0.5
  0.1    0.86   0.99  -0.002  0.45  -0.24   0.95  -0.343  0.01  -0.49
  0.92  -0.34  -0.15   0.85  -0.86   0.83  -1.    -0.85   0.64   0.59
  0.14   0.26  -0.78  -0.51   0.42  -0.98   0.91   0.46  -0.061 -0.982
 -0.67   0.62  -0.37   0.57   0.41   0.15  -0.98   0.23  -0.4   -0.48
  0.908 -0.97  -0.15  -0.18  -0.21   0.31   0.07  -0.43  -0.218  0.59
 -0.42  -0.89  -0.76  -0.19   0.08  -0.22  -0.97   0.92  -0.71  -0.17 ][-0.84   0.93   0.336 -0.61  -0.6    0.1   -0.29   0.29  -0.95  -0.38
  0.64   0.96   0.5    0.43   0.35   0.16  -0.27  -0.81   0.48  -0.35
  0.4   -0.353 -0.77   0.8   -0.3   -0.19   0.83   0.02  -0.4    0.5
 -0.912  0.86   0.99  -0.002  0.45  -0.24   0.95  -1.     0.01  -0.49
  0.92  -0.34  -0.15   0.85  -0.86   0.83  -1.    -0.85   0.64   0.59
  0.78   0.26  -0.78  -0.51   0.42  -0.98   0.91   0.46  -0.199 -0.55
 -0.67   0.62  -0.37   0.57   0.41   0.71  -0.98   0.23  -0.4   -0.48
  0.908 -0.97  -0.15  -0.18  -0.21   0.31   0.07  -0.43  -0.32   0.59
 -0.42  -0.89  -0.76  -0.19   0.08  -0.22  -0.97   0.92  -0.787 -0.544]